   2.0000000e+03   1.1500000e+01   1.1500000e+01
   2.0000833e+03   1.1500000e+01   1.1500000e+01
   2.0001667e+03   1.1500000e+01   1.1500000e+01
   2.0002500e+03   1.1500000e+01   1.1500000e+01
   2.0003333e+03   1.1500000e+01   1.1500000e+01
   2.0004167e+03   1.1500000e+01   1.1500000e+01
   2.0005000e+03   1.1500000e+01   1.1500000e+01
   2.0005833e+03   1.1500000e+01   1.1500000e+01
   2.0006667e+03   1.1500000e+01   1.1500000e+01
   2.0007500e+03   1.1500000e+01   1.1500000e+01
   2.0008333e+03   1.1500000e+01   1.1500000e+01
   2.0009167e+03   1.1500000e+01   1.1500000e+01
   2.0010000e+03   1.1493695e+01   1.1493700e+01
   2.0010833e+03   1.1486057e+01   1.1486072e+01
   2.0011667e+03   1.1479675e+01   1.1479705e+01
   2.0012500e+03   1.1477265e+01   1.1477320e+01
   2.0013333e+03   1.1479594e+01   1.1479684e+01
   2.0014167e+03   1.1483977e+01   1.1484114e+01
   2.0015000e+03   1.1488068e+01   1.1488258e+01
   2.0015833e+03   1.0478967e+01   1.0479195e+01
   2.0016667e+03   1.0482635e+01   1.0482925e+01
   2.0017500e+03   1.0486695e+01   1.0487056e+01
   2.0018333e+03   1.0488787e+01   1.0489220e+01
   2.0019167e+03   1.0486583e+01   1.0487083e+01
   2.0020000e+03   1.0480764e+01   1.0481325e+01
   2.0020833e+03   1.0473708e+01   1.0474331e+01
   2.0021667e+03   1.0467794e+01   1.0468487e+01
   2.0022500e+03   1.0465542e+01   1.0466323e+01
   2.0023333e+03   1.0467663e+01   1.0468557e+01
   2.0024167e+03   1.0471663e+01   1.0472684e+01
   2.0025000e+03   1.0475365e+01   1.0476518e+01
   2.0025833e+03   6.8948061e+00   6.8956559e+00
   2.0026667e+03   6.8970943e+00   6.8980400e+00
   2.0027500e+03   6.8996630e+00   6.9007107e+00
   2.0028333e+03   6.9009983e+00   6.9021460e+00
   2.0029167e+03   6.8995807e+00   6.9008170e+00
   2.0030000e+03   6.8958305e+00   6.8971450e+00
   2.0030833e+03   6.8912880e+00   6.8926788e+00
   2.0031667e+03   6.8874915e+00   6.8889664e+00
   2.0032500e+03   6.8860511e+00   6.8876291e+00
   2.0033333e+03   6.8874018e+00   6.8891061e+00
   2.0034167e+03   6.8899298e+00   6.8917735e+00
   2.0035000e+03   6.8922458e+00   6.8942321e+00
   2.0035833e+03   6.8942777e+00   6.8964091e+00
   2.0036667e+03   6.8964937e+00   6.8987764e+00
   2.0037500e+03   6.8990100e+00   6.9014512e+00
   2.0038333e+03   6.9003216e+00   6.9029158e+00
   2.0039167e+03   6.8989058e+00   6.9016335e+00
   2.0040000e+03   6.8951713e+00   6.8980150e+00
   2.0040833e+03   6.8906482e+00   6.8936038e+00
   2.0041667e+03   6.8868675e+00   6.8899448e+00
   2.0042500e+03   6.8854288e+00   6.8886540e+00
   2.0043333e+03   6.8867550e+00   6.8901600e+00
   2.0044167e+03   6.8892306e+00   6.8928317e+00
   2.0045000e+03   6.8914763e+00   6.8952759e+00
   2.0045833e+03   6.8934311e+00   6.8974309e+00
   2.0046667e+03   6.8955740e+00   6.8997809e+00
   2.0047500e+03   6.8980371e+00   6.9024595e+00
   2.0048333e+03   6.8993243e+00   6.9039533e+00
   2.0049167e+03   6.8979096e+00   6.9027173e+00
   2.0050000e+03   6.8941902e+00   6.8991522e+00
   2.0050833e+03   6.8896862e+00   6.8947956e+00
   2.0051667e+03   6.8859207e+00   6.8911898e+00
   2.0052500e+03   6.8844830e+00   6.8899454e+00
   2.0053333e+03   6.8857841e+00   6.8914800e+00
   2.0054167e+03   6.8882064e+00   6.8941558e+00
   2.0055000e+03   6.8903809e+00   6.8965852e+00
   2.0055833e+03   6.8922578e+00   6.8987177e+00
   2.0056667e+03   6.8943270e+00   6.9010500e+00
   2.0057500e+03   6.8967359e+00   6.9037320e+00
   2.0058333e+03   6.8979978e+00   6.9052547e+00
   2.0059167e+03   6.8965836e+00   6.9040650e+00
   2.0060000e+03   6.8928790e+00   6.9005528e+00
   2.0060833e+03   6.8883936e+00   6.8962507e+00
   2.0061667e+03   6.8846429e+00   6.8926979e+00
   2.0062500e+03   6.8832056e+00   6.8914996e+00
   2.0063333e+03   6.8844807e+00   6.8930627e+00
   2.0064167e+03   6.8868488e+00   6.8957421e+00
   2.0065000e+03   6.8889513e+00   6.8981563e+00
   2.0065833e+03   6.8907496e+00   6.9002659e+00
   2.0066667e+03   6.8927442e+00   6.9025801e+00
   2.0067500e+03   6.8950983e+00   6.9052653e+00
   2.0068333e+03   6.8963340e+00   6.9068167e+00
   2.0069167e+03   6.8949196e+00   6.9056729e+00
   2.0070000e+03   6.8912292e+00   6.9022136e+00
   2.0070833e+03   6.8867620e+00   6.8979656e+00
   2.0071667e+03   6.8830257e+00   6.8944656e+00
   2.0072500e+03   6.8815881e+00   6.8933131e+00
   2.0073333e+03   6.8828364e+00   6.8949045e+00
   2.0074167e+03   6.8851496e+00   6.8975873e+00
   2.0075000e+03   6.8871793e+00   6.8999859e+00
   2.0075833e+03   6.8888983e+00   6.9020721e+00
   2.0076667e+03   6.8908175e+00   6.9043679e+00
   2.0077500e+03   6.8931158e+00   6.9070559e+00
   2.0078333e+03   6.8943246e+00   6.9086357e+00
   2.0079167e+03   6.8929094e+00   6.9075377e+00
   2.0080000e+03   6.8892327e+00   6.9041309e+00
   2.0080833e+03   6.8847834e+00   6.8999369e+00
   2.0081667e+03   6.8810609e+00   6.8964894e+00
   2.0082500e+03   6.8796223e+00   6.8953826e+00
   2.0083333e+03   6.8808430e+00   6.8970019e+00
   2.0084167e+03   6.8831004e+00   6.8996878e+00
   2.0085000e+03   6.8850566e+00   6.9020704e+00
   2.0085833e+03   6.8866955e+00   6.9041329e+00
   2.0086667e+03   6.8885386e+00   6.9064097e+00
   2.0087500e+03   6.8907804e+00   6.9091002e+00
   2.0088333e+03   6.8919614e+00   6.9107082e+00
   2.0089167e+03   6.8905447e+00   6.9096557e+00
   2.0090000e+03   6.8868813e+00   6.9063013e+00
   2.0090833e+03   6.8824494e+00   6.9021611e+00
   2.0091667e+03   6.8787403e+00   6.8987659e+00
   2.0092500e+03   6.8773002e+00   6.8977045e+00
   2.0093333e+03   6.8784923e+00   6.8993516e+00
   2.0094167e+03   6.8806931e+00   6.9020402e+00
   2.0095000e+03   6.8825751e+00   6.9044064e+00
   2.0095833e+03   6.1259337e+00   6.1457633e+00
   2.0096667e+03   6.1275650e+00   6.1478327e+00
   2.0097500e+03   6.1295687e+00   6.1502899e+00
   2.0098333e+03   6.1306192e+00   6.1517707e+00
   2.0099167e+03   6.1293277e+00   6.1508442e+00
   2.0100000e+03   6.1260132e+00   6.1478372e+00
   2.0100833e+03   6.1219988e+00   6.1441119e+00
   2.0101667e+03   6.1186263e+00   6.1410505e+00
   2.0102500e+03   6.1173039e+00   6.1401056e+00
   2.0103333e+03   6.1183673e+00   6.1416245e+00
   2.0104167e+03   6.1203342e+00   6.1440800e+00
   2.0105000e+03   6.1219967e+00   6.1462262e+00
   2.0105833e+03   6.1233639e+00   6.1480721e+00
   2.0106667e+03   6.1249260e+00   6.1501239e+00
   2.0107500e+03   6.1268779e+00   6.1525830e+00
   2.0108333e+03   6.1279028e+00   6.1540890e+00
   2.0109167e+03   6.1266095e+00   6.1532031e+00
   2.0110000e+03   6.1233066e+00   6.1502428e+00
   2.0110833e+03   6.1193078e+00   6.1465653e+00
   2.0111667e+03   6.1159471e+00   6.1435505e+00
   2.0112500e+03   6.1146230e+00   6.1426462e+00
   2.0113333e+03   6.1156600e+00   6.1441899e+00
   2.0114167e+03   6.1175750e+00   6.1466474e+00
   2.0115000e+03   6.1191699e+00   6.1487781e+00
   2.0115833e+03   3.4389490e+00   3.4559036e+00
   2.0116667e+03   3.4397542e+00   3.4570124e+00
   2.0117500e+03   3.4407878e+00   3.4583604e+00
   2.0118333e+03   3.4413342e+00   3.4592060e+00
   2.0119167e+03   3.4406217e+00   3.4587474e+00
   2.0120000e+03   3.4388085e+00   3.4571482e+00
   2.0120833e+03   3.4366174e+00   3.4551580e+00
   2.0121667e+03   3.4347815e+00   3.4535382e+00
   2.0122500e+03   3.4340572e+00   3.4530750e+00
   2.0123333e+03   3.4346081e+00   3.4539395e+00
   2.0124167e+03   3.4356211e+00   3.4552870e+00
   2.0125000e+03   3.4364486e+00   3.4564442e+00
   2.0125833e+03   3.4371045e+00   3.4574256e+00
   2.0126667e+03   3.4378703e+00   3.4585240e+00
   2.0127500e+03   3.4388739e+00   3.4598727e+00
   2.0128333e+03   3.4394049e+00   3.4607319e+00
   2.0129167e+03   3.4386904e+00   3.4602957e+00
   2.0130000e+03   3.4368828e+00   3.4587222e+00
   2.0130833e+03   3.4346996e+00   3.4567584e+00
   2.0131667e+03   3.4328694e+00   3.4551644e+00
   2.0132500e+03   3.4321430e+00   3.4547235e+00
   2.0133333e+03   3.4326781e+00   3.4556014e+00
   2.0134167e+03   3.4336612e+00   3.4569496e+00
   2.0135000e+03   3.4344501e+00   3.4580977e+00
   2.0135833e+03   3.4350643e+00   3.4590661e+00
   2.0136667e+03   3.4357904e+00   3.4601540e+00
   2.0137500e+03   3.4367637e+00   3.4615031e+00
   2.0138333e+03   3.4372788e+00   3.4623758e+00
   2.0139167e+03   3.4365619e+00   3.4619619e+00
   2.0140000e+03   3.4347598e+00   3.4604140e+00
   2.0140833e+03   3.4325842e+00   3.4584766e+00
   2.0141667e+03   3.4307596e+00   3.4569082e+00
   2.0142500e+03   3.4300308e+00   3.4564896e+00
   2.0143333e+03   3.4305497e+00   3.4573808e+00
   2.0144167e+03   3.4315025e+00   3.4587295e+00
   2.0145000e+03   3.4322525e+00   3.4598684e+00
   2.0145833e+03   3.4328247e+00   3.4608234e+00
   2.0146667e+03   3.4335106e+00   3.4619005e+00
   2.0147500e+03   3.4344533e+00   3.4632500e+00
   2.0148333e+03   3.4349521e+00   3.4641360e+00
   2.0149167e+03   3.4342325e+00   3.4637442e+00
   2.0150000e+03   3.4324356e+00   3.4622220e+00
   2.0150833e+03   3.4302675e+00   3.4603108e+00
   2.0151667e+03   3.4284481e+00   3.4587680e+00
   2.0152500e+03   3.4277166e+00   3.4583715e+00
   2.0153333e+03   3.4282189e+00   3.4592758e+00
   2.0154167e+03   3.4291410e+00   3.4606249e+00
   2.0155000e+03   3.4298518e+00   3.4617543e+00
   2.0155833e+03   3.4303817e+00   3.4626959e+00
   2.0156667e+03   3.4310272e+00   3.4637620e+00
   2.0157500e+03   3.4319388e+00   3.4651115e+00
   2.0158333e+03   3.4324209e+00   3.4660108e+00
   2.0159167e+03   3.4316984e+00   3.4656411e+00
   2.0160000e+03   3.4299064e+00   3.4641443e+00
   2.0160833e+03   3.4277455e+00   3.4622593e+00
   2.0161667e+03   3.4259312e+00   3.4607419e+00
   2.0162500e+03   3.4251967e+00   3.4603674e+00
   2.0163333e+03   3.4256820e+00   3.4612849e+00
   2.0164167e+03   3.4265730e+00   3.4626342e+00
   2.0165000e+03   3.4272442e+00   3.4637539e+00
   2.0165833e+03   3.4277315e+00   3.4646816e+00
   2.0166667e+03   3.4283363e+00   3.4657365e+00
   2.0167500e+03   3.4292165e+00   3.4670859e+00
   2.0168333e+03   3.4296816e+00   3.4679984e+00
   2.0169167e+03   3.4289557e+00   3.4676507e+00
   2.0170000e+03   3.4271685e+00   3.4661793e+00
   2.0170833e+03   3.4250147e+00   3.4643203e+00
   2.0171667e+03   3.4232052e+00   3.4628283e+00
   2.0172500e+03   3.4224673e+00   3.4624758e+00
   2.0173333e+03   3.4229352e+00   3.4634061e+00
   2.0174167e+03   3.4237947e+00   3.4647555e+00
   2.0175000e+03   3.4244261e+00   3.4658653e+00
   2.0175833e+03   3.4248706e+00   3.4667790e+00
   2.0176667e+03   3.4254343e+00   3.4678224e+00
   2.0177500e+03   3.4262827e+00   3.4691716e+00
   2.0178333e+03   3.4267304e+00   3.4700971e+00
   2.0179167e+03   3.4260008e+00   3.4697712e+00
   2.0180000e+03   3.4242182e+00   3.4683252e+00
   2.0180833e+03   3.4220712e+00   3.4664922e+00
   2.0181667e+03   3.4202662e+00   3.4650254e+00
   2.0182500e+03   3.4195247e+00   3.4646948e+00
   2.0183333e+03   3.4199748e+00   3.4656379e+00
   2.0184167e+03   3.4208026e+00   3.4669872e+00
   2.0185000e+03   3.4213938e+00   3.4680867e+00
   2.0185833e+03   3.4217951e+00   3.4689862e+00
   2.0186667e+03   3.4223175e+00   3.4700179e+00
   2.0187500e+03   3.4231338e+00   3.4713667e+00
   2.0188333e+03   3.4235636e+00   3.4723051e+00
   2.0189167e+03   3.4228302e+00   3.4720010e+00
   2.0190000e+03   3.4210518e+00   3.4705802e+00
   2.0190833e+03   3.4189114e+00   3.4687731e+00
   2.0191667e+03   3.4171108e+00   3.4673315e+00
   2.0192500e+03   3.4163653e+00   3.4670226e+00
   2.0193333e+03   3.4167972e+00   3.4679785e+00
   2.0194167e+03   3.4175928e+00   3.4693274e+00
   2.0195000e+03   3.4181436e+00   3.4704166e+00
   2.0195833e+03   3.0422717e+00   3.0892031e+00
   2.0196667e+03   3.0427283e+00   3.0901406e+00
   2.0197500e+03   3.0434561e+00   3.0913722e+00
   2.0198333e+03   3.0438372e+00   3.0922338e+00
   2.0199167e+03   3.0431697e+00   3.0919701e+00
   2.0200000e+03   3.0415614e+00   3.0906959e+00
   2.0200833e+03   3.0396235e+00   3.0890684e+00
   2.0201667e+03   3.0379874e+00   3.0877670e+00
   2.0202500e+03   3.0373046e+00   3.0874940e+00
   2.0203333e+03   3.0376888e+00   3.0883726e+00
   2.0204167e+03   3.0383975e+00   3.0896037e+00
   2.0205000e+03   3.0388771e+00   3.0905904e+00
   2.0205833e+03   1.7074932e+00   1.7368616e+00
   2.0206667e+03   1.7077127e+00   1.7373654e+00
   2.0207500e+03   1.7080881e+00   1.7380391e+00
   2.0208333e+03   1.7082847e+00   1.7385210e+00
   2.0209167e+03   1.7079135e+00   1.7383906e+00
   2.0210000e+03   1.7070282e+00   1.7377053e+00
   2.0210833e+03   1.7059644e+00   1.7368275e+00
   2.0211667e+03   1.7050681e+00   1.7361318e+00
   2.0212500e+03   1.7046909e+00   1.7359990e+00
   2.0213333e+03   1.7048881e+00   1.7364895e+00
   2.0214167e+03   1.7052533e+00   1.7371633e+00
   2.0215000e+03   1.7054878e+00   1.7376972e+00
   2.0215833e+03   1.7056230e+00   1.7381247e+00
   2.0216667e+03   1.7058215e+00   1.7386223e+00
   2.0217500e+03   1.7061803e+00   1.7392955e+00
   2.0218333e+03   1.7063674e+00   1.7397837e+00
   2.0219167e+03   1.7059938e+00   1.7396641e+00
   2.0220000e+03   1.7051103e+00   1.7389912e+00
   2.0220833e+03   1.7040495e+00   1.7381263e+00
   2.0221667e+03   1.7031550e+00   1.7374431e+00
   2.0222500e+03   1.7027754e+00   1.7373210e+00
   2.0223333e+03   1.7029630e+00   1.7378176e+00
   2.0224167e+03   1.7033115e+00   1.7384911e+00
   2.0225000e+03   1.7035254e+00   1.7390194e+00
   2.0225833e+03   1.7036386e+00   1.7394393e+00
   2.0226667e+03   1.7038159e+00   1.7399305e+00
   2.0227500e+03   1.7041579e+00   1.7406031e+00
   2.0228333e+03   1.7043354e+00   1.7410975e+00
   2.0229167e+03   1.7039592e+00   1.7409887e+00
   2.0230000e+03   1.7030774e+00   1.7403283e+00
   2.0230833e+03   1.7020195e+00   1.7394761e+00
   2.0231667e+03   1.7011267e+00   1.7388053e+00
   2.0232500e+03   1.7007445e+00   1.7386940e+00
   2.0233333e+03   1.7009223e+00   1.7391967e+00
   2.0234167e+03   1.7012541e+00   1.7398696e+00
   2.0235000e+03   1.7014472e+00   1.7403922e+00
   2.0235833e+03   1.7015383e+00   1.7408043e+00
   2.0236667e+03   1.7016942e+00   1.7412891e+00
   2.0237500e+03   1.7020194e+00   1.7419610e+00
   2.0238333e+03   1.7021870e+00   1.7424616e+00
   2.0239167e+03   1.7018081e+00   1.7423634e+00
   2.0240000e+03   1.7009278e+00   1.7417154e+00
   2.0240833e+03   1.6998727e+00   1.7408760e+00
   2.0241667e+03   1.6989816e+00   1.7402177e+00
   2.0242500e+03   1.6985966e+00   1.7401170e+00
   2.0243333e+03   1.6987644e+00   1.7406258e+00
   2.0244167e+03   1.6990793e+00   1.7412981e+00
   2.0245000e+03   1.6992516e+00   1.7418149e+00
   2.0245833e+03   1.6993203e+00   1.7422190e+00
   2.0246667e+03   1.6994549e+00   1.7426972e+00
   2.0247500e+03   1.6997630e+00   1.7433684e+00
   2.0248333e+03   1.6999206e+00   1.7438750e+00
   2.0249167e+03   1.6995388e+00   1.7437875e+00
   2.0250000e+03   1.6986600e+00   1.7431519e+00
   2.0250833e+03   1.6976080e+00   1.7423256e+00
   2.0251667e+03   1.6967191e+00   1.7416805e+00
   2.0252500e+03   1.6963321e+00   1.7415914e+00
   2.0253333e+03   1.6964903e+00   1.7421069e+00
   2.0254167e+03   1.6967880e+00   1.7427783e+00
   2.0255000e+03   1.6969382e+00   1.7432879e+00
   2.0255833e+03   1.6969828e+00   1.7436821e+00
   2.0256667e+03   1.6970942e+00   1.7441517e+00
   2.0257500e+03   1.6973846e+00   1.7448216e+00
   2.0258333e+03   1.6975336e+00   1.7453361e+00
   2.0259167e+03   1.6971521e+00   1.7452628e+00
   2.0260000e+03   1.6962789e+00   1.7446445e+00
   2.0260833e+03   1.6952341e+00   1.7438360e+00
   2.0261667e+03   1.6943509e+00   1.7432081e+00
   2.0262500e+03   1.6939644e+00   1.7431337e+00
   2.0263333e+03   1.6941140e+00   1.7436572e+00
   2.0264167e+03   1.6943938e+00   1.7443271e+00
   2.0265000e+03   1.6945204e+00   1.7448282e+00
   2.0265833e+03   1.6945395e+00   1.7452109e+00
   2.0266667e+03   1.6946265e+00   1.7456708e+00
   2.0267500e+03   1.6948989e+00   1.7463390e+00
   2.0268333e+03   1.6950391e+00   1.7468615e+00
   2.0269167e+03   1.6946578e+00   1.7468029e+00
   2.0270000e+03   1.6937900e+00   1.7462017e+00
   2.0270833e+03   1.6927520e+00   1.7454110e+00
   2.0271667e+03   1.6918743e+00   1.7448002e+00
   2.0272500e+03   1.6914879e+00   1.7447404e+00
   2.0273333e+03   1.6916285e+00   1.7452717e+00
   2.0274167e+03   1.6918900e+00   1.7459401e+00
   2.0275000e+03   1.6919928e+00   1.7464323e+00
   2.0275833e+03   1.6919861e+00   1.7468032e+00
   2.0276667e+03   1.6920484e+00   1.7472531e+00
   2.0277500e+03   1.6923022e+00   1.7479195e+00
   2.0278333e+03   1.6924334e+00   1.7484499e+00
   2.0279167e+03   1.6920519e+00   1.7484058e+00
   2.0280000e+03   1.6911892e+00   1.7478217e+00
   2.0280833e+03   1.6901578e+00   1.7470487e+00
   2.0281667e+03   1.6892851e+00   1.7464550e+00
   2.0282500e+03   1.6888986e+00   1.7464096e+00
   2.0283333e+03   1.6890297e+00   1.7469487e+00
   2.0284167e+03   1.6892726e+00   1.7476153e+00
   2.0285000e+03   1.6893512e+00   1.7480984e+00
   2.0285833e+03   1.5036055e+00   1.5561798e+00
   2.0286667e+03   1.5036525e+00   1.5565860e+00
   2.0287500e+03   1.5038768e+00   1.5571939e+00
   2.0288333e+03   1.5039937e+00   1.5576819e+00
   2.0289167e+03   1.5036500e+00   1.5576507e+00
   2.0290000e+03   1.5028739e+00   1.5571314e+00
   2.0290833e+03   1.5019443e+00   1.5564391e+00
   2.0291667e+03   1.5011556e+00   1.5559070e+00
   2.0292500e+03   1.5008053e+00   1.5558723e+00
   2.0293333e+03   1.5009225e+00   1.5563686e+00
   2.0294167e+03   1.5011364e+00   1.5569760e+00
   2.0295000e+03   1.5011965e+00   1.5574105e+00
   2.0295833e+03   8.4326614e-01   8.7508558e-01
   2.0296667e+03   8.4327221e-01   8.7530019e-01
   2.0297500e+03   8.4338005e-01   8.7563129e-01
   2.0298333e+03   8.4343593e-01   8.7590419e-01
   2.0299167e+03   8.4324449e-01   8.7589646e-01
   2.0300000e+03   8.4281778e-01   8.7562146e-01
   2.0300833e+03   8.4230830e-01   8.7525261e-01
   2.0301667e+03   8.4187676e-01   8.7497298e-01
   2.0302500e+03   8.4168290e-01   8.7496482e-01
   2.0303333e+03   8.4173859e-01   8.7524200e-01
   2.0304167e+03   8.4184082e-01   8.7557316e-01
   2.0305000e+03   8.4185527e-01   8.7580494e-01
   2.0305833e+03   8.4181186e-01   8.7597140e-01
   2.0306667e+03   8.4180481e-01   8.7618020e-01
   2.0307500e+03   8.4190276e-01   8.7650994e-01
   2.0308333e+03   8.4195382e-01   8.7678692e-01
   2.0309167e+03   8.4176246e-01   8.7678706e-01
   2.0310000e+03   8.4133875e-01   8.7652154e-01
   2.0310833e+03   8.4083309e-01   8.7616249e-01
   2.0311667e+03   8.4040458e-01   8.7589232e-01
   2.0312500e+03   8.4021085e-01   8.7589209e-01
   2.0313333e+03   8.4026166e-01   8.7617331e-01
   2.0314167e+03   8.4035398e-01   8.7650308e-01
   2.0315000e+03   8.4035546e-01   8.7672932e-01
   2.0315833e+03   8.4029798e-01   8.7688853e-01
   2.0316667e+03   8.4027755e-01   8.7709114e-01
   2.0317500e+03   8.4036548e-01   8.7741937e-01
   2.0318333e+03   8.4041166e-01   8.7770040e-01
   2.0319167e+03   8.4022033e-01   8.7770842e-01
   2.0320000e+03   8.3979952e-01   8.7745233e-01
   2.0320833e+03   8.3929760e-01   8.7710305e-01
   2.0321667e+03   8.3887202e-01   8.7684231e-01
   2.0322500e+03   8.3867831e-01   8.7684994e-01
   2.0323333e+03   8.3872412e-01   8.7713512e-01
   2.0324167e+03   8.3880642e-01   8.7746338e-01
   2.0325000e+03   8.3879487e-01   8.7768390e-01
   2.0325833e+03   8.3872327e-01   8.7783569e-01
   2.0326667e+03   8.3868939e-01   8.7803195e-01
   2.0327500e+03   8.3876720e-01   8.7835851e-01
   2.0328333e+03   8.3880839e-01   8.7864352e-01
   2.0329167e+03   8.3861697e-01   8.7865935e-01
   2.0330000e+03   8.3819897e-01   8.7841266e-01
   2.0330833e+03   8.3770070e-01   8.7807311e-01
   2.0331667e+03   8.3727796e-01   8.7782177e-01
   2.0332500e+03   8.3708415e-01   8.7783721e-01
   2.0333333e+03   8.3712484e-01   8.7812626e-01
   2.0334167e+03   8.3719703e-01   8.7845286e-01
   2.0335000e+03   8.3717238e-01   8.7866751e-01
   2.0335833e+03   8.3708662e-01   8.7881170e-01
   2.0336667e+03   8.3703924e-01   8.7900143e-01
   2.0337500e+03   8.3710684e-01   8.7932621e-01
   2.0338333e+03   8.3714292e-01   8.7961509e-01
   2.0339167e+03   8.3695130e-01   8.7963869e-01
   2.0340000e+03   8.3653602e-01   8.7940135e-01
   2.0340833e+03   8.3604130e-01   8.7907150e-01
   2.0341667e+03   8.3562130e-01   8.7882952e-01
   2.0342500e+03   8.3542728e-01   8.7885271e-01
   2.0343333e+03   8.3546275e-01   8.7914554e-01
   2.0344167e+03   8.3552474e-01   8.7947035e-01
   2.0345000e+03   8.3548694e-01   8.7967896e-01
   2.0345833e+03   7.4364722e-01   7.8315059e-01
   2.0346667e+03   7.4359947e-01   7.8332074e-01
   2.0347500e+03   7.4365810e-01   7.8361664e-01
   2.0348333e+03   7.4369032e-01   7.8388232e-01
   2.0349167e+03   7.4351841e-01   7.8390855e-01
   2.0350000e+03   7.4314567e-01   7.8369889e-01
   2.0350833e+03   7.4270078e-01   7.8340460e-01
   2.0351667e+03   7.4232212e-01   7.8318873e-01
   2.0352500e+03   7.4214717e-01   7.8321351e-01
   2.0353333e+03   7.4217900e-01   7.8348292e-01
   2.0354167e+03   7.4223217e-01   7.8377834e-01
   2.0355000e+03   7.4219225e-01   7.8396457e-01
   2.0355833e+03   4.1681163e-01   4.4042275e-01
   2.0356667e+03   4.1677436e-01   4.4051083e-01
   2.0357500e+03   4.1679783e-01   4.4067122e-01
   2.0358333e+03   4.1681059e-01   4.4081940e-01
   2.0359167e+03   4.1671442e-01   4.4083889e-01
   2.0360000e+03   4.1650935e-01   4.4072951e-01
   2.0360833e+03   4.1626541e-01   4.4057424e-01
   2.0361667e+03   4.1605801e-01   4.4046255e-01
   2.0362500e+03   4.1596063e-01   4.4048182e-01
   2.0363333e+03   4.1597296e-01   4.4063186e-01
   2.0364167e+03   4.1599364e-01   4.4079228e-01
   2.0365000e+03   4.1596150e-01   4.4089029e-01
   2.0365833e+03   4.1589725e-01   4.4095044e-01
   2.0366667e+03   4.1585316e-01   4.4103499e-01
   2.0367500e+03   4.1587139e-01   4.4119428e-01
   2.0368333e+03   4.1588144e-01   4.4134426e-01
   2.0369167e+03   4.1578500e-01   4.4136754e-01
   2.0370000e+03   4.1558115e-01   4.4126279e-01
   2.0370833e+03   4.1533886e-01   4.4111232e-01
   2.0371667e+03   4.1513268e-01   4.4100525e-01
   2.0372500e+03   4.1503504e-01   4.4102831e-01
   2.0373333e+03   4.1504459e-01   4.4118011e-01
   2.0374167e+03   4.1506005e-01   4.4133943e-01
   2.0375000e+03   4.1502126e-01   4.4143415e-01
   2.0375833e+03   4.1494985e-01   4.4149013e-01
   2.0376667e+03   4.1489892e-01   4.4157107e-01
   2.0377500e+03   4.1491189e-01   4.4172919e-01
   2.0378333e+03   4.1491916e-01   4.4188092e-01
   2.0379167e+03   4.1482241e-01   4.4190797e-01
   2.0380000e+03   4.1461972e-01   4.4180783e-01
   2.0380833e+03   4.1437903e-01   4.4166214e-01
   2.0381667e+03   4.1417404e-01   4.4155967e-01
   2.0382500e+03   4.1407608e-01   4.4158650e-01
   2.0383333e+03   4.1408280e-01   4.4173999e-01
   2.0384167e+03   4.1409300e-01   4.4189814e-01
   2.0385000e+03   4.1404754e-01   4.4198950e-01
   2.0385833e+03   4.1396897e-01   4.4204122e-01
   2.0386667e+03   4.1391118e-01   4.4211845e-01
   2.0387500e+03   4.1391885e-01   4.4227532e-01
   2.0388333e+03   4.1392329e-01   4.4242876e-01
   2.0389167e+03   4.1382618e-01   4.4245955e-01
   2.0390000e+03   4.1362461e-01   4.4236399e-01
   2.0390833e+03   4.1338548e-01   4.4222307e-01
   2.0391667e+03   4.1318162e-01   4.4212518e-01
   2.0392500e+03   4.1308328e-01   4.4215575e-01
   2.0393333e+03   4.1308713e-01   4.4231090e-01
   2.0394167e+03   4.1309203e-01   4.4246780e-01
   2.0395000e+03   4.1303989e-01   4.4255571e-01
   2.0395833e+03   4.1295414e-01   4.4260307e-01
   2.0396667e+03   4.1288948e-01   4.4267650e-01
   2.0397500e+03   4.1289182e-01   4.4283205e-01
   2.0398333e+03   4.1289339e-01   4.4298715e-01
   2.0399167e+03   4.1279585e-01   4.4302165e-01
   2.0400000e+03   4.1259536e-01   4.4293065e-01
   2.0400833e+03   4.1235774e-01   4.4279448e-01
   2.0401667e+03   4.1215498e-01   4.4270117e-01
   2.0402500e+03   4.1205621e-01   4.4273544e-01
   2.0403333e+03   4.1205713e-01   4.4289219e-01
   2.0404167e+03   4.1205671e-01   4.4304778e-01
   2.0405000e+03   4.1199786e-01   4.4313214e-01
   2.0405833e+03   4.1190493e-01   4.4317504e-01
   2.0406667e+03   4.1183340e-01   4.4324459e-01
   2.0407500e+03   4.1183036e-01   4.4339874e-01
   2.0408333e+03   4.1182901e-01   4.4355545e-01
   2.0409167e+03   4.1173100e-01   4.4359364e-01
   2.0410000e+03   4.1153154e-01   4.4350718e-01
   2.0410833e+03   4.1129539e-01   4.4337575e-01
   2.0411667e+03   4.1109367e-01   4.4328698e-01
   2.0412500e+03   4.1099444e-01   4.4332494e-01
   2.0413333e+03   4.1099237e-01   4.4348324e-01
   2.0414167e+03   4.1098660e-01   4.4363744e-01
   2.0415000e+03   4.1092104e-01   4.4371815e-01
   2.0415833e+03   4.1082093e-01   4.4375650e-01
   2.0416667e+03   4.1074251e-01   4.4382206e-01
   2.0417500e+03   4.1073408e-01   4.4397475e-01
   2.0418333e+03   4.1072976e-01   4.4413302e-01
   2.0419167e+03   4.1063123e-01   4.4417486e-01
   2.0420000e+03   4.1043274e-01   4.4409293e-01
   2.0420833e+03   4.1019803e-01   4.4396622e-01
   2.0421667e+03   4.0999731e-01   4.4388198e-01
   2.0422500e+03   4.0989755e-01   4.4392359e-01
   2.0423333e+03   4.0989246e-01   4.4408339e-01
   2.0424167e+03   4.0988131e-01   4.4423612e-01
   2.0425000e+03   4.0980902e-01   4.4431311e-01
   2.0425833e+03   4.0970173e-01   4.4434680e-01
   2.0426667e+03   4.0961641e-01   4.4440829e-01
   2.0427500e+03   4.0960256e-01   4.4455944e-01
   2.0428333e+03   4.0959523e-01   4.4471921e-01
   2.0429167e+03   4.0949612e-01   4.4476467e-01
   2.0430000e+03   4.0929858e-01   4.4468725e-01
   2.0430833e+03   4.0906525e-01   4.4456525e-01
   2.0431667e+03   4.0886549e-01   4.4448552e-01
   2.0432500e+03   4.0876516e-01   4.4453074e-01
   2.0433333e+03   4.0875700e-01   4.4469200e-01
   2.0434167e+03   4.0874044e-01   4.4484319e-01
   2.0435000e+03   4.0866142e-01   4.4491635e-01
   2.0435833e+03   4.0854695e-01   4.4494529e-01
   2.0436667e+03   4.0845474e-01   4.4500260e-01
   2.0437500e+03   4.0843545e-01   4.4515213e-01
   2.0438333e+03   4.0842505e-01   4.4531336e-01
   2.0439167e+03   4.0832533e-01   4.4536241e-01
   2.0440000e+03   4.0812868e-01   4.4528948e-01
   2.0440833e+03   4.0789670e-01   4.4517217e-01
   2.0441667e+03   4.0769785e-01   4.4509693e-01
   2.0442500e+03   4.0759689e-01   4.4514574e-01
   2.0443333e+03   4.0758561e-01   4.4530840e-01
   2.0444167e+03   4.0756362e-01   4.4545797e-01
   2.0445000e+03   4.0747788e-01   4.4552721e-01
   2.0445833e+03   4.0735624e-01   4.4555130e-01
   2.0446667e+03   4.0725713e-01   4.4560433e-01
   2.0447500e+03   4.0723237e-01   4.4575217e-01
   2.0448333e+03   4.0721888e-01   4.4591480e-01
   2.0449167e+03   4.0711848e-01   4.4596741e-01
   2.0450000e+03   4.0692268e-01   4.4589895e-01
   2.0450833e+03   4.0669201e-01   4.4578631e-01
   2.0451667e+03   4.0649403e-01   4.4571555e-01
   2.0452500e+03   4.0639240e-01   4.4576792e-01
   2.0453333e+03   4.0637797e-01   4.4593193e-01
   2.0454167e+03   4.0635052e-01   4.4607980e-01
   2.0455000e+03   4.0625805e-01   4.4614503e-01
   2.0455833e+03   4.0612924e-01   4.4616416e-01
   2.0456667e+03   4.0602325e-01   4.4621282e-01
   2.0457500e+03   4.0599301e-01   4.4635888e-01
   2.0458333e+03   4.0597636e-01   4.4652286e-01
   2.0459167e+03   4.0587526e-01   4.4657900e-01
   2.0460000e+03   4.0568027e-01   4.4651499e-01
   2.0460833e+03   4.0545085e-01   4.4640701e-01
   2.0461667e+03   4.0525370e-01   4.4634071e-01
   2.0462500e+03   4.0515136e-01   4.4639661e-01
   2.0463333e+03   4.0513373e-01   4.4656190e-01
   2.0464167e+03   4.0510081e-01   4.4670800e-01
   2.0465000e+03   4.0500161e-01   4.4676912e-01
   2.0465833e+03   4.0486565e-01   4.4678318e-01
   2.0466667e+03   4.0475278e-01   4.4682738e-01
   2.0467500e+03   4.0471703e-01   4.4697158e-01
   2.0468333e+03   4.0469721e-01   4.4713687e-01
   2.0469167e+03   4.0459534e-01   4.4719650e-01
   2.0470000e+03   4.0440111e-01   4.4713692e-01
   2.0470833e+03   4.0417292e-01   4.4703359e-01
   2.0471667e+03   4.0397655e-01   4.4697172e-01
   2.0472500e+03   4.0387345e-01   4.4703111e-01
   2.0473333e+03   4.0385259e-01   4.4719765e-01
   2.0474167e+03   4.0381418e-01   4.4734189e-01
   2.0475000e+03   4.0370826e-01   4.4739880e-01
   2.0475833e+03   4.0356517e-01   4.4740770e-01
   2.0476667e+03   4.0344543e-01   4.4744732e-01
   2.0477500e+03   4.0340416e-01   4.4758959e-01
   2.0478333e+03   4.0338112e-01   4.4775611e-01
   2.0479167e+03   4.0327844e-01   4.4781921e-01
   2.0480000e+03   4.0308494e-01   4.4776405e-01
   2.0480833e+03   4.0285793e-01   4.4766534e-01
   2.0481667e+03   4.0266230e-01   4.4760789e-01
   2.0482500e+03   4.0255839e-01   4.4767074e-01
   2.0483333e+03   4.0253426e-01   4.4783846e-01
   2.0484167e+03   4.0249036e-01   4.4798077e-01
   2.0485000e+03   4.0237772e-01   4.4803337e-01
   2.0485833e+03   4.0222752e-01   4.4803700e-01
   2.0486667e+03   4.0210091e-01   4.4807195e-01
   2.0487500e+03   4.0205412e-01   4.4821221e-01
   2.0488333e+03   4.0202782e-01   4.4837992e-01
   2.0489167e+03   4.0192430e-01   4.4844644e-01
   2.0490000e+03   4.0173147e-01   4.4839567e-01
   2.0490833e+03   4.0150561e-01   4.4830158e-01
   2.0491667e+03   4.0131068e-01   4.4824852e-01
   2.0492500e+03   4.0120592e-01   4.4831481e-01
   2.0493333e+03   4.0117848e-01   4.4848365e-01
   2.0494167e+03   4.0112907e-01   4.4862394e-01
   2.0495000e+03   4.0100973e-01   4.4867213e-01
   2.0495833e+03   4.0085244e-01   4.4867038e-01
   2.0496667e+03   4.0071899e-01   4.4870057e-01
   2.0497500e+03   4.0066666e-01   4.4883872e-01
   2.0498333e+03   4.0063707e-01   4.4900756e-01
   2.0499167e+03   4.0053265e-01   4.4907748e-01
   2.0500000e+03   4.0034047e-01   4.4903108e-01
   2.0500833e+03   4.0011569e-01   4.4894156e-01
   2.0501667e+03   3.9992139e-01   4.4889284e-01
   2.0502500e+03   3.9981570e-01   4.4896247e-01
   2.0503333e+03   3.9978491e-01   4.4913238e-01
   2.0504167e+03   3.9973003e-01   4.4927062e-01
   2.0505000e+03   3.9960412e-01   4.4931444e-01
   2.0505833e+03   3.9943990e-01   4.4930740e-01
   2.0506667e+03   3.9929978e-01   4.4933290e-01
   2.0507500e+03   3.9924199e-01   4.4946898e-01
   2.0508333e+03   3.9920905e-01   4.4963885e-01
   2.0509167e+03   3.9910358e-01   4.4971196e-01
   2.0510000e+03   3.9891181e-01   4.4966965e-01
   2.0510833e+03   3.9868790e-01   4.4958443e-01
   2.0511667e+03   3.9849403e-01   4.4953981e-01
   2.0512500e+03   3.9838729e-01   4.4961261e-01
   2.0513333e+03   3.9835311e-01   4.4978349e-01
   2.0514167e+03   3.9829282e-01   4.4991968e-01
   2.0515000e+03   3.9816047e-01   4.4995918e-01
   2.0515833e+03   3.9798948e-01   4.4994688e-01
   2.0516667e+03   3.9784280e-01   4.4996771e-01
   2.0517500e+03   3.9777959e-01   4.5010167e-01
   2.0518333e+03   3.9774330e-01   4.5027252e-01
   2.0519167e+03   3.9763674e-01   4.5034877e-01
   2.0520000e+03   3.9744536e-01   4.5031053e-01
   2.0520833e+03   3.9722230e-01   4.5022960e-01
   2.0521667e+03   3.9702885e-01   4.5018905e-01
   2.0522500e+03   3.9692102e-01   4.5026500e-01
   2.0523333e+03   3.9688346e-01   4.5043679e-01
   2.0524167e+03   3.9681779e-01   4.5057087e-01
   2.0525000e+03   3.9667903e-01   4.5060595e-01
   2.0525833e+03   3.9650132e-01   4.5058829e-01
   2.0526667e+03   3.9634813e-01   4.5060435e-01
   2.0527500e+03   3.9627953e-01   4.5073612e-01
   2.0528333e+03   3.9623987e-01   4.5090789e-01
   2.0529167e+03   3.9613220e-01   4.5098725e-01
   2.0530000e+03   3.9594120e-01   4.5095307e-01
   2.0530833e+03   3.9571897e-01   4.5087641e-01
   2.0531667e+03   3.9552592e-01   4.5083993e-01
   2.0532500e+03   3.9541699e-01   4.5091899e-01
   2.0533333e+03   3.9537603e-01   4.5109164e-01
   2.0534167e+03   3.9530499e-01   4.5122353e-01
   2.0535000e+03   3.9515988e-01   4.5125409e-01
   2.0535833e+03   3.9497550e-01   4.5123099e-01
   2.0536667e+03   3.9481585e-01   4.5124218e-01
   2.0537500e+03   3.9474187e-01   4.5137168e-01
   2.0538333e+03   3.9469884e-01   4.5154432e-01
   2.0539167e+03   3.9459005e-01   4.5162676e-01
   2.0540000e+03   3.9439941e-01   4.5159661e-01
   2.0540833e+03   3.9417800e-01   4.5152422e-01
   2.0541667e+03   3.9398532e-01   4.5149177e-01
   2.0542500e+03   3.9387528e-01   4.5157391e-01
   2.0543333e+03   3.9383092e-01   4.5174738e-01
   2.0544167e+03   3.9375455e-01   4.5187700e-01
   2.0545000e+03   3.9360312e-01   4.5190296e-01
   2.0545833e+03   3.9341212e-01   4.5187430e-01
   2.0546667e+03   3.9324606e-01   4.5188054e-01
   2.0547500e+03   3.9316673e-01   4.5200769e-01
   2.0548333e+03   3.9312034e-01   4.5218114e-01
   2.0549167e+03   3.9301040e-01   4.5226663e-01
   2.0550000e+03   3.9282010e-01   4.5224050e-01
   2.0550833e+03   3.9259949e-01   4.5217235e-01
   2.0551667e+03   3.9240718e-01   4.5214393e-01
   2.0552500e+03   3.9229601e-01   4.5222912e-01
   2.0553333e+03   3.9224824e-01   4.5240335e-01
   2.0554167e+03   3.9216655e-01   4.5253061e-01
   2.0555000e+03   3.9200886e-01   4.5255187e-01
   2.0555833e+03   3.9181132e-01   4.5251757e-01
   2.0556667e+03   3.9163889e-01   4.5251875e-01
   2.0557500e+03   3.9155424e-01   4.5264348e-01
   2.0558333e+03   3.9150447e-01   4.5281769e-01
   2.0559167e+03   3.9139339e-01   4.5290620e-01
   2.0560000e+03   3.9120341e-01   4.5288406e-01
   2.0560833e+03   3.9098358e-01   4.5282014e-01
   2.0561667e+03   3.9079161e-01   4.5279573e-01
   2.0562500e+03   3.9067930e-01   4.5288393e-01
   2.0563333e+03   3.9062813e-01   4.5305886e-01
   2.0564167e+03   3.9054116e-01   4.5318370e-01
   2.0565000e+03   3.9037726e-01   4.5320017e-01
   2.0565833e+03   3.9017322e-01   4.5316012e-01
   2.0566667e+03   3.8999448e-01   4.5315615e-01
   2.0567500e+03   3.8990454e-01   4.5327837e-01
   2.0568333e+03   3.8985140e-01   4.5345329e-01
   2.0569167e+03   3.8973915e-01   4.5354478e-01
   2.0570000e+03   3.8954948e-01   4.5352662e-01
   2.0570833e+03   3.8933041e-01   4.5346691e-01
   2.0571667e+03   3.8913878e-01   4.5344648e-01
   2.0572500e+03   3.8902531e-01   4.5353767e-01
   2.0573333e+03   3.8897074e-01   4.5371325e-01
   2.0574167e+03   3.8887851e-01   4.5383558e-01
   2.0575000e+03   3.8870845e-01   4.5384716e-01
   2.0575833e+03   3.8849798e-01   4.5380126e-01
   2.0576667e+03   3.8831300e-01   4.5379205e-01
   2.0577500e+03   3.8821780e-01   4.5391168e-01
   2.0578333e+03   3.8816129e-01   4.5408725e-01
   2.0579167e+03   3.8804786e-01   4.5418168e-01
   2.0580000e+03   3.8785848e-01   4.5416749e-01
   2.0580833e+03   3.8764016e-01   4.5411197e-01
   2.0581667e+03   3.8744885e-01   4.5409551e-01
   2.0582500e+03   3.8733421e-01   4.5418966e-01
   2.0583333e+03   3.8727624e-01   4.5436582e-01
   2.0584167e+03   3.8717879e-01   4.5448557e-01
   2.0585000e+03   3.8700263e-01   4.5449216e-01
   2.0585833e+03   3.8678580e-01   4.5444031e-01
   2.0586667e+03   3.8659463e-01   4.5442575e-01
   2.0587500e+03   3.8649420e-01   4.5454272e-01
   2.0588333e+03   3.8643433e-01   4.5471888e-01
   2.0589167e+03   3.8631971e-01   4.5481623e-01
   2.0590000e+03   3.8613061e-01   4.5480597e-01
   2.0590833e+03   3.8591302e-01   4.5475464e-01
   2.0591667e+03   3.8572201e-01   4.5474212e-01
   2.0592500e+03   3.8560619e-01   4.5483918e-01
   2.0593333e+03   3.8554483e-01   4.5501588e-01
   2.0594167e+03   3.8544219e-01   4.5513296e-01
   2.0595000e+03   3.8525999e-01   4.5513448e-01
   2.0595833e+03   3.8503687e-01   4.5507657e-01
   2.0596667e+03   3.8483957e-01   4.5505657e-01
   2.0597500e+03   3.8473395e-01   4.5517079e-01
   2.0598333e+03   3.8467073e-01   4.5534749e-01
   2.0599167e+03   3.8455490e-01   4.5544772e-01
   2.0600000e+03   3.8436607e-01   4.5544138e-01
   2.0600833e+03   3.8414920e-01   4.5539420e-01
   2.0601667e+03   3.8395848e-01   4.5538562e-01
   2.0602500e+03   3.8384147e-01   4.5548556e-01
   2.0603333e+03   3.8377673e-01   4.5566273e-01
   2.0604167e+03   3.8366893e-01   4.5577705e-01
   2.0605000e+03   3.8348075e-01   4.5577340e-01
   2.0605833e+03   3.8325141e-01   4.5570934e-01
   2.0606667e+03   3.8304805e-01   4.5568379e-01
   2.0607500e+03   3.8293727e-01   4.5579519e-01
   2.0608333e+03   3.8287070e-01   4.5597236e-01
   2.0609167e+03   3.8275367e-01   4.5607543e-01
   2.0610000e+03   3.8256508e-01   4.5607299e-01
   2.0610833e+03   3.8234893e-01   4.5602996e-01
   2.0611667e+03   3.8215848e-01   4.5602528e-01
   2.0612500e+03   3.8204027e-01   4.5612806e-01
   2.0613333e+03   3.8197215e-01   4.5630565e-01
   2.0614167e+03   3.8185925e-01   4.5641714e-01
   2.0615000e+03   3.8166514e-01   4.5640822e-01
   2.0615833e+03   3.8142966e-01   4.5633789e-01
   2.0616667e+03   3.8122031e-01   4.5630671e-01
   2.0617500e+03   3.8110442e-01   4.5641520e-01
   2.0618333e+03   3.8103451e-01   4.5659279e-01
   2.0619167e+03   3.8091626e-01   4.5669866e-01
   2.0620000e+03   3.8072791e-01   4.5670009e-01
   2.0620833e+03   3.8051245e-01   4.5666119e-01
   2.0621667e+03   3.8032226e-01   4.5666039e-01
   2.0622500e+03   3.8020285e-01   4.5676599e-01
   2.0623333e+03   3.8013137e-01   4.5694393e-01
   2.0624167e+03   3.8001339e-01   4.5705251e-01
   2.0625000e+03   3.7981343e-01   4.5703821e-01
   2.0625833e+03   3.7957188e-01   4.5696153e-01
   2.0626667e+03   3.7935661e-01   4.5692461e-01
   2.0627500e+03   3.7923565e-01   4.5703010e-01
   2.0628333e+03   3.7916241e-01   4.5720804e-01
   2.0629167e+03   3.7904294e-01   4.5731669e-01
   2.0630000e+03   3.7885482e-01   4.5732196e-01
   2.0630833e+03   3.7864004e-01   4.5728718e-01
   2.0631667e+03   3.7845010e-01   4.5729024e-01
   2.0632500e+03   3.7832948e-01   4.5739861e-01
   2.0633333e+03   3.7825464e-01   4.5757684e-01
   2.0634167e+03   3.7813163e-01   4.5768242e-01
   2.0635000e+03   3.7792589e-01   4.5766265e-01
   2.0635833e+03   3.7767835e-01   4.5757951e-01
   2.0636667e+03   3.7745724e-01   4.5753675e-01
   2.0637500e+03   3.7733125e-01   4.5763916e-01
   2.0638333e+03   3.7725470e-01   4.5781740e-01
   2.0639167e+03   3.7713400e-01   4.5792878e-01
   2.0640000e+03   3.7694609e-01   4.5793788e-01
   2.0640833e+03   3.7673198e-01   4.5790719e-01
   2.0641667e+03   3.7654229e-01   4.5791408e-01
   2.0642500e+03   3.7642044e-01   4.5802518e-01
   2.0643333e+03   3.7634227e-01   4.5820365e-01
   2.0644167e+03   3.7621428e-01   4.5830614e-01
   2.0645000e+03   3.7600283e-01   4.5828081e-01
   2.0645833e+03   3.7574938e-01   4.5819110e-01
   2.0646667e+03   3.7552249e-01   4.5814240e-01
   2.0647500e+03   3.7539152e-01   4.5824164e-01
   2.0648333e+03   3.7531167e-01   4.5842012e-01
   2.0649167e+03   3.7518974e-01   4.5853419e-01
   2.0650000e+03   3.7500203e-01   4.5854710e-01
   2.0650833e+03   3.7478859e-01   4.5852048e-01
   2.0651667e+03   3.7459912e-01   4.5853118e-01
   2.0652500e+03   3.7447606e-01   4.5864498e-01
   2.0653333e+03   3.7439456e-01   4.5882362e-01
   2.0654167e+03   3.7426163e-01   4.5892294e-01
   2.0655000e+03   3.7404454e-01   4.5889194e-01
   2.0655833e+03   3.7378527e-01   4.5879556e-01
   2.0656667e+03   3.7355269e-01   4.5874082e-01
   2.0657500e+03   3.7341679e-01   4.5883681e-01
   2.0658333e+03   3.7333366e-01   4.5901546e-01
   2.0659167e+03   3.7321049e-01   4.5913218e-01
   2.0660000e+03   3.7302298e-01   4.5914887e-01
   2.0660833e+03   3.7281018e-01   4.5912630e-01
   2.0661667e+03   3.7262094e-01   4.5914080e-01
   2.0662500e+03   3.7249665e-01   4.5925725e-01
   2.0663333e+03   3.7241185e-01   4.5943600e-01
   2.0664167e+03   3.7227403e-01   4.5953206e-01
   2.0665000e+03   3.7205138e-01   4.5949530e-01
   2.0665833e+03   3.7178637e-01   4.5939214e-01
   2.0666667e+03   3.7154818e-01   4.5933126e-01
   2.0667500e+03   3.7140741e-01   4.5942392e-01
   2.0668333e+03   3.7132101e-01   4.5960267e-01
   2.0669167e+03   3.7119660e-01   4.5972201e-01
   2.0670000e+03   3.7100928e-01   4.5974245e-01
   2.0670833e+03   3.7079712e-01   4.5972391e-01
   2.0671667e+03   3.7060808e-01   4.5974217e-01
   2.0672500e+03   3.7048257e-01   4.5986125e-01
   2.0673333e+03   3.7039449e-01   4.6004003e-01
   2.0674167e+03   3.7025183e-01   4.6013275e-01
   2.0675000e+03   3.7002370e-01   4.6009012e-01
   2.0675833e+03   3.6975304e-01   4.5998009e-01
   2.0676667e+03   3.6950932e-01   4.5991297e-01
   2.0677500e+03   3.6936372e-01   4.6000220e-01
   2.0678333e+03   3.6927407e-01   4.6018100e-01
   2.0679167e+03   3.6914842e-01   4.6030291e-01
   2.0680000e+03   3.6896128e-01   4.6032707e-01
   2.0680833e+03   3.6874975e-01   4.6031255e-01
   2.0681667e+03   3.6856093e-01   4.6033455e-01
   2.0682500e+03   3.6843418e-01   4.6045619e-01
   2.0683333e+03   3.6834284e-01   4.6063496e-01
   2.0684167e+03   3.6819540e-01   4.6072425e-01
   2.0685000e+03   3.6796186e-01   4.6067565e-01
   2.0685833e+03   3.6768565e-01   4.6055863e-01
   2.0686667e+03   3.6743649e-01   4.6048517e-01
   2.0687500e+03   3.6728611e-01   4.6057089e-01
   2.0688333e+03   3.6719325e-01   4.6074967e-01
   2.0689167e+03   3.6706636e-01   4.6087411e-01
   2.0690000e+03   3.6687939e-01   4.6090197e-01
   2.0690833e+03   3.6666848e-01   4.6089144e-01
   2.0691667e+03   3.6647985e-01   4.6091715e-01
   2.0692500e+03   3.6635188e-01   4.6104133e-01
   2.0693333e+03   3.6625730e-01   4.6122001e-01
   2.0694167e+03   3.6610514e-01   4.6130578e-01
   2.0695000e+03   3.6586627e-01   4.6125111e-01
   2.0695833e+03   3.6558460e-01   4.6112701e-01
   2.0696667e+03   3.6533008e-01   4.6104711e-01
   2.0697500e+03   3.6517499e-01   4.6112923e-01
   2.0698333e+03   3.6507892e-01   4.6130792e-01
   2.0699167e+03   3.6495080e-01   4.6143484e-01
   2.0700000e+03   3.6476399e-01   4.6146638e-01
   2.0700833e+03   3.6455370e-01   4.6145981e-01
   2.0701667e+03   3.6436526e-01   4.6148921e-01
   2.0702500e+03   3.6423607e-01   4.6161588e-01
   2.0703333e+03   3.6413827e-01   4.6179440e-01
   2.0704167e+03   3.6398144e-01   4.6187656e-01
   2.0705000e+03   3.6373734e-01   4.6181574e-01
   2.0705833e+03   3.6345030e-01   4.6168444e-01
   2.0706667e+03   3.6319051e-01   4.6159799e-01
   2.0707500e+03   3.6303077e-01   4.6167643e-01
   2.0708333e+03   3.6293153e-01   4.6185496e-01
   2.0709167e+03   3.6280217e-01   4.6198433e-01
   2.0710000e+03   3.6261552e-01   4.6201951e-01
   2.0710833e+03   3.6240584e-01   4.6201689e-01
   2.0711667e+03   3.6221758e-01   4.6204994e-01
   2.0712500e+03   3.6208717e-01   4.6217906e-01
   2.0713333e+03   3.6198618e-01   4.6235736e-01
   2.0714167e+03   3.6182474e-01   4.6243583e-01
   2.0715000e+03   3.6157549e-01   4.6236873e-01
   2.0715833e+03   3.6128319e-01   4.6223014e-01
   2.0716667e+03   3.6101821e-01   4.6213705e-01
   2.0717500e+03   3.6085388e-01   4.6221170e-01
   2.0718333e+03   3.6075149e-01   4.6239002e-01
   2.0719167e+03   3.6062090e-01   4.6252178e-01
   2.0720000e+03   3.6043441e-01   4.6256058e-01
   2.0720833e+03   3.6022533e-01   4.6256188e-01
   2.0721667e+03   3.6003725e-01   4.6259856e-01
   2.0722500e+03   3.5990562e-01   4.6273009e-01
   2.0723333e+03   3.5980147e-01   4.6290809e-01
   2.0724167e+03   3.5963549e-01   4.6298277e-01
   2.0725000e+03   3.5938118e-01   4.6290931e-01
   2.0725833e+03   3.5908371e-01   4.6276332e-01
   2.0726667e+03   3.5881364e-01   4.6266348e-01
   2.0727500e+03   3.5864478e-01   4.6273427e-01
   2.0728333e+03   3.5853928e-01   4.6291229e-01
   2.0729167e+03   3.5840746e-01   4.6304641e-01
   2.0730000e+03   3.5822112e-01   4.6308880e-01
   2.0730833e+03   3.5801263e-01   4.6309399e-01
   2.0731667e+03   3.5782473e-01   4.6313427e-01
   2.0732500e+03   3.5769189e-01   4.6326815e-01
   2.0733333e+03   3.5758461e-01   4.6344580e-01
   2.0734167e+03   3.5741415e-01   4.6351661e-01
   2.0735000e+03   3.5715487e-01   4.6343668e-01
   2.0735833e+03   3.5685233e-01   4.6328318e-01
   2.0736667e+03   3.5657727e-01   4.6317649e-01
   2.0737500e+03   3.5640395e-01   4.6324333e-01
   2.0738333e+03   3.5629536e-01   4.6342099e-01
   2.0739167e+03   3.5616233e-01   4.6355742e-01
   2.0740000e+03   3.5597613e-01   4.6360336e-01
   2.0740833e+03   3.5576823e-01   4.6361242e-01
   2.0741667e+03   3.5558050e-01   4.6365627e-01
   2.0742500e+03   3.5544646e-01   4.6379247e-01
   2.0743333e+03   3.5533607e-01   4.6396968e-01
   2.0744167e+03   3.5516120e-01   4.6403652e-01
   2.0745000e+03   3.5489704e-01   4.6395003e-01
   2.0745833e+03   3.5458954e-01   4.6378892e-01
   2.0746667e+03   3.5430959e-01   4.6367528e-01
   2.0747500e+03   3.5413188e-01   4.6373808e-01
   2.0748333e+03   3.5402023e-01   4.6391531e-01
   2.0749167e+03   3.5388598e-01   4.6405399e-01
   2.0750000e+03   3.5369993e-01   4.6410346e-01
   2.0750833e+03   3.5349260e-01   4.6411634e-01
   2.0751667e+03   3.5330502e-01   4.6416370e-01
   2.0752500e+03   3.5316976e-01   4.6430212e-01
   2.0753333e+03   3.5305631e-01   4.6447885e-01
   2.0754167e+03   3.5287716e-01   4.6454175e-01
   2.0755000e+03   3.5260835e-01   4.6444880e-01
   2.0755833e+03   3.5229615e-01   4.6428028e-01
   2.0756667e+03   3.5201159e-01   4.6415989e-01
   2.0757500e+03   3.5182966e-01   4.6421876e-01
   2.0758333e+03   3.5171501e-01   4.6439553e-01
   2.0759167e+03   3.5157949e-01   4.6453630e-01
   2.0760000e+03   3.5139346e-01   4.6458903e-01
   2.0760833e+03   3.5118657e-01   4.6460549e-01
   2.0761667e+03   3.5099903e-01   4.6465613e-01
   2.0762500e+03   3.5086250e-01   4.6479663e-01
   2.0763333e+03   3.5074605e-01   4.6497284e-01
   2.0764167e+03   3.5056278e-01   4.6503187e-01
   2.0765000e+03   3.5028953e-01   4.6493260e-01
   2.0765833e+03   3.4997287e-01   4.6475677e-01
   2.0766667e+03   3.4968387e-01   4.6462969e-01
   2.0767500e+03   3.4949786e-01   4.6468462e-01
   2.0768333e+03   3.4938025e-01   4.6486087e-01
   2.0769167e+03   3.4924346e-01   4.6500368e-01
   2.0770000e+03   3.4905744e-01   4.6505965e-01
   2.0770833e+03   3.4885100e-01   4.6507965e-01
   2.0771667e+03   3.4866350e-01   4.6513354e-01
   2.0772500e+03   3.4852572e-01   4.6527609e-01
   2.0773333e+03   3.4840631e-01   4.6545171e-01
   2.0774167e+03   3.4821899e-01   4.6550680e-01
   2.0775000e+03   3.4794140e-01   4.6540111e-01
   2.0775833e+03   3.4762039e-01   4.6521788e-01
   2.0776667e+03   3.4732707e-01   4.6508403e-01
   2.0777500e+03   3.4713703e-01   4.6513494e-01
   2.0778333e+03   3.4701650e-01   4.6531061e-01
   2.0779167e+03   3.4687846e-01   4.6545541e-01
   2.0780000e+03   3.4669247e-01   4.6551460e-01
   2.0780833e+03   3.4648647e-01   4.6553811e-01
   2.0781667e+03   3.4629903e-01   4.6559523e-01
   2.0782500e+03   3.4616001e-01   4.6573977e-01
   2.0783333e+03   3.4603767e-01   4.6591475e-01
   2.0784167e+03   3.4584639e-01   4.6596581e-01
   2.0785000e+03   3.4556456e-01   4.6585362e-01
   2.0785833e+03   3.4523931e-01   4.6566291e-01
   2.0786667e+03   3.4494176e-01   4.6552219e-01
   2.0787500e+03   3.4474778e-01   4.6556900e-01
   2.0788333e+03   3.4462437e-01   4.6574403e-01
   2.0789167e+03   3.4448510e-01   4.6589077e-01
   2.0790000e+03   3.4429914e-01   4.6595314e-01
   2.0790833e+03   3.4409358e-01   4.6598015e-01
   2.0791667e+03   3.4390619e-01   4.6604046e-01
   2.0792500e+03   3.4376596e-01   4.6618696e-01
   2.0793333e+03   3.4364074e-01   4.6636122e-01
   2.0794167e+03   3.4344556e-01   4.6640817e-01
   2.0795000e+03   3.4315960e-01   4.6628939e-01
   2.0795833e+03   3.4283021e-01   4.6609110e-01
   2.0796667e+03   3.4252855e-01   4.6594344e-01
   2.0797500e+03   3.4233070e-01   4.6598607e-01
   2.0798333e+03   3.4220446e-01   4.6616039e-01
   2.0799167e+03   3.4206397e-01   4.6630904e-01
   2.0800000e+03   3.4187805e-01   4.6637455e-01
   2.0800833e+03   3.4167294e-01   4.6640503e-01
   2.0801667e+03   3.4148562e-01   4.6646851e-01
   2.0802500e+03   3.4134418e-01   4.6661691e-01
   2.0803333e+03   3.4121613e-01   4.6679039e-01
   2.0804167e+03   3.4101713e-01   4.6683316e-01
   2.0805000e+03   3.4072714e-01   4.6670770e-01
   2.0805833e+03   3.4039373e-01   4.6650175e-01
   2.0806667e+03   3.4008806e-01   4.6634705e-01
   2.0807500e+03   3.3988642e-01   4.6638542e-01
   2.0808333e+03   3.3975739e-01   4.6655896e-01
   2.0809167e+03   3.3961571e-01   4.6670946e-01
   2.0810000e+03   3.3942982e-01   4.6677809e-01
   2.0810833e+03   3.3922517e-01   4.6681202e-01
   2.0811667e+03   3.3903792e-01   4.6687863e-01
   2.0812500e+03   3.3889531e-01   4.6702889e-01
   2.0813333e+03   3.3876446e-01   4.6720153e-01
   2.0814167e+03   3.3856173e-01   4.6724003e-01
   2.0815000e+03   3.3826781e-01   4.6710781e-01
   2.0815833e+03   3.3793050e-01   4.6689411e-01
   2.0816667e+03   3.3762092e-01   4.6673228e-01
   2.0817500e+03   3.3741558e-01   4.6676632e-01
   2.0818333e+03   3.3728380e-01   4.6693901e-01
   2.0819167e+03   3.3714094e-01   4.6709132e-01
   2.0820000e+03   3.3695511e-01   4.6716304e-01
   2.0820833e+03   3.3675092e-01   4.6720038e-01
   2.0821667e+03   3.3656374e-01   4.6727009e-01
   2.0822500e+03   3.3641996e-01   4.6742216e-01
   2.0823333e+03   3.3628637e-01   4.6759390e-01
   2.0824167e+03   3.3607998e-01   4.6762804e-01
   2.0825000e+03   3.3578224e-01   4.6748898e-01
   2.0825833e+03   3.3544115e-01   4.6726743e-01
   2.0826667e+03   3.3512777e-01   4.6709840e-01
   2.0827500e+03   3.3491881e-01   4.6712802e-01
   2.0828333e+03   3.3478434e-01   4.6729981e-01
   2.0829167e+03   3.3464032e-01   4.6745388e-01
   2.0830000e+03   3.3445454e-01   4.6752864e-01
   2.0830833e+03   3.3425082e-01   4.6756937e-01
   2.0831667e+03   3.3406372e-01   4.6764215e-01
   2.0832500e+03   3.3391881e-01   4.6779599e-01
   2.0833333e+03   3.3378251e-01   4.6796674e-01
   2.0834167e+03   3.3357256e-01   4.6799646e-01
   2.0835000e+03   3.3327110e-01   4.6785046e-01
   2.0835833e+03   3.3292634e-01   4.6762100e-01
   2.0836667e+03   3.3260928e-01   4.6744467e-01
   2.0837500e+03   3.3239678e-01   4.6746978e-01
   2.0838333e+03   3.3225965e-01   4.6764060e-01
   2.0839167e+03   3.3211450e-01   4.6779638e-01
   2.0840000e+03   3.3192879e-01   4.6787416e-01
   2.0840833e+03   3.3172554e-01   4.6791825e-01
   2.0841667e+03   3.3153854e-01   4.6799406e-01
   2.0842500e+03   3.3139250e-01   4.6814962e-01
   2.0843333e+03   3.3125356e-01   4.6831933e-01
   2.0844167e+03   3.3104011e-01   4.6834454e-01
   2.0845000e+03   3.3073505e-01   4.6819152e-01
   2.0845833e+03   3.3038673e-01   4.6795404e-01
   2.0846667e+03   3.3006611e-01   4.6777034e-01
   2.0847500e+03   3.2985015e-01   4.6779087e-01
   2.0848333e+03   3.2971042e-01   4.6796065e-01
   2.0849167e+03   3.2956415e-01   4.6811809e-01
   2.0850000e+03   3.2937853e-01   4.6819886e-01
   2.0850833e+03   3.2917575e-01   4.6824627e-01
   2.0851667e+03   3.2898886e-01   4.6832508e-01
   2.0852500e+03   3.2884173e-01   4.6848231e-01
   2.0853333e+03   3.2870018e-01   4.6865090e-01
   2.0854167e+03   3.2848333e-01   4.6867152e-01
   2.0855000e+03   3.2817477e-01   4.6851140e-01
   2.0855833e+03   3.2782302e-01   4.6826583e-01
   2.0856667e+03   3.2749894e-01   4.6807467e-01
   2.0857500e+03   3.2727961e-01   4.6809054e-01
   2.0858333e+03   3.2713733e-01   4.6825920e-01
   2.0859167e+03   3.2698997e-01   4.6841826e-01
   2.0860000e+03   3.2680443e-01   4.6850197e-01
   2.0860833e+03   3.2660214e-01   4.6855268e-01
   2.0861667e+03   3.2641536e-01   4.6863446e-01
   2.0862500e+03   3.2626716e-01   4.6879330e-01
   2.0863333e+03   3.2612307e-01   4.6896072e-01
   2.0864167e+03   3.2590289e-01   4.6897667e-01
   2.0865000e+03   3.2559095e-01   4.6880936e-01
   2.0865833e+03   3.2523589e-01   4.6855561e-01
   2.0866667e+03   3.2490847e-01   4.6835690e-01
   2.0867500e+03   3.2468585e-01   4.6836804e-01
   2.0868333e+03   3.2454107e-01   4.6853552e-01
   2.0869167e+03   3.2439265e-01   4.6869614e-01
   2.0870000e+03   3.2420721e-01   4.6878276e-01
   2.0870833e+03   3.2400541e-01   4.6883673e-01
   2.0871667e+03   3.2381876e-01   4.6892144e-01
   2.0872500e+03   3.2366950e-01   4.6908185e-01
   2.0873333e+03   3.2352291e-01   4.6924801e-01
   2.0874167e+03   3.2329951e-01   4.6925921e-01
   2.0875000e+03   3.2298429e-01   4.6908464e-01
   2.0875833e+03   3.2262604e-01   4.6882264e-01
   2.0876667e+03   3.2229539e-01   4.6861630e-01
   2.0877500e+03   3.2206957e-01   4.6862262e-01
   2.0878333e+03   3.2192235e-01   4.6878885e-01
   2.0879167e+03   3.2177288e-01   4.6895098e-01
   2.0880000e+03   3.2158755e-01   4.6904048e-01
   2.0880833e+03   3.2138626e-01   4.6909768e-01
   2.0881667e+03   3.2119974e-01   4.6918527e-01
   2.0882500e+03   3.2104947e-01   4.6934720e-01
   2.0883333e+03   3.2090043e-01   4.6951204e-01
   2.0884167e+03   3.2067388e-01   4.6951841e-01
   2.0885000e+03   3.2035550e-01   4.6933649e-01
   2.0885833e+03   3.1999418e-01   4.6906615e-01
   2.0886667e+03   3.1966042e-01   4.6885210e-01
   2.0887500e+03   3.1943150e-01   4.6885352e-01
   2.0888333e+03   3.1928188e-01   4.6901844e-01
   2.0889167e+03   3.1913139e-01   4.6918203e-01
   2.0890000e+03   3.1894619e-01   4.6927436e-01
   2.0890833e+03   3.1874540e-01   4.6933476e-01
   2.0891667e+03   3.1855904e-01   4.6942520e-01
   2.0892500e+03   3.1840776e-01   4.6958860e-01
   2.0893333e+03   3.1825634e-01   4.6975205e-01
   2.0894167e+03   3.1802673e-01   4.6975351e-01
   2.0895000e+03   3.1770531e-01   4.6956416e-01
   2.0895833e+03   3.1734104e-01   4.6928539e-01
   2.0896667e+03   3.1700428e-01   4.6906356e-01
   2.0897500e+03   3.1677234e-01   4.6906001e-01
   2.0898333e+03   3.1662038e-01   4.6922353e-01
   2.0899167e+03   3.1646891e-01   4.6938853e-01
   2.0900000e+03   3.1628384e-01   4.6948365e-01
   2.0900833e+03   3.1608357e-01   4.6954721e-01
   2.0901667e+03   3.1589737e-01   4.6964048e-01
   2.0902500e+03   3.1574512e-01   4.6980528e-01
   2.0903333e+03   3.1559137e-01   4.6996727e-01
   2.0904167e+03   3.1535880e-01   4.6996374e-01
   2.0905000e+03   3.1503443e-01   4.6976688e-01
   2.0905833e+03   3.1466734e-01   4.6947962e-01
   2.0906667e+03   3.1432771e-01   4.6924992e-01
   2.0907500e+03   3.1409284e-01   4.6924131e-01
   2.0908333e+03   3.1393859e-01   4.6940338e-01
   2.0909167e+03   3.1378616e-01   4.6956973e-01
   2.0910000e+03   3.1360124e-01   4.6966760e-01
   2.0910833e+03   3.1340150e-01   4.6973429e-01
   2.0911667e+03   3.1321547e-01   4.6983033e-01
   2.0912500e+03   3.1306229e-01   4.6999649e-01
   2.0913333e+03   3.1290625e-01   4.7015694e-01
   2.0914167e+03   3.1267080e-01   4.7014835e-01
   2.0915000e+03   3.1234362e-01   4.6994391e-01
   2.0915833e+03   3.1197383e-01   4.6964807e-01
   2.0916667e+03   3.1163144e-01   4.6941043e-01
   2.0917500e+03   3.1139373e-01   4.6939669e-01
   2.0918333e+03   3.1123726e-01   4.6955723e-01
   2.0919167e+03   3.1108389e-01   4.6972487e-01
   2.0920000e+03   3.1089914e-01   4.6982546e-01
   2.0920833e+03   3.1069994e-01   4.6989524e-01
   2.0921667e+03   3.1051410e-01   4.6999401e-01
   2.0922500e+03   3.1036000e-01   4.7016148e-01
   2.0923333e+03   3.1020174e-01   4.7032032e-01
   2.0924167e+03   3.0996351e-01   4.7030659e-01
   2.0925000e+03   3.0963362e-01   4.7009448e-01
   2.0925833e+03   3.0926125e-01   4.6978999e-01
   2.0926667e+03   3.0891622e-01   4.6954434e-01
   2.0927500e+03   3.0867576e-01   4.6952539e-01
   2.0928333e+03   3.0851712e-01   4.6968433e-01
   2.0929167e+03   3.0836286e-01   4.6985321e-01
   2.0930000e+03   3.0817828e-01   4.6995647e-01
   2.0930833e+03   3.0797963e-01   4.7002931e-01
   2.0931667e+03   3.0779399e-01   4.7013077e-01
   2.0932500e+03   3.0763900e-01   4.7029947e-01
   2.0933333e+03   3.0747859e-01   4.7045665e-01
   2.0934167e+03   3.0723766e-01   4.7043769e-01
   2.0935000e+03   3.0690519e-01   4.7021784e-01
   2.0935833e+03   3.0653036e-01   4.6990463e-01
   2.0936667e+03   3.0618281e-01   4.6965088e-01
   2.0937500e+03   3.0593970e-01   4.6962665e-01
   2.0938333e+03   3.0577895e-01   4.6978392e-01
   2.0939167e+03   3.0562381e-01   4.6995398e-01
   2.0940000e+03   3.0543942e-01   4.7005987e-01
   2.0940833e+03   3.0524133e-01   4.7013572e-01
   2.0941667e+03   3.0505592e-01   4.7023983e-01
   2.0942500e+03   3.0490007e-01   4.7040973e-01
   2.0943333e+03   3.0473755e-01   4.7056516e-01
   2.0944167e+03   3.0449403e-01   4.7054090e-01
   2.0945000e+03   3.0415908e-01   4.7031324e-01
   2.0945833e+03   3.0378193e-01   4.6999123e-01
   2.0946667e+03   3.0343197e-01   4.6972932e-01
   2.0947500e+03   3.0318631e-01   4.6969972e-01
   2.0948333e+03   3.0302350e-01   4.6985525e-01
   2.0949167e+03   3.0286752e-01   4.7002644e-01
   2.0950000e+03   3.0268334e-01   4.7013491e-01
   2.0950833e+03   3.0248582e-01   4.7021374e-01
   2.0951667e+03   3.0230064e-01   4.7032046e-01
   2.0952500e+03   3.0214397e-01   4.7049149e-01
   2.0953333e+03   3.0197941e-01   4.7064509e-01
   2.0954167e+03   3.0173338e-01   4.7061546e-01
   2.0955000e+03   3.0139607e-01   4.7037992e-01
   2.0955833e+03   3.0101672e-01   4.7004904e-01
   2.0956667e+03   3.0066448e-01   4.6977889e-01
   2.0957500e+03   3.0041635e-01   4.6974386e-01
   2.0958333e+03   3.0025155e-01   4.6989758e-01
   2.0959167e+03   3.0009475e-01   4.7006983e-01
   2.0960000e+03   2.9991080e-01   4.7018084e-01
   2.0960833e+03   2.9971387e-01   4.7026261e-01
   2.0961667e+03   2.9952893e-01   4.7037189e-01
   2.0962500e+03   2.9937147e-01   4.7054399e-01
   2.0963333e+03   2.9920493e-01   4.7069571e-01
   2.0964167e+03   2.9895648e-01   4.7066063e-01
   2.0965000e+03   2.9861693e-01   4.7041712e-01
   2.0965833e+03   2.9823551e-01   4.7007731e-01
   2.0966667e+03   2.9788110e-01   4.6979885e-01
   2.0967500e+03   2.9763060e-01   4.6975831e-01
   2.0968333e+03   2.9746387e-01   4.6991014e-01
   2.0969167e+03   2.9730629e-01   4.7008340e-01
   2.0970000e+03   2.9712259e-01   4.7019691e-01
   2.0970833e+03   2.9692625e-01   4.7028158e-01
   2.0971667e+03   2.9674158e-01   4.7039337e-01
   2.0972500e+03   2.9658335e-01   4.7056648e-01
   2.0973333e+03   2.9641489e-01   4.7071624e-01
   2.0974167e+03   2.9616413e-01   4.7067563e-01
   2.0975000e+03   2.9582245e-01   4.7042410e-01
   2.0975833e+03   2.9543908e-01   4.7007529e-01
   2.0976667e+03   2.9508263e-01   4.6978846e-01
   2.0977500e+03   2.9482986e-01   4.6974233e-01
   2.0978333e+03   2.9466125e-01   4.6989221e-01
   2.0979167e+03   2.9450293e-01   4.7006642e-01
   2.0980000e+03   2.9431948e-01   4.7018237e-01
   2.0980833e+03   2.9412375e-01   4.7026989e-01
   2.0981667e+03   2.9393936e-01   4.7038415e-01
   2.0982500e+03   2.9378041e-01   4.7055822e-01
   2.0983333e+03   2.9361008e-01   4.7070594e-01
   2.0984167e+03   2.9335710e-01   4.7065974e-01
   2.0985000e+03   2.9301342e-01   4.7040010e-01
   2.0985833e+03   2.9262822e-01   4.7004223e-01
   2.0986667e+03   2.9226985e-01   4.6974696e-01
   2.0987500e+03   2.9201489e-01   4.6969517e-01
   2.0988333e+03   2.9184448e-01   4.6984302e-01
   2.0989167e+03   2.9168544e-01   4.7001812e-01
   2.0990000e+03   2.9150227e-01   4.7013648e-01
   2.0990833e+03   2.9130716e-01   4.7022681e-01
   2.0991667e+03   2.9112308e-01   4.7034349e-01
   2.0992500e+03   2.9096342e-01   4.7051845e-01
   2.0993333e+03   2.9079130e-01   4.7066406e-01
   2.0994167e+03   2.9053619e-01   4.7061219e-01
   2.0995000e+03   2.9019062e-01   4.7034439e-01
   2.0995833e+03   2.8980372e-01   4.6997739e-01
   2.0996667e+03   2.8944355e-01   4.6967362e-01
   2.0997500e+03   2.8918651e-01   4.6961610e-01
   2.0998333e+03   2.8901435e-01   4.6976185e-01
   2.0999167e+03   2.8885463e-01   4.6993777e-01
   2.1000000e+03   2.8867175e-01   4.7005848e-01
   2.1000833e+03   2.8847728e-01   4.7015158e-01
   2.1001667e+03   2.8829351e-01   4.7027063e-01
   2.1002500e+03   2.8813319e-01   4.7044644e-01
   2.1003333e+03   2.8795934e-01   4.7058986e-01
   2.1004167e+03   2.8770220e-01   4.7053225e-01
   2.1005000e+03   2.8735485e-01   4.7025622e-01
   2.1005833e+03   2.8696638e-01   4.6988004e-01
   2.1006667e+03   2.8660452e-01   4.6956770e-01
   2.1007500e+03   2.8634550e-01   4.6950438e-01
   2.1008333e+03   2.8617165e-01   4.6964795e-01
   2.1009167e+03   2.8601128e-01   4.6982464e-01
