   2.0000000e+03   1.0000000e+00   1.0000000e+00   1.0000000e+00
   2.0000833e+03   1.0000000e+00   1.0000000e+00   1.0000000e+00
   2.0001667e+03   1.0000000e+00   1.0000000e+00   1.0000000e+00
   2.0002500e+03   1.0000000e+00   1.0000000e+00   1.0000000e+00
   2.0003333e+03   1.0000000e+00   1.0000000e+00   1.0000000e+00
   2.0004167e+03   1.0000000e+00   1.0000000e+00   1.0000000e+00
   2.0005000e+03   1.0000000e+00   1.0000000e+00   1.0000000e+00
   2.0005833e+03   1.0000000e+00   1.0000000e+00   1.0000000e+00
   2.0006667e+03   1.0000000e+00   1.0000000e+00   1.0000000e+00
   2.0007500e+03   1.0000000e+00   1.0000000e+00   1.0000000e+00
   2.0008333e+03   1.0000000e+00   1.0000000e+00   1.0000000e+00
   2.0009167e+03   1.0000000e+00   1.0000000e+00   1.0000000e+00
   2.0010000e+03   9.9954378e-01   9.9954330e-01   9.9954282e-01
   2.0010833e+03   9.9898247e-01   9.9898109e-01   9.9897971e-01
   2.0011667e+03   9.9850759e-01   9.9850479e-01   9.9850199e-01
   2.0012500e+03   9.9832903e-01   9.9832406e-01   9.9831909e-01
   2.0013333e+03   9.9849790e-01   9.9848981e-01   9.9848172e-01
   2.0014167e+03   9.9881858e-01   9.9880653e-01   9.9879448e-01
   2.0015000e+03   9.9912196e-01   9.9910532e-01   9.9908868e-01
   2.0015833e+03   9.9938637e-01   9.9936455e-01   9.9934273e-01
   2.0016667e+03   9.9967378e-01   9.9964609e-01   9.9961839e-01
   2.0017500e+03   9.9999798e-01   9.9996366e-01   9.9992934e-01
   2.0018333e+03   1.0001830e+00   1.0001418e+00   1.0001005e+00
   2.0019167e+03   1.0000362e+00   9.9998838e-01   9.9994052e-01
   2.0020000e+03   9.9958726e-01   9.9953317e-01   9.9947909e-01
   2.0020833e+03   9.9903347e-01   9.9897303e-01   9.9891259e-01
   2.0021667e+03   9.9856588e-01   9.9849832e-01   9.9843077e-01
   2.0022500e+03   9.9839355e-01   9.9831728e-01   9.9824102e-01
   2.0023333e+03   9.9856626e-01   9.9847933e-01   9.9839241e-01
   2.0024167e+03   9.9888768e-01   9.9878882e-01   9.9868997e-01
   2.0025000e+03   9.9918939e-01   9.9907802e-01   9.9896665e-01
   2.0025833e+03   5.9967060e-01   5.9959598e-01   5.9952137e-01
   2.0026667e+03   5.9984172e-01   5.9975884e-01   5.9967597e-01
   2.0027500e+03   6.0003651e-01   5.9994485e-01   5.9985319e-01
   2.0028333e+03   6.0014973e-01   6.0004933e-01   5.9994894e-01
   2.0029167e+03   6.0006532e-01   5.9995695e-01   5.9984859e-01
   2.0030000e+03   5.9980027e-01   5.9968468e-01   5.9956911e-01
   2.0030833e+03   5.9947248e-01   5.9934979e-01   5.9922712e-01
   2.0031667e+03   5.9919627e-01   5.9906587e-01   5.9893550e-01
   2.0032500e+03   5.9909660e-01   5.9895701e-01   5.9881745e-01
   2.0033333e+03   5.9920251e-01   5.9905195e-01   5.9890143e-01
   2.0034167e+03   5.9939578e-01   5.9923323e-01   5.9907072e-01
   2.0035000e+03   5.9957578e-01   5.9940093e-01   5.9922612e-01
   2.0035833e+03   5.9973102e-01   5.9954365e-01   5.9935635e-01
   2.0036667e+03   5.9990079e-01   5.9970039e-01   5.9950007e-01
   2.0037500e+03   6.0009582e-01   5.9988179e-01   5.9966783e-01
   2.0038333e+03   6.0021122e-01   5.9998382e-01   5.9975650e-01
   2.0039167e+03   6.0013045e-01   5.9989103e-01   5.9965170e-01
   2.0040000e+03   5.9986970e-01   5.9961957e-01   5.9936954e-01
   2.0040833e+03   5.9954637e-01   5.9928584e-01   5.9902541e-01
   2.0041667e+03   5.9927450e-01   5.9900279e-01   5.9873120e-01
   2.0042500e+03   5.9917852e-01   5.9889362e-01   5.9860885e-01
   2.0043333e+03   5.9928670e-01   5.9898621e-01   5.9868586e-01
   2.0044167e+03   5.9948036e-01   5.9916300e-01   5.9884580e-01
   2.0045000e+03   5.9965929e-01   5.9932480e-01   5.9899050e-01
   2.0045833e+03   5.9981278e-01   5.9946103e-01   5.9910948e-01
   2.0046667e+03   5.9998116e-01   5.9961158e-01   5.9924222e-01
   2.0047500e+03   6.0017641e-01   5.9978829e-01   5.9940041e-01
   2.0048333e+03   6.0029397e-01   5.9988780e-01   5.9948190e-01
   2.0049167e+03   6.0021681e-01   5.9979454e-01   5.9937256e-01
   2.0050000e+03   5.9996035e-01   5.9952384e-01   5.9908765e-01
   2.0050833e+03   5.9964147e-01   5.9919123e-01   5.9874133e-01
   2.0051667e+03   5.9937390e-01   5.9890901e-01   5.9844447e-01
   2.0052500e+03   5.9928160e-01   5.9879948e-01   5.9831774e-01
   2.0053333e+03   5.9939202e-01   5.9888963e-01   5.9838766e-01
   2.0054167e+03   5.9958605e-01   5.9906187e-01   5.9853814e-01
   2.0055000e+03   5.9976389e-01   5.9921772e-01   5.9867203e-01
   2.0055833e+03   5.9991558e-01   5.9934738e-01   5.9877970e-01
   2.0056667e+03   6.0008254e-01   5.9949167e-01   5.9890138e-01
   2.0057500e+03   6.0027798e-01   5.9966362e-01   5.9904988e-01
   2.0058333e+03   6.0039768e-01   5.9976055e-01   5.9912408e-01
   2.0059167e+03   6.0032411e-01   5.9966676e-01   5.9901012e-01
   2.0060000e+03   6.0007191e-01   5.9939678e-01   5.9872240e-01
   2.0060833e+03   5.9975745e-01   5.9906525e-01   5.9837382e-01
   2.0061667e+03   5.9949418e-01   5.9878380e-01   5.9807425e-01
   2.0062500e+03   5.9940554e-01   5.9867386e-01   5.9794306e-01
   2.0063333e+03   5.9951818e-01   5.9876152e-01   5.9800579e-01
   2.0064167e+03   5.9971255e-01   5.9892912e-01   5.9814670e-01
   2.0065000e+03   5.9988926e-01   5.9907895e-01   5.9826971e-01
   2.0065833e+03   6.0003912e-01   5.9920198e-01   5.9836598e-01
   2.0066667e+03   6.0020462e-01   5.9933996e-01   5.9847651e-01
   2.0067500e+03   6.0040023e-01   5.9950708e-01   5.9861524e-01
   2.0068333e+03   6.0052205e-01   5.9960134e-01   5.9868203e-01
   2.0069167e+03   6.0045206e-01   5.9950697e-01   5.9856335e-01
   2.0070000e+03   6.0020410e-01   5.9923767e-01   5.9827276e-01
   2.0070833e+03   5.9989404e-01   5.9890717e-01   5.9792189e-01
   2.0071667e+03   5.9963503e-01   5.9862646e-01   5.9761955e-01
   2.0072500e+03   5.9955003e-01   5.9851604e-01   5.9748381e-01
   2.0073333e+03   5.9966488e-01   5.9860113e-01   5.9753924e-01
   2.0074167e+03   5.9985956e-01   5.9876404e-01   5.9767048e-01
   2.0075000e+03   6.0003511e-01   5.9890778e-01   5.9778252e-01
   2.0075833e+03   6.0018311e-01   5.9902412e-01   5.9786733e-01
   2.0076667e+03   6.0034712e-01   5.9915571e-01   5.9796663e-01
   2.0077500e+03   6.0054286e-01   5.9931794e-01   5.9809548e-01
   2.0078333e+03   6.0066677e-01   5.9940948e-01   5.9815477e-01
   2.0079167e+03   6.0060034e-01   5.9931446e-01   5.9803130e-01
   2.0080000e+03   6.0035661e-01   5.9904579e-01   5.9773778e-01
   2.0080833e+03   6.0005094e-01   5.9871628e-01   5.9738456e-01
   2.0081667e+03   5.9979617e-01   5.9843627e-01   5.9707939e-01
   2.0082500e+03   5.9971479e-01   5.9832532e-01   5.9693902e-01
   2.0083333e+03   5.9983182e-01   5.9840777e-01   5.9698706e-01
   2.0084167e+03   6.0002679e-01   5.9856591e-01   5.9710853e-01
   2.0085000e+03   6.0020114e-01   5.9870349e-01   5.9720953e-01
   2.0085833e+03   6.0034725e-01   5.9881309e-01   5.9728280e-01
   2.0086667e+03   6.0050973e-01   5.9893824e-01   5.9737081e-01
   2.0087500e+03   6.0070558e-01   5.9909551e-01   5.9748969e-01
   2.0088333e+03   6.0083156e-01   5.9918424e-01   5.9754137e-01
   2.0089167e+03   6.0076867e-01   5.9908853e-01   5.9741302e-01
   2.0090000e+03   6.0052914e-01   5.9882043e-01   5.9711652e-01
   2.0090833e+03   6.0022783e-01   5.9849189e-01   5.9676090e-01
   2.0091667e+03   5.9997730e-01   5.9821252e-01   5.9645285e-01
   2.0092500e+03   5.9989952e-01   5.9810098e-01   5.9630777e-01
   2.0093333e+03   6.0001870e-01   5.9818073e-01   5.9634831e-01
   2.0094167e+03   6.0021393e-01   5.9833403e-01   5.9645993e-01
   2.0095000e+03   6.0038706e-01   5.9846540e-01   5.9654981e-01
   2.0095833e+03   6.0053123e-01   5.9856819e-01   5.9661149e-01
   2.0096667e+03   6.0069214e-01   5.9868684e-01   5.9668814e-01
   2.0097500e+03   6.0088808e-01   5.9883907e-01   5.9679696e-01
   2.0098333e+03   6.0101612e-01   5.9892494e-01   5.9684094e-01
   2.0099167e+03   6.0095674e-01   5.9882846e-01   5.9670764e-01
   2.0100000e+03   6.0072140e-01   5.9856091e-01   5.9640809e-01
   2.0100833e+03   6.0042443e-01   5.9823328e-01   5.9605003e-01
   2.0101667e+03   6.0017811e-01   5.9795451e-01   5.9573905e-01
   2.0102500e+03   6.0010392e-01   5.9784234e-01   5.9558918e-01
   2.0103333e+03   6.0022524e-01   5.9791931e-01   5.9562213e-01
   2.0104167e+03   6.0042070e-01   5.9806770e-01   5.9572381e-01
   2.0105000e+03   6.0059257e-01   5.9819280e-01   5.9580250e-01
   2.0105833e+03   6.0073476e-01   5.9828873e-01   5.9585254e-01
   2.0106667e+03   6.0089408e-01   5.9840081e-01   5.9591777e-01
   2.0107500e+03   6.0109006e-01   5.9854794e-01   5.9601645e-01
   2.0108333e+03   6.0122013e-01   5.9863087e-01   5.9605264e-01
   2.0109167e+03   6.0116425e-01   5.9853359e-01   5.9591430e-01
   2.0110000e+03   6.0093308e-01   5.9826652e-01   5.9561166e-01
   2.0110833e+03   6.0064044e-01   5.9793977e-01   5.9525111e-01
   2.0111667e+03   6.0039831e-01   5.9766156e-01   5.9493715e-01
   2.0112500e+03   6.0032769e-01   5.9754869e-01   5.9478241e-01
   2.0113333e+03   6.0045112e-01   5.9762282e-01   5.9480769e-01
   2.0114167e+03   6.0064679e-01   5.9776623e-01   5.9489935e-01
   2.0115000e+03   6.0081736e-01   5.9788499e-01   5.9496679e-01
   2.0115833e+03   3.0047877e-01   2.9898700e-01   2.9750257e-01
   2.0116667e+03   3.0055761e-01   2.9903974e-01   2.9752945e-01
   2.0117500e+03   3.0065562e-01   2.9911072e-01   2.9757368e-01
   2.0118333e+03   3.0072166e-01   2.9915068e-01   2.9758783e-01
   2.0119167e+03   3.0069546e-01   2.9910160e-01   2.9751611e-01
   2.0120000e+03   3.0058195e-01   2.9896830e-01   2.9736322e-01
   2.0120833e+03   3.0043778e-01   2.9880534e-01   2.9718168e-01
   2.0121667e+03   3.0031881e-01   2.9866649e-01   2.9702318e-01
   2.0122500e+03   3.0028526e-01   2.9860968e-01   2.9694335e-01
   2.0123333e+03   3.0034803e-01   2.9864529e-01   2.9695210e-01
   2.0124167e+03   3.0044595e-01   2.9871448e-01   2.9699288e-01
   2.0125000e+03   3.0053057e-01   2.9877066e-01   2.9702095e-01
   2.0125833e+03   3.0059964e-01   2.9881168e-01   2.9703426e-01
   2.0126667e+03   3.0067764e-01   2.9886108e-01   2.9705538e-01
   2.0127500e+03   3.0077565e-01   2.9892944e-01   2.9709446e-01
   2.0128333e+03   3.0084268e-01   2.9896787e-01   2.9710463e-01
   2.0129167e+03   3.0081821e-01   2.9891833e-01   2.9703033e-01
   2.0130000e+03   3.0070677e-01   2.9878522e-01   2.9687583e-01
   2.0130833e+03   3.0056475e-01   2.9862266e-01   2.9669301e-01
   2.0131667e+03   3.0044785e-01   2.9848405e-01   2.9653297e-01
   2.0132500e+03   3.0041608e-01   2.9842683e-01   2.9645064e-01
   2.0133333e+03   3.0047988e-01   2.9846095e-01   2.9645547e-01
   2.0134167e+03   3.0057787e-01   2.9852759e-01   2.9649116e-01
   2.0135000e+03   3.0066181e-01   2.9858055e-01   2.9651356e-01
   2.0135833e+03   3.0072983e-01   2.9861806e-01   2.9652098e-01
   2.0136667e+03   3.0080699e-01   2.9866409e-01   2.9653632e-01
   2.0137500e+03   3.0090497e-01   2.9872981e-01   2.9657023e-01
   2.0138333e+03   3.0097299e-01   2.9876667e-01   2.9657638e-01
   2.0139167e+03   3.0095024e-01   2.9871663e-01   2.9649945e-01
   2.0140000e+03   3.0084086e-01   2.9858370e-01   2.9634333e-01
   2.0140833e+03   3.0070097e-01   2.9842152e-01   2.9615920e-01
   2.0141667e+03   3.0058615e-01   2.9828313e-01   2.9599760e-01
   2.0142500e+03   3.0055613e-01   2.9822547e-01   2.9591274e-01
   2.0143333e+03   3.0062096e-01   2.9825807e-01   2.9591361e-01
   2.0144167e+03   3.0071901e-01   2.9832212e-01   2.9594418e-01
   2.0145000e+03   3.0080225e-01   2.9837183e-01   2.9596088e-01
   2.0145833e+03   3.0086921e-01   2.9840581e-01   2.9596241e-01
   2.0146667e+03   3.0094549e-01   2.9844844e-01   2.9597195e-01
   2.0147500e+03   3.0104344e-01   2.9851148e-01   2.9600065e-01
   2.0148333e+03   3.0111243e-01   2.9854674e-01   2.9600274e-01
   2.0149167e+03   3.0109140e-01   2.9849618e-01   2.9592315e-01
   2.0150000e+03   3.0098407e-01   2.9836341e-01   2.9576539e-01
   2.0150833e+03   3.0084631e-01   2.9820159e-01   2.9557994e-01
   2.0151667e+03   3.0073354e-01   2.9806339e-01   2.9541675e-01
   2.0152500e+03   3.0070527e-01   2.9800527e-01   2.9532933e-01
   2.0153333e+03   3.0077112e-01   2.9803632e-01   2.9532620e-01
   2.0154167e+03   3.0086922e-01   2.9809776e-01   2.9535163e-01
   2.0155000e+03   3.0095174e-01   2.9814418e-01   2.9536261e-01
   2.0155833e+03   3.0101761e-01   2.9817460e-01   2.9535823e-01
   2.0156667e+03   3.0109300e-01   2.9821382e-01   2.9536196e-01
   2.0157500e+03   3.0119091e-01   2.9827415e-01   2.9538542e-01
   2.0158333e+03   3.0126086e-01   2.9830777e-01   2.9538341e-01
   2.0159167e+03   3.0124153e-01   2.9825666e-01   2.9530115e-01
   2.0160000e+03   3.0113624e-01   2.9812403e-01   2.9514172e-01
   2.0160833e+03   3.0100060e-01   2.9796255e-01   2.9495493e-01
   2.0161667e+03   3.0088989e-01   2.9782451e-01   2.9479014e-01
   2.0162500e+03   3.0086336e-01   2.9776591e-01   2.9470012e-01
   2.0163333e+03   3.0093021e-01   2.9779537e-01   2.9469296e-01
   2.0164167e+03   3.0102834e-01   2.9785416e-01   2.9471321e-01
   2.0165000e+03   3.0111012e-01   2.9789728e-01   2.9471847e-01
   2.0165833e+03   3.0117489e-01   2.9792411e-01   2.9470817e-01
   2.0166667e+03   3.0124937e-01   2.9795989e-01   2.9470607e-01
   2.0167500e+03   3.0134722e-01   2.9801748e-01   2.9472428e-01
   2.0168333e+03   3.0141812e-01   2.9804944e-01   2.9471814e-01
   2.0169167e+03   3.0140049e-01   2.9799775e-01   2.9463316e-01
   2.0170000e+03   3.0129723e-01   2.9786523e-01   2.9447205e-01
   2.0170833e+03   3.0116370e-01   2.9770407e-01   2.9428390e-01
   2.0171667e+03   3.0105504e-01   2.9756619e-01   2.9411749e-01
   2.0172500e+03   3.0103024e-01   2.9750707e-01   2.9402485e-01
   2.0173333e+03   3.0109808e-01   2.9753491e-01   2.9401362e-01
   2.0174167e+03   3.0119623e-01   2.9759102e-01   2.9402867e-01
   2.0175000e+03   3.0127726e-01   2.9763081e-01   2.9402819e-01
   2.0175833e+03   3.0134090e-01   2.9765404e-01   2.9401197e-01
   2.0176667e+03   3.0141446e-01   2.9768635e-01   2.9400405e-01
   2.0177500e+03   3.0151223e-01   2.9774117e-01   2.9401696e-01
   2.0178333e+03   3.0158407e-01   2.9777143e-01   2.9400667e-01
   2.0179167e+03   3.0156813e-01   2.9771914e-01   2.9391895e-01
   2.0180000e+03   3.0146689e-01   2.9758671e-01   2.9375614e-01
   2.0180833e+03   3.0133547e-01   2.9742585e-01   2.9356662e-01
   2.0181667e+03   3.0122884e-01   2.9728809e-01   2.9339856e-01
   2.0182500e+03   3.0120576e-01   2.9722843e-01   2.9330328e-01
   2.0183333e+03   3.0127459e-01   2.9725462e-01   2.9328795e-01
   2.0184167e+03   3.0137274e-01   2.9730803e-01   2.9329778e-01
   2.0185000e+03   3.0145300e-01   2.9734446e-01   2.9329156e-01
   2.0185833e+03   3.0151550e-01   2.9736406e-01   2.9326942e-01
   2.0186667e+03   3.0158810e-01   2.9739288e-01   2.9325566e-01
   2.0187500e+03   3.0168578e-01   2.9744491e-01   2.9326327e-01
   2.0188333e+03   3.0175855e-01   2.9747344e-01   2.9324879e-01
   2.0189167e+03   3.0174429e-01   2.9742051e-01   2.9315830e-01
   2.0190000e+03   3.0164507e-01   2.9728815e-01   2.9299377e-01
   2.0190833e+03   3.0151574e-01   2.9712757e-01   2.9280287e-01
   2.0191667e+03   3.0141115e-01   2.9698992e-01   2.9263315e-01
   2.0192500e+03   3.0138978e-01   2.9692969e-01   2.9253520e-01
   2.0193333e+03   3.0145959e-01   2.9695421e-01   2.9251575e-01
   2.0194167e+03   3.0155772e-01   2.9700487e-01   2.9252035e-01
   2.0195000e+03   3.0163719e-01   2.9703792e-01   2.9250836e-01
   2.0195833e+03   3.0169852e-01   2.9705388e-01   2.9248031e-01
   2.0196667e+03   3.0177015e-01   2.9707919e-01   2.9246071e-01
   2.0197500e+03   3.0186773e-01   2.9712839e-01   2.9246301e-01
   2.0198333e+03   3.0194142e-01   2.9715516e-01   2.9244432e-01
   2.0199167e+03   3.0192882e-01   2.9710157e-01   2.9235104e-01
   2.0200000e+03   3.0183162e-01   2.9696926e-01   2.9218477e-01
   2.0200833e+03   3.0170438e-01   2.9680894e-01   2.9199247e-01
   2.0201667e+03   3.0160181e-01   2.9667138e-01   2.9182108e-01
   2.0202500e+03   3.0158214e-01   2.9661055e-01   2.9172044e-01
   2.0203333e+03   3.0165291e-01   2.9663335e-01   2.9169684e-01
   2.0204167e+03   3.0175102e-01   2.9668126e-01   2.9169618e-01
   2.0205000e+03   3.0182967e-01   2.9671090e-01   2.9167845e-01
   2.0205833e+03   3.0188982e-01   2.9672319e-01   2.9164448e-01
   2.0206667e+03   3.0196047e-01   2.9674497e-01   2.9161905e-01
   2.0207500e+03   3.0205792e-01   2.9679132e-01   2.9161602e-01
   2.0208333e+03   3.0213252e-01   2.9681629e-01   2.9159309e-01
   2.0209167e+03   3.0212158e-01   2.9676202e-01   2.9149700e-01
   2.0210000e+03   3.0202638e-01   2.9662974e-01   2.9132899e-01
   2.0210833e+03   3.0190122e-01   2.9646966e-01   2.9113528e-01
   2.0211667e+03   3.0180067e-01   2.9633217e-01   2.9096221e-01
   2.0212500e+03   3.0178270e-01   2.9627071e-01   2.9085885e-01
   2.0213333e+03   3.0185442e-01   2.9629177e-01   2.9083108e-01
   2.0214167e+03   3.0195249e-01   2.9633689e-01   2.9082515e-01
   2.0215000e+03   3.0203031e-01   2.9636311e-01   2.9080167e-01
   2.0215833e+03   1.5104462e-01   1.4818586e-01   1.4538090e-01
   2.0216667e+03   1.5107944e-01   1.4819497e-01   1.4536527e-01
   2.0217500e+03   1.5112810e-01   1.4821670e-01   1.4536109e-01
   2.0218333e+03   1.5116585e-01   1.4822828e-01   1.4534749e-01
   2.0219167e+03   1.5116121e-01   1.4820079e-01   1.4529803e-01
   2.0220000e+03   1.5111460e-01   1.4813465e-01   1.4521314e-01
   2.0220833e+03   1.5105306e-01   1.4805472e-01   1.4511558e-01
   2.0221667e+03   1.5100379e-01   1.4798600e-01   1.4502820e-01
   2.0222500e+03   1.5099565e-01   1.4795495e-01   1.4497515e-01
   2.0223333e+03   1.5103198e-01   1.4796459e-01   1.4495917e-01
   2.0224167e+03   1.5108099e-01   1.4798574e-01   1.4495357e-01
   2.0225000e+03   1.5111947e-01   1.4799712e-01   1.4493896e-01
   2.0225833e+03   1.5114833e-01   1.4799958e-01   1.4491608e-01
   2.0226667e+03   1.5118263e-01   1.4800690e-01   1.4489755e-01
   2.0227500e+03   1.5123121e-01   1.4802718e-01   1.4489069e-01
   2.0228333e+03   1.5126940e-01   1.4803784e-01   1.4487496e-01
   2.0229167e+03   1.5126558e-01   1.4800997e-01   1.4482407e-01
   2.0230000e+03   1.5121998e-01   1.4794383e-01   1.4473830e-01
   2.0230833e+03   1.5115947e-01   1.4786400e-01   1.4464002e-01
   2.0231667e+03   1.5111119e-01   1.4779529e-01   1.4455178e-01
   2.0232500e+03   1.5110390e-01   1.4776390e-01   1.4449736e-01
   2.0233333e+03   1.5114069e-01   1.4777265e-01   1.4447928e-01
   2.0234167e+03   1.5118966e-01   1.4779237e-01   1.4447104e-01
   2.0235000e+03   1.5122771e-01   1.4780202e-01   1.4445356e-01
   2.0235833e+03   1.5125594e-01   1.4780262e-01   1.4442775e-01
   2.0236667e+03   1.5128972e-01   1.4780815e-01   1.4440631e-01
   2.0237500e+03   1.5133821e-01   1.4782696e-01   1.4439678e-01
   2.0238333e+03   1.5137684e-01   1.4783668e-01   1.4437890e-01
   2.0239167e+03   1.5137384e-01   1.4780843e-01   1.4432659e-01
   2.0240000e+03   1.5132923e-01   1.4774227e-01   1.4423992e-01
   2.0240833e+03   1.5126975e-01   1.4766254e-01   1.4414093e-01
   2.0241667e+03   1.5122247e-01   1.4759382e-01   1.4405183e-01
   2.0242500e+03   1.5121601e-01   1.4756208e-01   1.4399603e-01
   2.0243333e+03   1.5125327e-01   1.4756991e-01   1.4397583e-01
   2.0244167e+03   1.5130219e-01   1.4758820e-01   1.4396496e-01
   2.0245000e+03   1.5133980e-01   1.4759612e-01   1.4394461e-01
   2.0245833e+03   1.5136739e-01   1.4759484e-01   1.4391588e-01
   2.0246667e+03   1.5140063e-01   1.4759857e-01   1.4389155e-01
   2.0247500e+03   1.5144903e-01   1.4761591e-01   1.4387934e-01
   2.0248333e+03   1.5148809e-01   1.4762467e-01   1.4385931e-01
   2.0249167e+03   1.5148591e-01   1.4759602e-01   1.4380556e-01
   2.0250000e+03   1.5144228e-01   1.4752983e-01   1.4371800e-01
   2.0250833e+03   1.5138386e-01   1.4745021e-01   1.4361831e-01
   2.0251667e+03   1.5133764e-01   1.4738155e-01   1.4352840e-01
   2.0252500e+03   1.5133208e-01   1.4734951e-01   1.4347127e-01
   2.0253333e+03   1.5136985e-01   1.4735646e-01   1.4344900e-01
   2.0254167e+03   1.5141870e-01   1.4737329e-01   1.4343547e-01
   2.0255000e+03   1.5145577e-01   1.4737937e-01   1.4341219e-01
   2.0255833e+03   1.5148257e-01   1.4737609e-01   1.4338043e-01
   2.0256667e+03   1.5151513e-01   1.4737789e-01   1.4335310e-01
   2.0257500e+03   1.5156340e-01   1.4739369e-01   1.4333819e-01
   2.0258333e+03   1.5160300e-01   1.4740158e-01   1.4331609e-01
   2.0259167e+03   1.5160189e-01   1.4737276e-01   1.4326109e-01
   2.0260000e+03   1.5155960e-01   1.4730685e-01   1.4317291e-01
   2.0260833e+03   1.5150258e-01   1.4722764e-01   1.4307279e-01
   2.0261667e+03   1.5145772e-01   1.4715927e-01   1.4298229e-01
   2.0262500e+03   1.5145328e-01   1.4712712e-01   1.4292399e-01
   2.0263333e+03   1.5149164e-01   1.4713324e-01   1.4289969e-01
   2.0264167e+03   1.5154039e-01   1.4714856e-01   1.4288346e-01
   2.0265000e+03   1.5157681e-01   1.4715271e-01   1.4285718e-01
   2.0265833e+03   1.5160271e-01   1.4714732e-01   1.4282230e-01
   2.0266667e+03   1.5163451e-01   1.4714709e-01   1.4279190e-01
   2.0267500e+03   1.5168260e-01   1.4716133e-01   1.4277424e-01
   2.0268333e+03   1.5172276e-01   1.4716834e-01   1.4275005e-01
   2.0269167e+03   1.5172274e-01   1.4713933e-01   1.4269380e-01
   2.0270000e+03   1.5168179e-01   1.4707368e-01   1.4260496e-01
   2.0270833e+03   1.5162617e-01   1.4699485e-01   1.4250439e-01
   2.0271667e+03   1.5158265e-01   1.4692676e-01   1.4241327e-01
   2.0272500e+03   1.5157933e-01   1.4689445e-01   1.4235375e-01
   2.0273333e+03   1.5161827e-01   1.4689971e-01   1.4232739e-01
   2.0274167e+03   1.5166691e-01   1.4691350e-01   1.4230845e-01
   2.0275000e+03   1.5170267e-01   1.4691569e-01   1.4227913e-01
   2.0275833e+03   1.5172764e-01   1.4690816e-01   1.4224113e-01
   2.0276667e+03   1.5175865e-01   1.4690588e-01   1.4220766e-01
   2.0277500e+03   1.5180656e-01   1.4691852e-01   1.4218723e-01
   2.0278333e+03   1.5184726e-01   1.4692462e-01   1.4216092e-01
   2.0279167e+03   1.5184832e-01   1.4689540e-01   1.4210337e-01
   2.0280000e+03   1.5180870e-01   1.4682997e-01   1.4201385e-01
   2.0280833e+03   1.5175447e-01   1.4675150e-01   1.4191279e-01
   2.0281667e+03   1.5171229e-01   1.4668365e-01   1.4182102e-01
   2.0282500e+03   1.5171008e-01   1.4665116e-01   1.4176026e-01
   2.0283333e+03   1.5174959e-01   1.4665554e-01   1.4173180e-01
   2.0284167e+03   1.5179810e-01   1.4666776e-01   1.4171012e-01
   2.0285000e+03   1.5183318e-01   1.4666796e-01   1.4167776e-01
   2.0285833e+03   1.5185720e-01   1.4665827e-01   1.4163662e-01
   2.0286667e+03   1.5188740e-01   1.4665393e-01   1.4160006e-01
   2.0287500e+03   1.5193512e-01   1.4666494e-01   1.4157684e-01
   2.0288333e+03   1.5197635e-01   1.4667010e-01   1.4154838e-01
   2.0289167e+03   1.5197848e-01   1.4664062e-01   1.4148950e-01
   2.0290000e+03   1.5194019e-01   1.4657539e-01   1.4139927e-01
   2.0290833e+03   1.5188734e-01   1.4649725e-01   1.4129770e-01
   2.0291667e+03   1.5184650e-01   1.4642963e-01   1.4120525e-01
   2.0292500e+03   1.5184539e-01   1.4639693e-01   1.4114321e-01
   2.0293333e+03   1.5188546e-01   1.4640039e-01   1.4111263e-01
   2.0294167e+03   1.5193382e-01   1.4641101e-01   1.4108818e-01
   2.0295000e+03   1.5196820e-01   1.4640920e-01   1.4105278e-01
   2.0295833e+03   7.5995628e-02   7.3198667e-02   7.0504251e-02
   2.0296667e+03   7.6010313e-02   7.3195446e-02   7.0484423e-02
   2.0297500e+03   7.6034063e-02   7.3200124e-02   7.0471409e-02
   2.0298333e+03   7.6054937e-02   7.3202214e-02   7.0456085e-02
   2.0299167e+03   7.6056538e-02   7.3187340e-02   7.0425970e-02
   2.0300000e+03   7.6038050e-02   7.3154810e-02   7.0380483e-02
   2.0300833e+03   7.6012323e-02   7.3115901e-02   7.0329430e-02
   2.0301667e+03   7.5992578e-02   7.3082197e-02   7.0282860e-02
   2.0302500e+03   7.5992583e-02   7.3065740e-02   7.0251201e-02
   2.0303333e+03   7.6012906e-02   7.3067002e-02   7.0234842e-02
   2.0304167e+03   7.6037002e-02   7.3071500e-02   7.0221225e-02
   2.0305000e+03   7.6053805e-02   7.3069562e-02   7.0201981e-02
   2.0305833e+03   7.6064806e-02   7.3062497e-02   7.0178251e-02
   2.0306667e+03   7.6079034e-02   7.3058191e-02   7.0156853e-02
   2.0307500e+03   7.6102656e-02   7.3062019e-02   7.0142422e-02
   2.0308333e+03   7.6123806e-02   7.3063627e-02   7.0126016e-02
   2.0309167e+03   7.6125990e-02   7.3048651e-02   7.0095255e-02
   2.0310000e+03   7.6108235e-02   7.3016264e-02   7.0049448e-02
   2.0310833e+03   7.6083274e-02   7.2977570e-02   6.9998179e-02
   2.0311667e+03   7.6064267e-02   7.2944021e-02   6.9951308e-02
   2.0312500e+03   7.6064875e-02   7.2927488e-02   6.9919038e-02
   2.0313333e+03   7.6085495e-02   7.2928290e-02   6.9901624e-02
   2.0314167e+03   7.6109488e-02   7.2931959e-02   6.9886613e-02
   2.0315000e+03   7.6125876e-02   7.2928962e-02   6.9865822e-02
   2.0315833e+03   7.6136312e-02   7.2920743e-02   6.9840496e-02
   2.0316667e+03   7.6150053e-02   7.2915333e-02   6.9817529e-02
   2.0317500e+03   7.6173533e-02   7.2918302e-02   6.9801686e-02
   2.0318333e+03   7.6194957e-02   7.2919424e-02   6.9784203e-02
   2.0319167e+03   7.6197724e-02   7.2904340e-02   6.9752798e-02
   2.0320000e+03   7.6180697e-02   7.2872088e-02   6.9706670e-02
   2.0320833e+03   7.6156499e-02   7.2833602e-02   6.9655183e-02
   2.0321667e+03   7.6138226e-02   7.2800202e-02   6.9608009e-02
   2.0322500e+03   7.6139432e-02   7.2783583e-02   6.9575126e-02
   2.0323333e+03   7.6160342e-02   7.2783917e-02   6.9556658e-02
   2.0324167e+03   7.6184223e-02   7.2786749e-02   6.9540262e-02
   2.0325000e+03   7.6200182e-02   7.2782690e-02   6.9517937e-02
   2.0325833e+03   7.6210040e-02   7.2773314e-02   6.9491034e-02
   2.0326667e+03   7.6223281e-02   7.2766796e-02   6.9466512e-02
   2.0327500e+03   7.6246609e-02   7.2768899e-02   6.9449266e-02
   2.0328333e+03   7.6268298e-02   7.2769526e-02   6.9430709e-02
   2.0329167e+03   7.6271643e-02   7.2754327e-02   6.9398660e-02
   2.0330000e+03   7.6255341e-02   7.2722203e-02   6.9352208e-02
   2.0330833e+03   7.6231903e-02   7.2683917e-02   6.9300501e-02
   2.0331667e+03   7.6214360e-02   7.2650656e-02   6.9253024e-02
   2.0332500e+03   7.6216159e-02   7.2633944e-02   6.9219527e-02
   2.0333333e+03   7.6237352e-02   7.2633801e-02   6.9200007e-02
   2.0334167e+03   7.6261109e-02   7.2635791e-02   6.9182236e-02
   2.0335000e+03   7.6276629e-02   7.2630665e-02   6.9158392e-02
   2.0335833e+03   7.6285894e-02   7.2620129e-02   6.9129928e-02
   2.0336667e+03   7.6298623e-02   7.2612501e-02   6.9103869e-02
   2.0337500e+03   7.6321788e-02   7.2613731e-02   6.9085230e-02
   2.0338333e+03   7.6343734e-02   7.2613856e-02   6.9065602e-02
   2.0339167e+03   7.6347653e-02   7.2598533e-02   6.9032909e-02
   2.0340000e+03   7.6332071e-02   7.2566528e-02   6.8986132e-02
   2.0340833e+03   7.6309390e-02   7.2528436e-02   6.8934204e-02
   2.0341667e+03   7.6292574e-02   7.2495307e-02   6.8886422e-02
   2.0342500e+03   7.6294960e-02   7.2478493e-02   6.8852311e-02
   2.0343333e+03   7.6316428e-02   7.2477864e-02   6.8831744e-02
   2.0344167e+03   7.6340052e-02   7.2479006e-02   6.8812606e-02
   2.0345000e+03   7.6355118e-02   7.2472810e-02   6.8787260e-02
   2.0345833e+03   7.6363777e-02   7.2461113e-02   6.8757255e-02
   2.0346667e+03   7.6375981e-02   7.2452371e-02   6.8729676e-02
   2.0347500e+03   7.6398972e-02   7.2452724e-02   6.8709656e-02
   2.0348333e+03   7.6421169e-02   7.2452338e-02   6.8688961e-02
   2.0349167e+03   7.6425655e-02   7.2436882e-02   6.8655623e-02
   2.0350000e+03   7.6410790e-02   7.2404990e-02   6.8608522e-02
   2.0350833e+03   7.6388862e-02   7.2367083e-02   6.8556372e-02
   2.0351667e+03   7.6372769e-02   7.2334079e-02   6.8508284e-02
   2.0352500e+03   7.6375739e-02   7.2317154e-02   6.8473560e-02
   2.0353333e+03   7.6397474e-02   7.2316033e-02   6.8451950e-02
   2.0354167e+03   7.6420954e-02   7.2316321e-02   6.8431457e-02
   2.0355000e+03   7.6435554e-02   7.2309051e-02   6.8404625e-02
   2.0355833e+03   7.6443593e-02   7.2296191e-02   6.8373099e-02
   2.0356667e+03   7.6455258e-02   7.2286332e-02   6.8344019e-02
   2.0357500e+03   7.6478065e-02   7.2285802e-02   6.8322629e-02
   2.0358333e+03   7.6500504e-02   7.2284898e-02   6.8300874e-02
   2.0359167e+03   7.6505553e-02   7.2269302e-02   6.8266892e-02
   2.0360000e+03   7.6491401e-02   7.2237514e-02   6.8219465e-02
   2.0360833e+03   7.6470222e-02   7.2199785e-02   6.8167094e-02
   2.0361667e+03   7.6454849e-02   7.2166900e-02   6.8118700e-02
   2.0362500e+03   7.6458396e-02   7.2149856e-02   6.8083364e-02
   2.0363333e+03   7.6480392e-02   7.2148233e-02   6.8060716e-02
   2.0364167e+03   7.6503717e-02   7.2147662e-02   6.8038881e-02
   2.0365000e+03   7.6517838e-02   7.2139316e-02   6.8010582e-02
   2.0365833e+03   3.8262622e-02   3.6062646e-02   3.3988778e-02
   2.0366667e+03   3.8268178e-02   3.6057157e-02   3.3973497e-02
   2.0367500e+03   3.8279484e-02   3.6056449e-02   3.3962124e-02
   2.0368333e+03   3.8290821e-02   3.6055734e-02   3.3950719e-02
   2.0369167e+03   3.8293624e-02   3.6047861e-02   3.3933407e-02
   2.0370000e+03   3.8286902e-02   3.6032016e-02   3.3909531e-02
   2.0370833e+03   3.8276686e-02   3.6013237e-02   3.3883235e-02
   2.0371667e+03   3.8269357e-02   3.5996849e-02   3.3858885e-02
   2.0372500e+03   3.8271417e-02   3.5988264e-02   3.3840912e-02
   2.0373333e+03   3.8282541e-02   3.5987199e-02   3.3829072e-02
   2.0374167e+03   3.8294121e-02   3.5986481e-02   3.3817490e-02
   2.0375000e+03   3.8300936e-02   3.5981769e-02   3.3802616e-02
   2.0375833e+03   3.8304314e-02   3.5974174e-02   3.3785364e-02
   2.0376667e+03   3.8309587e-02   3.5968126e-02   3.3769353e-02
   2.0377500e+03   3.8320790e-02   3.5966971e-02   3.3757309e-02
   2.0378333e+03   3.8332240e-02   3.5965989e-02   3.3745380e-02
   2.0379167e+03   3.8335319e-02   3.5958038e-02   3.3727749e-02
   2.0380000e+03   3.8328951e-02   3.5942237e-02   3.3703711e-02
   2.0380833e+03   3.8319106e-02   3.5923541e-02   3.3677304e-02
   2.0381667e+03   3.8312133e-02   3.5907205e-02   3.3652803e-02
   2.0382500e+03   3.8314477e-02   3.5898552e-02   3.3634525e-02
   2.0383333e+03   3.8325723e-02   3.5897229e-02   3.3622173e-02
   2.0384167e+03   3.8337215e-02   3.5896077e-02   3.3609933e-02
   2.0385000e+03   3.8343777e-02   3.5890825e-02   3.3594345e-02
   2.0385833e+03   3.8346824e-02   3.5882647e-02   3.3576366e-02
   2.0386667e+03   3.8351807e-02   3.5876038e-02   3.3559636e-02
   2.0387500e+03   3.8362901e-02   3.5874435e-02   3.3546929e-02
   2.0388333e+03   3.8374461e-02   3.5873183e-02   3.3534479e-02
   2.0389167e+03   3.8377813e-02   3.5865150e-02   3.3516530e-02
   2.0390000e+03   3.8371795e-02   3.5849391e-02   3.3492331e-02
   2.0390833e+03   3.8362320e-02   3.5830773e-02   3.3465815e-02
   2.0391667e+03   3.8355702e-02   3.5814485e-02   3.3441161e-02
   2.0392500e+03   3.8358327e-02   3.5805761e-02   3.3422581e-02
   2.0393333e+03   3.8369691e-02   3.5804176e-02   3.3409721e-02
   2.0394167e+03   3.8381090e-02   3.5802587e-02   3.3396831e-02
   2.0395000e+03   3.8387392e-02   3.5796795e-02   3.3380540e-02
   2.0395833e+03   3.8390101e-02   3.5788034e-02   3.3361846e-02
   2.0396667e+03   3.8394787e-02   3.5780865e-02   3.3344407e-02
   2.0397500e+03   3.8405766e-02   3.5778812e-02   3.3331045e-02
   2.0398333e+03   3.8417431e-02   3.5777286e-02   3.3318080e-02
   2.0399167e+03   3.8421054e-02   3.5769167e-02   3.3299815e-02
   2.0400000e+03   3.8415385e-02   3.5753445e-02   3.3275455e-02
   2.0400833e+03   3.8406279e-02   3.5734903e-02   3.3248830e-02
   2.0401667e+03   3.8400012e-02   3.5718659e-02   3.3224026e-02
   2.0402500e+03   3.8402917e-02   3.5709860e-02   3.3205145e-02
   2.0403333e+03   3.8414395e-02   3.5708011e-02   3.3191781e-02
   2.0404167e+03   3.8425694e-02   3.5705983e-02   3.3178249e-02
   2.0405000e+03   3.8431730e-02   3.5699649e-02   3.3161266e-02
   2.0405833e+03   3.8434093e-02   3.5690307e-02   3.3141870e-02
   2.0406667e+03   3.8438475e-02   3.5682577e-02   3.3123735e-02
   2.0407500e+03   3.8449334e-02   3.5680072e-02   3.3109726e-02
   2.0408333e+03   3.8461100e-02   3.5678269e-02   3.3096250e-02
   2.0409167e+03   3.8464991e-02   3.5670060e-02   3.3077671e-02
   2.0410000e+03   3.8459670e-02   3.5654372e-02   3.3053152e-02
   2.0410833e+03   3.8450929e-02   3.5635902e-02   3.3026419e-02
   2.0411667e+03   3.8445014e-02   3.5619699e-02   3.3001466e-02
   2.0412500e+03   3.8448194e-02   3.5610822e-02   3.2982287e-02
   2.0413333e+03   3.8459783e-02   3.5608704e-02   3.2968423e-02
   2.0414167e+03   3.8470977e-02   3.5606236e-02   3.2954258e-02
   2.0415000e+03   3.8476740e-02   3.5599361e-02   3.2936594e-02
   2.0415833e+03   3.8478750e-02   3.5589436e-02   3.2916509e-02
   2.0416667e+03   3.8482821e-02   3.5581146e-02   3.2897691e-02
   2.0417500e+03   3.8493554e-02   3.5578187e-02   3.2883045e-02
   2.0418333e+03   3.8505417e-02   3.5576105e-02   3.2869062e-02
   2.0419167e+03   3.8509573e-02   3.5567802e-02   3.2850173e-02
   2.0420000e+03   3.8504597e-02   3.5552145e-02   3.2825496e-02
   2.0420833e+03   3.8496221e-02   3.5533744e-02   3.2798656e-02
   2.0421667e+03   3.8490654e-02   3.5517578e-02   3.2773555e-02
   2.0422500e+03   3.8494108e-02   3.5508618e-02   3.2754080e-02
   2.0423333e+03   3.8505803e-02   3.5506230e-02   3.2739723e-02
   2.0424167e+03   3.8516886e-02   3.5503320e-02   3.2724933e-02
   2.0425000e+03   3.8522369e-02   3.5495903e-02   3.2706601e-02
   2.0425833e+03   3.8524018e-02   3.5485397e-02   3.2685841e-02
   2.0426667e+03   3.8527771e-02   3.5476547e-02   3.2666352e-02
   2.0427500e+03   3.8538372e-02   3.5473133e-02   3.2651078e-02
   2.0428333e+03   3.8550328e-02   3.5470768e-02   3.2636595e-02
   2.0429167e+03   3.8554746e-02   3.5462369e-02   3.2617397e-02
   2.0430000e+03   3.8550113e-02   3.5446739e-02   3.2592565e-02
   2.0430833e+03   3.8542101e-02   3.5428403e-02   3.2565620e-02
   2.0431667e+03   3.8536881e-02   3.5412271e-02   3.2540373e-02
   2.0432500e+03   3.8540605e-02   3.5403225e-02   3.2520605e-02
   2.0433333e+03   3.8552402e-02   3.5400563e-02   3.2505759e-02
   2.0434167e+03   3.8563369e-02   3.5397209e-02   3.2490354e-02
   2.0435000e+03   3.8568565e-02   3.5389251e-02   3.2471367e-02
   2.0435833e+03   3.8569846e-02   3.5378166e-02   3.2449945e-02
   2.0436667e+03   3.8573273e-02   3.5368756e-02   3.2429799e-02
   2.0437500e+03   3.8583737e-02   3.5364887e-02   3.2413907e-02
   2.0438333e+03   3.8595781e-02   3.5362236e-02   3.2398930e-02
   2.0439167e+03   3.8600459e-02   3.5353736e-02   3.2379427e-02
   2.0440000e+03   3.8596167e-02   3.5338130e-02   3.2354441e-02
   2.0440833e+03   3.8588516e-02   3.5319856e-02   3.2327393e-02
   2.0441667e+03   3.8583641e-02   3.5303754e-02   3.2302002e-02
   2.0442500e+03   3.8587633e-02   3.5294619e-02   3.2281944e-02
   2.0443333e+03   3.8599528e-02   3.5291680e-02   3.2266615e-02
   2.0444167e+03   3.8610372e-02   3.5287882e-02   3.2250606e-02
   2.0445000e+03   3.8615275e-02   3.5279383e-02   3.2230976e-02
   2.0445833e+03   3.8616180e-02   3.5267719e-02   3.2208908e-02
   2.0446667e+03   3.8619274e-02   3.5257750e-02   3.2188119e-02
   2.0447500e+03   3.8629594e-02   3.5253424e-02   3.2171620e-02
   2.0448333e+03   3.8641722e-02   3.5250485e-02   3.2156155e-02
   2.0449167e+03   3.8646657e-02   3.5241881e-02   3.2136350e-02
   2.0450000e+03   3.8642705e-02   3.5226296e-02   3.2111213e-02
   2.0450833e+03   3.8635413e-02   3.5208081e-02   3.2084063e-02
   2.0451667e+03   3.8630881e-02   3.5192006e-02   3.2058530e-02
   2.0452500e+03   3.8635139e-02   3.5182779e-02   3.2038186e-02
   2.0453333e+03   3.8647127e-02   3.5179560e-02   3.2022382e-02
   2.0454167e+03   3.8657843e-02   3.5175317e-02   3.2005777e-02
   2.0455000e+03   3.8662444e-02   3.5166278e-02   3.1985519e-02
   2.0455833e+03   3.8662966e-02   3.5154036e-02   3.1962819e-02
   2.0456667e+03   3.8665720e-02   3.5143510e-02   3.1941402e-02
   2.0457500e+03   3.8675890e-02   3.5138727e-02   3.1924306e-02
   2.0458333e+03   3.8688098e-02   3.5135497e-02   3.1908360e-02
   2.0459167e+03   3.8693287e-02   3.5126786e-02   3.1888258e-02
   2.0460000e+03   3.8689672e-02   3.5111218e-02   3.1862971e-02
   2.0460833e+03   3.8682738e-02   3.5093058e-02   3.1835723e-02
   2.0461667e+03   3.8678547e-02   3.5077008e-02   3.1810051e-02
   2.0462500e+03   3.8683068e-02   3.5067685e-02   3.1789423e-02
   2.0463333e+03   3.8695145e-02   3.5064184e-02   3.1773150e-02
   2.0464167e+03   3.8705727e-02   3.5059494e-02   3.1755963e-02
   2.0465000e+03   3.8710020e-02   3.5049916e-02   3.1735089e-02
   2.0465833e+03   3.8710151e-02   3.5037100e-02   3.1711774e-02
   2.0466667e+03   3.8712557e-02   3.5026018e-02   3.1689742e-02
   2.0467500e+03   3.8722570e-02   3.5020776e-02   3.1672061e-02
   2.0468333e+03   3.8734853e-02   3.5017253e-02   3.1655642e-02
   2.0469167e+03   3.8740293e-02   3.5008431e-02   3.1635246e-02
   2.0470000e+03   3.8737014e-02   3.4992877e-02   3.1609814e-02
   2.0470833e+03   3.8730437e-02   3.4974771e-02   3.1582468e-02
   2.0471667e+03   3.8726585e-02   3.4958741e-02   3.1556660e-02
   2.0472500e+03   3.8731365e-02   3.4949319e-02   3.1535754e-02
   2.0473333e+03   3.8743528e-02   3.4945533e-02   3.1519020e-02
   2.0474167e+03   3.8753969e-02   3.4940397e-02   3.1501260e-02
   2.0475000e+03   3.8757946e-02   3.4930281e-02   3.1479786e-02
   2.0475833e+03   3.8757678e-02   3.4916891e-02   3.1455870e-02
   2.0476667e+03   3.8759729e-02   3.4905255e-02   3.1433239e-02
   2.0477500e+03   3.8769580e-02   3.4899555e-02   3.1414985e-02
   2.0478333e+03   3.8781934e-02   3.4895737e-02   3.1398101e-02
   2.0479167e+03   3.8787622e-02   3.4886802e-02   3.1377416e-02
   2.0480000e+03   3.8784676e-02   3.4871258e-02   3.1351840e-02
   2.0480833e+03   3.8778454e-02   3.4853202e-02   3.1324401e-02
   2.0481667e+03   3.8774939e-02   3.4837190e-02   3.1298459e-02
   2.0482500e+03   3.8779976e-02   3.4827665e-02   3.1277280e-02
   2.0483333e+03   3.8792219e-02   3.4823593e-02   3.1260091e-02
   2.0484167e+03   3.8802513e-02   3.4818009e-02   3.1241770e-02
   2.0485000e+03   3.8806168e-02   3.4807357e-02   3.1219711e-02
   2.0485833e+03   3.8805493e-02   3.4793397e-02   3.1195212e-02
   2.0486667e+03   3.8807181e-02   3.4781208e-02   3.1171998e-02
   2.0487500e+03   3.8816864e-02   3.4775050e-02   3.1153182e-02
   2.0488333e+03   3.8829284e-02   3.4770934e-02   3.1135840e-02
   2.0489167e+03   3.8835217e-02   3.4761882e-02   3.1114872e-02
   2.0490000e+03   3.8832602e-02   3.4746347e-02   3.1089156e-02
   2.0490833e+03   3.8826732e-02   3.4728337e-02   3.1061626e-02
   2.0491667e+03   3.8823553e-02   3.4712340e-02   3.1035554e-02
   2.0492500e+03   3.8828844e-02   3.4702711e-02   3.1014105e-02
   2.0493333e+03   3.8841163e-02   3.4698350e-02   3.0996471e-02
   2.0494167e+03   3.8851304e-02   3.4692318e-02   3.0977602e-02
   2.0495000e+03   3.8854629e-02   3.4681131e-02   3.0954972e-02
   2.0495833e+03   3.8853539e-02   3.4666603e-02   3.0929906e-02
   2.0496667e+03   3.8854857e-02   3.4653864e-02   3.0906125e-02
   2.0497500e+03   3.8864365e-02   3.4647248e-02   3.0886761e-02
   2.0498333e+03   3.8876846e-02   3.4642832e-02   3.0868970e-02
   2.0499167e+03   3.8883021e-02   3.4633661e-02   3.0847722e-02
   2.0500000e+03   3.8880735e-02   3.4618131e-02   3.0821871e-02
   2.0500833e+03   3.8875216e-02   3.4600164e-02   3.0794252e-02
   2.0501667e+03   3.8872367e-02   3.4584177e-02   3.0768052e-02
   2.0502500e+03   3.8877905e-02   3.4574437e-02   3.0746337e-02
   2.0503333e+03   3.8890295e-02   3.4569784e-02   3.0728265e-02
   2.0504167e+03   3.8900281e-02   3.4563309e-02   3.0708862e-02
   2.0505000e+03   3.8903277e-02   3.4551595e-02   3.0685683e-02
   2.0505833e+03   3.8901777e-02   3.4536512e-02   3.0660075e-02
   2.0506667e+03   3.8902731e-02   3.4523235e-02   3.0635750e-02
   2.0507500e+03   3.8912064e-02   3.4516167e-02   3.0615856e-02
   2.0508333e+03   3.8924601e-02   3.4511450e-02   3.0597624e-02
   2.0509167e+03   3.8931004e-02   3.4502150e-02   3.0576099e-02
   2.0510000e+03   3.8929028e-02   3.4486610e-02   3.0550107e-02
   2.0510833e+03   3.8923840e-02   3.4468670e-02   3.0522396e-02
   2.0511667e+03   3.8921305e-02   3.4452681e-02   3.0496066e-02
   2.0512500e+03   3.8927079e-02   3.4442822e-02   3.0474088e-02
   2.0513333e+03   3.8939533e-02   3.4437876e-02   3.0455588e-02
   2.0514167e+03   3.8949363e-02   3.4430962e-02   3.0435670e-02
   2.0515000e+03   3.8952032e-02   3.4418733e-02   3.0411964e-02
   2.0515833e+03   3.8950124e-02   3.4403106e-02   3.0385837e-02
   2.0516667e+03   3.8950712e-02   3.4389300e-02   3.0360992e-02
   2.0517500e+03   3.8959869e-02   3.4381785e-02   3.0340584e-02
   2.0518333e+03   3.8972456e-02   3.4376766e-02   3.0321924e-02
   2.0519167e+03   3.8979083e-02   3.4367334e-02   3.0300129e-02
   2.0520000e+03   3.8977416e-02   3.4351783e-02   3.0274004e-02
   2.0520833e+03   3.8972557e-02   3.4333871e-02   3.0246206e-02
   2.0521667e+03   3.8970334e-02   3.4317877e-02   3.0219752e-02
   2.0522500e+03   3.8976341e-02   3.4307899e-02   3.0197520e-02
   2.0523333e+03   3.8988855e-02   3.4302661e-02   3.0178604e-02
   2.0524167e+03   3.8998523e-02   3.4295310e-02   3.0158186e-02
   2.0525000e+03   3.9000859e-02   3.4282569e-02   3.0133972e-02
   2.0525833e+03   3.8998535e-02   3.4266403e-02   3.0107347e-02
   2.0526667e+03   3.8998751e-02   3.4252073e-02   3.0082000e-02
   2.0527500e+03   3.9007724e-02   3.4244112e-02   3.0061096e-02
   2.0528333e+03   3.9020358e-02   3.4238792e-02   3.0042019e-02
   2.0529167e+03   3.9027206e-02   3.4229228e-02   3.0019964e-02
   2.0530000e+03   3.9025845e-02   3.4213665e-02   2.9993712e-02
   2.0530833e+03   3.9021314e-02   3.4195779e-02   2.9965834e-02
   2.0531667e+03   3.9019402e-02   3.4179781e-02   2.9939263e-02
   2.0532500e+03   3.9025639e-02   3.4169681e-02   2.9916785e-02
   2.0533333e+03   3.9038209e-02   3.4164151e-02   2.9897466e-02
   2.0534167e+03   3.9047710e-02   3.4156366e-02   2.9876564e-02
   2.0535000e+03   3.9049705e-02   3.4143118e-02   2.9851861e-02
   2.0535833e+03   3.9046958e-02   3.4126418e-02   2.9824758e-02
   2.0536667e+03   3.9046795e-02   3.4111569e-02   2.9798928e-02
   2.0537500e+03   3.9055579e-02   3.4103166e-02   2.9777543e-02
   2.0538333e+03   3.9068254e-02   3.4097545e-02   2.9758063e-02
   2.0539167e+03   3.9075321e-02   3.4087848e-02   2.9735755e-02
   2.0540000e+03   3.9074265e-02   3.4072272e-02   2.9709384e-02
   2.0540833e+03   3.9070060e-02   3.4054411e-02   2.9681433e-02
   2.0541667e+03   3.9068456e-02   3.4038406e-02   2.9654753e-02
   2.0542500e+03   3.9074921e-02   3.4028186e-02   2.9632037e-02
   2.0543333e+03   3.9087542e-02   3.4022364e-02   2.9612327e-02
   2.0544167e+03   3.9096870e-02   3.4014148e-02   2.9590958e-02
   2.0545000e+03   3.9098517e-02   3.4000396e-02   2.9565784e-02
   2.0545833e+03   3.9095340e-02   3.3983167e-02   2.9538223e-02
   2.0546667e+03   3.9094790e-02   3.3967803e-02   2.9511930e-02
   2.0547500e+03   3.9103379e-02   3.3958961e-02   2.9490081e-02
   2.0548333e+03   3.9116091e-02   3.3953040e-02   2.9470211e-02
   2.0549167e+03   3.9123374e-02   3.3943210e-02   2.9447660e-02
   2.0550000e+03   3.9122620e-02   3.3927620e-02   2.9421177e-02
   2.0550833e+03   3.9118740e-02   3.3909783e-02   2.9393159e-02
   2.0551667e+03   3.9117442e-02   3.3893771e-02   2.9366376e-02
   2.0552500e+03   3.9124132e-02   3.3883429e-02   2.9343433e-02
   2.0553333e+03   3.9136800e-02   3.3877316e-02   2.9323344e-02
   2.0554167e+03   3.9145949e-02   3.3868672e-02   2.9301524e-02
   2.0555000e+03   3.9147241e-02   3.3854421e-02   2.9275899e-02
   2.0555833e+03   3.9143627e-02   3.3836669e-02   2.9247900e-02
   2.0556667e+03   3.9142683e-02   3.3820796e-02   2.9221164e-02
   2.0557500e+03   3.9151071e-02   3.3811517e-02   2.9198868e-02
   2.0558333e+03   3.9163816e-02   3.3805297e-02   2.9178619e-02
   2.0559167e+03   3.9171311e-02   3.3795334e-02   2.9155836e-02
   2.0560000e+03   3.9170858e-02   3.3779729e-02   2.9129248e-02
   2.0560833e+03   3.9167300e-02   3.3761915e-02   2.9101170e-02
   2.0561667e+03   3.9166308e-02   3.3745895e-02   2.9074292e-02
   2.0562500e+03   3.9173219e-02   3.3735431e-02   2.9051130e-02
   2.0563333e+03   3.9185930e-02   3.3729028e-02   2.9030675e-02
   2.0564167e+03   3.9194893e-02   3.3719957e-02   2.9008421e-02
   2.0565000e+03   3.9195824e-02   3.3705213e-02   2.8982364e-02
   2.0565833e+03   3.9191765e-02   3.3686944e-02   2.8953947e-02
   2.0566667e+03   3.9190420e-02   3.3670566e-02   2.8926788e-02
   2.0567500e+03   3.9198600e-02   3.3660854e-02   2.8904062e-02
   2.0568333e+03   3.9211374e-02   3.3654336e-02   2.8883449e-02
   2.0569167e+03   3.9219079e-02   3.3644239e-02   2.8860442e-02
   2.0570000e+03   3.9218924e-02   3.3628619e-02   2.8833757e-02
   2.0570833e+03   3.9215687e-02   3.3610826e-02   2.8805626e-02
   2.0571667e+03   3.9214998e-02   3.3594798e-02   2.8778659e-02
   2.0572500e+03   3.9222128e-02   3.3584211e-02   2.8755289e-02
   2.0573333e+03   3.9234877e-02   3.3577519e-02   2.8734481e-02
   2.0574167e+03   3.9243649e-02   3.3568026e-02   2.8711810e-02
   2.0575000e+03   3.9244211e-02   3.3552793e-02   2.8685339e-02
   2.0575833e+03   3.9239699e-02   3.3534013e-02   2.8656526e-02
   2.0576667e+03   3.9237946e-02   3.3517136e-02   2.8628963e-02
   2.0577500e+03   3.9245913e-02   3.3506994e-02   2.8605824e-02
   2.0578333e+03   3.9258710e-02   3.3500179e-02   2.8584860e-02
   2.0579167e+03   3.9266621e-02   3.3489948e-02   2.8561639e-02
   2.0580000e+03   3.9266763e-02   3.3474311e-02   2.8534865e-02
   2.0580833e+03   3.9263846e-02   3.3456540e-02   2.8506687e-02
   2.0581667e+03   3.9263457e-02   3.3440503e-02   2.8479641e-02
   2.0582500e+03   3.9270803e-02   3.3429793e-02   2.8456070e-02
   2.0583333e+03   3.9283586e-02   3.3422813e-02   2.8434924e-02
   2.0584167e+03   3.9292160e-02   3.3412901e-02   2.8411852e-02
   2.0585000e+03   3.9292346e-02   3.3397184e-02   2.8384988e-02
   2.0585833e+03   3.9287374e-02   3.3377899e-02   2.8355798e-02
   2.0586667e+03   3.9285205e-02   3.3360529e-02   2.8327852e-02
   2.0587500e+03   3.9292952e-02   3.3349961e-02   2.8304318e-02
   2.0588333e+03   3.9305769e-02   3.3342850e-02   2.8283016e-02
   2.0589167e+03   3.9313883e-02   3.3332484e-02   2.8259591e-02
   2.0590000e+03   3.9314320e-02   3.3316831e-02   2.8232735e-02
   2.0590833e+03   3.9311720e-02   3.3299080e-02   2.8204518e-02
   2.0591667e+03   3.9311630e-02   3.3283033e-02   2.8177399e-02
   2.0592500e+03   3.9319189e-02   3.3272200e-02   2.8153639e-02
   2.0593333e+03   3.9332000e-02   3.3264933e-02   2.8132166e-02
   2.0594167e+03   3.9340371e-02   3.3254605e-02   2.8108711e-02
   2.0595000e+03   3.9340175e-02   3.3238411e-02   2.8081474e-02
   2.0595833e+03   3.9334735e-02   3.3218626e-02   2.8051928e-02
   2.0596667e+03   3.9332143e-02   3.3200770e-02   2.8023618e-02
   2.0597500e+03   3.9339664e-02   3.3189779e-02   2.7999706e-02
   2.0598333e+03   3.9352495e-02   3.3182374e-02   2.7978079e-02
   2.0599167e+03   3.9360809e-02   3.3171874e-02   2.7954461e-02
   2.0600000e+03   3.9361538e-02   3.3156203e-02   2.7927531e-02
   2.0600833e+03   3.9359254e-02   3.3138472e-02   2.7899283e-02
   2.0601667e+03   3.9359460e-02   3.3122415e-02   2.7872099e-02
   2.0602500e+03   3.9367229e-02   3.3111459e-02   2.7848159e-02
   2.0603333e+03   3.9380065e-02   3.3103906e-02   2.7826374e-02
   2.0604167e+03   3.9388226e-02   3.3093166e-02   2.7802552e-02
   2.0605000e+03   3.9387640e-02   3.3076499e-02   2.7774961e-02
   2.0605833e+03   3.9381724e-02   3.3056223e-02   2.7745079e-02
   2.0606667e+03   3.9378702e-02   3.3037885e-02   2.7716426e-02
   2.0607500e+03   3.9385991e-02   3.3026476e-02   2.7692153e-02
   2.0608333e+03   3.9398831e-02   3.3018778e-02   2.7670217e-02
   2.0609167e+03   3.9407343e-02   3.3008144e-02   2.7646415e-02
   2.0610000e+03   3.9408361e-02   3.2992455e-02   2.7619419e-02
   2.0610833e+03   3.9406391e-02   3.2974744e-02   2.7591146e-02
   2.0611667e+03   3.9406892e-02   3.2958675e-02   2.7563905e-02
   2.0612500e+03   3.9414867e-02   3.2947596e-02   2.7539795e-02
   2.0613333e+03   3.9427723e-02   3.2939759e-02   2.7517711e-02
   2.0614167e+03   3.9435668e-02   3.2928611e-02   2.7493541e-02
   2.0615000e+03   3.9434684e-02   3.2911477e-02   2.7465615e-02
   2.0615833e+03   3.9428286e-02   3.2890715e-02   2.7435419e-02
   2.0616667e+03   3.9424825e-02   3.2871903e-02   2.7406442e-02
   2.0617500e+03   3.9431876e-02   3.2860080e-02   2.7381826e-02
   2.0618333e+03   3.9444721e-02   3.2852091e-02   2.7359593e-02
   2.0619167e+03   3.9453426e-02   3.2841323e-02   2.7335618e-02
   2.0620000e+03   3.9454732e-02   3.2825615e-02   2.7308564e-02
   2.0620833e+03   3.9453074e-02   3.2807923e-02   2.7280275e-02
   2.0621667e+03   3.9453868e-02   3.2791842e-02   2.7252984e-02
   2.0622500e+03   3.9462047e-02   3.2780640e-02   2.7228715e-02
   2.0623333e+03   3.9474917e-02   3.2772521e-02   2.7206346e-02
   2.0624167e+03   3.9482640e-02   3.2760969e-02   2.7181844e-02
   2.0625000e+03   3.9481251e-02   3.2743375e-02   2.7153603e-02
   2.0625833e+03   3.9474362e-02   3.2722134e-02   2.7123113e-02
   2.0626667e+03   3.9470457e-02   3.2702853e-02   2.7093832e-02
   2.0627500e+03   3.9477262e-02   3.2690620e-02   2.7068891e-02
   2.0628333e+03   3.9490107e-02   3.2682343e-02   2.7046376e-02
   2.0629167e+03   3.9499003e-02   3.2671440e-02   2.7022239e-02
   2.0630000e+03   3.9500594e-02   3.2655714e-02   2.6995135e-02
   2.0630833e+03   3.9499246e-02   3.2638040e-02   2.6966836e-02
   2.0631667e+03   3.9500330e-02   3.2621948e-02   2.6939504e-02
   2.0632500e+03   3.9508709e-02   3.2610623e-02   2.6915085e-02
   2.0633333e+03   3.9521590e-02   3.2602223e-02   2.6892445e-02
   2.0634167e+03   3.9529083e-02   3.2590272e-02   2.6867629e-02
   2.0635000e+03   3.9527283e-02   3.2572223e-02   2.6839093e-02
   2.0635833e+03   3.9519896e-02   3.2550511e-02   2.6808329e-02
   2.0636667e+03   3.9515537e-02   3.2530768e-02   2.6778765e-02
   2.0637500e+03   3.9522091e-02   3.2518130e-02   2.6753516e-02
   2.0638333e+03   3.9534931e-02   3.2509566e-02   2.6730733e-02
   2.0639167e+03   3.9544014e-02   3.2498530e-02   2.6706443e-02
   2.0640000e+03   3.9545889e-02   3.2482784e-02   2.6679298e-02
   2.0640833e+03   3.9544849e-02   3.2465128e-02   2.6650997e-02
   2.0641667e+03   3.9546220e-02   3.2449023e-02   2.6623632e-02
   2.0642500e+03   3.9554796e-02   3.2437576e-02   2.6599073e-02
   2.0643333e+03   3.9567682e-02   3.2428898e-02   2.6576176e-02
   2.0644167e+03   3.9574941e-02   3.2416551e-02   2.6551063e-02
   2.0645000e+03   3.9572721e-02   3.2398054e-02   2.6522252e-02
   2.0645833e+03   3.9564828e-02   3.2375878e-02   2.6491234e-02
   2.0646667e+03   3.9560009e-02   3.2355680e-02   2.6461408e-02
   2.0647500e+03   3.9566305e-02   3.2342641e-02   2.6435869e-02
   2.0648333e+03   3.9579134e-02   3.2333792e-02   2.6412832e-02
   2.0649167e+03   3.9588401e-02   3.2322623e-02   2.6388400e-02
   2.0650000e+03   3.9590557e-02   3.2306858e-02   2.6361221e-02
   2.0650833e+03   3.9589823e-02   3.2289220e-02   2.6332926e-02
   2.0651667e+03   3.9591480e-02   3.2273103e-02   2.6305536e-02
   2.0652500e+03   3.9600250e-02   3.2261533e-02   2.6280849e-02
   2.0653333e+03   3.9613136e-02   3.2252579e-02   2.6257708e-02
   2.0654167e+03   3.9620153e-02   3.2239841e-02   2.6232316e-02
   2.0655000e+03   3.9617507e-02   3.2220902e-02   2.6203248e-02
   2.0655833e+03   3.9609099e-02   3.2198270e-02   2.6171998e-02
   2.0656667e+03   3.9603813e-02   3.2177625e-02   2.6141928e-02
   2.0657500e+03   3.9609845e-02   3.2164190e-02   2.6116117e-02
   2.0658333e+03   3.9622659e-02   3.2155058e-02   2.6092840e-02
   2.0659167e+03   3.9632105e-02   3.2143757e-02   2.6068277e-02
   2.0660000e+03   3.9634540e-02   3.2127972e-02   2.6041074e-02
   2.0660833e+03   3.9634110e-02   3.2110351e-02   2.6012791e-02
   2.0661667e+03   3.9636050e-02   3.2094222e-02   2.5985385e-02
   2.0662500e+03   3.9645010e-02   3.2082531e-02   2.5960579e-02
   2.0663333e+03   3.9657891e-02   3.2073302e-02   2.5937209e-02
   2.0664167e+03   3.9664660e-02   3.2060178e-02   2.5911555e-02
   2.0665000e+03   3.9661581e-02   3.2040804e-02   2.5882251e-02
   2.0665833e+03   3.9652652e-02   3.2017723e-02   2.5850788e-02
   2.0666667e+03   3.9646890e-02   3.1996637e-02   2.5820495e-02
   2.0667500e+03   3.9652650e-02   3.1982811e-02   2.5794429e-02
   2.0668333e+03   3.9665444e-02   3.1973400e-02   2.5770926e-02
   2.0669167e+03   3.9675067e-02   3.1961967e-02   2.5746244e-02
   2.0670000e+03   3.9677777e-02   3.1946163e-02   2.5719023e-02
   2.0670833e+03   3.9677649e-02   3.1928559e-02   2.5690761e-02
   2.0671667e+03   3.9679870e-02   3.1912417e-02   2.5663347e-02
   2.0672500e+03   3.9689017e-02   3.1900604e-02   2.5638432e-02
   2.0673333e+03   3.9701889e-02   3.1891105e-02   2.5614848e-02
   2.0674167e+03   3.9708403e-02   3.1877599e-02   2.5588950e-02
   2.0675000e+03   3.9704882e-02   3.1857797e-02   2.5559428e-02
   2.0675833e+03   3.9695424e-02   3.1834275e-02   2.5527773e-02
   2.0676667e+03   3.9689180e-02   3.1812756e-02   2.5497276e-02
   2.0677500e+03   3.9694663e-02   3.1798545e-02   2.5470973e-02
   2.0678333e+03   3.9707431e-02   3.1788856e-02   2.5447259e-02
   2.0679167e+03   3.9717227e-02   3.1777292e-02   2.5422467e-02
   2.0680000e+03   3.9720210e-02   3.1761468e-02   2.5395238e-02
   2.0680833e+03   3.9720382e-02   3.1743881e-02   2.5367004e-02
   2.0681667e+03   3.9722881e-02   3.1727726e-02   2.5339589e-02
   2.0682500e+03   3.9732212e-02   3.1715794e-02   2.5314578e-02
   2.0683333e+03   3.9745068e-02   3.1706025e-02   2.5290792e-02
   2.0684167e+03   3.9751321e-02   3.1692143e-02   2.5264667e-02
   2.0685000e+03   3.9747352e-02   3.1671920e-02   2.5234947e-02
   2.0685833e+03   3.9737357e-02   3.1647965e-02   2.5203120e-02
   2.0686667e+03   3.9730623e-02   3.1626020e-02   2.5172438e-02
   2.0687500e+03   3.9735821e-02   3.1611428e-02   2.5145917e-02
   2.0688333e+03   3.9748558e-02   3.1601465e-02   2.5122006e-02
   2.0689167e+03   3.9758523e-02   3.1589771e-02   2.5097114e-02
   2.0690000e+03   3.9761778e-02   3.1573928e-02   2.5069886e-02
   2.0690833e+03   3.9762247e-02   3.1556357e-02   2.5041688e-02
   2.0691667e+03   3.9765022e-02   3.1540190e-02   2.5014281e-02
   2.0692500e+03   3.9774532e-02   3.1528138e-02   2.4989182e-02
   2.0693333e+03   3.9787369e-02   3.1518103e-02   2.4965210e-02
   2.0694167e+03   3.9793354e-02   3.1503850e-02   2.4938875e-02
   2.0695000e+03   3.9788928e-02   3.1483214e-02   2.4908976e-02
   2.0695833e+03   3.9778389e-02   3.1458834e-02   2.4876997e-02
   2.0696667e+03   3.9771157e-02   3.1436471e-02   2.4846151e-02
   2.0697500e+03   3.9776064e-02   3.1421504e-02   2.4819427e-02
   2.0698333e+03   3.9788765e-02   3.1411269e-02   2.4795333e-02
   2.0699167e+03   3.9798896e-02   3.1399446e-02   2.4770354e-02
   2.0700000e+03   3.9802419e-02   3.1383583e-02   2.4743134e-02
   2.0700833e+03   3.9803183e-02   3.1366030e-02   2.4714980e-02
   2.0701667e+03   3.9806231e-02   3.1349850e-02   2.4687589e-02
   2.0702500e+03   3.9815918e-02   3.1337679e-02   2.4662414e-02
   2.0703333e+03   3.9828729e-02   3.1327381e-02   2.4638269e-02
   2.0704167e+03   3.9834440e-02   3.1312762e-02   2.4611741e-02
   2.0705000e+03   3.9829551e-02   3.1291719e-02   2.4581683e-02
   2.0705833e+03   3.9818459e-02   3.1266923e-02   2.4549571e-02
   2.0706667e+03   3.9810722e-02   3.1244150e-02   2.4518579e-02
   2.0707500e+03   3.9815331e-02   3.1228814e-02   2.4491671e-02
   2.0708333e+03   3.9827991e-02   3.1218311e-02   2.4467408e-02
   2.0709167e+03   3.9838284e-02   3.1206359e-02   2.4442352e-02
   2.0710000e+03   3.9842072e-02   3.1190477e-02   2.4415148e-02
   2.0710833e+03   3.9843129e-02   3.1172941e-02   2.4387046e-02
   2.0711667e+03   3.9846448e-02   3.1156748e-02   2.4359680e-02
   2.0712500e+03   3.9856306e-02   3.1144461e-02   2.4334439e-02
   2.0713333e+03   3.9869087e-02   3.1133901e-02   2.4310135e-02
   2.0714167e+03   3.9874517e-02   3.1118922e-02   2.4283432e-02
   2.0715000e+03   3.9869157e-02   3.1097481e-02   2.4253232e-02
   2.0715833e+03   3.9857505e-02   3.1072277e-02   2.4221007e-02
   2.0716667e+03   3.9849256e-02   3.1049101e-02   2.4189889e-02
   2.0717500e+03   3.9853560e-02   3.1033402e-02   2.4162814e-02
   2.0718333e+03   3.9866173e-02   3.1022633e-02   2.4138397e-02
   2.0719167e+03   3.9876624e-02   3.1010555e-02   2.4113274e-02
   2.0720000e+03   3.9880674e-02   3.0994654e-02   2.4086096e-02
   2.0720833e+03   3.9882022e-02   3.0977134e-02   2.4058053e-02
   2.0721667e+03   3.9885609e-02   3.0960930e-02   2.4030719e-02
   2.0722500e+03   3.9895636e-02   3.0948526e-02   2.4005423e-02
   2.0723333e+03   3.9908381e-02   3.0937709e-02   2.3980974e-02
   2.0724167e+03   3.9913523e-02   3.0922376e-02   2.3954113e-02
   2.0725000e+03   3.9907685e-02   3.0900543e-02   2.3923791e-02
   2.0725833e+03   3.9895466e-02   3.0874940e-02   2.3891472e-02
   2.0726667e+03   3.9886696e-02   3.0851370e-02   2.3860246e-02
   2.0727500e+03   3.9890689e-02   3.0835314e-02   2.3833021e-02
   2.0728333e+03   3.9903250e-02   3.0824282e-02   2.3808464e-02
   2.0729167e+03   3.9913854e-02   3.0812079e-02   2.3783285e-02
   2.0730000e+03   3.9918165e-02   3.0796160e-02   2.3756141e-02
   2.0730833e+03   3.9919801e-02   3.0778657e-02   2.3728164e-02
   2.0731667e+03   3.9923653e-02   3.0762441e-02   2.3700872e-02
   2.0732500e+03   3.9933845e-02   3.0749922e-02   2.3675530e-02
   2.0733333e+03   3.9946548e-02   3.0738850e-02   2.3650951e-02
   2.0734167e+03   3.9951396e-02   3.0723168e-02   2.3623948e-02
   2.0735000e+03   3.9945073e-02   3.0700952e-02   2.3593522e-02
   2.0735833e+03   3.9932278e-02   3.0674959e-02   2.3561128e-02
   2.0736667e+03   3.9922980e-02   3.0651003e-02   2.3529814e-02
   2.0737500e+03   3.9926656e-02   3.0634595e-02   2.3502456e-02
   2.0738333e+03   3.9939159e-02   3.0623305e-02   2.3477773e-02
   2.0739167e+03   3.9949913e-02   3.0610977e-02   2.3452549e-02
   2.0740000e+03   3.9954481e-02   3.0595040e-02   2.3425447e-02
   2.0740833e+03   3.9956402e-02   3.0577555e-02   2.3397544e-02
   2.0741667e+03   3.9960517e-02   3.0561327e-02   2.3370301e-02
   2.0742500e+03   3.9970870e-02   3.0548694e-02   2.3344925e-02
   2.0743333e+03   3.9983526e-02   3.0537372e-02   2.3320229e-02
   2.0744167e+03   3.9988073e-02   3.0521347e-02   2.3293101e-02
   2.0745000e+03   3.9981256e-02   3.0498756e-02   2.3262590e-02
   2.0745833e+03   3.9967878e-02   3.0472381e-02   2.3230140e-02
   2.0746667e+03   3.9958046e-02   3.0448049e-02   2.3198755e-02
   2.0747500e+03   3.9961396e-02   3.0431295e-02   2.3171281e-02
   2.0748333e+03   3.9973836e-02   3.0419750e-02   2.3146486e-02
   2.0749167e+03   3.9984736e-02   3.0407300e-02   2.3121227e-02
   2.0750000e+03   3.9989558e-02   3.0391345e-02   2.3094176e-02
   2.0750833e+03   3.9991761e-02   3.0373876e-02   2.3066355e-02
   2.0751667e+03   3.9996133e-02   3.0357637e-02   2.3039168e-02
   2.0752500e+03   4.0006641e-02   3.0344890e-02   2.3013768e-02
   2.0753333e+03   4.0019246e-02   3.0333321e-02   2.2988968e-02
   2.0754167e+03   4.0023492e-02   3.0316963e-02   2.2961735e-02
   2.0755000e+03   4.0016189e-02   3.0294013e-02   2.2931160e-02
   2.0755833e+03   4.0002239e-02   3.0267276e-02   2.2898677e-02
   2.0756667e+03   3.9991883e-02   3.0242586e-02   2.2867246e-02
   2.0757500e+03   3.9994916e-02   3.0225501e-02   2.2839676e-02
   2.0758333e+03   4.0007290e-02   3.0213707e-02   2.2814785e-02
   2.0759167e+03   4.0018326e-02   3.0201131e-02   2.2789500e-02
   2.0760000e+03   4.0023385e-02   3.0185152e-02   2.2762503e-02
   2.0760833e+03   4.0025853e-02   3.0167693e-02   2.2734767e-02
   2.0761667e+03   4.0030469e-02   3.0151436e-02   2.2707642e-02
   2.0762500e+03   4.0041122e-02   3.0138574e-02   2.2682226e-02
   2.0763333e+03   4.0053673e-02   3.0126763e-02   2.2657339e-02
   2.0764167e+03   4.0057622e-02   3.0110084e-02   2.2630018e-02
   2.0765000e+03   4.0049839e-02   3.0086790e-02   2.2599401e-02
   2.0765833e+03   4.0035323e-02   3.0059709e-02   2.2566907e-02
   2.0766667e+03   4.0024447e-02   3.0034675e-02   2.2535451e-02
   2.0767500e+03   4.0027160e-02   3.0017269e-02   2.2507803e-02
   2.0768333e+03   4.0039465e-02   3.0005229e-02   2.2482828e-02
   2.0769167e+03   4.0050631e-02   2.9992531e-02   2.2457528e-02
   2.0770000e+03   4.0055926e-02   2.9976528e-02   2.2430595e-02
   2.0770833e+03   4.0058657e-02   2.9959079e-02   2.2402952e-02
   2.0771667e+03   4.0063513e-02   2.9942804e-02   2.2375897e-02
   2.0772500e+03   4.0074308e-02   2.9929829e-02   2.2350475e-02
   2.0773333e+03   4.0086800e-02   2.9917780e-02   2.2325513e-02
   2.0774167e+03   4.0090445e-02   2.9900788e-02   2.2298122e-02
   2.0775000e+03   4.0082175e-02   2.9877159e-02   2.2267479e-02
   2.0775833e+03   4.0067087e-02   2.9849741e-02   2.2234993e-02
   2.0776667e+03   4.0055684e-02   2.9824373e-02   2.2203528e-02
   2.0777500e+03   4.0058071e-02   2.9806652e-02   2.2175818e-02
   2.0778333e+03   4.0070301e-02   2.9794371e-02   2.2150774e-02
   2.0779167e+03   4.0081595e-02   2.9781551e-02   2.2125470e-02
   2.0780000e+03   4.0087122e-02   2.9765526e-02   2.2098608e-02
   2.0780833e+03   4.0090114e-02   2.9748088e-02   2.2071065e-02
   2.0781667e+03   4.0095207e-02   2.9731798e-02   2.2044088e-02
   2.0782500e+03   4.0106140e-02   2.9718711e-02   2.2018672e-02
   2.0783333e+03   4.0118568e-02   2.9706428e-02   2.1993648e-02
   2.0784167e+03   4.0121905e-02   2.9689128e-02   2.1966202e-02
   2.0785000e+03   4.0113141e-02   2.9665172e-02   2.1935552e-02
   2.0785833e+03   4.0097473e-02   2.9637428e-02   2.1903090e-02
   2.0786667e+03   4.0085536e-02   2.9611735e-02   2.1871633e-02
   2.0787500e+03   4.0087592e-02   2.9593705e-02   2.1843878e-02
   2.0788333e+03   4.0099743e-02   2.9581187e-02   2.1818778e-02
   2.0789167e+03   4.0111159e-02   2.9568249e-02   2.1793479e-02
   2.0790000e+03   4.0116916e-02   2.9552203e-02   2.1766698e-02
   2.0790833e+03   4.0120166e-02   2.9534776e-02   2.1739263e-02
   2.0791667e+03   4.0125494e-02   2.9518471e-02   2.1712373e-02
   2.0792500e+03   4.0136561e-02   2.9505275e-02   2.1686972e-02
   2.0793333e+03   4.0148920e-02   2.9492763e-02   2.1661900e-02
   2.0794167e+03   4.0151941e-02   2.9475162e-02   2.1634415e-02
   2.0795000e+03   4.0142678e-02   2.9450888e-02   2.1603773e-02
   2.0795833e+03   4.0126424e-02   2.9422827e-02   2.1571352e-02
   2.0796667e+03   4.0113947e-02   2.9396817e-02   2.1539920e-02
   2.0797500e+03   4.0115664e-02   2.9378486e-02   2.1512135e-02
   2.0798333e+03   4.0127730e-02   2.9365736e-02   2.1486992e-02
   2.0799167e+03   4.0139266e-02   2.9352681e-02   2.1461711e-02
   2.0800000e+03   4.0145249e-02   2.9336614e-02   2.1435017e-02
   2.0800833e+03   4.0148755e-02   2.9319200e-02   2.1407698e-02
   2.0801667e+03   4.0154315e-02   2.9302881e-02   2.1380902e-02
   2.0802500e+03   4.0165513e-02   2.9289578e-02   2.1355527e-02
   2.0803333e+03   4.0177797e-02   2.9276841e-02   2.1330421e-02
   2.0804167e+03   4.0180497e-02   2.9258945e-02   2.1302911e-02
   2.0805000e+03   4.0170727e-02   2.9234362e-02   2.1272294e-02
   2.0805833e+03   4.0153880e-02   2.9205994e-02   2.1239931e-02
   2.0806667e+03   4.0140857e-02   2.9179676e-02   2.1208541e-02
   2.0807500e+03   4.0142230e-02   2.9161051e-02   2.1180741e-02
   2.0808333e+03   4.0154206e-02   2.9148073e-02   2.1155569e-02
   2.0809167e+03   4.0165857e-02   2.9134904e-02   2.1130314e-02
   2.0810000e+03   4.0172064e-02   2.9118819e-02   2.1103717e-02
   2.0810833e+03   4.0175822e-02   2.9101418e-02   2.1076521e-02
   2.0811667e+03   4.0181612e-02   2.9085087e-02   2.1049828e-02
   2.0812500e+03   4.0192936e-02   2.9071679e-02   2.1024488e-02
   2.0813333e+03   4.0205140e-02   2.9058720e-02   2.0999360e-02
   2.0814167e+03   4.0207513e-02   2.9040537e-02   2.0971842e-02
   2.0815000e+03   4.0197230e-02   2.9015654e-02   2.0941265e-02
   2.0815833e+03   4.0179784e-02   2.8986988e-02   2.0908977e-02
   2.0816667e+03   4.0166208e-02   2.8960372e-02   2.0877645e-02
   2.0817500e+03   4.0167231e-02   2.8941460e-02   2.0849845e-02
   2.0818333e+03   4.0179111e-02   2.8928258e-02   2.0824657e-02
   2.0819167e+03   4.0190873e-02   2.8914977e-02   2.0799439e-02
   2.0820000e+03   4.0197301e-02   2.8898874e-02   2.0772946e-02
   2.0820833e+03   4.0201309e-02   2.8881489e-02   2.0745880e-02
   2.0821667e+03   4.0207326e-02   2.8865146e-02   2.0719297e-02
   2.0822500e+03   4.0218772e-02   2.8851635e-02   2.0694003e-02
   2.0823333e+03   4.0230892e-02   2.8838459e-02   2.0668866e-02
   2.0824167e+03   4.0232931e-02   2.8819997e-02   2.0641354e-02
   2.0825000e+03   4.0222129e-02   2.8794822e-02   2.0610834e-02
   2.0825833e+03   4.0204077e-02   2.8765868e-02   2.0578635e-02
   2.0826667e+03   4.0189941e-02   2.8738963e-02   2.0547377e-02
   2.0827500e+03   4.0190608e-02   2.8719771e-02   2.0519592e-02
   2.0828333e+03   4.0202387e-02   2.8706351e-02   2.0494401e-02
   2.0829167e+03   4.0214257e-02   2.8692960e-02   2.0469230e-02
   2.0830000e+03   4.0220902e-02   2.8676841e-02   2.0442849e-02
   2.0830833e+03   4.0225158e-02   2.8659471e-02   2.0415921e-02
   2.0831667e+03   4.0231397e-02   2.8643118e-02   2.0389456e-02
   2.0832500e+03   4.0242963e-02   2.8629507e-02   2.0364217e-02
   2.0833333e+03   4.0254992e-02   2.8616119e-02   2.0339084e-02
   2.0834167e+03   4.0256691e-02   2.8597384e-02   2.0311592e-02
   2.0835000e+03   4.0245363e-02   2.8571926e-02   2.0281144e-02
   2.0835833e+03   4.0226700e-02   2.8542694e-02   2.0249051e-02
   2.0836667e+03   4.0211998e-02   2.8515510e-02   2.0217881e-02
   2.0837500e+03   4.0212302e-02   2.8496045e-02   2.0190126e-02
   2.0838333e+03   4.0223975e-02   2.8482411e-02   2.0164945e-02
   2.0839167e+03   4.0235948e-02   2.8468913e-02   2.0139831e-02
   2.0840000e+03   4.0242808e-02   2.8452780e-02   2.0113570e-02
   2.0840833e+03   4.0247309e-02   2.8435426e-02   2.0086786e-02
   2.0841667e+03   4.0253768e-02   2.8419065e-02   2.0060447e-02
   2.0842500e+03   4.0265448e-02   2.8405356e-02   2.0035273e-02
   2.0843333e+03   4.0277382e-02   2.8391761e-02   2.0010156e-02
   2.0844167e+03   4.0278735e-02   2.8372759e-02   1.9982699e-02
   2.0845000e+03   4.0266875e-02   2.8347027e-02   1.9952338e-02
   2.0845833e+03   4.0247594e-02   2.8317528e-02   1.9920365e-02
   2.0846667e+03   4.0232319e-02   2.8290074e-02   1.9889299e-02
   2.0847500e+03   4.0232255e-02   2.8270344e-02   1.9861589e-02
   2.0848333e+03   4.0243816e-02   2.8256500e-02   1.9836429e-02
   2.0849167e+03   4.0255888e-02   2.8242898e-02   1.9811381e-02
   2.0850000e+03   4.0262960e-02   2.8226751e-02   1.9785248e-02
   2.0850833e+03   4.0267702e-02   2.8209416e-02   1.9758616e-02
   2.0851667e+03   4.0274379e-02   2.8193047e-02   1.9732409e-02
   2.0852500e+03   4.0286169e-02   2.8179243e-02   1.9707310e-02
   2.0853333e+03   4.0298002e-02   2.8165445e-02   1.9682221e-02
   2.0854167e+03   4.0299003e-02   2.8146184e-02   1.9654813e-02
   2.0855000e+03   4.0286605e-02   2.8120188e-02   1.9624554e-02
   2.0855833e+03   4.0266699e-02   2.8090431e-02   1.9592716e-02
   2.0856667e+03   4.0250846e-02   2.8062716e-02   1.9561769e-02
   2.0857500e+03   4.0250407e-02   2.8042728e-02   1.9534116e-02
   2.0858333e+03   4.0261852e-02   2.8028680e-02   1.9508990e-02
   2.0859167e+03   4.0274018e-02   2.8014977e-02   1.9484019e-02
   2.0860000e+03   4.0281298e-02   2.7998818e-02   1.9458021e-02
   2.0860833e+03   4.0286279e-02   2.7981502e-02   1.9431547e-02
   2.0861667e+03   4.0293169e-02   2.7965127e-02   1.9405480e-02
   2.0862500e+03   4.0305066e-02   2.7951231e-02   1.9380465e-02
   2.0863333e+03   4.0316793e-02   2.7937234e-02   1.9355417e-02
   2.0864167e+03   4.0317436e-02   2.7917722e-02   1.9328071e-02
   2.0865000e+03   4.0304494e-02   2.7891471e-02   1.9297927e-02
   2.0865833e+03   4.0283957e-02   2.7861466e-02   1.9266239e-02
   2.0866667e+03   4.0267519e-02   2.7833500e-02   1.9235425e-02
   2.0867500e+03   4.0266700e-02   2.7813262e-02   1.9207844e-02
   2.0868333e+03   4.0278021e-02   2.7799014e-02   1.9182764e-02
   2.0869167e+03   4.0290279e-02   2.7785212e-02   1.9157878e-02
   2.0870000e+03   4.0297763e-02   2.7769043e-02   1.9132022e-02
   2.0870833e+03   4.0302980e-02   2.7751747e-02   1.9105713e-02
   2.0871667e+03   4.0310081e-02   2.7735368e-02   1.9079794e-02
   2.0872500e+03   4.0322079e-02   2.7721382e-02   1.9054872e-02
   2.0873333e+03   4.0333695e-02   2.7707192e-02   1.9029876e-02
   2.0874167e+03   4.0333974e-02   2.7687436e-02   1.9002606e-02
   2.0875000e+03   4.0320481e-02   2.7660939e-02   1.8972592e-02
   2.0875833e+03   4.0299307e-02   2.7630696e-02   1.8941067e-02
   2.0876667e+03   4.0282279e-02   2.7602489e-02   1.8910399e-02
   2.0877500e+03   4.0281073e-02   2.7582009e-02   1.8882903e-02
   2.0878333e+03   4.0292267e-02   2.7567566e-02   1.8857881e-02
   2.0879167e+03   4.0304610e-02   2.7553668e-02   1.8833089e-02
   2.0880000e+03   4.0312295e-02   2.7537491e-02   1.8807383e-02
   2.0880833e+03   4.0317745e-02   2.7520217e-02   1.8781246e-02
   2.0881667e+03   4.0325054e-02   2.7503835e-02   1.8755482e-02
   2.0882500e+03   4.0337150e-02   2.7489761e-02   1.8730661e-02
   2.0883333e+03   4.0348649e-02   2.7475383e-02   1.8705728e-02
   2.0884167e+03   4.0348558e-02   2.7455391e-02   1.8678548e-02
   2.0885000e+03   4.0334508e-02   2.7428657e-02   1.8648676e-02
   2.0885833e+03   4.0312691e-02   2.7398186e-02   1.8617329e-02
   2.0886667e+03   4.0295066e-02   2.7369747e-02   1.8586821e-02
   2.0887500e+03   4.0293468e-02   2.7349032e-02   1.8559423e-02
   2.0888333e+03   4.0304528e-02   2.7334400e-02   1.8534469e-02
   2.0889167e+03   4.0316953e-02   2.7320409e-02   1.8509782e-02
   2.0890000e+03   4.0324836e-02   2.7304225e-02   1.8484232e-02
   2.0890833e+03   4.0330516e-02   2.7286974e-02   1.8458272e-02
   2.0891667e+03   4.0338029e-02   2.7270591e-02   1.8432670e-02
   2.0892500e+03   4.0350218e-02   2.7256433e-02   1.8407960e-02
   2.0893333e+03   4.0361595e-02   2.7241872e-02   1.8383102e-02
   2.0894167e+03   4.0361128e-02   2.7221650e-02   1.8356023e-02
   2.0895000e+03   4.0346515e-02   2.7194689e-02   1.8326308e-02
   2.0895833e+03   4.0324049e-02   2.7164000e-02   1.8295150e-02
   2.0896667e+03   4.0305821e-02   2.7135340e-02   1.8264815e-02
   2.0897500e+03   4.0303824e-02   2.7114398e-02   1.8237528e-02
   2.0898333e+03   4.0314746e-02   2.7099582e-02   1.8212654e-02
   2.0899167e+03   4.0327248e-02   2.7085501e-02   1.8188079e-02
   2.0900000e+03   4.0335326e-02   2.7069311e-02   1.8162694e-02
   2.0900833e+03   4.0341232e-02   2.7052085e-02   1.8136917e-02
   2.0901667e+03   4.0348945e-02   2.7035703e-02   1.8111483e-02
   2.0902500e+03   4.0361224e-02   2.7021463e-02   1.8086892e-02
   2.0903333e+03   4.0372472e-02   2.7006723e-02   1.8062120e-02
   2.0904167e+03   4.0371624e-02   2.6986280e-02   1.8035155e-02
   2.0905000e+03   4.0356443e-02   2.6959101e-02   1.8005609e-02
   2.0905833e+03   4.0333322e-02   2.6928205e-02   1.7974654e-02
   2.0906667e+03   4.0314485e-02   2.6899333e-02   1.7944504e-02
   2.0907500e+03   4.0312084e-02   2.6878172e-02   1.7917340e-02
   2.0908333e+03   4.0322862e-02   2.6863176e-02   1.7892558e-02
   2.0909167e+03   4.0335436e-02   2.6849008e-02   1.7868104e-02
   2.0910000e+03   4.0343705e-02   2.6832815e-02   1.7842888e-02
   2.0910833e+03   4.0349835e-02   2.6815615e-02   1.7817302e-02
   2.0911667e+03   4.0357745e-02   2.6799235e-02   1.7792042e-02
   2.0912500e+03   4.0370108e-02   2.6784916e-02   1.7767579e-02
   2.0913333e+03   4.0381223e-02   2.6770003e-02   1.7742903e-02
   2.0914167e+03   4.0379986e-02   2.6749347e-02   1.7716064e-02
   2.0915000e+03   4.0364231e-02   2.6721959e-02   1.7686699e-02
   2.0915833e+03   4.0340450e-02   2.6690866e-02   1.7655959e-02
   2.0916667e+03   4.0320999e-02   2.6661791e-02   1.7626007e-02
   2.0917500e+03   4.0318187e-02   2.6640419e-02   1.7598978e-02
   2.0918333e+03   4.0328815e-02   2.6625250e-02   1.7574297e-02
   2.0919167e+03   4.0341458e-02   2.6610998e-02   1.7549973e-02
   2.0920000e+03   4.0349913e-02   2.6594803e-02   1.7524934e-02
   2.0920833e+03   4.0356263e-02   2.6577630e-02   1.7499543e-02
   2.0921667e+03   4.0364367e-02   2.6561254e-02   1.7474464e-02
   2.0922500e+03   4.0376810e-02   2.6546860e-02   1.7450138e-02
   2.0923333e+03   4.0387786e-02   2.6531779e-02   1.7425568e-02
   2.0924167e+03   4.0386156e-02   2.6510916e-02   1.7398867e-02
   2.0925000e+03   4.0369820e-02   2.6483330e-02   1.7369695e-02
   2.0925833e+03   4.0345373e-02   2.6452049e-02   1.7339181e-02
   2.0926667e+03   4.0325302e-02   2.6422783e-02   1.7309439e-02
   2.0927500e+03   4.0322075e-02   2.6401207e-02   1.7282556e-02
   2.0928333e+03   4.0332547e-02   2.6385870e-02   1.7257987e-02
   2.0929167e+03   4.0345253e-02   2.6371537e-02   1.7233801e-02
   2.0930000e+03   4.0353892e-02   2.6355342e-02   1.7208945e-02
   2.0930833e+03   4.0360459e-02   2.6338198e-02   1.7183756e-02
   2.0931667e+03   4.0368752e-02   2.6321828e-02   1.7158864e-02
   2.0932500e+03   4.0381271e-02   2.6307361e-02   1.7134681e-02
   2.0933333e+03   4.0392103e-02   2.6292118e-02   1.7110228e-02
   2.0934167e+03   4.0390073e-02   2.6271056e-02   1.7083676e-02
   2.0935000e+03   4.0373151e-02   2.6243280e-02   1.7054708e-02
   2.0935833e+03   4.0348033e-02   2.6211823e-02   1.7024433e-02
   2.0936667e+03   4.0327337e-02   2.6182374e-02   1.6994911e-02
   2.0937500e+03   4.0323687e-02   2.6160603e-02   1.6968186e-02
   2.0938333e+03   4.0333999e-02   2.6145103e-02   1.6943740e-02
   2.0939167e+03   4.0346764e-02   2.6130692e-02   1.6919699e-02
   2.0940000e+03   4.0355582e-02   2.6114500e-02   1.6895032e-02
   2.0940833e+03   4.0362362e-02   2.6097386e-02   1.6870050e-02
   2.0941667e+03   4.0370842e-02   2.6081024e-02   1.6845352e-02
   2.0942500e+03   4.0383431e-02   2.6066487e-02   1.6821320e-02
   2.0943333e+03   4.0394113e-02   2.6051086e-02   1.6796994e-02
   2.0944167e+03   4.0391678e-02   2.6029834e-02   1.6770602e-02
   2.0945000e+03   4.0374165e-02   2.6001878e-02   1.6741849e-02
   2.0945833e+03   4.0348370e-02   2.5970255e-02   1.6711823e-02
   2.0946667e+03   4.0327043e-02   2.5940633e-02   1.6682533e-02
   2.0947500e+03   4.0322966e-02   2.5918674e-02   1.6655977e-02
   2.0948333e+03   4.0333111e-02   2.5903017e-02   1.6631662e-02
   2.0949167e+03   4.0345930e-02   2.5888532e-02   1.6607775e-02
   2.0950000e+03   4.0354925e-02   2.5872344e-02   1.6583303e-02
   2.0950833e+03   4.0361914e-02   2.5855262e-02   1.6558533e-02
   2.0951667e+03   4.0370576e-02   2.5838909e-02   1.6534034e-02
   2.0952500e+03   4.0383231e-02   2.5824305e-02   1.6510161e-02
   2.0953333e+03   4.0393758e-02   2.5808753e-02   1.6485971e-02
   2.0954167e+03   4.0390911e-02   2.5787318e-02   1.6459749e-02
   2.0955000e+03   4.0372802e-02   2.5759192e-02   1.6431223e-02
   2.0955833e+03   4.0346325e-02   2.5727412e-02   1.6401456e-02
   2.0956667e+03   4.0324362e-02   2.5697627e-02   1.6372408e-02
   2.0957500e+03   4.0319851e-02   2.5675490e-02   1.6346031e-02
   2.0958333e+03   4.0329824e-02   2.5659680e-02   1.6321858e-02
   2.0959167e+03   4.0342693e-02   2.5645124e-02   1.6298131e-02
   2.0960000e+03   4.0351860e-02   2.5628942e-02   1.6273860e-02
   2.0960833e+03   4.0359055e-02   2.5611893e-02   1.6249307e-02
   2.0961667e+03   4.0367895e-02   2.5595552e-02   1.6225013e-02
   2.0962500e+03   4.0380613e-02   2.5580885e-02   1.6201307e-02
   2.0963333e+03   4.0390978e-02   2.5565186e-02   1.6177263e-02
   2.0964167e+03   4.0387715e-02   2.5543577e-02   1.6151221e-02
   2.0965000e+03   4.0369003e-02   2.5515289e-02   1.6122931e-02
   2.0965833e+03   4.0341840e-02   2.5483364e-02   1.6093434e-02
   2.0966667e+03   4.0319235e-02   2.5453426e-02   1.6064638e-02
   2.0967500e+03   4.0314286e-02   2.5431117e-02   1.6038450e-02
   2.0968333e+03   4.0324081e-02   2.5415161e-02   1.6014427e-02
   2.0969167e+03   4.0336994e-02   2.5400537e-02   1.5990869e-02
   2.0970000e+03   4.0346329e-02   2.5384363e-02   1.5966804e-02
   2.0970833e+03   4.0353727e-02   2.5367350e-02   1.5942474e-02
   2.0971667e+03   4.0362742e-02   2.5351022e-02   1.5918390e-02
   2.0972500e+03   4.0375516e-02   2.5336295e-02   1.5894856e-02
   2.0973333e+03   4.0385715e-02   2.5320455e-02   1.5870967e-02
   2.0974167e+03   4.0382029e-02   2.5298678e-02   1.5845116e-02
   2.0975000e+03   4.0362710e-02   2.5270239e-02   1.5817072e-02
   2.0975833e+03   4.0334855e-02   2.5238178e-02   1.5787853e-02
   2.0976667e+03   4.0311604e-02   2.5208097e-02   1.5759320e-02
   2.0977500e+03   4.0306210e-02   2.5185625e-02   1.5733330e-02
   2.0978333e+03   4.0315822e-02   2.5169528e-02   1.5709467e-02
   2.0979167e+03   4.0328775e-02   2.5154840e-02   1.5686084e-02
   2.0980000e+03   4.0338274e-02   2.5138676e-02   1.5662231e-02
   2.0980833e+03   4.0345871e-02   2.5121700e-02   1.5638128e-02
   2.0981667e+03   4.0355056e-02   2.5105387e-02   1.5614259e-02
   2.0982500e+03   4.0367882e-02   2.5090603e-02   1.5590906e-02
   2.0983333e+03   4.0377909e-02   2.5074627e-02   1.5567179e-02
   2.0984167e+03   4.0373795e-02   2.5052692e-02   1.5541529e-02
   2.0985000e+03   4.0353864e-02   2.5024111e-02   1.5513740e-02
   2.0985833e+03   4.0325312e-02   2.4991925e-02   1.5484809e-02
   2.0986667e+03   4.0301410e-02   2.4961711e-02   1.5456547e-02
   2.0987500e+03   4.0295566e-02   2.4939083e-02   1.5430765e-02
   2.0988333e+03   4.0304990e-02   2.4922851e-02   1.5407070e-02
   2.0989167e+03   4.0317978e-02   2.4908102e-02   1.5383869e-02
   2.0990000e+03   4.0327636e-02   2.4891950e-02   1.5360233e-02
   2.0990833e+03   4.0335429e-02   2.4875012e-02   1.5336361e-02
   2.0991667e+03   4.0344780e-02   2.4858717e-02   1.5312713e-02
   2.0992500e+03   4.0357654e-02   2.4843879e-02   1.5289546e-02
   2.0993333e+03   4.0367503e-02   2.4827774e-02   1.5265991e-02
   2.0994167e+03   4.0362956e-02   2.4805687e-02   1.5240550e-02
   2.0995000e+03   4.0342407e-02   2.4776973e-02   1.5213026e-02
   2.0995833e+03   4.0313154e-02   2.4744672e-02   1.5184391e-02
   2.0996667e+03   4.0288596e-02   2.4714335e-02   1.5156409e-02
   2.0997500e+03   4.0282297e-02   2.4691560e-02   1.5130844e-02
   2.0998333e+03   4.0291526e-02   2.4675199e-02   1.5107326e-02
   2.0999167e+03   4.0304544e-02   2.4660392e-02   1.5084313e-02
   2.1000000e+03   4.0314358e-02   2.4644255e-02   1.5060899e-02
   2.1000833e+03   4.0322342e-02   2.4627357e-02   1.5037263e-02
   2.1001667e+03   4.0331856e-02   2.4611082e-02   1.5013839e-02
   2.1002500e+03   4.0344771e-02   2.4596193e-02   1.4990866e-02
   2.1003333e+03   4.0354437e-02   2.4579963e-02   1.4967491e-02
   2.1004167e+03   4.0349451e-02   2.4557733e-02   1.4942267e-02
   2.1005000e+03   4.0328281e-02   2.4528896e-02   1.4915016e-02
   2.1005833e+03   4.0298322e-02   2.4496491e-02   1.4886686e-02
   2.1006667e+03   4.0273104e-02   2.4466040e-02   1.4858992e-02
   2.1007500e+03   4.0266344e-02   2.4443126e-02   1.4833653e-02
   2.1008333e+03   4.0275374e-02   2.4426641e-02   1.4810319e-02
   2.1009167e+03   4.0288416e-02   2.4411779e-02   1.4787501e-02
