   2.0000000e+03   1.0000000e+00   1.0000000e+00   1.0000000e+00
   2.0000833e+03   1.0000000e+00   1.0000000e+00   1.0000000e+00
   2.0001667e+03   1.0000000e+00   1.0000000e+00   1.0000000e+00
   2.0002500e+03   1.0000000e+00   1.0000000e+00   1.0000000e+00
   2.0003333e+03   1.0000000e+00   1.0000000e+00   1.0000000e+00
   2.0004167e+03   1.0000000e+00   1.0000000e+00   1.0000000e+00
   2.0005000e+03   1.0000000e+00   1.0000000e+00   1.0000000e+00
   2.0005833e+03   1.0000000e+00   1.0000000e+00   1.0000000e+00
   2.0006667e+03   1.0000000e+00   1.0000000e+00   1.0000000e+00
   2.0007500e+03   1.0000000e+00   1.0000000e+00   1.0000000e+00
   2.0008333e+03   1.0000000e+00   1.0000000e+00   1.0000000e+00
   2.0009167e+03   1.0000000e+00   1.0000000e+00   1.0000000e+00
   2.0010000e+03   9.9994278e-01   9.9994224e-01   9.9994171e-01
   2.0010833e+03   9.9981399e-01   9.9981241e-01   9.9981084e-01
   2.0011667e+03   9.9969133e-01   9.9968819e-01   9.9968505e-01
   2.0012500e+03   9.9961869e-01   9.9961343e-01   9.9960816e-01
   2.0013333e+03   9.9964812e-01   9.9964008e-01   9.9963204e-01
   2.0014167e+03   9.9972851e-01   9.9971707e-01   9.9970563e-01
   2.0015000e+03   9.9980496e-01   9.9978957e-01   9.9977417e-01
   2.0015833e+03   9.9985389e-01   9.9983401e-01   9.9981414e-01
   2.0016667e+03   9.9986769e-01   9.9984285e-01   9.9981800e-01
   2.0017500e+03   9.9989096e-01   9.9986057e-01   9.9983018e-01
   2.0018333e+03   9.9996827e-01   9.9993165e-01   9.9989503e-01
   2.0019167e+03   1.0000120e+00   9.9996868e-01   9.9992535e-01
   2.0020000e+03   9.9995828e-01   9.9990796e-01   9.9985764e-01
   2.0020833e+03   9.9983375e-01   9.9977612e-01   9.9971849e-01
   2.0021667e+03   9.9971528e-01   9.9964980e-01   9.9958433e-01
   2.0022500e+03   9.9964632e-01   9.9957228e-01   9.9949826e-01
   2.0023333e+03   9.9967791e-01   9.9959441e-01   9.9951091e-01
   2.0024167e+03   9.9975845e-01   9.9966472e-01   9.9957099e-01
   2.0025000e+03   9.9983423e-01   9.9972971e-01   9.9962521e-01
   2.0025833e+03   9.9988131e-01   9.9976557e-01   9.9964985e-01
   2.0026667e+03   4.9994621e-01   4.9988254e-01   4.9981887e-01
   2.0027500e+03   4.9995660e-01   4.9988681e-01   4.9981703e-01
   2.0028333e+03   4.9999496e-01   4.9991863e-01   4.9984231e-01
   2.0029167e+03   5.0001775e-01   4.9993469e-01   4.9985163e-01
   2.0030000e+03   4.9999261e-01   4.9990280e-01   4.9981300e-01
   2.0030833e+03   4.9993245e-01   4.9983582e-01   4.9973921e-01
   2.0031667e+03   4.9987529e-01   4.9977157e-01   4.9966787e-01
   2.0032500e+03   4.9984262e-01   4.9973139e-01   4.9962017e-01
   2.0033333e+03   4.9985948e-01   4.9974013e-01   4.9962081e-01
   2.0034167e+03   4.9989980e-01   4.9977190e-01   4.9964402e-01
   2.0035000e+03   4.9993733e-01   4.9980060e-01   4.9966391e-01
   2.0035833e+03   4.9995992e-01   4.9981419e-01   4.9966850e-01
   2.0036667e+03   4.9996411e-01   4.9980924e-01   4.9965441e-01
   2.0037500e+03   4.9997323e-01   4.9980889e-01   4.9964460e-01
   2.0038333e+03   5.0001125e-01   4.9983693e-01   4.9966267e-01
   2.0039167e+03   5.0003495e-01   4.9985048e-01   4.9966608e-01
   2.0040000e+03   5.0001151e-01   4.9981701e-01   4.9962259e-01
   2.0040833e+03   4.9995343e-01   4.9974894e-01   4.9954452e-01
   2.0041667e+03   4.9989833e-01   4.9968355e-01   4.9946885e-01
   2.0042500e+03   4.9986746e-01   4.9964189e-01   4.9941642e-01
   2.0043333e+03   4.9988535e-01   4.9964827e-01   4.9941130e-01
   2.0044167e+03   4.9992570e-01   4.9967660e-01   4.9942762e-01
   2.0045000e+03   4.9996284e-01   4.9970146e-01   4.9944021e-01
   2.0045833e+03   4.9998446e-01   4.9971067e-01   4.9943704e-01
   2.0046667e+03   4.9998725e-01   4.9970097e-01   4.9941485e-01
   2.0047500e+03   4.9999508e-01   4.9969597e-01   4.9939703e-01
   2.0048333e+03   5.0003274e-01   4.9972019e-01   4.9940783e-01
   2.0049167e+03   5.0005732e-01   4.9973118e-01   4.9940525e-01
   2.0050000e+03   5.0003556e-01   4.9969609e-01   4.9935684e-01
   2.0050833e+03   4.9997955e-01   4.9962686e-01   4.9927442e-01
   2.0051667e+03   4.9992648e-01   4.9956029e-01   4.9919435e-01
   2.0052500e+03   4.9989738e-01   4.9951711e-01   4.9913713e-01
   2.0053333e+03   4.9991629e-01   4.9952108e-01   4.9912618e-01
   2.0054167e+03   4.9995664e-01   4.9954592e-01   4.9913554e-01
   2.0055000e+03   4.9999336e-01   4.9956690e-01   4.9914079e-01
   2.0055833e+03   5.0001398e-01   4.9957169e-01   4.9912978e-01
   2.0056667e+03   5.0001535e-01   4.9955721e-01   4.9909947e-01
   2.0057500e+03   5.0002185e-01   4.9954750e-01   4.9907359e-01
   2.0058333e+03   5.0005914e-01   4.9956787e-01   4.9907706e-01
   2.0059167e+03   5.0008457e-01   4.9957624e-01   4.9906843e-01
   2.0060000e+03   5.0006447e-01   4.9953948e-01   4.9901503e-01
   2.0060833e+03   5.0001050e-01   4.9946906e-01   4.9892820e-01
   2.0061667e+03   4.9995945e-01   4.9940125e-01   4.9884367e-01
   2.0062500e+03   4.9993209e-01   4.9935651e-01   4.9878158e-01
   2.0063333e+03   4.9995200e-01   4.9935802e-01   4.9876473e-01
   2.0064167e+03   4.9999232e-01   4.9937933e-01   4.9876708e-01
   2.0065000e+03   5.0002861e-01   4.9939638e-01   4.9876493e-01
   2.0065833e+03   5.0004821e-01   4.9939671e-01   4.9874605e-01
   2.0066667e+03   5.0004812e-01   4.9937741e-01   4.9870757e-01
   2.0067500e+03   5.0005327e-01   4.9936296e-01   4.9867359e-01
   2.0068333e+03   5.0009016e-01   4.9937943e-01   4.9866968e-01
   2.0069167e+03   5.0011641e-01   4.9938515e-01   4.9865493e-01
   2.0070000e+03   5.0009796e-01   4.9934666e-01   4.9859648e-01
   2.0070833e+03   5.0004601e-01   4.9927501e-01   4.9850518e-01
   2.0071667e+03   4.9999695e-01   4.9920592e-01   4.9841613e-01
   2.0072500e+03   4.9997133e-01   4.9915957e-01   4.9834911e-01
   2.0073333e+03   4.9999220e-01   4.9915857e-01   4.9832630e-01
   2.0074167e+03   5.0003248e-01   4.9917631e-01   4.9832157e-01
   2.0075000e+03   5.0006830e-01   4.9918938e-01   4.9831197e-01
   2.0075833e+03   5.0008685e-01   4.9918522e-01   4.9828519e-01
   2.0076667e+03   5.0008528e-01   4.9916106e-01   4.9823851e-01
   2.0077500e+03   5.0008905e-01   4.9914184e-01   4.9819639e-01
   2.0078333e+03   5.0012551e-01   4.9915435e-01   4.9818506e-01
   2.0079167e+03   5.0015257e-01   4.9915738e-01   4.9816413e-01
   2.0080000e+03   5.0013574e-01   4.9911713e-01   4.9810056e-01
   2.0080833e+03   5.0008579e-01   4.9904419e-01   4.9800472e-01
   2.0081667e+03   5.0003870e-01   4.9897378e-01   4.9791109e-01
   2.0082500e+03   5.0001478e-01   4.9892577e-01   4.9783909e-01
   2.0083333e+03   5.0003661e-01   4.9892221e-01   4.9781026e-01
   2.0084167e+03   5.0007681e-01   4.9893633e-01   4.9779841e-01
   2.0085000e+03   5.0011214e-01   4.9894538e-01   4.9778131e-01
   2.0085833e+03   5.0012961e-01   4.9893669e-01   4.9774657e-01
   2.0086667e+03   5.0012654e-01   4.9890764e-01   4.9769167e-01
   2.0087500e+03   5.0012891e-01   4.9888362e-01   4.9764139e-01
   2.0088333e+03   5.0016491e-01   4.9889214e-01   4.9762258e-01
   2.0089167e+03   5.0019276e-01   4.9889242e-01   4.9759542e-01
   2.0090000e+03   5.0017752e-01   4.9885036e-01   4.9752667e-01
   2.0090833e+03   5.0012955e-01   4.9877609e-01   4.9742625e-01
   2.0091667e+03   5.0008441e-01   4.9870432e-01   4.9732798e-01
   2.0092500e+03   5.0006218e-01   4.9865460e-01   4.9725093e-01
   2.0093333e+03   5.0008493e-01   4.9864844e-01   4.9721602e-01
   2.0094167e+03   5.0012504e-01   4.9865890e-01   4.9719700e-01
   2.0095000e+03   5.0015986e-01   4.9866390e-01   4.9717236e-01
   2.0095833e+03   5.0017622e-01   4.9865063e-01   4.9712965e-01
   2.0096667e+03   5.0017161e-01   4.9861667e-01   4.9706650e-01
   2.0097500e+03   5.0017254e-01   4.9858781e-01   4.9700803e-01
   2.0098333e+03   5.0020806e-01   4.9859230e-01   4.9698169e-01
   2.0099167e+03   5.0023667e-01   4.9858978e-01   4.9694824e-01
   2.0100000e+03   5.0022301e-01   4.9854586e-01   4.9687427e-01
   2.0100833e+03   5.0017700e-01   4.9847023e-01   4.9676921e-01
   2.0101667e+03   5.0013380e-01   4.9839704e-01   4.9666624e-01
   2.0102500e+03   5.0011323e-01   4.9834558e-01   4.9658410e-01
   2.0103333e+03   5.0013688e-01   4.9833677e-01   4.9654306e-01
   2.0104167e+03   5.0017687e-01   4.9834353e-01   4.9651682e-01
   2.0105000e+03   5.0021115e-01   4.9834443e-01   4.9648460e-01
   2.0105833e+03   5.0022638e-01   4.9832656e-01   4.9643388e-01
   2.0106667e+03   5.0022021e-01   4.9828764e-01   4.9636246e-01
   2.0107500e+03   5.0021968e-01   4.9825391e-01   4.9629578e-01
   2.0108333e+03   5.0025469e-01   4.9825434e-01   4.9626190e-01
   2.0109167e+03   5.0028404e-01   4.9824898e-01   4.9622211e-01
   2.0110000e+03   5.0027193e-01   4.9820316e-01   4.9614285e-01
   2.0110833e+03   5.0022786e-01   4.9812611e-01   4.9603309e-01
   2.0111667e+03   5.0018657e-01   4.9805147e-01   4.9592539e-01
   2.0112500e+03   5.0016765e-01   4.9799821e-01   4.9583809e-01
   2.0113333e+03   5.0019218e-01   4.9798671e-01   4.9579087e-01
   2.0114167e+03   5.0023202e-01   4.9798973e-01   4.9575737e-01
   2.0115000e+03   5.0026573e-01   4.9798650e-01   4.9571755e-01
   2.0115833e+03   5.0027980e-01   4.9796399e-01   4.9565879e-01
   2.0116667e+03   5.0027204e-01   4.9792009e-01   4.9557910e-01
   2.0117500e+03   5.0027002e-01   4.9788146e-01   4.9550419e-01
   2.0118333e+03   5.0030450e-01   4.9787778e-01   4.9546272e-01
   2.0119167e+03   5.0033457e-01   4.9786955e-01   4.9541654e-01
   2.0120000e+03   5.0032399e-01   4.9782178e-01   4.9533196e-01
   2.0120833e+03   5.0028184e-01   4.9774327e-01   4.9521746e-01
   2.0121667e+03   5.0024243e-01   4.9766713e-01   4.9510496e-01
   2.0122500e+03   5.0022514e-01   4.9761204e-01   4.9501246e-01
   2.0123333e+03   5.0025052e-01   4.9759780e-01   4.9495901e-01
   2.0124167e+03   5.0029020e-01   4.9759703e-01   4.9491823e-01
   2.0125000e+03   5.0032331e-01   4.9758964e-01   4.9487076e-01
   2.0125833e+03   5.0033620e-01   4.9756246e-01   4.9480396e-01
   2.0126667e+03   2.5016341e-01   2.4875678e-01   2.4735799e-01
   2.0127500e+03   2.5016164e-01   2.4873500e-01   2.4731641e-01
   2.0128333e+03   2.5017860e-01   2.4873109e-01   2.4729187e-01
   2.0129167e+03   2.5019398e-01   2.4872551e-01   2.4726557e-01
   2.0130000e+03   2.5018945e-01   2.4870063e-01   2.4722059e-01
   2.0130833e+03   2.5016932e-01   2.4866063e-01   2.4716094e-01
   2.0131667e+03   2.5015055e-01   2.4862179e-01   2.4710228e-01
   2.0132500e+03   2.5014271e-01   2.4859330e-01   2.4705341e-01
   2.0133333e+03   2.5015582e-01   2.4858479e-01   2.4702355e-01
   2.0134167e+03   2.5017556e-01   2.4858250e-01   2.4699949e-01
   2.0135000e+03   2.5019181e-01   2.4857670e-01   2.4697193e-01
   2.0135833e+03   2.5019764e-01   2.4856076e-01   2.4693449e-01
   2.0136667e+03   2.5019212e-01   2.4853379e-01   2.4688635e-01
   2.0137500e+03   2.5018959e-01   2.4850953e-01   2.4684066e-01
   2.0138333e+03   2.5020625e-01   2.4850353e-01   2.4681230e-01
   2.0139167e+03   2.5022197e-01   2.4849647e-01   2.4678277e-01
   2.0140000e+03   2.5021818e-01   2.4847058e-01   2.4673507e-01
   2.0140833e+03   2.5019900e-01   2.4842980e-01   2.4667302e-01
   2.0141667e+03   2.5018115e-01   2.4839017e-01   2.4661191e-01
   2.0142500e+03   2.5017409e-01   2.4836073e-01   2.4656039e-01
   2.0143333e+03   2.5018761e-01   2.4835081e-01   2.4652738e-01
   2.0144167e+03   2.5020724e-01   2.4834658e-01   2.4649965e-01
   2.0145000e+03   2.5022316e-01   2.4833866e-01   2.4646824e-01
   2.0145833e+03   2.5022838e-01   2.4832036e-01   2.4642677e-01
   2.0146667e+03   2.5022202e-01   2.4829086e-01   2.4637449e-01
   2.0147500e+03   2.5021870e-01   2.4826411e-01   2.4632468e-01
   2.0148333e+03   2.5023506e-01   2.4825601e-01   2.4629248e-01
   2.0149167e+03   2.5025110e-01   2.4824744e-01   2.4625970e-01
   2.0150000e+03   2.5024805e-01   2.4822052e-01   2.4620928e-01
   2.0150833e+03   2.5022979e-01   2.4817895e-01   2.4614478e-01
   2.0151667e+03   2.5021286e-01   2.4813851e-01   2.4608122e-01
   2.0152500e+03   2.5020658e-01   2.4810808e-01   2.4602704e-01
   2.0153333e+03   2.5022049e-01   2.4809673e-01   2.4599086e-01
   2.0154167e+03   2.5024000e-01   2.4809056e-01   2.4595944e-01
   2.0155000e+03   2.5025559e-01   2.4808050e-01   2.4592418e-01
   2.0155833e+03   2.5026017e-01   2.4805982e-01   2.4587868e-01
   2.0156667e+03   2.5025296e-01   2.4802779e-01   2.4582225e-01
   2.0157500e+03   2.5024884e-01   2.4799854e-01   2.4576832e-01
   2.0158333e+03   2.5026488e-01   2.4798831e-01   2.4573229e-01
   2.0159167e+03   2.5028124e-01   2.4797822e-01   2.4569624e-01
   2.0160000e+03   2.5027890e-01   2.4795023e-01   2.4564307e-01
   2.0160833e+03   2.5026156e-01   2.4790786e-01   2.4557612e-01
   2.0161667e+03   2.5024553e-01   2.4786658e-01   2.4551008e-01
   2.0162500e+03   2.5024003e-01   2.4783515e-01   2.4545322e-01
   2.0163333e+03   2.5025432e-01   2.4782235e-01   2.4541385e-01
   2.0164167e+03   2.5027369e-01   2.4781422e-01   2.4537874e-01
   2.0165000e+03   2.5028893e-01   2.4780201e-01   2.4533963e-01
   2.0165833e+03   2.5029286e-01   2.4777894e-01   2.4529009e-01
   2.0166667e+03   2.5028479e-01   2.4774435e-01   2.4522952e-01
   2.0167500e+03   2.5027985e-01   2.4771259e-01   2.4517147e-01
   2.0168333e+03   2.5029557e-01   2.4770023e-01   2.4513161e-01
   2.0169167e+03   2.5031222e-01   2.4768859e-01   2.4509227e-01
   2.0170000e+03   2.5031060e-01   2.4765953e-01   2.4503634e-01
   2.0170833e+03   2.5029417e-01   2.4761632e-01   2.4496693e-01
   2.0171667e+03   2.5027903e-01   2.4757420e-01   2.4489839e-01
   2.0172500e+03   2.5027428e-01   2.4754174e-01   2.4483884e-01
   2.0173333e+03   2.5028895e-01   2.4752748e-01   2.4479627e-01
   2.0174167e+03   2.5030817e-01   2.4751736e-01   2.4475745e-01
   2.0175000e+03   2.5032305e-01   2.4750299e-01   2.4471448e-01
   2.0175833e+03   2.5032632e-01   2.4747751e-01   2.4466091e-01
   2.0176667e+03   2.5031737e-01   2.4744037e-01   2.4459621e-01
   2.0177500e+03   2.5031160e-01   2.4740608e-01   2.4453406e-01
   2.0178333e+03   2.5032697e-01   2.4739156e-01   2.4449035e-01
   2.0179167e+03   2.5034391e-01   2.4737837e-01   2.4444772e-01
   2.0180000e+03   2.5034299e-01   2.4734821e-01   2.4438902e-01
   2.0180833e+03   2.5032746e-01   2.4730415e-01   2.4431712e-01
   2.0181667e+03   2.5031320e-01   2.4726115e-01   2.4424608e-01
   2.0182500e+03   2.5030920e-01   2.4722766e-01   2.4418381e-01
   2.0183333e+03   2.5032423e-01   2.4721190e-01   2.4413803e-01
   2.0184167e+03   2.5034329e-01   2.4719979e-01   2.4409551e-01
   2.0185000e+03   2.5035780e-01   2.4718324e-01   2.4404868e-01
   2.0185833e+03   2.5036039e-01   2.4715535e-01   2.4399108e-01
   2.0186667e+03   2.5035054e-01   2.4711563e-01   2.4392226e-01
   2.0187500e+03   2.5034393e-01   2.4707881e-01   2.4385601e-01
   2.0188333e+03   2.5035895e-01   2.4706213e-01   2.4380846e-01
   2.0189167e+03   2.5037616e-01   2.4704736e-01   2.4376254e-01
   2.0190000e+03   2.5037594e-01   2.4701608e-01   2.4370104e-01
   2.0190833e+03   2.5036129e-01   2.4697115e-01   2.4362664e-01
   2.0191667e+03   2.5034791e-01   2.4692727e-01   2.4355308e-01
   2.0192500e+03   2.5034464e-01   2.4689271e-01   2.4348809e-01
   2.0193333e+03   2.5036002e-01   2.4687545e-01   2.4343909e-01
   2.0194167e+03   2.5037891e-01   2.4686132e-01   2.4339286e-01
   2.0195000e+03   2.5039302e-01   2.4684258e-01   2.4334217e-01
   2.0195833e+03   2.5039492e-01   2.4681226e-01   2.4328055e-01
   2.0196667e+03   2.5038417e-01   2.4676997e-01   2.4320763e-01
   2.0197500e+03   2.5037670e-01   2.4673061e-01   2.4313730e-01
   2.0198333e+03   2.5039135e-01   2.4671175e-01   2.4308591e-01
   2.0199167e+03   2.5040883e-01   2.4669538e-01   2.4303668e-01
   2.0200000e+03   2.5040928e-01   2.4666297e-01   2.4297238e-01
   2.0200833e+03   2.5039551e-01   2.4661715e-01   2.4289548e-01
   2.0201667e+03   2.5038299e-01   2.4657236e-01   2.4281939e-01
   2.0202500e+03   2.5038045e-01   2.4653672e-01   2.4275166e-01
   2.0203333e+03   2.5039616e-01   2.4651793e-01   2.4269943e-01
   2.0204167e+03   2.5041486e-01   2.4650178e-01   2.4264950e-01
   2.0205000e+03   2.5042858e-01   2.4648083e-01   2.4259495e-01
   2.0205833e+03   2.5042978e-01   2.4644808e-01   2.4252933e-01
   2.0206667e+03   2.5041810e-01   2.4640321e-01   2.4245232e-01
   2.0207500e+03   2.5040976e-01   2.4636130e-01   2.4237792e-01
   2.0208333e+03   2.5042402e-01   2.4634024e-01   2.4232269e-01
   2.0209167e+03   2.5044176e-01   2.4632226e-01   2.4227015e-01
   2.0210000e+03   2.5044288e-01   2.4628870e-01   2.4220304e-01
   2.0210833e+03   2.5042998e-01   2.4624197e-01   2.4212362e-01
   2.0211667e+03   2.5041830e-01   2.4619625e-01   2.4204499e-01
   2.0212500e+03   2.5041648e-01   2.4615952e-01   2.4197453e-01
   2.0213333e+03   2.5043252e-01   2.4613919e-01   2.4191906e-01
   2.0214167e+03   2.5045102e-01   2.4612099e-01   2.4186542e-01
   2.0215000e+03   2.5046432e-01   2.4609782e-01   2.4180703e-01
   2.0215833e+03   2.5046481e-01   2.4606263e-01   2.4173741e-01
   2.0216667e+03   2.5045219e-01   2.4601517e-01   2.4165634e-01
   2.0217500e+03   2.5044296e-01   2.4597070e-01   2.4157789e-01
   2.0218333e+03   2.5045683e-01   2.4594745e-01   2.4151882e-01
   2.0219167e+03   2.5047481e-01   2.4592783e-01   2.4146297e-01
   2.0220000e+03   2.5047659e-01   2.4589310e-01   2.4139305e-01
   2.0220833e+03   2.5046454e-01   2.4584545e-01   2.4131110e-01
   2.0221667e+03   2.5045371e-01   2.4579878e-01   2.4122992e-01
   2.0222500e+03   2.5045259e-01   2.4576094e-01   2.4115671e-01
   2.0223333e+03   2.5046894e-01   2.4573905e-01   2.4109802e-01
   2.0224167e+03   2.5048723e-01   2.4571880e-01   2.4104067e-01
   2.0225000e+03   2.5050010e-01   2.4569340e-01   2.4097845e-01
   2.0225833e+03   2.5049985e-01   2.4565575e-01   2.4090485e-01
   2.0226667e+03   1.2524314e-01   1.2280285e-01   1.2040986e-01
   2.0227500e+03   1.2523808e-01   1.2277934e-01   1.2036862e-01
   2.0228333e+03   1.2524481e-01   1.2276660e-01   1.2033718e-01
   2.0229167e+03   1.2525391e-01   1.2275597e-01   1.2030760e-01
   2.0230000e+03   1.2525512e-01   1.2273801e-01   1.2027123e-01
   2.0230833e+03   1.2524952e-01   1.2271371e-01   1.2022899e-01
   2.0231667e+03   1.2524452e-01   1.2268990e-01   1.2018712e-01
   2.0232500e+03   1.2524431e-01   1.2267041e-01   1.2014914e-01
   2.0233333e+03   1.2525264e-01   1.2265868e-01   1.2011818e-01
   2.0234167e+03   1.2526167e-01   1.2264752e-01   1.2008766e-01
   2.0235000e+03   1.2526789e-01   1.2263370e-01   1.2005464e-01
   2.0235833e+03   1.2526739e-01   1.2261365e-01   1.2001586e-01
   2.0236667e+03   1.2526012e-01   1.2258732e-01   1.1997128e-01
   2.0237500e+03   1.2525460e-01   1.2256253e-01   1.1992804e-01
   2.0238333e+03   1.2526112e-01   1.2254868e-01   1.1989470e-01
   2.0239167e+03   1.2527033e-01   1.2253722e-01   1.1986345e-01
   2.0240000e+03   1.2527186e-01   1.2251866e-01   1.1982567e-01
   2.0240833e+03   1.2526668e-01   1.2249388e-01   1.1978217e-01
   2.0241667e+03   1.2526209e-01   1.2246958e-01   1.1973902e-01
   2.0242500e+03   1.2526222e-01   1.2244951e-01   1.1969967e-01
   2.0243333e+03   1.2527069e-01   1.2243699e-01   1.1966708e-01
   2.0244167e+03   1.2527960e-01   1.2242479e-01   1.1963472e-01
   2.0245000e+03   1.2528559e-01   1.2240984e-01   1.1959980e-01
   2.0245833e+03   1.2528471e-01   1.2238856e-01   1.1955905e-01
   2.0246667e+03   1.2527696e-01   1.2236094e-01   1.1951248e-01
   2.0247500e+03   1.2527097e-01   1.2233486e-01   1.1946724e-01
   2.0248333e+03   1.2527727e-01   1.2231989e-01   1.1943200e-01
   2.0249167e+03   1.2528659e-01   1.2230759e-01   1.1939911e-01
   2.0250000e+03   1.2528843e-01   1.2228842e-01   1.1935991e-01
   2.0250833e+03   1.2528367e-01   1.2226316e-01   1.1931515e-01
   2.0251667e+03   1.2527950e-01   1.2223838e-01   1.1927075e-01
   2.0252500e+03   1.2528000e-01   1.2221776e-01   1.1923003e-01
   2.0253333e+03   1.2528862e-01   1.2220444e-01   1.1919584e-01
   2.0254167e+03   1.2529739e-01   1.2219118e-01   1.1916163e-01
   2.0255000e+03   1.2530311e-01   1.2217507e-01   1.1912478e-01
   2.0255833e+03   1.2530177e-01   1.2215249e-01   1.1908201e-01
   2.0256667e+03   1.2529341e-01   1.2212347e-01   1.1903337e-01
   2.0257500e+03   1.2528685e-01   1.2209600e-01   1.1898607e-01
   2.0258333e+03   1.2529286e-01   1.2207986e-01   1.1894889e-01
   2.0259167e+03   1.2530230e-01   1.2206674e-01   1.1891436e-01
   2.0260000e+03   1.2530454e-01   1.2204703e-01   1.1887383e-01
   2.0260833e+03   1.2530032e-01   1.2202139e-01   1.1882789e-01
   2.0261667e+03   1.2529667e-01   1.2199621e-01   1.1878230e-01
   2.0262500e+03   1.2529760e-01   1.2197508e-01   1.1874028e-01
   2.0263333e+03   1.2530639e-01   1.2196098e-01   1.1870451e-01
   2.0264167e+03   1.2531499e-01   1.2194663e-01   1.1866842e-01
   2.0265000e+03   1.2532039e-01   1.2192931e-01   1.1862961e-01
   2.0265833e+03   1.2531854e-01   1.2190538e-01   1.1858478e-01
   2.0266667e+03   1.2530951e-01   1.2187490e-01   1.1853403e-01
   2.0267500e+03   1.2530231e-01   1.2184601e-01   1.1848463e-01
   2.0268333e+03   1.2530802e-01   1.2182866e-01   1.1844550e-01
   2.0269167e+03   1.2531757e-01   1.2181470e-01   1.1840933e-01
   2.0270000e+03   1.2532021e-01   1.2179444e-01   1.1836744e-01
   2.0270833e+03   1.2531650e-01   1.2176839e-01   1.1832032e-01
   2.0271667e+03   1.2531338e-01   1.2174280e-01   1.1827353e-01
   2.0272500e+03   1.2531472e-01   1.2172115e-01   1.1823020e-01
   2.0273333e+03   1.2532368e-01   1.2170626e-01   1.1819282e-01
   2.0274167e+03   1.2533209e-01   1.2169080e-01   1.1815486e-01
   2.0275000e+03   1.2533716e-01   1.2167226e-01   1.1811408e-01
   2.0275833e+03   1.2533477e-01   1.2164696e-01   1.1806720e-01
   2.0276667e+03   1.2532507e-01   1.2161502e-01   1.1801435e-01
   2.0277500e+03   1.2531723e-01   1.2158469e-01   1.1796286e-01
   2.0278333e+03   1.2532261e-01   1.2156613e-01   1.1792178e-01
   2.0279167e+03   1.2533227e-01   1.2155131e-01   1.1788395e-01
   2.0280000e+03   1.2533529e-01   1.2153048e-01   1.1784070e-01
   2.0280833e+03   1.2533210e-01   1.2150402e-01   1.1779238e-01
   2.0281667e+03   1.2532948e-01   1.2147798e-01   1.1774438e-01
   2.0282500e+03   1.2533124e-01   1.2145580e-01   1.1769971e-01
   2.0283333e+03   1.2534035e-01   1.2144010e-01   1.1766073e-01
   2.0284167e+03   1.2534856e-01   1.2142351e-01   1.1762088e-01
   2.0285000e+03   1.2535328e-01   1.2140374e-01   1.1757814e-01
   2.0285833e+03   1.2535035e-01   1.2137706e-01   1.1752922e-01
   2.0286667e+03   1.2533996e-01   1.2134366e-01   1.1747428e-01
   2.0287500e+03   1.2533146e-01   1.2131188e-01   1.1742070e-01
   2.0288333e+03   1.2533652e-01   1.2129209e-01   1.1737767e-01
   2.0289167e+03   1.2534627e-01   1.2127641e-01   1.1733818e-01
   2.0290000e+03   1.2534966e-01   1.2125499e-01   1.1729355e-01
   2.0290833e+03   1.2534698e-01   1.2122809e-01   1.1724402e-01
   2.0291667e+03   1.2534485e-01   1.2120161e-01   1.1719479e-01
   2.0292500e+03   1.2534702e-01   1.2117886e-01   1.1714878e-01
   2.0293333e+03   1.2535627e-01   1.2116233e-01   1.1710818e-01
   2.0294167e+03   1.2536427e-01   1.2114462e-01   1.1706645e-01
   2.0295000e+03   1.2536864e-01   1.2112360e-01   1.1702175e-01
   2.0295833e+03   1.2536515e-01   1.2109554e-01   1.1697079e-01
   2.0296667e+03   1.2535406e-01   1.2106066e-01   1.1691376e-01
   2.0297500e+03   1.2534489e-01   1.2102743e-01   1.1685812e-01
   2.0298333e+03   1.2534961e-01   1.2100641e-01   1.1681313e-01
   2.0299167e+03   1.2535944e-01   1.2098984e-01   1.1677197e-01
   2.0300000e+03   1.2536320e-01   1.2096781e-01   1.1672596e-01
   2.0300833e+03   1.2536102e-01   1.2094046e-01   1.1667521e-01
   2.0301667e+03   1.2535939e-01   1.2091353e-01   1.1662475e-01
   2.0302500e+03   1.2536196e-01   1.2089023e-01   1.1657741e-01
   2.0303333e+03   1.2537135e-01   1.2087286e-01   1.1653519e-01
   2.0304167e+03   1.2537911e-01   1.2085399e-01   1.1649157e-01
   2.0305000e+03   1.2538309e-01   1.2083169e-01   1.1644489e-01
   2.0305833e+03   1.2537898e-01   1.2080218e-01   1.1639185e-01
   2.0306667e+03   1.2536708e-01   1.2076575e-01   1.1633269e-01
   2.0307500e+03   1.2535714e-01   1.2073098e-01   1.1627492e-01
   2.0308333e+03   1.2536145e-01   1.2070867e-01   1.1622795e-01
   2.0309167e+03   1.2537137e-01   1.2069122e-01   1.1618515e-01
   2.0310000e+03   1.2537554e-01   1.2066863e-01   1.1613780e-01
   2.0310833e+03   1.2537393e-01   1.2064089e-01   1.1608589e-01
   2.0311667e+03   1.2537286e-01   1.2061355e-01   1.1603426e-01
   2.0312500e+03   1.2537589e-01   1.2058973e-01   1.1598562e-01
   2.0313333e+03   1.2538541e-01   1.2057153e-01   1.1594181e-01
   2.0314167e+03   1.2539290e-01   1.2055147e-01   1.1589629e-01
   2.0315000e+03   1.2539643e-01   1.2052785e-01   1.1584763e-01
   2.0315833e+03   1.2539163e-01   1.2049687e-01   1.1579250e-01
   2.0316667e+03   6.2689438e-02   6.0229425e-02   5.7865605e-02
   2.0317500e+03   6.2684061e-02   6.0211257e-02   5.7835659e-02
   2.0318333e+03   6.2685997e-02   6.0199450e-02   5.7811190e-02
   2.0319167e+03   6.2690991e-02   6.0190277e-02   5.7788967e-02
   2.0320000e+03   6.2693278e-02   6.0178699e-02   5.7764626e-02
   2.0320833e+03   6.2692753e-02   6.0164628e-02   5.7738096e-02
   2.0321667e+03   6.2692491e-02   6.0150749e-02   5.7711699e-02
   2.0322500e+03   6.2694224e-02   6.0138572e-02   5.7686739e-02
   2.0323333e+03   6.2699050e-02   6.0129054e-02   5.7664037e-02
   2.0324167e+03   6.2702648e-02   6.0118426e-02   5.7640343e-02
   2.0325000e+03   6.2704181e-02   6.0105959e-02   5.7615029e-02
   2.0325833e+03   6.2701431e-02   6.0089727e-02   5.7586437e-02
   2.0326667e+03   6.2694615e-02   6.0069923e-02   5.7554739e-02
   2.0327500e+03   6.2688820e-02   6.0050975e-02   5.7523749e-02
   2.0328333e+03   6.2690531e-02   6.0038515e-02   5.7498307e-02
   2.0329167e+03   6.2695553e-02   6.0028892e-02   5.7475271e-02
   2.0330000e+03   6.2698033e-02   6.0017023e-02   5.7450269e-02
   2.0330833e+03   6.2697782e-02   6.0002746e-02   5.7423165e-02
   2.0331667e+03   6.2697787e-02   5.9988654e-02   5.7396189e-02
   2.0332500e+03   6.2699732e-02   5.9976206e-02   5.7370589e-02
   2.0333333e+03   6.2704613e-02   5.9966264e-02   5.7347101e-02
   2.0334167e+03   6.2708057e-02   5.9955037e-02   5.7322479e-02
   2.0335000e+03   6.2709351e-02   5.9941911e-02   5.7296196e-02
   2.0335833e+03   6.2706241e-02   5.9924938e-02   5.7266591e-02
   2.0336667e+03   6.2698978e-02   5.9904341e-02   5.7233858e-02
   2.0337500e+03   6.2692757e-02   5.9884613e-02   5.7201839e-02
   2.0338333e+03   6.2694234e-02   5.9871499e-02   5.7175437e-02
   2.0339167e+03   6.2699277e-02   5.9861423e-02   5.7151595e-02
   2.0340000e+03   6.2701945e-02   5.9849259e-02   5.7125936e-02
   2.0340833e+03   6.2701959e-02   5.9834770e-02   5.7098263e-02
   2.0341667e+03   6.2702225e-02   5.9820460e-02   5.7070710e-02
   2.0342500e+03   6.2704375e-02   5.9807736e-02   5.7044476e-02
   2.0343333e+03   6.2709304e-02   5.9797366e-02   5.7020209e-02
   2.0344167e+03   6.2712587e-02   5.9785540e-02   5.6994670e-02
   2.0345000e+03   6.2713633e-02   5.9771752e-02   5.6967430e-02
   2.0345833e+03   6.2710155e-02   5.9754040e-02   5.6936827e-02
   2.0346667e+03   6.2702437e-02   5.9732652e-02   5.6903077e-02
   2.0347500e+03   6.2695781e-02   5.9712145e-02   5.6870046e-02
   2.0348333e+03   6.2697017e-02   5.9698376e-02   5.6842697e-02
   2.0349167e+03   6.2702072e-02   5.9687843e-02   5.6818056e-02
   2.0350000e+03   6.2704920e-02   5.9675380e-02   5.6791747e-02
   2.0350833e+03   6.2705195e-02   5.9660674e-02   5.6763509e-02
   2.0351667e+03   6.2705714e-02   5.9646141e-02   5.6735384e-02
   2.0352500e+03   6.2708063e-02   5.9633137e-02   5.6708519e-02
   2.0353333e+03   6.2713033e-02   5.9622335e-02   5.6683481e-02
   2.0354167e+03   6.2716146e-02   5.9609908e-02   5.6657037e-02
   2.0355000e+03   6.2716936e-02   5.9595458e-02   5.6628855e-02
   2.0355833e+03   6.2713082e-02   5.9577007e-02   5.6597270e-02
   2.0356667e+03   6.2704900e-02   5.9554830e-02   5.6562520e-02
   2.0357500e+03   6.2697801e-02   5.9533547e-02   5.6528495e-02
   2.0358333e+03   6.2698787e-02   5.9519122e-02   5.6500212e-02
   2.0359167e+03   6.2703848e-02   5.9508130e-02   5.6474783e-02
   2.0360000e+03   6.2706869e-02   5.9495362e-02   5.6447828e-02
   2.0360833e+03   6.2707397e-02   5.9480436e-02   5.6419029e-02
   2.0361667e+03   6.2708163e-02   5.9465675e-02   5.6390337e-02
   2.0362500e+03   6.2710704e-02   5.9452385e-02   5.6362848e-02
   2.0363333e+03   6.2715707e-02   5.9441149e-02   5.6337048e-02
   2.0364167e+03   6.2718643e-02   5.9428119e-02   5.6309711e-02
   2.0365000e+03   6.2719169e-02   5.9413007e-02   5.6280601e-02
   2.0365833e+03   6.2714930e-02   5.9393819e-02   5.6248051e-02
   2.0366667e+03   6.2706275e-02   5.9370855e-02   5.6212319e-02
   2.0367500e+03   6.2698724e-02   5.9348797e-02   5.6177318e-02
   2.0368333e+03   6.2699453e-02   5.9333717e-02   5.6148116e-02
   2.0369167e+03   6.2704512e-02   5.9322262e-02   5.6121907e-02
   2.0370000e+03   6.2707700e-02   5.9309187e-02   5.6094314e-02
   2.0370833e+03   6.2708474e-02   5.9294035e-02   5.6064959e-02
   2.0371667e+03   6.2709480e-02   5.9279041e-02   5.6035706e-02
   2.0372500e+03   6.2712206e-02   5.9265463e-02   5.6007599e-02
   2.0373333e+03   6.2717235e-02   5.9253790e-02   5.5981045e-02
   2.0374167e+03   6.2719985e-02   5.9240156e-02   5.5952829e-02
   2.0375000e+03   6.2720240e-02   5.9224382e-02   5.5922805e-02
   2.0375833e+03   6.2715607e-02   5.9204458e-02   5.5889308e-02
   2.0376667e+03   6.2706471e-02   5.9180710e-02   5.5852614e-02
   2.0377500e+03   6.2698460e-02   5.9157880e-02   5.5816657e-02
   2.0378333e+03   6.2698923e-02   5.9142144e-02   5.5786550e-02
   2.0379167e+03   6.2703972e-02   5.9130225e-02   5.5759572e-02
   2.0380000e+03   6.2707319e-02   5.9116838e-02   5.5731347e-02
   2.0380833e+03   6.2708334e-02   5.9101455e-02   5.5701442e-02
   2.0381667e+03   6.2709574e-02   5.9086225e-02   5.5671634e-02
   2.0382500e+03   6.2712477e-02   5.9072354e-02   5.5642916e-02
   2.0383333e+03   6.2717525e-02   5.9060241e-02   5.5615618e-02
   2.0384167e+03   6.2720081e-02   5.9046003e-02   5.5586537e-02
   2.0385000e+03   6.2720056e-02   5.9029568e-02   5.5555615e-02
   2.0385833e+03   6.2715022e-02   5.9008909e-02   5.5521188e-02
   2.0386667e+03   6.2705396e-02   5.8984381e-02   5.5483553e-02
   2.0387500e+03   6.2696916e-02   5.8960782e-02   5.5446659e-02
   2.0388333e+03   6.2697105e-02   5.8944391e-02   5.5415663e-02
   2.0389167e+03   6.2702137e-02   5.8932004e-02   5.5387926e-02
   2.0390000e+03   6.2705636e-02   5.8918302e-02   5.5359078e-02
   2.0390833e+03   6.2706885e-02   5.8902685e-02   5.5328630e-02
   2.0391667e+03   6.2708351e-02   5.8887215e-02   5.5298272e-02
   2.0392500e+03   6.2711426e-02   5.8873046e-02   5.5268951e-02
   2.0393333e+03   6.2716484e-02   5.8860491e-02   5.5240919e-02
   2.0394167e+03   6.2718839e-02   5.8845650e-02   5.5210988e-02
   2.0395000e+03   6.2718525e-02   5.8828553e-02   5.5179184e-02
   2.0395833e+03   6.2713081e-02   5.8807163e-02   5.5143847e-02
   2.0396667e+03   6.2702957e-02   5.8781858e-02   5.5105291e-02
   2.0397500e+03   6.2693999e-02   5.8757492e-02   5.5067480e-02
   2.0398333e+03   6.2693907e-02   5.8740447e-02   5.5035612e-02
   2.0399167e+03   6.2698914e-02   5.8727592e-02   5.5007127e-02
   2.0400000e+03   6.2702559e-02   5.8713570e-02   5.4977663e-02
   2.0400833e+03   6.2704033e-02   5.8697716e-02   5.4946679e-02
   2.0401667e+03   6.2705720e-02   5.8682001e-02   5.4915779e-02
   2.0402500e+03   6.2708959e-02   5.8667532e-02   5.4885863e-02
   2.0403333e+03   6.2714020e-02   5.8654532e-02   5.4857109e-02
   2.0404167e+03   6.2716166e-02   5.8639087e-02   5.4826341e-02
   2.0405000e+03   6.2715555e-02   5.8621331e-02   5.4793673e-02
   2.0405833e+03   6.2709692e-02   5.8599212e-02   5.4757445e-02
   2.0406667e+03   6.2699062e-02   5.8573133e-02   5.4717990e-02
   2.0407500e+03   6.2689618e-02   5.8548006e-02   5.4679283e-02
   2.0408333e+03   6.2689235e-02   5.8530307e-02   5.4646559e-02
   2.0409167e+03   6.2694210e-02   5.8516981e-02   5.4617340e-02
   2.0410000e+03   6.2697993e-02   5.8502638e-02   5.4587269e-02
   2.0410833e+03   6.2699688e-02   5.8486542e-02   5.4555755e-02
   2.0411667e+03   6.2701588e-02   5.8470578e-02   5.4524321e-02
   2.0412500e+03   6.2704984e-02   5.8455806e-02   5.4493818e-02
   2.0413333e+03   6.2710041e-02   5.8442360e-02   5.4464354e-02
   2.0414167e+03   6.2711969e-02   5.8426311e-02   5.4432766e-02
   2.0415000e+03   6.2711053e-02   5.8407897e-02   5.4399251e-02
   2.0415833e+03   6.2704764e-02   5.8385052e-02   5.4362152e-02
   2.0416667e+03   6.2693618e-02   5.8358205e-02   5.4321819e-02
   2.0417500e+03   6.2683680e-02   5.8332319e-02   5.4282239e-02
   2.0418333e+03   6.2682999e-02   5.8313969e-02   5.4248678e-02
   2.0419167e+03   6.2687934e-02   5.8300171e-02   5.4218735e-02
   2.0420000e+03   6.2691848e-02   5.8285503e-02   5.4188067e-02
   2.0420833e+03   6.2693756e-02   5.8269161e-02   5.4156032e-02
   2.0421667e+03   6.2695862e-02   5.8252946e-02   5.4124072e-02
   2.0422500e+03   6.2699408e-02   5.8237868e-02   5.4092991e-02
   2.0423333e+03   6.2704454e-02   5.8223974e-02   5.4062828e-02
   2.0424167e+03   6.2706156e-02   5.8207322e-02   5.4030437e-02
   2.0425000e+03   6.2704927e-02   5.8188252e-02   5.3996093e-02
   2.0425833e+03   6.2698202e-02   5.8164684e-02   5.3958144e-02
   2.0426667e+03   6.2686533e-02   5.8137073e-02   5.3916957e-02
   2.0427500e+03   6.2676092e-02   5.8110433e-02   5.3876525e-02
   2.0428333e+03   6.2675104e-02   5.8091434e-02   5.3842144e-02
   2.0429167e+03   6.2679992e-02   5.8077163e-02   5.3811492e-02
   2.0430000e+03   6.2684030e-02   5.8062167e-02   5.3780236e-02
   2.0430833e+03   6.2686144e-02   5.8045577e-02   5.3747689e-02
   2.0431667e+03   6.2688450e-02   5.8029107e-02   5.3715211e-02
   2.0432500e+03   6.2692138e-02   5.8013719e-02   5.3683563e-02
   2.0433333e+03   6.2697165e-02   5.7999376e-02   5.3652714e-02
   2.0434167e+03   6.2698633e-02   5.7982123e-02   5.3619537e-02
   2.0435000e+03   6.2697083e-02   5.7962399e-02   5.3584383e-02
   2.0435833e+03   6.2689915e-02   5.7938112e-02   5.3545605e-02
   2.0436667e+03   6.2677713e-02   5.7909742e-02   5.3503586e-02
   2.0437500e+03   6.2666762e-02   5.7882353e-02   5.3462326e-02
   2.0438333e+03   6.2665459e-02   5.7862706e-02   5.3427144e-02
   2.0439167e+03   6.2670291e-02   5.7847962e-02   5.3395796e-02
   2.0440000e+03   6.2674446e-02   5.7832636e-02   5.3363964e-02
   2.0440833e+03   6.2676759e-02   5.7815794e-02   5.3330913e-02
   2.0441667e+03   6.2679258e-02   5.7799066e-02   5.3297926e-02
   2.0442500e+03   6.2683082e-02   5.7783367e-02   5.3265721e-02
   2.0443333e+03   6.2688082e-02   5.7768574e-02   5.3234199e-02
   2.0444167e+03   6.2689308e-02   5.7750720e-02   5.3200253e-02
   2.0445000e+03   6.2687429e-02   5.7730345e-02   5.3164309e-02
   2.0445833e+03   6.2679809e-02   5.7705344e-02   5.3124724e-02
   2.0446667e+03   6.2667067e-02   5.7676219e-02   5.3081898e-02
   2.0447500e+03   6.2655596e-02   5.7648088e-02   5.3039832e-02
   2.0448333e+03   6.2653971e-02   5.7627796e-02   5.3003869e-02
   2.0449167e+03   6.2658740e-02   5.7612577e-02   5.2971839e-02
   2.0450000e+03   6.2663004e-02   5.7596919e-02   5.2939441e-02
   2.0450833e+03   6.2665510e-02   5.7579823e-02   5.2905897e-02
   2.0451667e+03   6.2668194e-02   5.7562834e-02   5.2872411e-02
   2.0452500e+03   6.2672147e-02   5.7546821e-02   5.2839659e-02
   2.0453333e+03   6.2677112e-02   5.7531577e-02   5.2807479e-02
   2.0454167e+03   6.2678089e-02   5.7513125e-02   5.2772782e-02
   2.0455000e+03   6.2675871e-02   5.7492101e-02   5.2736067e-02
   2.0455833e+03   6.2667791e-02   5.7466390e-02   5.2695698e-02
   2.0456667e+03   6.2654501e-02   5.7436518e-02   5.2652089e-02
   2.0457500e+03   6.2642503e-02   5.7407648e-02   5.2609242e-02
   2.0458333e+03   6.2640546e-02   5.7386714e-02   5.2572517e-02
   2.0459167e+03   6.2645244e-02   5.7371021e-02   5.2539821e-02
   2.0460000e+03   6.2649611e-02   5.7355030e-02   5.2506869e-02
   2.0460833e+03   6.2652302e-02   5.7337676e-02   5.2472840e-02
   2.0461667e+03   6.2655165e-02   5.7320425e-02   5.2438866e-02
   2.0462500e+03   6.2659239e-02   5.7304095e-02   5.2405579e-02
   2.0463333e+03   6.2664162e-02   5.7288400e-02   5.2372755e-02
   2.0464167e+03   6.2664881e-02   5.7269351e-02   5.2337326e-02
   2.0465000e+03   6.2662317e-02   5.7247682e-02   5.2299861e-02
   2.0465833e+03   6.2653769e-02   5.7221267e-02   5.2258730e-02
   2.0466667e+03   6.2639922e-02   5.7190653e-02   5.2214363e-02
   2.0467500e+03   6.2627388e-02   5.7161051e-02   5.2170759e-02
   2.0468333e+03   6.2625092e-02   5.7139479e-02   5.2133293e-02
   2.0469167e+03   6.2629712e-02   5.7123312e-02   5.2099945e-02
   2.0470000e+03   6.2634173e-02   5.7106985e-02   5.2066451e-02
   2.0470833e+03   6.2637042e-02   5.7089372e-02   5.2031949e-02
   2.0471667e+03   6.2640077e-02   5.7071854e-02   5.1997498e-02
   2.0472500e+03   6.2644266e-02   5.7055207e-02   5.1963686e-02
   2.0473333e+03   6.2649139e-02   5.7039061e-02   5.1930233e-02
   2.0474167e+03   6.2649591e-02   5.7019418e-02   5.1894092e-02
   2.0475000e+03   6.2646674e-02   5.6997107e-02   5.1855897e-02
   2.0475833e+03   6.2637649e-02   5.6969992e-02   5.1814029e-02
   2.0476667e+03   6.2623237e-02   5.6938644e-02   5.1768929e-02
   2.0477500e+03   6.2610159e-02   5.6908317e-02   5.1724593e-02
   2.0478333e+03   6.2607516e-02   5.6886109e-02   5.1686407e-02
   2.0479167e+03   6.2612049e-02   5.6869468e-02   5.1652424e-02
   2.0480000e+03   6.2616599e-02   5.6852804e-02   5.1618400e-02
   2.0480833e+03   6.2619639e-02   5.6834929e-02   5.1583436e-02
   2.0481667e+03   6.2622839e-02   5.6817145e-02   5.1548518e-02
   2.0482500e+03   6.2627134e-02   5.6800178e-02   5.1514195e-02
   2.0483333e+03   6.2631950e-02   5.6783581e-02   5.1480128e-02
   2.0484167e+03   6.2632128e-02   5.6763347e-02   5.1443294e-02
   2.0485000e+03   6.2628849e-02   5.6740399e-02   5.1404392e-02
   2.0485833e+03   6.2619339e-02   5.6712590e-02   5.1361810e-02
   2.0486667e+03   6.2604354e-02   5.6680514e-02   5.1316003e-02
   2.0487500e+03   6.2590724e-02   5.6649468e-02   5.1270959e-02
   2.0488333e+03   6.2587725e-02   5.6626629e-02   5.1232076e-02
   2.0489167e+03   6.2592165e-02   5.6609515e-02   5.1197474e-02
   2.0490000e+03   6.2596795e-02   5.6592513e-02   5.1162933e-02
   2.0490833e+03   6.2599999e-02   5.6574375e-02   5.1127519e-02
   2.0491667e+03   6.2603356e-02   5.6556321e-02   5.1092145e-02
   2.0492500e+03   6.2607751e-02   5.6539033e-02   5.1057324e-02
   2.0493333e+03   6.2612501e-02   5.6521985e-02   5.1022659e-02
   2.0494167e+03   6.2612398e-02   5.6501164e-02   5.0985152e-02
   2.0495000e+03   6.2608748e-02   5.6477582e-02   5.0945565e-02
   2.0495833e+03   6.2598746e-02   5.6449086e-02   5.0902294e-02
   2.0496667e+03   6.2583180e-02   5.6416290e-02   5.0855805e-02
   2.0497500e+03   6.2568989e-02   5.6384532e-02   5.0810081e-02
   2.0498333e+03   6.2565627e-02   5.6361067e-02   5.0770521e-02
   2.0499167e+03   6.2569965e-02   5.6343480e-02   5.0735316e-02
   2.0500000e+03   6.2574668e-02   5.6326139e-02   5.0700273e-02
   2.0500833e+03   6.2578029e-02   5.6307736e-02   5.0664419e-02
   2.0501667e+03   6.2581535e-02   5.6289410e-02   5.0628602e-02
   2.0502500e+03   6.2586021e-02   5.6271800e-02   5.0593295e-02
   2.0503333e+03   6.2590700e-02   5.6254303e-02   5.0558051e-02
   2.0504167e+03   6.2590311e-02   5.6232901e-02   5.0519895e-02
   2.0505000e+03   6.2586291e-02   5.6208697e-02   5.0479649e-02
   2.0505833e+03   6.2575800e-02   5.6179529e-02   5.0435721e-02
   2.0506667e+03   6.2559661e-02   5.6146033e-02   5.0388587e-02
   2.0507500e+03   6.2544919e-02   5.6113585e-02   5.0342219e-02
   2.0508333e+03   6.2541199e-02   5.6089508e-02   5.0302013e-02
   2.0509167e+03   6.2545431e-02   5.6071455e-02   5.0266228e-02
   2.0510000e+03   6.2550197e-02   5.6053774e-02   5.0230696e-02
   2.0510833e+03   6.2553702e-02   5.6035100e-02   5.0194414e-02
   2.0511667e+03   6.2557345e-02   5.6016499e-02   5.0158166e-02
   2.0512500e+03   6.2561913e-02   5.5998566e-02   5.0122388e-02
   2.0513333e+03   6.2566514e-02   5.5980624e-02   5.0086584e-02
   2.0514167e+03   6.2565840e-02   5.5958652e-02   5.0047806e-02
   2.0515000e+03   6.2561450e-02   5.5933838e-02   5.0006932e-02
   2.0515833e+03   6.2550471e-02   5.5904014e-02   4.9962380e-02
   2.0516667e+03   6.2533759e-02   5.5869835e-02   4.9914635e-02
   2.0517500e+03   6.2518466e-02   5.5836710e-02   4.9867655e-02
   2.0518333e+03   6.2514381e-02   5.5812031e-02   4.9826831e-02
   2.0519167e+03   6.2518501e-02   5.5793515e-02   4.9790486e-02
   2.0520000e+03   6.2523323e-02   5.5775495e-02   4.9754483e-02
   2.0520833e+03   6.2526965e-02   5.5756552e-02   4.9717790e-02
   2.0521667e+03   6.2530740e-02   5.5737677e-02   4.9681127e-02
   2.0522500e+03   6.2535383e-02   5.5719422e-02   4.9644896e-02
   2.0523333e+03   6.2539899e-02   5.5701039e-02   4.9608553e-02
   2.0524167e+03   6.2538932e-02   5.5678504e-02   4.9569179e-02
   2.0525000e+03   6.2534164e-02   5.5653088e-02   4.9527703e-02
   2.0525833e+03   6.2522690e-02   5.5622616e-02   4.9482554e-02
   2.0526667e+03   6.2505399e-02   5.5587763e-02   4.9434228e-02
   2.0527500e+03   6.2489546e-02   5.5553973e-02   4.9386666e-02
   2.0528333e+03   6.2485091e-02   5.5528698e-02   4.9345250e-02
   2.0529167e+03   6.2489091e-02   5.5509723e-02   4.9308367e-02
   2.0530000e+03   6.2493963e-02   5.5491367e-02   4.9271911e-02
   2.0530833e+03   6.2497735e-02   5.5472157e-02   4.9234823e-02
   2.0531667e+03   6.2501634e-02   5.5453009e-02   4.9197762e-02
   2.0532500e+03   6.2506345e-02   5.5434434e-02   4.9161096e-02
   2.0533333e+03   6.2510770e-02   5.5415614e-02   4.9124235e-02
   2.0534167e+03   6.2509501e-02   5.5392521e-02   4.9084289e-02
   2.0535000e+03   6.2504349e-02   5.5366510e-02   4.9042237e-02
   2.0535833e+03   6.2492373e-02   5.5335400e-02   4.8996521e-02
   2.0536667e+03   6.2474495e-02   5.5299885e-02   4.8947644e-02
   2.0537500e+03   6.2458076e-02   5.5265439e-02   4.8899529e-02
   2.0538333e+03   6.2453243e-02   5.5239576e-02   4.8857546e-02
   2.0539167e+03   6.2457117e-02   5.5220147e-02   4.8820147e-02
   2.0540000e+03   6.2462030e-02   5.5201456e-02   4.8783257e-02
   2.0540833e+03   6.2465927e-02   5.5181980e-02   4.8745791e-02
   2.0541667e+03   6.2469943e-02   5.5162561e-02   4.8708349e-02
   2.0542500e+03   6.2474714e-02   5.5143669e-02   4.8671265e-02
   2.0543333e+03   6.2479041e-02   5.5124416e-02   4.8633908e-02
   2.0544167e+03   6.2477465e-02   5.5100773e-02   4.8593416e-02
   2.0545000e+03   6.2471921e-02   5.5074175e-02   4.8550814e-02
   2.0545833e+03   6.2459435e-02   5.5042436e-02   4.8504558e-02
   2.0546667e+03   6.2440964e-02   5.5006269e-02   4.8455160e-02
   2.0547500e+03   6.2423971e-02   5.4971177e-02   4.8406523e-02
   2.0548333e+03   6.2418752e-02   5.4944735e-02   4.8364000e-02
   2.0549167e+03   6.2422493e-02   5.4924856e-02   4.8326106e-02
   2.0550000e+03   6.2427441e-02   5.4905834e-02   4.8288801e-02
   2.0550833e+03   6.2431455e-02   5.4886093e-02   4.8250974e-02
   2.0551667e+03   6.2435582e-02   5.4866405e-02   4.8213168e-02
   2.0552500e+03   6.2440408e-02   5.4847198e-02   4.8175685e-02
   2.0553333e+03   6.2444628e-02   5.4827515e-02   4.8137852e-02
   2.0554167e+03   6.2442737e-02   5.4803329e-02   4.8096839e-02
   2.0555000e+03   6.2436794e-02   5.4776152e-02   4.8053715e-02
   2.0555833e+03   6.2423792e-02   5.4743794e-02   4.8006949e-02
   2.0556667e+03   6.2404720e-02   5.4706987e-02   4.7957059e-02
   2.0557500e+03   6.2387147e-02   5.4671261e-02   4.7907928e-02
   2.0558333e+03   6.2381536e-02   5.4644246e-02   4.7864892e-02
   2.0559167e+03   6.2385135e-02   5.4623922e-02   4.7826526e-02
   2.0560000e+03   6.2390112e-02   5.4604572e-02   4.7788825e-02
   2.0560833e+03   6.2394236e-02   5.4584569e-02   4.7750654e-02
   2.0561667e+03   6.2398467e-02   5.4564613e-02   4.7712501e-02
   2.0562500e+03   6.2403340e-02   5.4545093e-02   4.7674638e-02
   2.0563333e+03   6.2407447e-02   5.4524987e-02   4.7636352e-02
   2.0564167e+03   6.2405235e-02   5.4500264e-02   4.7594842e-02
   2.0565000e+03   6.2398885e-02   5.4472517e-02   4.7551223e-02
   2.0565833e+03   6.2385359e-02   5.4439551e-02   4.7503974e-02
   2.0566667e+03   6.2365681e-02   5.4402114e-02   4.7453624e-02
   2.0567500e+03   6.2347521e-02   5.4365765e-02   4.7404029e-02
   2.0568333e+03   6.2341509e-02   5.4338187e-02   4.7360507e-02
   2.0569167e+03   6.2344961e-02   5.4317423e-02   4.7321690e-02
   2.0570000e+03   6.2349959e-02   5.4297747e-02   4.7283611e-02
   2.0570833e+03   6.2354187e-02   5.4277483e-02   4.7245114e-02
   2.0571667e+03   6.2358515e-02   5.4257262e-02   4.7206633e-02
   2.0572500e+03   6.2363428e-02   5.4237433e-02   4.7168408e-02
   2.0573333e+03   6.2367415e-02   5.4216906e-02   4.7129690e-02
   2.0574167e+03   6.2364873e-02   5.4191655e-02   4.7087710e-02
   2.0575000e+03   6.2358110e-02   5.4163347e-02   4.7043621e-02
   2.0575833e+03   6.2344054e-02   5.4129782e-02   4.6995920e-02
   2.0576667e+03   6.2323762e-02   5.4091728e-02   4.6945138e-02
   2.0577500e+03   6.2305008e-02   5.4054767e-02   4.6895110e-02
   2.0578333e+03   6.2298590e-02   5.4026634e-02   4.6851127e-02
   2.0579167e+03   6.2301886e-02   5.4005436e-02   4.6811882e-02
   2.0580000e+03   6.2306899e-02   5.3985437e-02   4.6773446e-02
   2.0580833e+03   6.2311223e-02   5.3964916e-02   4.6734640e-02
   2.0581667e+03   6.2315641e-02   5.3944432e-02   4.6695848e-02
   2.0582500e+03   6.2320588e-02   5.3924296e-02   4.6657280e-02
   2.0583333e+03   6.2324448e-02   5.3903354e-02   4.6618152e-02
   2.0584167e+03   6.2321569e-02   5.3877582e-02   4.6575727e-02
   2.0585000e+03   6.2314385e-02   5.3848721e-02   4.6531197e-02
   2.0585833e+03   6.2299793e-02   5.3814569e-02   4.6483071e-02
   2.0586667e+03   6.2278880e-02   5.3775909e-02   4.6431888e-02
   2.0587500e+03   6.2259526e-02   5.3738348e-02   4.6381455e-02
   2.0588333e+03   6.2252694e-02   5.3709669e-02   4.6337040e-02
   2.0589167e+03   6.2255828e-02   5.3688042e-02   4.6297390e-02
   2.0590000e+03   6.2260848e-02   5.3667724e-02   4.6258614e-02
   2.0590833e+03   6.2265262e-02   5.3646947e-02   4.6219518e-02
   2.0591667e+03   6.2269764e-02   5.3626203e-02   4.6180432e-02
   2.0592500e+03   6.2274737e-02   5.3605764e-02   4.6141541e-02
   2.0593333e+03   6.2278462e-02   5.3584413e-02   4.6102025e-02
   2.0594167e+03   6.2275240e-02   5.3558128e-02   4.6059181e-02
   2.0595000e+03   6.2267629e-02   5.3528723e-02   4.6014235e-02
   2.0595833e+03   6.2252493e-02   5.3493994e-02   4.5965713e-02
   2.0596667e+03   6.2230953e-02   5.3454741e-02   4.5914159e-02
   2.0597500e+03   6.2210992e-02   5.3416592e-02   4.5863352e-02
   2.0598333e+03   6.2203740e-02   5.3387377e-02   4.5818530e-02
   2.0599167e+03   6.2206704e-02   5.3365326e-02   4.5778498e-02
   2.0600000e+03   6.2211725e-02   5.3344693e-02   4.5739403e-02
   2.0600833e+03   6.2216222e-02   5.3323663e-02   4.5700034e-02
   2.0601667e+03   6.2220800e-02   5.3302662e-02   4.5660673e-02
   2.0602500e+03   6.2225792e-02   5.3281922e-02   4.5621477e-02
   2.0603333e+03   6.2229376e-02   5.3260167e-02   4.5581595e-02
   2.0604167e+03   6.2225803e-02   5.3233377e-02   4.5538357e-02
   2.0605000e+03   6.2217758e-02   5.3203439e-02   4.5493023e-02
   2.0605833e+03   6.2202072e-02   5.3168145e-02   4.5444134e-02
   2.0606667e+03   6.2179899e-02   5.3128311e-02   4.5392239e-02
   2.0607500e+03   6.2159324e-02   5.3089586e-02   4.5341087e-02
   2.0608333e+03   6.2151644e-02   5.3059843e-02   4.5295886e-02
   2.0609167e+03   6.2154432e-02   5.3037375e-02   4.5255493e-02
   2.0610000e+03   6.2159446e-02   5.3016430e-02   4.5216099e-02
   2.0610833e+03   6.2164020e-02   5.2995151e-02   4.5176474e-02
   2.0611667e+03   6.2168667e-02   5.2973894e-02   4.5136857e-02
   2.0612500e+03   6.2173672e-02   5.2952859e-02   4.5097376e-02
   2.0613333e+03   6.2177106e-02   5.2930705e-02   4.5057150e-02
   2.0614167e+03   6.2173177e-02   5.2903419e-02   4.5013544e-02
   2.0615000e+03   6.2164690e-02   5.2872956e-02   4.4967849e-02
   2.0615833e+03   6.2148447e-02   5.2837108e-02   4.4918622e-02
   2.0616667e+03   6.2125635e-02   5.2796706e-02   4.4866415e-02
   2.0617500e+03   6.2104441e-02   5.2757418e-02   4.4814947e-02
   2.0618333e+03   6.2096327e-02   5.2727158e-02   4.4769393e-02
   2.0619167e+03   6.2098931e-02   5.2704278e-02   4.4728663e-02
   2.0620000e+03   6.2103931e-02   5.2683026e-02   4.4688988e-02
   2.0620833e+03   6.2108574e-02   5.2661499e-02   4.4649127e-02
   2.0621667e+03   6.2113284e-02   5.2639992e-02   4.4609271e-02
   2.0622500e+03   6.2118294e-02   5.2618664e-02   4.4569524e-02
   2.0623333e+03   6.2121573e-02   5.2596117e-02   4.4528977e-02
   2.0624167e+03   6.2117279e-02   5.2568344e-02   4.4485028e-02
   2.0625000e+03   6.2108344e-02   5.2537367e-02   4.4438998e-02
   2.0625833e+03   6.2091539e-02   5.2500977e-02   4.4389461e-02
   2.0626667e+03   6.2068081e-02   5.2460019e-02   4.4336973e-02
   2.0627500e+03   6.2046261e-02   5.2420180e-02   4.4285218e-02
   2.0628333e+03   6.2037707e-02   5.2389412e-02   4.4239338e-02
   2.0629167e+03   6.2040119e-02   5.2366128e-02   4.4198293e-02
   2.0630000e+03   6.2045099e-02   5.2344572e-02   4.4158359e-02
   2.0630833e+03   6.2049804e-02   5.2322802e-02   4.4118279e-02
   2.0631667e+03   6.2054570e-02   5.2301046e-02   4.4078202e-02
   2.0632500e+03   6.2059579e-02   5.2279430e-02   4.4038208e-02
   2.0633333e+03   6.2062694e-02   5.2256497e-02   4.3997362e-02
   2.0634167e+03   6.2058029e-02   5.2228245e-02   4.3953096e-02
   2.0635000e+03   6.2048640e-02   5.2196764e-02   4.3906759e-02
   2.0635833e+03   6.2031265e-02   5.2159843e-02   4.3856940e-02
   2.0636667e+03   6.2007156e-02   5.2118344e-02   4.3804199e-02
   2.0637500e+03   6.1984705e-02   5.2077967e-02   4.3752187e-02
   2.0638333e+03   6.1975703e-02   5.2046702e-02   4.3706008e-02
   2.0639167e+03   6.1977918e-02   5.2023019e-02   4.3664671e-02
   2.0640000e+03   6.1982870e-02   5.2001165e-02   4.3624496e-02
   2.0640833e+03   6.1987630e-02   5.1979154e-02   4.3584216e-02
   2.0641667e+03   6.1992445e-02   5.1957154e-02   4.3543937e-02
   2.0642500e+03   6.1997445e-02   5.1935253e-02   4.3503715e-02
   2.0643333e+03   6.2000390e-02   5.1911940e-02   4.3462592e-02
   2.0644167e+03   6.1995347e-02   5.1883219e-02   4.3418035e-02
   2.0645000e+03   6.1985498e-02   5.1851244e-02   4.3371416e-02
   2.0645833e+03   6.1967547e-02   5.1813805e-02   4.3321344e-02
   2.0646667e+03   6.1942781e-02   5.1771777e-02   4.3268379e-02
   2.0647500e+03   6.1919692e-02   5.1730875e-02   4.3216139e-02
   2.0648333e+03   6.1910236e-02   5.1699122e-02   4.3169687e-02
   2.0649167e+03   6.1912246e-02   5.1675048e-02   4.3128081e-02
   2.0650000e+03   6.1917164e-02   5.1652900e-02   4.3087685e-02
   2.0650833e+03   6.1921972e-02   5.1630653e-02   4.3047222e-02
   2.0651667e+03   6.1926828e-02   5.1608412e-02   4.3006759e-02
   2.0652500e+03   6.1931813e-02   5.1586231e-02   4.2966330e-02
   2.0653333e+03   6.1934581e-02   5.1562544e-02   4.2924952e-02
   2.0654167e+03   6.1929154e-02   5.1533363e-02   4.2880128e-02
   2.0655000e+03   6.1918837e-02   5.1500905e-02   4.2833256e-02
   2.0655833e+03   6.1900305e-02   5.1462960e-02   4.2782958e-02
   2.0656667e+03   6.1874876e-02   5.1420417e-02   4.2729799e-02
   2.0657500e+03   6.1851144e-02   5.1379003e-02   4.2677359e-02
   2.0658333e+03   6.1841228e-02   5.1346774e-02   4.2630660e-02
   2.0659167e+03   6.1843026e-02   5.1322316e-02   4.2588807e-02
   2.0660000e+03   6.1847902e-02   5.1299878e-02   4.2548210e-02
   2.0660833e+03   6.1852752e-02   5.1277398e-02   4.2507584e-02
   2.0661667e+03   6.1857642e-02   5.1254920e-02   4.2466955e-02
   2.0662500e+03   6.1862604e-02   5.1232464e-02   4.2426337e-02
   2.0663333e+03   6.1865189e-02   5.1208410e-02   4.2384726e-02
   2.0664167e+03   6.1859370e-02   5.1178779e-02   4.2339661e-02
   2.0665000e+03   6.1848579e-02   5.1145848e-02   4.2292561e-02
   2.0665833e+03   6.1829459e-02   5.1107410e-02   4.2242065e-02
   2.0666667e+03   6.1803363e-02   5.1064366e-02   4.2188740e-02
   2.0667500e+03   6.1778982e-02   5.1022454e-02   4.2136129e-02
   2.0668333e+03   6.1768599e-02   5.0989759e-02   4.2089209e-02
   2.0669167e+03   6.1770178e-02   5.0964923e-02   4.2047132e-02
   2.0670000e+03   6.1775005e-02   5.0942201e-02   4.2006354e-02
   2.0670833e+03   6.1779890e-02   5.0919492e-02   4.1965582e-02
   2.0671667e+03   6.1784808e-02   5.0896781e-02   4.1924806e-02
   2.0672500e+03   6.1789740e-02   5.0874055e-02   4.1884019e-02
   2.0673333e+03   6.1792134e-02   5.0849641e-02   4.1842197e-02
   2.0674167e+03   6.1785917e-02   5.0819569e-02   4.1796916e-02
   2.0675000e+03   6.1774646e-02   5.0786177e-02   4.1749613e-02
   2.0675833e+03   6.1754934e-02   5.0747258e-02   4.1698948e-02
   2.0676667e+03   6.1728164e-02   5.0703727e-02   4.1645485e-02
   2.0677500e+03   6.1703129e-02   5.0661330e-02   4.1592731e-02
   2.0678333e+03   6.1692273e-02   5.0628181e-02   4.1545617e-02
   2.0679167e+03   6.1693627e-02   5.0602975e-02   4.1503338e-02
   2.0680000e+03   6.1698398e-02   5.0579974e-02   4.1462398e-02
   2.0680833e+03   6.1703310e-02   5.0557040e-02   4.1421497e-02
   2.0681667e+03   6.1708249e-02   5.0534100e-02   4.1380593e-02
   2.0682500e+03   6.1713144e-02   5.0511108e-02   4.1339655e-02
   2.0683333e+03   6.1715340e-02   5.0486341e-02   4.1297645e-02
   2.0684167e+03   6.1708719e-02   5.0455839e-02   4.1252173e-02
   2.0685000e+03   6.1696962e-02   5.0421996e-02   4.1204694e-02
   2.0685833e+03   6.1676651e-02   5.0382610e-02   4.1153885e-02
   2.0686667e+03   6.1649203e-02   5.0338606e-02   4.1100313e-02
   2.0687500e+03   6.1623509e-02   5.0295739e-02   4.1047443e-02
   2.0688333e+03   6.1612174e-02   5.0262145e-02   4.1000161e-02
   2.0689167e+03   6.1613295e-02   5.0236578e-02   4.0957702e-02
   2.0690000e+03   6.1618004e-02   5.0213302e-02   4.0916620e-02
   2.0690833e+03   6.1622936e-02   5.0190148e-02   4.0875610e-02
   2.0691667e+03   6.1627889e-02   5.0166984e-02   4.0834595e-02
   2.0692500e+03   6.1632740e-02   5.0143732e-02   4.0793526e-02
   2.0693333e+03   6.1634731e-02   5.0118619e-02   4.0751349e-02
   2.0694167e+03   6.1627699e-02   5.0087696e-02   4.0705710e-02
   2.0695000e+03   6.1615450e-02   5.0053415e-02   4.0658081e-02
   2.0695833e+03   6.1594535e-02   5.0013573e-02   4.0607156e-02
   2.0696667e+03   6.1566403e-02   4.9969111e-02   4.0553502e-02
   2.0697500e+03   6.1540045e-02   4.9925788e-02   4.0500545e-02
   2.0698333e+03   6.1528226e-02   4.9891761e-02   4.0453119e-02
   2.0699167e+03   6.1529107e-02   4.9865840e-02   4.0410503e-02
   2.0700000e+03   6.1533746e-02   4.9842296e-02   4.0369298e-02
   2.0700833e+03   6.1538691e-02   4.9818926e-02   4.0328196e-02
   2.0701667e+03   6.1543651e-02   4.9795542e-02   4.0287088e-02
   2.0702500e+03   6.1548451e-02   4.9772034e-02   4.0245908e-02
   2.0703333e+03   6.1550230e-02   4.9746583e-02   4.0203585e-02
   2.0704167e+03   6.1542783e-02   4.9715250e-02   4.0157805e-02
   2.0705000e+03   6.1530036e-02   4.9680542e-02   4.0110050e-02
   2.0705833e+03   6.1508511e-02   4.9640259e-02   4.0059036e-02
   2.0706667e+03   6.1479691e-02   4.9595352e-02   4.0005327e-02
   2.0707500e+03   6.1452664e-02   4.9551587e-02   3.9952309e-02
   2.0708333e+03   6.1440353e-02   4.9517140e-02   3.9904765e-02
   2.0709167e+03   6.1440989e-02   4.9490871e-02   3.9862014e-02
   2.0710000e+03   6.1445551e-02   4.9467065e-02   3.9820705e-02
   2.0710833e+03   6.1450503e-02   4.9443483e-02   3.9779530e-02
   2.0711667e+03   6.1455462e-02   4.9419884e-02   3.9738347e-02
   2.0712500e+03   6.1460204e-02   4.9396127e-02   3.9697074e-02
   2.0713333e+03   6.1461765e-02   4.9370345e-02   3.9654627e-02
   2.0714167e+03   6.1453894e-02   4.9338612e-02   3.9608729e-02
   2.0715000e+03   6.1440644e-02   4.9303488e-02   3.9560875e-02
   2.0715833e+03   6.1418505e-02   4.9262778e-02   3.9509797e-02
   2.0716667e+03   6.1388992e-02   4.9217441e-02   3.9456061e-02
   2.0717500e+03   6.1361291e-02   4.9173248e-02   3.9403009e-02
   2.0718333e+03   6.1348484e-02   4.9138392e-02   3.9355371e-02
   2.0719167e+03   6.1348867e-02   4.9111785e-02   3.9312507e-02
   2.0720000e+03   6.1353345e-02   4.9087722e-02   3.9271114e-02
   2.0720833e+03   6.1358296e-02   4.9063934e-02   3.9229882e-02
   2.0721667e+03   6.1363248e-02   4.9040125e-02   3.9188642e-02
   2.0722500e+03   6.1367926e-02   4.9016123e-02   3.9147295e-02
   2.0723333e+03   6.1369261e-02   4.8990018e-02   3.9104745e-02
   2.0724167e+03   6.1360961e-02   4.8957897e-02   3.9058754e-02
   2.0725000e+03   6.1347202e-02   4.8922369e-02   3.9010824e-02
   2.0725833e+03   6.1324444e-02   4.8881244e-02   3.8959709e-02
   2.0726667e+03   6.1294233e-02   4.8835493e-02   3.8905973e-02
   2.0727500e+03   6.1265854e-02   4.8790887e-02   3.8852913e-02
   2.0728333e+03   6.1252545e-02   4.8755633e-02   3.8805206e-02
   2.0729167e+03   6.1252669e-02   4.8728696e-02   3.8762250e-02
   2.0730000e+03   6.1257056e-02   4.8704382e-02   3.8720791e-02
   2.0730833e+03   6.1262000e-02   4.8680392e-02   3.8679522e-02
   2.0731667e+03   6.1266937e-02   4.8656378e-02   3.8638243e-02
   2.0732500e+03   6.1271543e-02   4.8632138e-02   3.8596840e-02
   2.0733333e+03   6.1272646e-02   4.8605718e-02   3.8554209e-02
   2.0734167e+03   6.1263912e-02   4.8573219e-02   3.8508147e-02
   2.0735000e+03   6.1249637e-02   4.8537299e-02   3.8460167e-02
   2.0735833e+03   6.1226255e-02   4.8495773e-02   3.8409040e-02
   2.0736667e+03   6.1195344e-02   4.8449623e-02   3.8355329e-02
   2.0737500e+03   6.1166282e-02   4.8404618e-02   3.8302287e-02
   2.0738333e+03   6.1152465e-02   4.8368978e-02   3.8254536e-02
   2.0739167e+03   6.1152323e-02   4.8341720e-02   3.8211509e-02
   2.0740000e+03   6.1156613e-02   4.8317162e-02   3.8170004e-02
   2.0740833e+03   6.1161541e-02   4.8292975e-02   3.8128713e-02
   2.0741667e+03   6.1166458e-02   4.8268761e-02   3.8087413e-02
   2.0742500e+03   6.1170985e-02   4.8244289e-02   3.8045973e-02
   2.0743333e+03   6.1171850e-02   4.8217561e-02   3.8003281e-02
   2.0744167e+03   6.1162675e-02   4.8184695e-02   3.7957172e-02
   2.0745000e+03   6.1147880e-02   4.8148396e-02   3.7909166e-02
   2.0745833e+03   6.1123869e-02   4.8106483e-02   3.7858052e-02
   2.0746667e+03   6.1092252e-02   4.8059948e-02   3.7804392e-02
   2.0747500e+03   6.1062504e-02   4.8014559e-02   3.7751394e-02
   2.0748333e+03   6.1048175e-02   4.7978546e-02   3.7703622e-02
   2.0749167e+03   6.1047760e-02   4.7950975e-02   3.7660545e-02
   2.0750000e+03   6.1051945e-02   4.7926178e-02   3.7619012e-02
   2.0750833e+03   6.1056852e-02   4.7901800e-02   3.7577718e-02
   2.0751667e+03   6.1061740e-02   4.7877391e-02   3.7536414e-02
   2.0752500e+03   6.1066183e-02   4.7852694e-02   3.7494956e-02
   2.0753333e+03   6.1066808e-02   4.7825671e-02   3.7452225e-02
   2.0754167e+03   6.1057200e-02   4.7792456e-02   3.7406097e-02
   2.0755000e+03   6.1041899e-02   4.7755802e-02   3.7358094e-02
   2.0755833e+03   6.1017282e-02   4.7713532e-02   3.7307027e-02
   2.0756667e+03   6.0984990e-02   4.7666648e-02   3.7253454e-02
   2.0757500e+03   6.0954589e-02   4.7620913e-02   3.7200537e-02
   2.0758333e+03   6.0939772e-02   4.7584557e-02   3.7152778e-02
   2.0759167e+03   6.0939097e-02   4.7556692e-02   3.7109678e-02
   2.0760000e+03   6.0943177e-02   4.7531668e-02   3.7068139e-02
   2.0760833e+03   6.0948057e-02   4.7507105e-02   3.7026859e-02
   2.0761667e+03   6.0952912e-02   4.7482508e-02   3.6985567e-02
   2.0762500e+03   6.0957268e-02   4.7457593e-02   3.6944111e-02
   2.0763333e+03   6.0957659e-02   4.7430290e-02   3.6901366e-02
   2.0764167e+03   6.0947631e-02   4.7396750e-02   3.6855246e-02
   2.0765000e+03   6.0931837e-02   4.7359763e-02   3.6807276e-02
   2.0765833e+03   6.0906629e-02   4.7317162e-02   3.6756286e-02
   2.0766667e+03   6.0873677e-02   4.7269955e-02   3.6702830e-02
   2.0767500e+03   6.0842633e-02   4.7223896e-02   3.6650022e-02
   2.0768333e+03   6.0827331e-02   4.7187213e-02   3.6602301e-02
   2.0769167e+03   6.0826390e-02   4.7159064e-02   3.6559199e-02
   2.0770000e+03   6.0830360e-02   4.7133819e-02   3.6517670e-02
   2.0770833e+03   6.0835207e-02   4.7109076e-02   3.6476421e-02
   2.0771667e+03   6.0840022e-02   4.7084297e-02   3.6435161e-02
   2.0772500e+03   6.0844286e-02   4.7059173e-02   3.6393724e-02
   2.0773333e+03   6.0844437e-02   4.7031598e-02   3.6350984e-02
   2.0774167e+03   6.0833984e-02   4.6997744e-02   3.6304895e-02
   2.0775000e+03   6.0817694e-02   4.6960437e-02   3.6256980e-02
   2.0775833e+03   6.0791892e-02   4.6917519e-02   3.6206090e-02
   2.0776667e+03   6.0758277e-02   4.6870003e-02   3.6152774e-02
   2.0777500e+03   6.0726586e-02   4.6823635e-02   3.6100100e-02
   2.0778333e+03   6.0710795e-02   4.6786637e-02   3.6052438e-02
   2.0779167e+03   6.0709584e-02   4.6758214e-02   3.6009354e-02
   2.0780000e+03   6.0713437e-02   4.6732755e-02   3.5967854e-02
   2.0780833e+03   6.0718245e-02   4.6707839e-02   3.5926653e-02
   2.0781667e+03   6.0723016e-02   4.6682883e-02   3.5885440e-02
   2.0782500e+03   6.0727180e-02   4.6657556e-02   3.5844041e-02
   2.0783333e+03   6.0727086e-02   4.6629719e-02   3.5801325e-02
   2.0784167e+03   6.0716205e-02   4.6595561e-02   3.5755289e-02
   2.0785000e+03   6.0699414e-02   4.6557947e-02   3.5707451e-02
   2.0785833e+03   6.0673014e-02   4.6514726e-02   3.5656683e-02
   2.0786667e+03   6.0638734e-02   4.6466917e-02   3.5603532e-02
   2.0787500e+03   6.0606395e-02   4.6420254e-02   3.5551012e-02
   2.0788333e+03   6.0590110e-02   4.6382954e-02   3.5503433e-02
   2.0789167e+03   6.0588623e-02   4.6354266e-02   3.5460386e-02
   2.0790000e+03   6.0592355e-02   4.6328600e-02   3.5418933e-02
   2.0790833e+03   6.0597118e-02   4.6303517e-02   3.5377796e-02
   2.0791667e+03   6.0601837e-02   4.6278392e-02   3.5336648e-02
   2.0792500e+03   6.0605897e-02   4.6252868e-02   3.5295302e-02
   2.0793333e+03   6.0605552e-02   4.6224777e-02   3.5252631e-02
   2.0794167e+03   6.0594237e-02   4.6190328e-02   3.5206668e-02
   2.0795000e+03   6.0576943e-02   4.6152420e-02   3.5158929e-02
   2.0795833e+03   6.0549943e-02   4.6108908e-02   3.5108306e-02
   2.0796667e+03   6.0514995e-02   4.6060822e-02   3.5055341e-02
   2.0797500e+03   6.0482006e-02   4.6013880e-02   3.5002999e-02
   2.0798333e+03   6.0465223e-02   4.5976290e-02   3.4955523e-02
   2.0799167e+03   6.0463455e-02   4.5947346e-02   3.4912532e-02
   2.0800000e+03   6.0467059e-02   4.5921480e-02   3.4871144e-02
   2.0800833e+03   6.0471771e-02   4.5896236e-02   3.4830088e-02
   2.0801667e+03   6.0476432e-02   4.5870947e-02   3.4789020e-02
   2.0802500e+03   6.0480382e-02   4.5845234e-02   3.4747746e-02
   2.0803333e+03   6.0479781e-02   4.5816899e-02   3.4705138e-02
   2.0804167e+03   6.0468029e-02   4.5782170e-02   3.4659269e-02
   2.0805000e+03   6.0450227e-02   4.5743980e-02   3.4611650e-02
   2.0805833e+03   6.0422624e-02   4.5700193e-02   3.4561194e-02
   2.0806667e+03   6.0387007e-02   4.5651844e-02   3.4508436e-02
   2.0807500e+03   6.0353365e-02   4.5604637e-02   3.4456294e-02
   2.0808333e+03   6.0336082e-02   4.5566771e-02   3.4408942e-02
   2.0809167e+03   6.0334027e-02   4.5537580e-02   3.4366027e-02
   2.0810000e+03   6.0337498e-02   4.5511522e-02   3.4324721e-02
   2.0810833e+03   6.0342152e-02   4.5486123e-02   3.4283761e-02
   2.0811667e+03   6.0346750e-02   4.5460677e-02   3.4242790e-02
   2.0812500e+03   6.0350584e-02   4.5434782e-02   3.4201604e-02
   2.0813333e+03   6.0349722e-02   4.5406211e-02   3.4159078e-02
   2.0814167e+03   6.0337528e-02   4.5371214e-02   3.4113323e-02
   2.0815000e+03   6.0319215e-02   4.5332754e-02   3.4065844e-02
   2.0815833e+03   6.0291006e-02   4.5288707e-02   3.4015575e-02
   2.0816667e+03   6.0254719e-02   4.5240110e-02   3.3963047e-02
   2.0817500e+03   6.0220421e-02   4.5192654e-02   3.3911126e-02
   2.0818333e+03   6.0202634e-02   4.5154523e-02   3.3863918e-02
   2.0819167e+03   6.0200289e-02   4.5125095e-02   3.3821098e-02
   2.0820000e+03   6.0203620e-02   4.5098853e-02   3.3779890e-02
   2.0820833e+03   6.0208211e-02   4.5073305e-02   3.3739042e-02
   2.0821667e+03   6.0212740e-02   4.5047708e-02   3.3698184e-02
   2.0822500e+03   6.0216452e-02   4.5021638e-02   3.3657102e-02
   2.0823333e+03   6.0215323e-02   4.4992840e-02   3.3614676e-02
   2.0824167e+03   6.0202684e-02   4.4957587e-02   3.3569056e-02
   2.0825000e+03   6.0183856e-02   4.4918871e-02   3.3521737e-02
   2.0825833e+03   6.0155040e-02   4.4874577e-02   3.3471677e-02
   2.0826667e+03   6.0118080e-02   4.4825748e-02   3.3419399e-02
   2.0827500e+03   6.0083126e-02   4.4778057e-02   3.3367719e-02
   2.0828333e+03   6.0064832e-02   4.4739675e-02   3.3320676e-02
   2.0829167e+03   6.0062191e-02   4.4710019e-02   3.3277968e-02
   2.0830000e+03   6.0065377e-02   4.4683600e-02   3.3236874e-02
   2.0830833e+03   6.0069899e-02   4.4657910e-02   3.3196155e-02
   2.0831667e+03   6.0074352e-02   4.4632168e-02   3.3155424e-02
   2.0832500e+03   6.0077936e-02   4.4605930e-02   3.3114463e-02
   2.0833333e+03   6.0076536e-02   4.4576915e-02   3.3072155e-02
   2.0834167e+03   6.0063448e-02   4.4541417e-02   3.3026687e-02
   2.0835000e+03   6.0044102e-02   4.4502458e-02   3.2979550e-02
   2.0835833e+03   6.0014677e-02   4.4457932e-02   3.2929717e-02
   2.0836667e+03   5.9977043e-02   4.4408885e-02   3.2877710e-02
   2.0837500e+03   5.9941431e-02   4.4360975e-02   3.2826291e-02
   2.0838333e+03   5.9922626e-02   4.4322354e-02   3.2779432e-02
   2.0839167e+03   5.9919684e-02   4.4292481e-02   3.2736855e-02
   2.0840000e+03   5.9922719e-02   4.4265891e-02   3.2695891e-02
   2.0840833e+03   5.9927166e-02   4.4240066e-02   3.2655315e-02
   2.0841667e+03   5.9931539e-02   4.4214187e-02   3.2614727e-02
   2.0842500e+03   5.9934990e-02   4.4187788e-02   3.2573903e-02
   2.0843333e+03   5.9933313e-02   4.4158565e-02   3.2531729e-02
   2.0844167e+03   5.9919772e-02   4.4122835e-02   3.2486434e-02
   2.0845000e+03   5.9899906e-02   4.4083645e-02   3.2439496e-02
   2.0845833e+03   5.9869869e-02   4.4038900e-02   3.2389911e-02
   2.0846667e+03   5.9831561e-02   4.3989652e-02   3.2338194e-02
   2.0847500e+03   5.9795290e-02   4.3941537e-02   3.2287056e-02
   2.0848333e+03   5.9775971e-02   4.3902690e-02   3.2240400e-02
   2.0849167e+03   5.9772723e-02   4.3872608e-02   3.2197970e-02
   2.0850000e+03   5.9775602e-02   4.3845857e-02   3.2157153e-02
   2.0850833e+03   5.9779969e-02   4.3819903e-02   3.2116734e-02
   2.0851667e+03   5.9784254e-02   4.3793892e-02   3.2076304e-02
   2.0852500e+03   5.9787566e-02   4.3767340e-02   3.2035632e-02
   2.0853333e+03   5.9785607e-02   4.3737918e-02   3.1993611e-02
   2.0854167e+03   5.9771611e-02   4.3701968e-02   3.1948506e-02
   2.0855000e+03   5.9751221e-02   4.3662560e-02   3.1901786e-02
   2.0855833e+03   5.9720571e-02   4.3617611e-02   3.1852468e-02
   2.0856667e+03   5.9681587e-02   4.3568176e-02   3.1801059e-02
   2.0857500e+03   5.9644656e-02   4.3519872e-02   3.1750221e-02
   2.0858333e+03   5.9624821e-02   4.3480812e-02   3.1703786e-02
   2.0859167e+03   5.9621263e-02   4.3450532e-02   3.1661521e-02
   2.0860000e+03   5.9623981e-02   4.3423626e-02   3.1620866e-02
   2.0860833e+03   5.9628260e-02   4.3397549e-02   3.1580619e-02
   2.0861667e+03   5.9632453e-02   4.3371414e-02   3.1540361e-02
   2.0862500e+03   5.9635620e-02   4.3344717e-02   3.1499856e-02
   2.0863333e+03   5.9633376e-02   4.3315106e-02   3.1458004e-02
   2.0864167e+03   5.9618919e-02   4.3278946e-02   3.1413107e-02
   2.0865000e+03   5.9598004e-02   4.3239333e-02   3.1366624e-02
   2.0865833e+03   5.9566739e-02   4.3194195e-02   3.1317590e-02
   2.0866667e+03   5.9527079e-02   4.3144589e-02   3.1266508e-02
   2.0867500e+03   5.9489488e-02   4.3096110e-02   3.1215989e-02
   2.0868333e+03   5.9469134e-02   4.3056849e-02   3.1169793e-02
   2.0869167e+03   5.9465261e-02   4.3026381e-02   3.1127709e-02
   2.0870000e+03   5.9467812e-02   4.2999328e-02   3.1087231e-02
   2.0870833e+03   5.9471999e-02   4.2973136e-02   3.1047170e-02
   2.0871667e+03   5.9476093e-02   4.2946883e-02   3.1007099e-02
   2.0872500e+03   5.9479110e-02   4.2920047e-02   3.0966775e-02
   2.0873333e+03   5.9476574e-02   4.2890256e-02   3.0925107e-02
   2.0874167e+03   5.9461655e-02   4.2853900e-02   3.0880437e-02
   2.0875000e+03   5.9440212e-02   4.2814095e-02   3.0834207e-02
   2.0875833e+03   5.9408331e-02   4.2768782e-02   3.0785476e-02
   2.0876667e+03   5.9367995e-02   4.2719019e-02   3.0734739e-02
   2.0877500e+03   5.9329742e-02   4.2670381e-02   3.0684555e-02
   2.0878333e+03   5.9308867e-02   4.2630932e-02   3.0638615e-02
   2.0879167e+03   5.9304675e-02   4.2600285e-02   3.0596729e-02
   2.0880000e+03   5.9307053e-02   4.2573093e-02   3.0556443e-02
   2.0880833e+03   5.9311142e-02   4.2546792e-02   3.0516582e-02
   2.0881667e+03   5.9315132e-02   4.2520428e-02   3.0476710e-02
   2.0882500e+03   5.9317994e-02   4.2493462e-02   3.0436583e-02
   2.0883333e+03   5.9315162e-02   4.2463501e-02   3.0395116e-02
   2.0884167e+03   5.9299778e-02   4.2426959e-02   3.0350687e-02
   2.0885000e+03   5.9277804e-02   4.2386976e-02   3.0304728e-02
   2.0885833e+03   5.9245306e-02   4.2341501e-02   3.0256317e-02
   2.0886667e+03   5.9204294e-02   4.2291597e-02   3.0205942e-02
   2.0887500e+03   5.9165380e-02   4.2242814e-02   3.0156111e-02
   2.0888333e+03   5.9143981e-02   4.2203190e-02   3.0110445e-02
   2.0889167e+03   5.9139466e-02   4.2172375e-02   3.0068771e-02
   2.0890000e+03   5.9141666e-02   4.2145052e-02   3.0028691e-02
   2.0890833e+03   5.9145651e-02   4.2118648e-02   2.9989042e-02
   2.0891667e+03   5.9149531e-02   4.2092181e-02   2.9949384e-02
   2.0892500e+03   5.9152232e-02   4.2065091e-02   2.9909467e-02
   2.0893333e+03   5.9149100e-02   4.2034969e-02   2.9868216e-02
   2.0894167e+03   5.9133247e-02   4.1998255e-02   2.9824046e-02
   2.0895000e+03   5.9110741e-02   4.1958106e-02   2.9778374e-02
   2.0895833e+03   5.9077626e-02   4.1912484e-02   2.9730300e-02
   2.0896667e+03   5.9035937e-02   4.1862454e-02   2.9680303e-02
   2.0897500e+03   5.8996362e-02   4.1813541e-02   2.9630841e-02
   2.0898333e+03   5.8974438e-02   4.1773755e-02   2.9585464e-02
   2.0899167e+03   5.8969595e-02   4.1742780e-02   2.9544019e-02
   2.0900000e+03   5.8971612e-02   4.1715334e-02   2.9504158e-02
   2.0900833e+03   5.8975487e-02   4.1688835e-02   2.9464736e-02
   2.0901667e+03   5.8979252e-02   4.1662271e-02   2.9425304e-02
   2.0902500e+03   5.8981786e-02   4.1635066e-02   2.9385611e-02
   2.0903333e+03   5.8978351e-02   4.1604793e-02   2.9344589e-02
   2.0904167e+03   5.8962027e-02   4.1567917e-02   2.9300694e-02
   2.0905000e+03   5.8938986e-02   4.1527615e-02   2.9255326e-02
   2.0905833e+03   5.8905252e-02   4.1481860e-02   2.9207604e-02
   2.0906667e+03   5.8862888e-02   4.1431719e-02   2.9158001e-02
   2.0907500e+03   5.8822652e-02   4.1382691e-02   2.9108924e-02
   2.0908333e+03   5.8800201e-02   4.1342756e-02   2.9063852e-02
   2.0909167e+03   5.8795026e-02   4.1311632e-02   2.9022650e-02
   2.0910000e+03   5.8796855e-02   4.1284070e-02   2.8983022e-02
   2.0910833e+03   5.8800615e-02   4.1257483e-02   2.8943838e-02
   2.0911667e+03   5.8804259e-02   4.1230829e-02   2.8904646e-02
   2.0912500e+03   5.8806622e-02   4.1203515e-02   2.8865189e-02
   2.0913333e+03   5.8802878e-02   4.1173101e-02   2.8824413e-02
   2.0914167e+03   5.8786080e-02   4.1136077e-02   2.8780807e-02
   2.0915000e+03   5.8762504e-02   4.1095633e-02   2.8735758e-02
   2.0915833e+03   5.8728152e-02   4.1049760e-02   2.8688403e-02
   2.0916667e+03   5.8685113e-02   4.0999523e-02   2.8639210e-02
   2.0917500e+03   5.8644215e-02   4.0950395e-02   2.8590533e-02
   2.0918333e+03   5.8621236e-02   4.0910323e-02   2.8545782e-02
   2.0919167e+03   5.8615726e-02   4.0879060e-02   2.8504836e-02
   2.0920000e+03   5.8617361e-02   4.0851391e-02   2.8465454e-02
   2.0920833e+03   5.8621001e-02   4.0824722e-02   2.8426521e-02
   2.0921667e+03   5.8624518e-02   4.0797985e-02   2.8387580e-02
   2.0922500e+03   5.8626704e-02   4.0770571e-02   2.8348373e-02
   2.0923333e+03   5.8622647e-02   4.0740024e-02   2.8307855e-02
   2.0924167e+03   5.8605374e-02   4.0702863e-02   2.8264554e-02
   2.0925000e+03   5.8581260e-02   4.0662292e-02   2.8219838e-02
   2.0925833e+03   5.8546289e-02   4.0616314e-02   2.8172866e-02
   2.0926667e+03   5.8502577e-02   4.0565996e-02   2.8124096e-02
   2.0927500e+03   5.8461019e-02   4.0516782e-02   2.8075835e-02
   2.0928333e+03   5.8437510e-02   4.0476586e-02   2.8031418e-02
   2.0929167e+03   5.8431660e-02   4.0445194e-02   2.7990744e-02
   2.0930000e+03   5.8433097e-02   4.0417425e-02   2.7951620e-02
   2.0930833e+03   5.8436611e-02   4.0390683e-02   2.7912950e-02
   2.0931667e+03   5.8439997e-02   4.0363869e-02   2.7874272e-02
   2.0932500e+03   5.8442001e-02   4.0336363e-02   2.7835326e-02
   2.0933333e+03   5.8437627e-02   4.0305694e-02   2.7795081e-02
   2.0934167e+03   5.8419876e-02   4.0268407e-02   2.7752098e-02
   2.0935000e+03   5.8395224e-02   4.0227722e-02   2.7707730e-02
   2.0935833e+03   5.8359635e-02   4.0181652e-02   2.7661154e-02
   2.0936667e+03   5.8315249e-02   4.0131268e-02   2.7612823e-02
   2.0937500e+03   5.8273034e-02   4.0081983e-02   2.7564989e-02
   2.0938333e+03   5.8248993e-02   4.0041676e-02   2.7520922e-02
   2.0939167e+03   5.8242800e-02   4.0010164e-02   2.7480532e-02
   2.0940000e+03   5.8244034e-02   3.9982304e-02   2.7441678e-02
   2.0940833e+03   5.8247416e-02   3.9955494e-02   2.7403282e-02
   2.0941667e+03   5.8250665e-02   3.9928611e-02   2.7364879e-02
   2.0942500e+03   5.8252482e-02   3.9901020e-02   2.7326207e-02
   2.0943333e+03   5.8247788e-02   3.9870238e-02   2.7286247e-02
   2.0944167e+03   5.8229556e-02   3.9832838e-02   2.7243596e-02
   2.0945000e+03   5.8204365e-02   3.9792051e-02   2.7199589e-02
   2.0945833e+03   5.8168158e-02   3.9745905e-02   2.7153423e-02
   2.0946667e+03   5.8123102e-02   3.9695469e-02   2.7105543e-02
   2.0947500e+03   5.8080229e-02   3.9646127e-02   2.7058152e-02
   2.0948333e+03   5.8055655e-02   3.9605721e-02   2.7014447e-02
   2.0949167e+03   5.8049116e-02   3.9574100e-02   2.6974353e-02
   2.0950000e+03   5.8050142e-02   3.9546156e-02   2.6935783e-02
   2.0950833e+03   5.8053388e-02   3.9519285e-02   2.6897672e-02
   2.0951667e+03   5.8056494e-02   3.9492341e-02   2.6859554e-02
   2.0952500e+03   5.8058119e-02   3.9464673e-02   2.6821168e-02
   2.0953333e+03   5.8053101e-02   3.9433787e-02   2.6781505e-02
   2.0954167e+03   5.8034388e-02   3.9396286e-02   2.6739200e-02
   2.0955000e+03   5.8008657e-02   3.9355409e-02   2.6695567e-02
   2.0955833e+03   5.7971833e-02   3.9309200e-02   2.6649824e-02
   2.0956667e+03   5.7926107e-02   3.9258727e-02   2.6602408e-02
   2.0957500e+03   5.7882578e-02   3.9209343e-02   2.6555471e-02
   2.0958333e+03   5.7857472e-02   3.9168851e-02   2.6512141e-02
   2.0959167e+03   5.7850583e-02   3.9137131e-02   2.6472357e-02
   2.0960000e+03   5.7851396e-02   3.9109111e-02   2.6434080e-02
   2.0960833e+03   5.7854500e-02   3.9082187e-02   2.6396265e-02
   2.0961667e+03   5.7857458e-02   3.9055187e-02   2.6358444e-02
   2.0962500e+03   5.7858887e-02   3.9027450e-02   2.6320353e-02
   2.0963333e+03   5.7853541e-02   3.8996471e-02   2.6281000e-02
   2.0964167e+03   5.7834345e-02   3.8958879e-02   2.6239052e-02
   2.0965000e+03   5.7808073e-02   3.8917926e-02   2.6195806e-02
   2.0965833e+03   5.7770633e-02   3.8871667e-02   2.6150499e-02
   2.0966667e+03   5.7724240e-02   3.8821172e-02   2.6103558e-02
   2.0967500e+03   5.7680057e-02   3.8771760e-02   2.6057089e-02
   2.0968333e+03   5.7654417e-02   3.8731194e-02   2.6014146e-02
   2.0969167e+03   5.7647175e-02   3.8699384e-02   2.5974683e-02
   2.0970000e+03   5.7647771e-02   3.8671297e-02   2.5936711e-02
   2.0970833e+03   5.7650728e-02   3.8644326e-02   2.5899202e-02
   2.0971667e+03   5.7653533e-02   3.8617278e-02   2.5861687e-02
   2.0972500e+03   5.7654760e-02   3.8589480e-02   2.5823904e-02
   2.0973333e+03   5.7649083e-02   3.8558416e-02   2.5784871e-02
   2.0974167e+03   5.7629403e-02   3.8520747e-02   2.5743293e-02
   2.0975000e+03   5.7602590e-02   3.8479729e-02   2.5700446e-02
   2.0975833e+03   5.7564535e-02   3.8433434e-02   2.5655586e-02
   2.0976667e+03   5.7517478e-02   3.8382931e-02   2.5609133e-02
   2.0977500e+03   5.7472643e-02   3.8333505e-02   2.5563141e-02
   2.0978333e+03   5.7446469e-02   3.8292878e-02   2.5520597e-02
   2.0979167e+03   5.7438871e-02   3.8260988e-02   2.5481467e-02
   2.0980000e+03   5.7439245e-02   3.8232841e-02   2.5443810e-02
   2.0980833e+03   5.7442050e-02   3.8205831e-02   2.5406616e-02
   2.0981667e+03   5.7444697e-02   3.8178743e-02   2.5369418e-02
   2.0982500e+03   5.7445718e-02   3.8150890e-02   2.5331952e-02
   2.0983333e+03   5.7439707e-02   3.8119752e-02   2.5293252e-02
   2.0984167e+03   5.7419541e-02   3.8082016e-02   2.5252055e-02
   2.0985000e+03   5.7392187e-02   3.8040946e-02   2.5209618e-02
   2.0985833e+03   5.7353518e-02   3.7994630e-02   2.5165216e-02
   2.0986667e+03   5.7305800e-02   3.7944132e-02   2.5119261e-02
   2.0987500e+03   5.7260315e-02   3.7894707e-02   2.5073758e-02
   2.0988333e+03   5.7233608e-02   3.7854030e-02   2.5031625e-02
   2.0989167e+03   5.7225650e-02   3.7822071e-02   2.4992837e-02
   2.0990000e+03   5.7225798e-02   3.7793872e-02   2.4955505e-02
   2.0990833e+03   5.7228446e-02   3.7766829e-02   2.4918637e-02
   2.0991667e+03   5.7230931e-02   3.7739707e-02   2.4881765e-02
   2.0992500e+03   5.7231741e-02   3.7711809e-02   2.4844626e-02
   2.0993333e+03   5.7225392e-02   3.7680605e-02   2.4806268e-02
   2.0994167e+03   5.7204739e-02   3.7642815e-02   2.4765463e-02
   2.0995000e+03   5.7176845e-02   3.7601705e-02   2.4723447e-02
   2.0995833e+03   5.7137565e-02   3.7555380e-02   2.4679513e-02
   2.0996667e+03   5.7089187e-02   3.7504902e-02   2.4634067e-02
   2.0997500e+03   5.7043056e-02   3.7455491e-02   2.4589063e-02
   2.0998333e+03   5.7015815e-02   3.7414778e-02   2.4547351e-02
   2.0999167e+03   5.7007496e-02   3.7382758e-02   2.4508917e-02
   2.1000000e+03   5.7007413e-02   3.7354516e-02   2.4471920e-02
   2.1000833e+03   5.7009899e-02   3.7327447e-02   2.4435386e-02
   2.1001667e+03   5.7012216e-02   3.7300298e-02   2.4398849e-02
   2.1002500e+03   5.7012811e-02   3.7272361e-02   2.4362046e-02
   2.1003333e+03   5.7006121e-02   3.7241102e-02   2.4324041e-02
   2.1004167e+03   5.6984982e-02   3.7203268e-02   2.4283638e-02
   2.1005000e+03   5.6956547e-02   3.7162132e-02   2.4242054e-02
   2.1005833e+03   5.6916657e-02   3.7115811e-02   2.4198598e-02
   2.1006667e+03   5.6867624e-02   3.7065367e-02   2.4153669e-02
   2.1007500e+03   5.6820850e-02   3.7015984e-02   2.4109175e-02
   2.1008333e+03   5.6793075e-02   3.6975246e-02   2.4067893e-02
   2.1009167e+03   5.6784391e-02   3.6943176e-02   2.4029823e-02
