   2.0000000e+03   1.0000000e+00   1.0000000e+00   1.0000000e+00
   2.0000833e+03   1.0000000e+00   1.0000000e+00   1.0000000e+00
   2.0001667e+03   1.0000000e+00   1.0000000e+00   1.0000000e+00
   2.0002500e+03   1.0000000e+00   1.0000000e+00   1.0000000e+00
   2.0003333e+03   1.0000000e+00   1.0000000e+00   1.0000000e+00
   2.0004167e+03   1.0000000e+00   1.0000000e+00   1.0000000e+00
   2.0005000e+03   1.0000000e+00   1.0000000e+00   1.0000000e+00
   2.0005833e+03   1.0000000e+00   1.0000000e+00   1.0000000e+00
   2.0006667e+03   1.0000000e+00   1.0000000e+00   1.0000000e+00
   2.0007500e+03   1.0000000e+00   1.0000000e+00   1.0000000e+00
   2.0008333e+03   1.0000000e+00   1.0000000e+00   1.0000000e+00
   2.0009167e+03   1.0000000e+00   1.0000000e+00   1.0000000e+00
   2.0010000e+03   9.9998816e-01   9.9998762e-01   9.9998708e-01
   2.0010833e+03   9.9992645e-01   9.9992484e-01   9.9992324e-01
   2.0011667e+03   9.9985352e-01   9.9985032e-01   9.9984713e-01
   2.0012500e+03   9.9980919e-01   9.9980386e-01   9.9979853e-01
   2.0013333e+03   9.9982454e-01   9.9981647e-01   9.9980839e-01
   2.0014167e+03   9.9987020e-01   9.9985879e-01   9.9984738e-01
   2.0015000e+03   9.9991719e-01   9.9990189e-01   9.9988659e-01
   2.0015833e+03   9.9994013e-01   9.9992042e-01   9.9990072e-01
   2.0016667e+03   5.9996039e-01   5.9994562e-01   5.9993086e-01
   2.0017500e+03   5.9995933e-01   5.9994130e-01   5.9992326e-01
   2.0018333e+03   5.9998305e-01   5.9996135e-01   5.9993965e-01
   2.0019167e+03   6.0000495e-01   5.9997926e-01   5.9995357e-01
   2.0020000e+03   5.9999930e-01   5.9996937e-01   5.9993943e-01
   2.0020833e+03   5.9996423e-01   5.9992981e-01   5.9989539e-01
   2.0021667e+03   5.9992252e-01   5.9988332e-01   5.9984413e-01
   2.0022500e+03   5.9989773e-01   5.9985337e-01   5.9980901e-01
   2.0023333e+03   5.9990802e-01   5.9985804e-01   5.9980806e-01
   2.0024167e+03   5.9993573e-01   5.9987973e-01   5.9982373e-01
   2.0025000e+03   5.9996366e-01   5.9990131e-01   5.9983896e-01
   2.0025833e+03   5.9997643e-01   5.9990744e-01   5.9983847e-01
   2.0026667e+03   5.9997128e-01   5.9989542e-01   5.9981957e-01
   2.0027500e+03   5.9996883e-01   5.9988575e-01   5.9980269e-01
   2.0028333e+03   5.9999194e-01   5.9990119e-01   5.9981045e-01
   2.0029167e+03   6.0001450e-01   5.9991573e-01   5.9981698e-01
   2.0030000e+03   6.0001027e-01   5.9990331e-01   5.9979636e-01
   2.0030833e+03   5.9997713e-01   5.9986181e-01   5.9974651e-01
   2.0031667e+03   5.9993744e-01   5.9981348e-01   5.9968955e-01
   2.0032500e+03   5.9991442e-01   5.9978139e-01   5.9964839e-01
   2.0033333e+03   5.9992576e-01   5.9978311e-01   5.9964049e-01
   2.0034167e+03   5.9995375e-01   5.9980103e-01   5.9964835e-01
   2.0035000e+03   5.9998140e-01   5.9981828e-01   5.9965520e-01
   2.0035833e+03   5.9999313e-01   5.9981938e-01   5.9964568e-01
   2.0036667e+03   5.9998649e-01   5.9980192e-01   5.9961741e-01
   2.0037500e+03   5.9998261e-01   5.9978687e-01   5.9959118e-01
   2.0038333e+03   6.0000510e-01   5.9979764e-01   5.9959024e-01
   2.0039167e+03   6.0002827e-01   5.9980874e-01   5.9958929e-01
   2.0040000e+03   6.0002544e-01   5.9979374e-01   5.9956212e-01
   2.0040833e+03   5.9999420e-01   5.9975023e-01   5.9950635e-01
   2.0041667e+03   5.9995651e-01   5.9970001e-01   5.9944361e-01
   2.0042500e+03   5.9993522e-01   5.9966572e-01   5.9939633e-01
   2.0043333e+03   5.9994758e-01   5.9966442e-01   5.9938140e-01
   2.0044167e+03   5.9997582e-01   5.9967852e-01   5.9938137e-01
   2.0045000e+03   6.0000315e-01   5.9969138e-01   5.9937976e-01
   2.0045833e+03   6.0001382e-01   5.9968741e-01   5.9936116e-01
   2.0046667e+03   6.0000567e-01   5.9966446e-01   5.9932345e-01
   2.0047500e+03   6.0000033e-01   5.9964397e-01   5.9928783e-01
   2.0048333e+03   6.0002215e-01   5.9965002e-01   5.9927812e-01
   2.0049167e+03   6.0004591e-01   5.9965764e-01   5.9926962e-01
   2.0050000e+03   6.0004445e-01   5.9963999e-01   5.9923579e-01
   2.0050833e+03   6.0001507e-01   5.9959442e-01   5.9917404e-01
   2.0051667e+03   5.9997935e-01   5.9954224e-01   5.9910544e-01
   2.0052500e+03   5.9995978e-01   5.9950570e-01   5.9905195e-01
   2.0053333e+03   5.9997312e-01   5.9950133e-01   5.9902990e-01
   2.0054167e+03   6.0000159e-01   5.9951156e-01   5.9902191e-01
   2.0055000e+03   6.0002857e-01   5.9951997e-01   5.9901178e-01
   2.0055833e+03   6.0003815e-01   5.9951087e-01   5.9898404e-01
   2.0056667e+03   6.0002844e-01   5.9948240e-01   5.9893684e-01
   2.0057500e+03   6.0002160e-01   5.9945643e-01   5.9889178e-01
   2.0058333e+03   6.0004274e-01   5.9945771e-01   5.9887324e-01
   2.0059167e+03   6.0006706e-01   5.9946178e-01   5.9885711e-01
   2.0060000e+03   6.0006693e-01   5.9944143e-01   5.9881656e-01
   2.0060833e+03   6.0003940e-01   5.9939373e-01   5.9874874e-01
   2.0061667e+03   6.0000561e-01   5.9933955e-01   5.9867420e-01
   2.0062500e+03   5.9998772e-01   5.9930068e-01   5.9861442e-01
   2.0063333e+03   6.0000203e-01   5.9929319e-01   5.9858518e-01
   2.0064167e+03   6.0003068e-01   5.9929948e-01   5.9856916e-01
   2.0065000e+03   6.0005728e-01   5.9930340e-01   5.9855045e-01
   2.0065833e+03   6.0006574e-01   5.9928913e-01   5.9851350e-01
   2.0066667e+03   6.0005444e-01   5.9925509e-01   5.9845678e-01
   2.0067500e+03   6.0004608e-01   5.9922360e-01   5.9840223e-01
   2.0068333e+03   6.0006649e-01   5.9922006e-01   5.9837481e-01
   2.0069167e+03   6.0009134e-01   5.9922054e-01   5.9835098e-01
   2.0070000e+03   6.0009252e-01   5.9919742e-01   5.9830363e-01
   2.0070833e+03   6.0006680e-01   5.9914754e-01   5.9822966e-01
   2.0071667e+03   6.0003492e-01   5.9909129e-01   5.9814911e-01
   2.0072500e+03   6.0001868e-01   5.9905005e-01   5.9808297e-01
   2.0073333e+03   6.0003392e-01   5.9903938e-01   5.9804646e-01
   2.0074167e+03   6.0006274e-01   5.9904168e-01   5.9802234e-01
   2.0075000e+03   6.0008892e-01   5.9904105e-01   5.9799499e-01
   2.0075833e+03   6.0009622e-01   5.9902156e-01   5.9794880e-01
   2.0076667e+03   6.0008330e-01   5.9898191e-01   5.9788251e-01
   2.0077500e+03   6.0007338e-01   5.9894487e-01   5.9781844e-01
   2.0078333e+03   6.0009305e-01   5.9893647e-01   5.9778208e-01
   2.0079167e+03   6.0011839e-01   5.9893328e-01   5.9775048e-01
   2.0080000e+03   6.0012085e-01   5.9890734e-01   5.9769626e-01
   2.0080833e+03   6.0009691e-01   5.9885523e-01   5.9761608e-01
   2.0081667e+03   6.0006692e-01   5.9879685e-01   5.9752944e-01
   2.0082500e+03   6.0005230e-01   5.9875319e-01   5.9745686e-01
   2.0083333e+03   6.0006844e-01   5.9873928e-01   5.9741302e-01
   2.0084167e+03   6.0009739e-01   5.9873754e-01   5.9738073e-01
   2.0085000e+03   6.0012313e-01   5.9873232e-01   5.9734469e-01
   2.0085833e+03   6.0012924e-01   5.9870757e-01   5.9728922e-01
   2.0086667e+03   6.0011467e-01   5.9866227e-01   5.9721333e-01
   2.0087500e+03   6.0010316e-01   5.9861963e-01   5.9713970e-01
   2.0088333e+03   6.0012204e-01   5.9860631e-01   5.9709436e-01
   2.0089167e+03   6.0014785e-01   5.9859942e-01   5.9705493e-01
   2.0090000e+03   6.0015156e-01   5.9857061e-01   5.9699377e-01
   2.0090833e+03   6.0012938e-01   5.9851620e-01   5.9690730e-01
   2.0091667e+03   6.0010123e-01   5.9845564e-01   5.9681451e-01
   2.0092500e+03   6.0008821e-01   5.9840950e-01   5.9673542e-01
   2.0093333e+03   6.0010522e-01   5.9839229e-01   5.9668419e-01
   2.0094167e+03   6.0013428e-01   5.9838647e-01   5.9664368e-01
   2.0095000e+03   6.0015954e-01   5.9837660e-01   5.9659890e-01
   2.0095833e+03   6.0016443e-01   5.9834655e-01   5.9653410e-01
   2.0096667e+03   6.0014818e-01   5.9829557e-01   5.9644860e-01
   2.0097500e+03   6.0013504e-01   5.9824728e-01   5.9636538e-01
   2.0098333e+03   6.0015311e-01   5.9822901e-01   5.9631101e-01
   2.0099167e+03   6.0017935e-01   5.9821836e-01   5.9626369e-01
   2.0100000e+03   6.0018428e-01   5.9818662e-01   5.9619553e-01
   2.0100833e+03   6.0016383e-01   5.9812987e-01   5.9610272e-01
   2.0101667e+03   6.0013750e-01   5.9806707e-01   5.9600370e-01
   2.0102500e+03   6.0012605e-01   5.9801839e-01   5.9591805e-01
   2.0103333e+03   6.0014390e-01   5.9799784e-01   5.9585935e-01
   2.0104167e+03   6.0017302e-01   5.9798787e-01   5.9581058e-01
   2.0105000e+03   6.0019778e-01   5.9797332e-01   5.9575701e-01
   2.0105833e+03   6.0020142e-01   5.9793792e-01   5.9568286e-01
   2.0106667e+03   3.0009173e-01   2.9894061e-01   2.9779386e-01
   2.0107500e+03   3.0008433e-01   2.9891363e-01   2.9774745e-01
   2.0108333e+03   3.0009294e-01   2.9890200e-01   2.9771573e-01
   2.0109167e+03   3.0010627e-01   2.9889477e-01   2.9768810e-01
   2.0110000e+03   3.0010932e-01   2.9887741e-01   2.9765049e-01
   2.0110833e+03   3.0009995e-01   2.9884783e-01   2.9760087e-01
   2.0111667e+03   3.0008768e-01   2.9881528e-01   2.9754823e-01
   2.0112500e+03   3.0008272e-01   2.9878965e-01   2.9750209e-01
   2.0113333e+03   3.0009206e-01   2.9877767e-01   2.9746898e-01
   2.0114167e+03   3.0010664e-01   2.9877060e-01   2.9744044e-01
   2.0115000e+03   3.0011875e-01   2.9876095e-01   2.9740924e-01
   2.0115833e+03   3.0011992e-01   2.9874056e-01   2.9736748e-01
   2.0116667e+03   3.0011007e-01   2.9870934e-01   2.9731508e-01
   2.0117500e+03   3.0010183e-01   2.9867950e-01   2.9726386e-01
   2.0118333e+03   3.0010999e-01   2.9866535e-01   2.9722759e-01
   2.0119167e+03   3.0012351e-01   2.9865619e-01   2.9719597e-01
   2.0120000e+03   3.0012715e-01   2.9863731e-01   2.9715479e-01
   2.0120833e+03   3.0011860e-01   2.9860650e-01   2.9710195e-01
   2.0121667e+03   3.0010722e-01   2.9857279e-01   2.9704613e-01
   2.0122500e+03   3.0010302e-01   2.9854583e-01   2.9699665e-01
   2.0123333e+03   3.0011274e-01   2.9853213e-01   2.9695976e-01
   2.0124167e+03   3.0012733e-01   2.9852294e-01   2.9692704e-01
   2.0125000e+03   3.0013915e-01   2.9851091e-01   2.9689141e-01
   2.0125833e+03   3.0013967e-01   2.9848781e-01   2.9684495e-01
   2.0126667e+03   3.0012892e-01   2.9845369e-01   2.9678772e-01
   2.0127500e+03   3.0011982e-01   2.9842099e-01   2.9673168e-01
   2.0128333e+03   3.0012754e-01   2.9840429e-01   2.9669086e-01
   2.0129167e+03   3.0014123e-01   2.9839318e-01   2.9665521e-01
   2.0130000e+03   3.0014543e-01   2.9837276e-01   2.9661046e-01
   2.0130833e+03   3.0013771e-01   2.9834070e-01   2.9655435e-01
   2.0131667e+03   3.0012719e-01   2.9830578e-01   2.9649533e-01
   2.0132500e+03   3.0012373e-01   2.9827748e-01   2.9644249e-01
   2.0133333e+03   3.0013383e-01   2.9826203e-01   2.9640179e-01
   2.0134167e+03   3.0014840e-01   2.9825069e-01   2.9636487e-01
   2.0135000e+03   3.0015993e-01   2.9823625e-01   2.9632480e-01
   2.0135833e+03   3.0015977e-01   2.9821043e-01   2.9627364e-01
   2.0136667e+03   3.0014812e-01   2.9817340e-01   2.9621157e-01
   2.0137500e+03   3.0013814e-01   2.9813782e-01   2.9615071e-01
   2.0138333e+03   3.0014538e-01   2.9811857e-01   2.9610532e-01
   2.0139167e+03   3.0015923e-01   2.9810547e-01   2.9606564e-01
   2.0140000e+03   3.0016398e-01   2.9808348e-01   2.9601728e-01
   2.0140833e+03   3.0015706e-01   2.9805014e-01   2.9595789e-01
   2.0141667e+03   3.0014740e-01   2.9801401e-01   2.9589565e-01
   2.0142500e+03   3.0014466e-01   2.9798433e-01   2.9583941e-01
   2.0143333e+03   3.0015513e-01   2.9796710e-01   2.9579489e-01
   2.0144167e+03   3.0016967e-01   2.9795360e-01   2.9575376e-01
   2.0145000e+03   3.0018089e-01   2.9793674e-01   2.9570923e-01
   2.0145833e+03   3.0018004e-01   2.9790817e-01   2.9565336e-01
   2.0146667e+03   3.0016746e-01   2.9786822e-01   2.9558646e-01
   2.0147500e+03   3.0015659e-01   2.9782974e-01   2.9552079e-01
   2.0148333e+03   3.0016334e-01   2.9780791e-01   2.9547082e-01
   2.0149167e+03   3.0017734e-01   2.9779281e-01   2.9542708e-01
   2.0150000e+03   3.0018263e-01   2.9776923e-01   2.9537509e-01
   2.0150833e+03   3.0017650e-01   2.9773459e-01   2.9531239e-01
   2.0151667e+03   3.0016768e-01   2.9769721e-01   2.9524691e-01
   2.0152500e+03   3.0016565e-01   2.9766613e-01   2.9518726e-01
   2.0153333e+03   3.0017646e-01   2.9764710e-01   2.9513890e-01
   2.0154167e+03   3.0019096e-01   2.9763142e-01   2.9509354e-01
   2.0155000e+03   3.0020184e-01   2.9761211e-01   2.9504454e-01
   2.0155833e+03   3.0020029e-01   2.9758078e-01   2.9498396e-01
   2.0156667e+03   3.0018677e-01   2.9753790e-01   2.9491224e-01
   2.0157500e+03   3.0017499e-01   2.9749651e-01   2.9484175e-01
   2.0158333e+03   3.0018124e-01   2.9747209e-01   2.9478720e-01
   2.0159167e+03   3.0019536e-01   2.9745496e-01   2.9473940e-01
   2.0160000e+03   3.0020117e-01   2.9742977e-01   2.9468376e-01
   2.0160833e+03   3.0019582e-01   2.9739380e-01   2.9461773e-01
   2.0161667e+03   3.0018782e-01   2.9735514e-01   2.9454899e-01
   2.0162500e+03   3.0018649e-01   2.9732264e-01   2.9448591e-01
   2.0163333e+03   3.0019763e-01   2.9730179e-01   2.9443369e-01
   2.0164167e+03   3.0021208e-01   2.9728391e-01   2.9438409e-01
   2.0165000e+03   3.0022261e-01   2.9726213e-01   2.9433063e-01
   2.0165833e+03   3.0022034e-01   2.9722803e-01   2.9426534e-01
   2.0166667e+03   3.0020586e-01   2.9718220e-01   2.9418879e-01
   2.0167500e+03   3.0019316e-01   2.9713789e-01   2.9411350e-01
   2.0168333e+03   3.0019889e-01   2.9711085e-01   2.9405436e-01
   2.0169167e+03   3.0021312e-01   2.9709169e-01   2.9400248e-01
   2.0170000e+03   3.0021944e-01   2.9706485e-01   2.9394318e-01
   2.0170833e+03   3.0021485e-01   2.9702753e-01   2.9387381e-01
   2.0171667e+03   3.0020766e-01   2.9698757e-01   2.9380179e-01
   2.0172500e+03   3.0020701e-01   2.9695362e-01   2.9373525e-01
   2.0173333e+03   3.0021847e-01   2.9693094e-01   2.9367916e-01
   2.0174167e+03   3.0023285e-01   2.9691083e-01   2.9362532e-01
   2.0175000e+03   3.0024302e-01   2.9688656e-01   2.9356738e-01
   2.0175833e+03   3.0024000e-01   2.9684968e-01   2.9349739e-01
   2.0176667e+03   3.0022455e-01   2.9680090e-01   2.9341603e-01
   2.0177500e+03   3.0021091e-01   2.9675365e-01   2.9333595e-01
   2.0178333e+03   3.0021610e-01   2.9672399e-01   2.9327223e-01
   2.0179167e+03   3.0023043e-01   2.9670276e-01   2.9321626e-01
   2.0180000e+03   3.0023724e-01   2.9667426e-01   2.9315329e-01
   2.0180833e+03   3.0023340e-01   2.9663556e-01   2.9308055e-01
   2.0181667e+03   3.0022701e-01   2.9659428e-01   2.9300523e-01
   2.0182500e+03   3.0022703e-01   2.9655886e-01   2.9293523e-01
   2.0183333e+03   3.0023878e-01   2.9653431e-01   2.9287526e-01
   2.0184167e+03   3.0025307e-01   2.9651196e-01   2.9281716e-01
   2.0185000e+03   3.0026286e-01   2.9648520e-01   2.9275475e-01
   2.0185833e+03   3.0025910e-01   2.9644552e-01   2.9268007e-01
   2.0186667e+03   3.0024266e-01   2.9639377e-01   2.9259391e-01
   2.0187500e+03   3.0022805e-01   2.9634358e-01   2.9250905e-01
   2.0188333e+03   3.0023270e-01   2.9631127e-01   2.9244075e-01
   2.0189167e+03   3.0024711e-01   2.9628796e-01   2.9238069e-01
   2.0190000e+03   3.0025440e-01   2.9625778e-01   2.9231403e-01
   2.0190833e+03   3.0025129e-01   2.9621767e-01   2.9223792e-01
   2.0191667e+03   3.0024568e-01   2.9617506e-01   2.9215929e-01
   2.0192500e+03   3.0024635e-01   2.9613814e-01   2.9208581e-01
   2.0193333e+03   3.0025839e-01   2.9611171e-01   2.9202195e-01
   2.0194167e+03   3.0027258e-01   2.9608709e-01   2.9195960e-01
   2.0195000e+03   3.0028197e-01   2.9605781e-01   2.9189272e-01
   2.0195833e+03   3.0027743e-01   2.9601533e-01   2.9181336e-01
   2.0196667e+03   3.0025999e-01   2.9596060e-01   2.9172242e-01
   2.0197500e+03   3.0024441e-01   2.9590746e-01   2.9163279e-01
   2.0198333e+03   3.0024849e-01   2.9587250e-01   2.9155992e-01
   2.0199167e+03   3.0026297e-01   2.9584708e-01   2.9149576e-01
   2.0200000e+03   3.0027072e-01   2.9581520e-01   2.9142540e-01
   2.0200833e+03   3.0026833e-01   2.9577367e-01   2.9134591e-01
   2.0201667e+03   3.0026348e-01   2.9572969e-01   2.9126396e-01
   2.0202500e+03   3.0026479e-01   2.9569126e-01   2.9118700e-01
   2.0203333e+03   3.0027711e-01   2.9566292e-01   2.9111923e-01
   2.0204167e+03   3.0029117e-01   2.9563602e-01   2.9105263e-01
   2.0205000e+03   3.0030016e-01   2.9560422e-01   2.9098129e-01
   2.0205833e+03   3.0029483e-01   2.9555891e-01   2.9089726e-01
   2.0206667e+03   3.0027636e-01   2.9550121e-01   2.9080156e-01
   2.0207500e+03   3.0025979e-01   2.9544510e-01   2.9070718e-01
   2.0208333e+03   3.0026329e-01   2.9540748e-01   2.9062976e-01
   2.0209167e+03   3.0027782e-01   2.9537994e-01   2.9056150e-01
   2.0210000e+03   3.0028602e-01   2.9534632e-01   2.9048744e-01
   2.0210833e+03   3.0028433e-01   2.9530336e-01   2.9040455e-01
   2.0211667e+03   3.0028024e-01   2.9525798e-01   2.9031927e-01
   2.0212500e+03   3.0028217e-01   2.9521802e-01   2.9023882e-01
   2.0213333e+03   3.0029474e-01   2.9518775e-01   2.9016715e-01
   2.0214167e+03   3.0030867e-01   2.9515856e-01   2.9009630e-01
   2.0215000e+03   3.0031723e-01   2.9512421e-01   2.9002051e-01
   2.0215833e+03   3.0031110e-01   2.9507608e-01   2.8993182e-01
   2.0216667e+03   1.5014580e-01   1.4750769e-01   1.4491569e-01
   2.0217500e+03   1.5013701e-01   1.4747816e-01   1.4486614e-01
   2.0218333e+03   1.5013846e-01   1.4745801e-01   1.4482516e-01
   2.0219167e+03   1.5014574e-01   1.4744317e-01   1.4478898e-01
   2.0220000e+03   1.5015006e-01   1.4742549e-01   1.4475010e-01
   2.0220833e+03   1.5014956e-01   1.4740327e-01   1.4470695e-01
   2.0221667e+03   1.5014788e-01   1.4737988e-01   1.4466264e-01
   2.0222500e+03   1.5014915e-01   1.4735912e-01   1.4462067e-01
   2.0223333e+03   1.5015556e-01   1.4734302e-01   1.4458288e-01
   2.0224167e+03   1.5016245e-01   1.4732726e-01   1.4454534e-01
   2.0225000e+03   1.5016651e-01   1.4730881e-01   1.4450522e-01
   2.0225833e+03   1.5016303e-01   1.4728332e-01   1.4445856e-01
   2.0226667e+03   1.5015275e-01   1.4725148e-01   1.4440599e-01
   2.0227500e+03   1.5014345e-01   1.4722046e-01   1.4435409e-01
   2.0228333e+03   1.5014459e-01   1.4719897e-01   1.4431084e-01
   2.0229167e+03   1.5015189e-01   1.4718305e-01   1.4427262e-01
   2.0230000e+03   1.5015641e-01   1.4716449e-01   1.4423188e-01
   2.0230833e+03   1.5015625e-01   1.4714153e-01   1.4418704e-01
   2.0231667e+03   1.5015493e-01   1.4711742e-01   1.4414106e-01
   2.0232500e+03   1.5015650e-01   1.4709588e-01   1.4409733e-01
   2.0233333e+03   1.5016302e-01   1.4707879e-01   1.4405760e-01
   2.0234167e+03   1.5016983e-01   1.4706188e-01   1.4401793e-01
   2.0235000e+03   1.5017366e-01   1.4704214e-01   1.4397560e-01
   2.0235833e+03   1.5016976e-01   1.4701523e-01   1.4392664e-01
   2.0236667e+03   1.5015895e-01   1.4698189e-01   1.4387173e-01
   2.0237500e+03   1.5014913e-01   1.4694938e-01   1.4381750e-01
   2.0238333e+03   1.5014995e-01   1.4692654e-01   1.4377199e-01
   2.0239167e+03   1.5015725e-01   1.4690953e-01   1.4373172e-01
   2.0240000e+03   1.5016197e-01   1.4689008e-01   1.4368914e-01
   2.0240833e+03   1.5016214e-01   1.4686637e-01   1.4364259e-01
   2.0241667e+03   1.5016118e-01   1.4684154e-01   1.4359494e-01
   2.0242500e+03   1.5016304e-01   1.4681919e-01   1.4354946e-01
   2.0243333e+03   1.5016966e-01   1.4680112e-01   1.4350778e-01
   2.0244167e+03   1.5017638e-01   1.4678304e-01   1.4346601e-01
   2.0245000e+03   1.5017997e-01   1.4676201e-01   1.4342148e-01
   2.0245833e+03   1.5017565e-01   1.4673368e-01   1.4337022e-01
   2.0246667e+03   1.5016429e-01   1.4669884e-01   1.4331299e-01
   2.0247500e+03   1.5015395e-01   1.4666484e-01   1.4325643e-01
   2.0248333e+03   1.5015445e-01   1.4664064e-01   1.4320869e-01
   2.0249167e+03   1.5016174e-01   1.4662254e-01   1.4316638e-01
   2.0250000e+03   1.5016666e-01   1.4660219e-01   1.4312194e-01
   2.0250833e+03   1.5016716e-01   1.4657773e-01   1.4307370e-01
   2.0251667e+03   1.5016656e-01   1.4655218e-01   1.4302440e-01
   2.0252500e+03   1.5016872e-01   1.4652905e-01   1.4297719e-01
   2.0253333e+03   1.5017545e-01   1.4650998e-01   1.4293358e-01
   2.0254167e+03   1.5018206e-01   1.4649071e-01   1.4288969e-01
   2.0255000e+03   1.5018537e-01   1.4646835e-01   1.4284292e-01
   2.0255833e+03   1.5018053e-01   1.4643852e-01   1.4278932e-01
   2.0256667e+03   1.5016850e-01   1.4640207e-01   1.4272968e-01
   2.0257500e+03   1.5015749e-01   1.4636646e-01   1.4267072e-01
   2.0258333e+03   1.5015757e-01   1.4634082e-01   1.4262066e-01
   2.0259167e+03   1.5016484e-01   1.4632161e-01   1.4257632e-01
   2.0260000e+03   1.5017000e-01   1.4630040e-01   1.4253008e-01
   2.0260833e+03   1.5017092e-01   1.4627525e-01   1.4248021e-01
   2.0261667e+03   1.5017077e-01   1.4624905e-01   1.4242931e-01
   2.0262500e+03   1.5017329e-01   1.4622518e-01   1.4238042e-01
   2.0263333e+03   1.5018014e-01   1.4620513e-01   1.4233488e-01
   2.0264167e+03   1.5018660e-01   1.4618463e-01   1.4228885e-01
   2.0265000e+03   1.5018957e-01   1.4616090e-01   1.4223982e-01
   2.0265833e+03   1.5018415e-01   1.4612949e-01   1.4218384e-01
   2.0266667e+03   1.5017137e-01   1.4609137e-01   1.4212175e-01
   2.0267500e+03   1.5015963e-01   1.4605410e-01   1.4206034e-01
   2.0268333e+03   1.5015926e-01   1.4602699e-01   1.4200796e-01
   2.0269167e+03   1.5016650e-01   1.4600666e-01   1.4196157e-01
   2.0270000e+03   1.5017190e-01   1.4598457e-01   1.4191351e-01
   2.0270833e+03   1.5017321e-01   1.4595871e-01   1.4186200e-01
   2.0271667e+03   1.5017350e-01   1.4593184e-01   1.4180950e-01
   2.0272500e+03   1.5017636e-01   1.4590720e-01   1.4175890e-01
   2.0273333e+03   1.5018332e-01   1.4588615e-01   1.4171142e-01
   2.0274167e+03   1.5018962e-01   1.4586442e-01   1.4166326e-01
   2.0275000e+03   1.5019224e-01   1.4583928e-01   1.4161197e-01
   2.0275833e+03   1.5018621e-01   1.4580630e-01   1.4155359e-01
   2.0276667e+03   1.5017268e-01   1.4576650e-01   1.4148906e-01
   2.0277500e+03   1.5016021e-01   1.4572756e-01   1.4142523e-01
   2.0278333e+03   1.5015937e-01   1.4569897e-01   1.4137053e-01
   2.0279167e+03   1.5016656e-01   1.4567749e-01   1.4132207e-01
   2.0280000e+03   1.5017217e-01   1.4565450e-01   1.4127218e-01
   2.0280833e+03   1.5017388e-01   1.4562792e-01   1.4121902e-01
   2.0281667e+03   1.5017459e-01   1.4560036e-01   1.4116490e-01
   2.0282500e+03   1.5017779e-01   1.4557493e-01   1.4111259e-01
   2.0283333e+03   1.5018483e-01   1.4555285e-01   1.4106317e-01
   2.0284167e+03   1.5019096e-01   1.4552987e-01   1.4101285e-01
   2.0285000e+03   1.5019322e-01   1.4550333e-01   1.4095930e-01
   2.0285833e+03   1.5018658e-01   1.4546875e-01   1.4089855e-01
   2.0286667e+03   1.5017227e-01   1.4542726e-01   1.4083159e-01
   2.0287500e+03   1.5015904e-01   1.4538664e-01   1.4076533e-01
   2.0288333e+03   1.5015772e-01   1.4535656e-01   1.4070831e-01
   2.0289167e+03   1.5016486e-01   1.4533392e-01   1.4065780e-01
   2.0290000e+03   1.5017068e-01   1.4531001e-01   1.4060607e-01
   2.0290833e+03   1.5017276e-01   1.4528269e-01   1.4055124e-01
   2.0291667e+03   1.5017387e-01   1.4525441e-01   1.4049548e-01
   2.0292500e+03   1.5017739e-01   1.4522819e-01   1.4044146e-01
   2.0293333e+03   1.5018451e-01   1.4520506e-01   1.4039008e-01
   2.0294167e+03   1.5019046e-01   1.4518081e-01   1.4033762e-01
   2.0295000e+03   1.5019234e-01   1.4515285e-01   1.4028180e-01
   2.0295833e+03   1.5018506e-01   1.4511667e-01   1.4021868e-01
   2.0296667e+03   1.5016997e-01   1.4507348e-01   1.4014930e-01
   2.0297500e+03   1.5015598e-01   1.4503118e-01   1.4008064e-01
   2.0298333e+03   1.5015416e-01   1.4499959e-01   1.4002131e-01
   2.0299167e+03   1.5016123e-01   1.4497578e-01   1.3996872e-01
   2.0300000e+03   1.5016724e-01   1.4495093e-01   1.3991515e-01
   2.0300833e+03   1.5016969e-01   1.4492285e-01   1.3985865e-01
   2.0301667e+03   1.5017121e-01   1.4489385e-01   1.3980126e-01
   2.0302500e+03   1.5017505e-01   1.4486682e-01   1.3974551e-01
   2.0303333e+03   1.5018224e-01   1.4484264e-01   1.3969218e-01
   2.0304167e+03   1.5018797e-01   1.4481709e-01   1.3963756e-01
   2.0305000e+03   1.5018942e-01   1.4478766e-01   1.3957947e-01
   2.0305833e+03   1.5018143e-01   1.4474982e-01   1.3951394e-01
   2.0306667e+03   7.5082722e-02   7.2352422e-02   6.9721044e-02
   2.0307500e+03   7.5075281e-02   7.2330380e-02   6.9685474e-02
   2.0308333e+03   7.5074079e-02   7.2313795e-02   6.9654631e-02
   2.0309167e+03   7.5077561e-02   7.2301288e-02   6.9627306e-02
   2.0310000e+03   7.5080669e-02   7.2288405e-02   6.9599611e-02
   2.0310833e+03   7.5082100e-02   7.2274000e-02   6.9570547e-02
   2.0311667e+03   7.5083086e-02   7.2259160e-02   6.9541063e-02
   2.0312500e+03   7.5085182e-02   7.2245249e-02   6.9512347e-02
   2.0313333e+03   7.5088801e-02   7.2232630e-02   6.9484713e-02
   2.0314167e+03   7.5091542e-02   7.2219194e-02   6.9456326e-02
   2.0315000e+03   7.5092024e-02   7.2203729e-02   6.9426134e-02
   2.0315833e+03   7.5087640e-02   7.2183954e-02   6.9392159e-02
   2.0316667e+03   7.5079163e-02   7.2160552e-02   6.9354998e-02
   2.0317500e+03   7.5071251e-02   7.2137604e-02   6.9318197e-02
   2.0318333e+03   7.5069739e-02   7.2120220e-02   6.9286183e-02
   2.0319167e+03   7.5073160e-02   7.2107109e-02   6.9257833e-02
   2.0320000e+03   7.5076363e-02   7.2093760e-02   6.9229236e-02
   2.0320833e+03   7.5077990e-02   7.2078988e-02   6.9199365e-02
   2.0321667e+03   7.5079193e-02   7.2063799e-02   6.9169093e-02
   2.0322500e+03   7.5081452e-02   7.2049489e-02   6.9139540e-02
   2.0323333e+03   7.5085091e-02   7.2036336e-02   6.9110946e-02
   2.0324167e+03   7.5087696e-02   7.2022234e-02   6.9081491e-02
   2.0325000e+03   7.5087925e-02   7.2006017e-02   6.9050170e-02
   2.0325833e+03   7.5083142e-02   7.1985388e-02   6.9015003e-02
   2.0326667e+03   7.5074172e-02   7.1961072e-02   6.8976623e-02
   2.0327500e+03   7.5065779e-02   7.1937220e-02   6.8938608e-02
   2.0328333e+03   7.5063946e-02   7.1919036e-02   6.8905440e-02
   2.0329167e+03   7.5067297e-02   7.1905316e-02   6.8876075e-02
   2.0330000e+03   7.5070586e-02   7.1891497e-02   6.8846582e-02
   2.0330833e+03   7.5072401e-02   7.1876351e-02   6.8815909e-02
   2.0331667e+03   7.5073810e-02   7.1860807e-02   6.8784855e-02
   2.0332500e+03   7.5076225e-02   7.1846092e-02   6.8754471e-02
   2.0333333e+03   7.5079872e-02   7.1832400e-02   6.8724925e-02
   2.0334167e+03   7.5082331e-02   7.1817632e-02   6.8694415e-02
   2.0335000e+03   7.5082300e-02   7.1800661e-02   6.8661978e-02
   2.0335833e+03   7.5077106e-02   7.1779176e-02   6.8625637e-02
   2.0336667e+03   7.5067634e-02   7.1753949e-02   6.8586058e-02
   2.0337500e+03   7.5058750e-02   7.1729194e-02   6.8546849e-02
   2.0338333e+03   7.5056586e-02   7.1710210e-02   6.8512542e-02
   2.0339167e+03   7.5059857e-02   7.1695879e-02   6.8482172e-02
   2.0340000e+03   7.5063223e-02   7.1681584e-02   6.8451793e-02
   2.0340833e+03   7.5065217e-02   7.1666059e-02   6.8420324e-02
   2.0341667e+03   7.5066823e-02   7.1650155e-02   6.8388492e-02
   2.0342500e+03   7.5069384e-02   7.1635029e-02   6.8357285e-02
   2.0343333e+03   7.5073031e-02   7.1620794e-02   6.8326797e-02
   2.0344167e+03   7.5075335e-02   7.1605356e-02   6.8295244e-02
   2.0345000e+03   7.5075033e-02   7.1587630e-02   6.8261706e-02
   2.0345833e+03   7.5069419e-02   7.1565292e-02   6.8224209e-02
   2.0346667e+03   7.5059434e-02   7.1539156e-02   6.8183452e-02
   2.0347500e+03   7.5050050e-02   7.1513499e-02   6.8143070e-02
   2.0348333e+03   7.5047546e-02   7.1493715e-02   6.8107640e-02
   2.0349167e+03   7.5050728e-02   7.1478769e-02   6.8076277e-02
   2.0350000e+03   7.5054161e-02   7.1463994e-02   6.8045019e-02
   2.0350833e+03   7.5056324e-02   7.1448084e-02   6.8012761e-02
   2.0351667e+03   7.5058119e-02   7.1431815e-02   6.7980160e-02
   2.0352500e+03   7.5060816e-02   7.1416274e-02   6.7948136e-02
   2.0353333e+03   7.5064454e-02   7.1401492e-02   6.7916716e-02
   2.0354167e+03   7.5066593e-02   7.1385383e-02   6.7884134e-02
   2.0355000e+03   7.5066010e-02   7.1366901e-02   6.7849512e-02
   2.0355833e+03   7.5059966e-02   7.1343710e-02   6.7810878e-02
   2.0356667e+03   7.5049460e-02   7.1316668e-02   6.7768963e-02
   2.0357500e+03   7.5039565e-02   7.1290112e-02   6.7727428e-02
   2.0358333e+03   7.5036712e-02   7.1269528e-02   6.7690894e-02
   2.0359167e+03   7.5039794e-02   7.1253966e-02   6.7658551e-02
   2.0360000e+03   7.5043285e-02   7.1238706e-02   6.7626424e-02
   2.0360833e+03   7.5045608e-02   7.1222407e-02   6.7593385e-02
   2.0361667e+03   7.5047583e-02   7.1205766e-02   6.7560020e-02
   2.0362500e+03   7.5050408e-02   7.1189805e-02   6.7527189e-02
   2.0363333e+03   7.5054026e-02   7.1174473e-02   6.7494848e-02
   2.0364167e+03   7.5055990e-02   7.1157691e-02   6.7461252e-02
   2.0365000e+03   7.5055117e-02   7.1138454e-02   6.7425561e-02
   2.0365833e+03   7.5048634e-02   7.1114412e-02   6.7385811e-02
   2.0366667e+03   3.7518798e-02   3.5543233e-02   3.3671381e-02
   2.0367500e+03   3.7513590e-02   3.5529507e-02   3.3650048e-02
   2.0368333e+03   3.7511984e-02   3.5518816e-02   3.3631238e-02
   2.0369167e+03   3.7513471e-02   3.5510725e-02   3.3614583e-02
   2.0370000e+03   3.7515241e-02   3.5502851e-02   3.3598090e-02
   2.0370833e+03   3.7516478e-02   3.5494504e-02   3.3581184e-02
   2.0371667e+03   3.7517550e-02   3.5485996e-02   3.3564124e-02
   2.0372500e+03   3.7519022e-02   3.5477803e-02   3.3547309e-02
   2.0373333e+03   3.7520817e-02   3.5469861e-02   3.3530685e-02
   2.0374167e+03   3.7521707e-02   3.5461132e-02   3.3513386e-02
   2.0375000e+03   3.7521120e-02   3.5451136e-02   3.3495016e-02
   2.0375833e+03   3.7517654e-02   3.5438691e-02   3.3474593e-02
   2.0376667e+03   3.7511864e-02   3.5424268e-02   3.3452512e-02
   2.0377500e+03   3.7506392e-02   3.5410096e-02   3.3430626e-02
   2.0378333e+03   3.7504601e-02   3.5399006e-02   3.3411282e-02
   2.0379167e+03   3.7506029e-02   3.5390604e-02   3.3394150e-02
   2.0380000e+03   3.7507818e-02   3.5382485e-02   3.3377234e-02
   2.0380833e+03   3.7509126e-02   3.5373938e-02   3.3359946e-02
   2.0381667e+03   3.7510279e-02   3.5365239e-02   3.3342514e-02
   2.0382500e+03   3.7511805e-02   3.5356832e-02   3.3325304e-02
   2.0383333e+03   3.7513581e-02   3.5348612e-02   3.3308231e-02
   2.0384167e+03   3.7514374e-02   3.5339546e-02   3.3290441e-02
   2.0385000e+03   3.7513632e-02   3.5329172e-02   3.3271555e-02
   2.0385833e+03   3.7509937e-02   3.5316304e-02   3.3250595e-02
   2.0386667e+03   3.7503871e-02   3.5301433e-02   3.3227970e-02
   2.0387500e+03   3.7498130e-02   3.5286817e-02   3.3205542e-02
   2.0388333e+03   3.7496149e-02   3.5275329e-02   3.3185675e-02
   2.0389167e+03   3.7497513e-02   3.5266616e-02   3.3168074e-02
   2.0390000e+03   3.7499318e-02   3.5258249e-02   3.3150740e-02
   2.0390833e+03   3.7500692e-02   3.5249501e-02   3.3133075e-02
   2.0391667e+03   3.7501921e-02   3.5240610e-02   3.3115274e-02
   2.0392500e+03   3.7503496e-02   3.5231986e-02   3.3097676e-02
   2.0393333e+03   3.7505248e-02   3.5223488e-02   3.3080162e-02
   2.0394167e+03   3.7505940e-02   3.5214084e-02   3.3061888e-02
   2.0395000e+03   3.7505039e-02   3.5203333e-02   3.3042496e-02
   2.0395833e+03   3.7501109e-02   3.5190044e-02   3.3021010e-02
   2.0396667e+03   3.7494763e-02   3.5174727e-02   3.2997854e-02
   2.0397500e+03   3.7488747e-02   3.5159669e-02   3.2974895e-02
   2.0398333e+03   3.7486573e-02   3.5147784e-02   3.2954515e-02
   2.0399167e+03   3.7487868e-02   3.5138760e-02   3.2936453e-02
   2.0400000e+03   3.7489683e-02   3.5130144e-02   3.2918708e-02
   2.0400833e+03   3.7491118e-02   3.5121192e-02   3.2900671e-02
   2.0401667e+03   3.7492418e-02   3.5112107e-02   3.2882508e-02
   2.0402500e+03   3.7494039e-02   3.5103265e-02   3.2864526e-02
   2.0403333e+03   3.7495763e-02   3.5094486e-02   3.2846578e-02
   2.0404167e+03   3.7496347e-02   3.5084744e-02   3.2827830e-02
   2.0405000e+03   3.7495282e-02   3.5073618e-02   3.2807941e-02
   2.0405833e+03   3.7491113e-02   3.5059909e-02   3.2785941e-02
   2.0406667e+03   3.7484482e-02   3.5044149e-02   3.2762265e-02
   2.0407500e+03   3.7478187e-02   3.5028651e-02   3.2738790e-02
   2.0408333e+03   3.7475814e-02   3.5016371e-02   3.2717908e-02
   2.0409167e+03   3.7477036e-02   3.5007034e-02   3.2699393e-02
   2.0410000e+03   3.7478856e-02   3.4998168e-02   3.2681242e-02
   2.0410833e+03   3.7480349e-02   3.4989012e-02   3.2662840e-02
   2.0411667e+03   3.7481715e-02   3.4979730e-02   3.2644319e-02
   2.0412500e+03   3.7483376e-02   3.4970668e-02   3.2625959e-02
   2.0413333e+03   3.7485067e-02   3.4961609e-02   3.2607585e-02
   2.0414167e+03   3.7485540e-02   3.4951530e-02   3.2588371e-02
   2.0415000e+03   3.7484305e-02   3.4940028e-02   3.2567996e-02
   2.0415833e+03   3.7479893e-02   3.4925901e-02   3.2545494e-02
   2.0416667e+03   3.7472972e-02   3.4909702e-02   3.2521313e-02
   2.0417500e+03   3.7466393e-02   3.4893766e-02   3.2497333e-02
   2.0418333e+03   3.7463816e-02   3.4881092e-02   3.2475960e-02
   2.0419167e+03   3.7464960e-02   3.4871443e-02   3.2457001e-02
   2.0420000e+03   3.7466781e-02   3.4862326e-02   3.2438453e-02
   2.0420833e+03   3.7468326e-02   3.4852963e-02   3.2419690e-02
   2.0421667e+03   3.7469754e-02   3.4843483e-02   3.2400818e-02
   2.0422500e+03   3.7471451e-02   3.4834200e-02   3.2382087e-02
   2.0423333e+03   3.7473103e-02   3.4824860e-02   3.2363294e-02
   2.0424167e+03   3.7473461e-02   3.4814443e-02   3.2343624e-02
   2.0425000e+03   3.7472052e-02   3.4802567e-02   3.2322774e-02
   2.0425833e+03   3.7467391e-02   3.4788025e-02   3.2299783e-02
   2.0426667e+03   3.7460176e-02   3.4771388e-02   3.2275109e-02
   2.0427500e+03   3.7453308e-02   3.4755019e-02   3.2250638e-02
   2.0428333e+03   3.7450523e-02   3.4741952e-02   3.2228786e-02
   2.0429167e+03   3.7451584e-02   3.4731991e-02   3.2209392e-02
   2.0430000e+03   3.7453400e-02   3.4722622e-02   3.2190453e-02
   2.0430833e+03   3.7454993e-02   3.4713051e-02   3.2171336e-02
   2.0431667e+03   3.7456479e-02   3.4703371e-02   3.2152119e-02
   2.0432500e+03   3.7458207e-02   3.4693867e-02   3.2133024e-02
   2.0433333e+03   3.7459816e-02   3.4684245e-02   3.2113820e-02
   2.0434167e+03   3.7460052e-02   3.4673491e-02   3.2093704e-02
   2.0435000e+03   3.7458465e-02   3.4661243e-02   3.2072390e-02
   2.0435833e+03   3.7453551e-02   3.4646288e-02   3.2048922e-02
   2.0436667e+03   3.7446037e-02   3.4629217e-02   3.2023769e-02
   2.0437500e+03   3.7438876e-02   3.4612417e-02   3.1998821e-02
   2.0438333e+03   3.7435877e-02   3.4598960e-02   3.1976502e-02
   2.0439167e+03   3.7436850e-02   3.4588686e-02   3.1956681e-02
   2.0440000e+03   3.7438659e-02   3.4579065e-02   3.1937360e-02
   2.0440833e+03   3.7440294e-02   3.4569284e-02   3.1917896e-02
   2.0441667e+03   3.7441833e-02   3.4559403e-02   3.1898340e-02
   2.0442500e+03   3.7443587e-02   3.4549676e-02   3.1878888e-02
   2.0443333e+03   3.7445148e-02   3.4539772e-02   3.1859282e-02
   2.0444167e+03   3.7445259e-02   3.4528683e-02   3.1838730e-02
   2.0445000e+03   3.7443488e-02   3.4516063e-02   3.1816963e-02
   2.0445833e+03   3.7438317e-02   3.4500698e-02   3.1793031e-02
   2.0446667e+03   3.7430499e-02   3.4483197e-02   3.1767414e-02
   2.0447500e+03   3.7423040e-02   3.4465969e-02   3.1742003e-02
   2.0448333e+03   3.7419823e-02   3.4452123e-02   3.1719228e-02
   2.0449167e+03   3.7420704e-02   3.4441539e-02   3.1698991e-02
   2.0450000e+03   3.7422499e-02   3.4431664e-02   3.1679295e-02
   2.0450833e+03   3.7424173e-02   3.4421672e-02   3.1659492e-02
   2.0451667e+03   3.7425759e-02   3.4411590e-02   3.1639603e-02
   2.0452500e+03   3.7427535e-02   3.4401638e-02   3.1619801e-02
   2.0453333e+03   3.7429044e-02   3.4391453e-02   3.1599803e-02
   2.0454167e+03   3.7429025e-02   3.4380028e-02   3.1578825e-02
   2.0455000e+03   3.7427065e-02   3.4367040e-02   3.1556618e-02
   2.0455833e+03   3.7421631e-02   3.4351268e-02   3.1532235e-02
   2.0456667e+03   3.7413505e-02   3.4333339e-02   3.1506168e-02
   2.0457500e+03   3.7405744e-02   3.4315688e-02   3.1480308e-02
   2.0458333e+03   3.7402305e-02   3.4301456e-02   3.1457091e-02
   2.0459167e+03   3.7403089e-02   3.4290561e-02   3.1436447e-02
   2.0460000e+03   3.7404865e-02   3.4280433e-02   3.1416384e-02
   2.0460833e+03   3.7406572e-02   3.4270230e-02   3.1396249e-02
   2.0461667e+03   3.7408202e-02   3.4259944e-02   3.1376035e-02
   2.0462500e+03   3.7409995e-02   3.4249767e-02   3.1355891e-02
   2.0463333e+03   3.7411447e-02   3.4239300e-02   3.1335509e-02
   2.0464167e+03   3.7411292e-02   3.4227542e-02   3.1314117e-02
   2.0465000e+03   3.7409140e-02   3.4214187e-02   3.1291481e-02
   2.0465833e+03   3.7403439e-02   3.4198011e-02   3.1266661e-02
   2.0466667e+03   3.7395000e-02   3.4179659e-02   3.1240159e-02
   2.0467500e+03   3.7386932e-02   3.4161588e-02   3.1213864e-02
   2.0468333e+03   3.7383266e-02   3.4146973e-02   3.1190217e-02
   2.0469167e+03   3.7383947e-02   3.4135767e-02   3.1169178e-02
   2.0470000e+03   3.7385701e-02   3.4125386e-02   3.1148757e-02
   2.0470833e+03   3.7387437e-02   3.4114970e-02   3.1128297e-02
   2.0471667e+03   3.7389105e-02   3.4104481e-02   3.1107766e-02
   2.0472500e+03   3.7390910e-02   3.4094079e-02   3.1087288e-02
   2.0473333e+03   3.7392300e-02   3.4083331e-02   3.1066531e-02
   2.0474167e+03   3.7392006e-02   3.4071240e-02   3.1044736e-02
   2.0475000e+03   3.7389656e-02   3.4057520e-02   3.1021684e-02
   2.0475833e+03   3.7383684e-02   3.4040944e-02   3.0996441e-02
   2.0476667e+03   3.7374927e-02   3.4022173e-02   3.0969518e-02
   2.0477500e+03   3.7366548e-02   3.4003686e-02   3.0942804e-02
   2.0478333e+03   3.7362650e-02   3.3988690e-02   3.0918741e-02
   2.0479167e+03   3.7363225e-02   3.3977176e-02   3.0897316e-02
   2.0480000e+03   3.7364951e-02   3.3966541e-02   3.0876547e-02
   2.0480833e+03   3.7366711e-02   3.3955912e-02   3.0855769e-02
   2.0481667e+03   3.7368413e-02   3.3945219e-02   3.0834929e-02
   2.0482500e+03   3.7370225e-02   3.3934590e-02   3.0814125e-02
   2.0483333e+03   3.7371549e-02   3.3923562e-02   3.0793004e-02
   2.0484167e+03   3.7371110e-02   3.3911141e-02   3.0770817e-02
   2.0485000e+03   3.7368558e-02   3.3897058e-02   3.0747361e-02
   2.0485833e+03   3.7362310e-02   3.3880085e-02   3.0721710e-02
   2.0486667e+03   3.7353232e-02   3.3860900e-02   3.0694382e-02
   2.0487500e+03   3.7344537e-02   3.3842001e-02   3.0667263e-02
   2.0488333e+03   3.7340403e-02   3.3826628e-02   3.0642797e-02
   2.0489167e+03   3.7340866e-02   3.3814806e-02   3.0620997e-02
   2.0490000e+03   3.7342560e-02   3.3803918e-02   3.0599889e-02
   2.0490833e+03   3.7344339e-02   3.3793076e-02   3.0578803e-02
   2.0491667e+03   3.7346070e-02   3.3782177e-02   3.0557661e-02
   2.0492500e+03   3.7347885e-02   3.3771323e-02   3.0536540e-02
   2.0493333e+03   3.7349138e-02   3.3760015e-02   3.0515065e-02
   2.0494167e+03   3.7348549e-02   3.3747265e-02   3.0492497e-02
   2.0495000e+03   3.7345791e-02   3.3732823e-02   3.0468651e-02
   2.0495833e+03   3.7339262e-02   3.3715457e-02   3.0442606e-02
   2.0496667e+03   3.7329858e-02   3.3695862e-02   3.0414888e-02
   2.0497500e+03   3.7320843e-02   3.3676556e-02   3.0387380e-02
   2.0498333e+03   3.7316468e-02   3.3660809e-02   3.0362525e-02
   2.0499167e+03   3.7316815e-02   3.3648680e-02   3.0340362e-02
   2.0500000e+03   3.7318471e-02   3.3637539e-02   3.0318923e-02
   2.0500833e+03   3.7320266e-02   3.3626484e-02   3.0297537e-02
   2.0501667e+03   3.7322021e-02   3.3615380e-02   3.0276102e-02
   2.0502500e+03   3.7323834e-02   3.3604300e-02   3.0254673e-02
   2.0503333e+03   3.7325011e-02   3.3592713e-02   3.0232855e-02
   2.0504167e+03   3.7324272e-02   3.3579639e-02   3.0209921e-02
   2.0505000e+03   3.7321306e-02   3.3564844e-02   3.0185700e-02
   2.0505833e+03   3.7314499e-02   3.3547094e-02   3.0159280e-02
   2.0506667e+03   3.7304774e-02   3.3527102e-02   3.0131193e-02
   2.0507500e+03   3.7295446e-02   3.3507401e-02   3.0103318e-02
   2.0508333e+03   3.7290833e-02   3.3491291e-02   3.0078094e-02
   2.0509167e+03   3.7291065e-02   3.3478862e-02   3.0055582e-02
   2.0510000e+03   3.7292681e-02   3.3467470e-02   3.0033826e-02
   2.0510833e+03   3.7294485e-02   3.3456202e-02   3.0012149e-02
   2.0511667e+03   3.7296259e-02   3.3444892e-02   2.9990430e-02
   2.0512500e+03   3.7298065e-02   3.3433587e-02   2.9968703e-02
   2.0513333e+03   3.7299166e-02   3.3421726e-02   2.9946556e-02
   2.0514167e+03   3.7298274e-02   3.3408334e-02   2.9923272e-02
   2.0515000e+03   3.7295102e-02   3.3393193e-02   2.9898694e-02
   2.0515833e+03   3.7288017e-02   3.3375069e-02   2.9871919e-02
   2.0516667e+03   3.7277973e-02   3.3354689e-02   2.9843483e-02
   2.0517500e+03   3.7268329e-02   3.3334603e-02   2.9815260e-02
   2.0518333e+03   3.7263478e-02   3.3318135e-02   2.9789683e-02
   2.0519167e+03   3.7263589e-02   3.3305408e-02   2.9766836e-02
   2.0520000e+03   3.7265161e-02   3.3293768e-02   2.9744774e-02
   2.0520833e+03   3.7266970e-02   3.3282288e-02   2.9722818e-02
   2.0521667e+03   3.7268758e-02   3.3270774e-02   2.9700826e-02
   2.0522500e+03   3.7270554e-02   3.3259247e-02   2.9678814e-02
   2.0523333e+03   3.7271573e-02   3.3247114e-02   2.9656350e-02
   2.0524167e+03   3.7270525e-02   3.3233407e-02   2.9632730e-02
   2.0525000e+03   3.7267142e-02   3.3217925e-02   2.9607810e-02
   2.0525833e+03   3.7259777e-02   3.3199432e-02   2.9580696e-02
   2.0526667e+03   3.7249408e-02   3.3178670e-02   2.9551930e-02
   2.0527500e+03   3.7239446e-02   3.3158205e-02   2.9523376e-02
   2.0528333e+03   3.7234351e-02   3.3141384e-02   2.9497462e-02
   2.0529167e+03   3.7234338e-02   3.3128363e-02   2.9474294e-02
   2.0530000e+03   3.7235861e-02   3.3116477e-02   2.9451938e-02
   2.0530833e+03   3.7237671e-02   3.3104787e-02   2.9429715e-02
   2.0531667e+03   3.7239470e-02   3.3093071e-02   2.9407461e-02
   2.0532500e+03   3.7241251e-02   3.3081322e-02   2.9385174e-02
   2.0533333e+03   3.7242183e-02   3.3068921e-02   2.9362407e-02
   2.0534167e+03   3.7240975e-02   3.3054902e-02   2.9338465e-02
   2.0535000e+03   3.7237377e-02   3.3039084e-02   2.9313219e-02
   2.0535833e+03   3.7229727e-02   3.3020228e-02   2.9285783e-02
   2.0536667e+03   3.7219030e-02   3.2999091e-02   2.9256703e-02
   2.0537500e+03   3.7208747e-02   3.2978252e-02   2.9227837e-02
   2.0538333e+03   3.7203405e-02   3.2961084e-02   2.9201602e-02
   2.0539167e+03   3.7203263e-02   3.2947773e-02   2.9178127e-02
   2.0540000e+03   3.7204733e-02   3.2935643e-02   2.9155490e-02
   2.0540833e+03   3.7206539e-02   3.2923745e-02   2.9133010e-02
   2.0541667e+03   3.7208344e-02   3.2911828e-02   2.9110506e-02
   2.0542500e+03   3.7210105e-02   3.2899859e-02   2.9087956e-02
   2.0543333e+03   3.7210947e-02   3.2887192e-02   2.9064899e-02
   2.0544167e+03   3.7209575e-02   3.2872867e-02   2.9040650e-02
   2.0545000e+03   3.7205757e-02   3.2856716e-02   2.9015093e-02
   2.0545833e+03   3.7197819e-02   3.2837503e-02   2.8987352e-02
   2.0546667e+03   3.7186791e-02   3.2815997e-02   2.8957977e-02
   2.0547500e+03   3.7176181e-02   3.2794793e-02   2.8928815e-02
   2.0548333e+03   3.7170588e-02   3.2777283e-02   2.8902276e-02
   2.0549167e+03   3.7170314e-02   3.2763684e-02   2.8878507e-02
   2.0550000e+03   3.7171726e-02   3.2751313e-02   2.8855602e-02
   2.0550833e+03   3.7173525e-02   3.2739208e-02   2.8832876e-02
   2.0551667e+03   3.7175331e-02   3.2727092e-02   2.8810133e-02
   2.0552500e+03   3.7177068e-02   3.2714907e-02   2.8787333e-02
   2.0553333e+03   3.7177816e-02   3.2701976e-02   2.8763998e-02
   2.0554167e+03   3.7176275e-02   3.2687348e-02   2.8739457e-02
   2.0555000e+03   3.7172235e-02   3.2670870e-02   2.8713606e-02
   2.0555833e+03   3.7164004e-02   3.2651307e-02   2.8685576e-02
   2.0556667e+03   3.7152641e-02   3.2629439e-02   2.8655923e-02
   2.0557500e+03   3.7141702e-02   3.2607875e-02   2.8626483e-02
   2.0558333e+03   3.7135854e-02   3.2590028e-02   2.8599656e-02
   2.0559167e+03   3.7135443e-02   3.2576147e-02   2.8575608e-02
   2.0560000e+03   3.7136793e-02   3.2563537e-02   2.8552446e-02
   2.0560833e+03   3.7138579e-02   3.2551227e-02   2.8529487e-02
   2.0561667e+03   3.7140383e-02   3.2538914e-02   2.8506517e-02
   2.0562500e+03   3.7142092e-02   3.2526513e-02   2.8483478e-02
   2.0563333e+03   3.7142741e-02   3.2513323e-02   2.8459879e-02
   2.0564167e+03   3.7141027e-02   3.2498396e-02   2.8435060e-02
   2.0565000e+03   3.7136760e-02   3.2481597e-02   2.8408930e-02
   2.0565833e+03   3.7128233e-02   3.2461689e-02   2.8380629e-02
   2.0566667e+03   3.7116531e-02   3.2439466e-02   2.8350716e-02
   2.0567500e+03   3.7105260e-02   3.2417549e-02   2.8321015e-02
   2.0568333e+03   3.7099153e-02   3.2399372e-02   2.8293916e-02
   2.0569167e+03   3.7098601e-02   3.2385211e-02   2.8269604e-02
   2.0570000e+03   3.7099885e-02   3.2372365e-02   2.8246199e-02
   2.0570833e+03   3.7101655e-02   3.2359853e-02   2.8223018e-02
   2.0571667e+03   3.7103451e-02   3.2347344e-02   2.8199832e-02
   2.0572500e+03   3.7105128e-02   3.2334731e-02   2.8176566e-02
   2.0573333e+03   3.7105673e-02   3.2321285e-02   2.8152717e-02
   2.0574167e+03   3.7103783e-02   3.2306064e-02   2.8127635e-02
   2.0575000e+03   3.7099285e-02   3.2288948e-02   2.8101242e-02
   2.0575833e+03   3.7090458e-02   3.2268702e-02   2.8072687e-02
   2.0576667e+03   3.7078415e-02   3.2246131e-02   2.8042530e-02
   2.0577500e+03   3.7066807e-02   3.2223868e-02   2.8012587e-02
   2.0578333e+03   3.7060438e-02   3.2205366e-02   2.7985233e-02
   2.0579167e+03   3.7059740e-02   3.2190929e-02   2.7960670e-02
   2.0580000e+03   3.7060954e-02   3.2177851e-02   2.7937034e-02
   2.0580833e+03   3.7062703e-02   3.2165139e-02   2.7913644e-02
   2.0581667e+03   3.7064488e-02   3.2152437e-02   2.7890253e-02
   2.0582500e+03   3.7066127e-02   3.2139614e-02   2.7866773e-02
   2.0583333e+03   3.7066566e-02   3.2125915e-02   2.7842686e-02
   2.0584167e+03   3.7064495e-02   3.2110404e-02   2.7817357e-02
   2.0585000e+03   3.7059761e-02   3.2092978e-02   2.7790716e-02
   2.0585833e+03   3.7050631e-02   3.2072400e-02   2.7761924e-02
   2.0586667e+03   3.7038243e-02   3.2049489e-02   2.7731542e-02
   2.0587500e+03   3.7026296e-02   3.2026887e-02   2.7701374e-02
   2.0588333e+03   3.7019660e-02   3.2008066e-02   2.7673781e-02
   2.0589167e+03   3.7018813e-02   3.1993358e-02   2.7648981e-02
   2.0590000e+03   3.7019953e-02   3.1980049e-02   2.7625128e-02
   2.0590833e+03   3.7021676e-02   3.1967140e-02   2.7601539e-02
   2.0591667e+03   3.7023445e-02   3.1954247e-02   2.7577956e-02
   2.0592500e+03   3.7025044e-02   3.1941217e-02   2.7554274e-02
   2.0593333e+03   3.7025371e-02   3.1927268e-02   2.7529964e-02
   2.0594167e+03   3.7023115e-02   3.1911473e-02   2.7504402e-02
   2.0595000e+03   3.7018143e-02   3.1893741e-02   2.7477530e-02
   2.0595833e+03   3.7008706e-02   3.1872838e-02   2.7448517e-02
   2.0596667e+03   3.6995970e-02   3.1849594e-02   2.7417928e-02
   2.0597500e+03   3.6983680e-02   3.1826661e-02   2.7387552e-02
   2.0598333e+03   3.6976774e-02   3.1807527e-02   2.7359735e-02
   2.0599167e+03   3.6975774e-02   3.1792552e-02   2.7334714e-02
   2.0600000e+03   3.6976834e-02   3.1779017e-02   2.7310656e-02
   2.0600833e+03   3.6978528e-02   3.1765913e-02   2.7286882e-02
   2.0601667e+03   3.6980277e-02   3.1752832e-02   2.7263117e-02
   2.0602500e+03   3.6981830e-02   3.1739597e-02   2.7239245e-02
   2.0603333e+03   3.6982041e-02   3.1725402e-02   2.7214726e-02
   2.0604167e+03   3.6979597e-02   3.1709327e-02   2.7188946e-02
   2.0605000e+03   3.6974383e-02   3.1691296e-02   2.7161858e-02
   2.0605833e+03   3.6964636e-02   3.1670074e-02   2.7132641e-02
   2.0606667e+03   3.6951548e-02   3.1646505e-02   2.7101862e-02
   2.0607500e+03   3.6938912e-02   3.1623248e-02   2.7071296e-02
   2.0608333e+03   3.6931733e-02   3.1603807e-02   2.7043273e-02
   2.0609167e+03   3.6930575e-02   3.1588570e-02   2.7018044e-02
   2.0610000e+03   3.6931552e-02   3.1574812e-02   2.6993794e-02
   2.0610833e+03   3.6933212e-02   3.1561515e-02   2.6969846e-02
   2.0611667e+03   3.6934936e-02   3.1548248e-02   2.6945913e-02
   2.0612500e+03   3.6936440e-02   3.1534812e-02   2.6921863e-02
   2.0613333e+03   3.6936531e-02   3.1520376e-02   2.6897148e-02
   2.0614167e+03   3.6933894e-02   3.1504026e-02   2.6871165e-02
   2.0615000e+03   3.6928434e-02   3.1485701e-02   2.6843876e-02
   2.0615833e+03   3.6918374e-02   3.1464168e-02   2.6814473e-02
   2.0616667e+03   3.6904931e-02   3.1440281e-02   2.6783522e-02
   2.0617500e+03   3.6891946e-02   3.1416708e-02   2.6752783e-02
   2.0618333e+03   3.6884490e-02   3.1396967e-02   2.6724569e-02
   2.0619167e+03   3.6883171e-02   3.1381472e-02   2.6699147e-02
   2.0620000e+03   3.6884061e-02   3.1367494e-02   2.6674718e-02
   2.0620833e+03   3.6885683e-02   3.1354008e-02   2.6650608e-02
   2.0621667e+03   3.6887378e-02   3.1340558e-02   2.6626518e-02
   2.0622500e+03   3.6888828e-02   3.1326922e-02   2.6602303e-02
   2.0623333e+03   3.6888795e-02   3.1312249e-02   2.6577406e-02
   2.0624167e+03   3.6885961e-02   3.1295629e-02   2.6551234e-02
   2.0625000e+03   3.6880252e-02   3.1277016e-02   2.6523762e-02
   2.0625833e+03   3.6869875e-02   3.1255180e-02   2.6494189e-02
   2.0626667e+03   3.6856075e-02   3.1230983e-02   2.6463082e-02
   2.0627500e+03   3.6842737e-02   3.1207101e-02   2.6432188e-02
   2.0628333e+03   3.6835001e-02   3.1187067e-02   2.6403800e-02
   2.0629167e+03   3.6833516e-02   3.1171318e-02   2.6378198e-02
   2.0630000e+03   3.6834315e-02   3.1157125e-02   2.6353604e-02
   2.0630833e+03   3.6835894e-02   3.1143452e-02   2.6329345e-02
   2.0631667e+03   3.6837557e-02   3.1129821e-02   2.6305109e-02
   2.0632500e+03   3.6838948e-02   3.1115990e-02   2.6280741e-02
   2.0633333e+03   3.6838788e-02   3.1101084e-02   2.6255675e-02
   2.0634167e+03   3.6835753e-02   3.1084200e-02   2.6229330e-02
   2.0635000e+03   3.6829791e-02   3.1065305e-02   2.6201689e-02
   2.0635833e+03   3.6819094e-02   3.1043172e-02   2.6171963e-02
   2.0636667e+03   3.6804933e-02   3.1018673e-02   2.6140719e-02
   2.0637500e+03   3.6791241e-02   3.0994491e-02   2.6109686e-02
   2.0638333e+03   3.6783221e-02   3.0974170e-02   2.6081140e-02
   2.0639167e+03   3.6781567e-02   3.0958173e-02   2.6055373e-02
   2.0640000e+03   3.6782270e-02   3.0943767e-02   2.6030626e-02
   2.0640833e+03   3.6783803e-02   3.0929911e-02   2.6006229e-02
   2.0641667e+03   3.6785428e-02   3.0916103e-02   2.5981861e-02
   2.0642500e+03   3.6786756e-02   3.0902080e-02   2.5957352e-02
   2.0643333e+03   3.6786464e-02   3.0886944e-02   2.5932131e-02
   2.0644167e+03   3.6783226e-02   3.0869801e-02   2.5905628e-02
   2.0645000e+03   3.6777007e-02   3.0850631e-02   2.5877834e-02
   2.0645833e+03   3.6765987e-02   3.0828208e-02   2.5847971e-02
   2.0646667e+03   3.6751463e-02   3.0803415e-02   2.5816606e-02
   2.0647500e+03   3.6737413e-02   3.0778941e-02   2.5785452e-02
   2.0648333e+03   3.6729106e-02   3.0758340e-02   2.5756764e-02
   2.0649167e+03   3.6727279e-02   3.0742099e-02   2.5730846e-02
   2.0650000e+03   3.6727882e-02   3.0727485e-02   2.5705960e-02
   2.0650833e+03   3.6729364e-02   3.0713449e-02   2.5681437e-02
   2.0651667e+03   3.6730947e-02   3.0699467e-02   2.5656948e-02
   2.0652500e+03   3.6732209e-02   3.0685255e-02   2.5632311e-02
   2.0653333e+03   3.6731781e-02   3.0669894e-02   2.5606948e-02
   2.0654167e+03   3.6728335e-02   3.0652498e-02   2.5580301e-02
   2.0655000e+03   3.6721856e-02   3.0633059e-02   2.5552369e-02
   2.0655833e+03   3.6710510e-02   3.0610355e-02   2.5522387e-02
   2.0656667e+03   3.6695621e-02   3.0585276e-02   2.5490918e-02
   2.0657500e+03   3.6681210e-02   3.0560517e-02   2.5459659e-02
   2.0658333e+03   3.6672613e-02   3.0539643e-02   2.5430845e-02
   2.0659167e+03   3.6670608e-02   3.0523164e-02   2.5404791e-02
   2.0660000e+03   3.6671108e-02   3.0508346e-02   2.5379777e-02
   2.0660833e+03   3.6672535e-02   3.0494132e-02   2.5355142e-02
   2.0661667e+03   3.6674072e-02   3.0479979e-02   2.5330543e-02
   2.0662500e+03   3.6675263e-02   3.0465582e-02   2.5305790e-02
   2.0663333e+03   3.6674695e-02   3.0450001e-02   2.5280299e-02
   2.0664167e+03   3.6671038e-02   3.0432357e-02   2.5253523e-02
   2.0665000e+03   3.6664295e-02   3.0412656e-02   2.5225470e-02
   2.0665833e+03   3.6652621e-02   3.0389677e-02   2.5195383e-02
   2.0666667e+03   3.6637363e-02   3.0364322e-02   2.5163827e-02
   2.0667500e+03   3.6622589e-02   3.0339287e-02   2.5132480e-02
   2.0668333e+03   3.6613699e-02   3.0318146e-02   2.5103556e-02
   2.0669167e+03   3.6611514e-02   3.0301434e-02   2.5077380e-02
   2.0670000e+03   3.6611905e-02   3.0286416e-02   2.5052252e-02
   2.0670833e+03   3.6613273e-02   3.0272028e-02   2.5027515e-02
   2.0671667e+03   3.6614760e-02   3.0257707e-02   2.5002819e-02
   2.0672500e+03   3.6615876e-02   3.0243129e-02   2.4977963e-02
   2.0673333e+03   3.6615164e-02   3.0227333e-02   2.4952357e-02
   2.0674167e+03   3.6611291e-02   3.0209447e-02   2.4925467e-02
   2.0675000e+03   3.6604282e-02   3.0189490e-02   2.4897306e-02
   2.0675833e+03   3.6592276e-02   3.0166245e-02   2.4867132e-02
   2.0676667e+03   3.6576647e-02   3.0140620e-02   2.4835506e-02
   2.0677500e+03   3.6561508e-02   3.0115318e-02   2.4804088e-02
   2.0678333e+03   3.6552322e-02   3.0093918e-02   2.4775068e-02
   2.0679167e+03   3.6549952e-02   3.0076979e-02   2.4748784e-02
   2.0680000e+03   3.6550232e-02   3.0061764e-02   2.4723555e-02
   2.0680833e+03   3.6551536e-02   3.0047207e-02   2.4698729e-02
   2.0681667e+03   3.6552969e-02   3.0032721e-02   2.4673947e-02
   2.0682500e+03   3.6554006e-02   3.0017964e-02   2.4649000e-02
   2.0683333e+03   3.6553146e-02   3.0001959e-02   2.4623293e-02
   2.0684167e+03   3.6549055e-02   2.9983836e-02   2.4596302e-02
   2.0685000e+03   3.6541776e-02   2.9963631e-02   2.4568050e-02
   2.0685833e+03   3.6529436e-02   2.9940127e-02   2.4537804e-02
   2.0686667e+03   3.6513434e-02   2.9914242e-02   2.4506124e-02
   2.0687500e+03   3.6497927e-02   2.9888680e-02   2.4474651e-02
   2.0688333e+03   3.6488441e-02   2.9867028e-02   2.4445552e-02
   2.0689167e+03   3.6485883e-02   2.9849867e-02   2.4419174e-02
   2.0690000e+03   3.6486047e-02   2.9834460e-02   2.4393857e-02
   2.0690833e+03   3.6487283e-02   2.9819737e-02   2.4368953e-02
   2.0691667e+03   3.6488658e-02   2.9805090e-02   2.4344097e-02
   2.0692500e+03   3.6489611e-02   2.9790160e-02   2.4319071e-02
   2.0693333e+03   3.6488600e-02   2.9773948e-02   2.4293276e-02
   2.0694167e+03   3.6484287e-02   2.9755596e-02   2.4266199e-02
   2.0695000e+03   3.6476736e-02   2.9735148e-02   2.4237871e-02
   2.0695833e+03   3.6464058e-02   2.9711394e-02   2.4207569e-02
   2.0696667e+03   3.6447681e-02   2.9685257e-02   2.4175851e-02
   2.0697500e+03   3.6431804e-02   2.9659444e-02   2.4144339e-02
   2.0698333e+03   3.6422016e-02   2.9637548e-02   2.4115177e-02
   2.0699167e+03   3.6419267e-02   2.9620170e-02   2.4088717e-02
   2.0700000e+03   3.6419311e-02   2.9604577e-02   2.4063325e-02
   2.0700833e+03   3.6420475e-02   2.9589690e-02   2.4038355e-02
   2.0701667e+03   3.6421787e-02   2.9574887e-02   2.4013437e-02
   2.0702500e+03   3.6422653e-02   2.9559786e-02   2.3988344e-02
   2.0703333e+03   3.6421487e-02   2.9543374e-02   2.3962475e-02
   2.0704167e+03   3.6416948e-02   2.9524798e-02   2.3935326e-02
   2.0705000e+03   3.6409121e-02   2.9504115e-02   2.3906936e-02
   2.0705833e+03   3.6396104e-02   2.9480118e-02   2.3876594e-02
   2.0706667e+03   3.6379350e-02   2.9453738e-02   2.3844854e-02
   2.0707500e+03   3.6363100e-02   2.9427683e-02   2.3813319e-02
   2.0708333e+03   3.6353007e-02   2.9405550e-02   2.3784108e-02
   2.0709167e+03   3.6350063e-02   2.9387962e-02   2.3757581e-02
   2.0710000e+03   3.6349983e-02   2.9372185e-02   2.3732126e-02
   2.0710833e+03   3.6351072e-02   2.9357140e-02   2.3707103e-02
   2.0711667e+03   3.6352317e-02   2.9342183e-02   2.3682134e-02
   2.0712500e+03   3.6353092e-02   2.9326916e-02   2.3656986e-02
   2.0713333e+03   3.6351766e-02   2.9310309e-02   2.3631055e-02
   2.0714167e+03   3.6346999e-02   2.9291515e-02   2.3603849e-02
   2.0715000e+03   3.6338893e-02   2.9270604e-02   2.3575412e-02
   2.0715833e+03   3.6325535e-02   2.9246372e-02   2.3545044e-02
   2.0716667e+03   3.6308401e-02   2.9219758e-02   2.3513299e-02
   2.0717500e+03   3.6291777e-02   2.9193470e-02   2.3481756e-02
   2.0718333e+03   3.6281377e-02   2.9171108e-02   2.3452511e-02
   2.0719167e+03   3.6278234e-02   2.9153314e-02   2.3425931e-02
   2.0720000e+03   3.6278027e-02   2.9137360e-02   2.3400425e-02
   2.0720833e+03   3.6279035e-02   2.9122160e-02   2.3375360e-02
   2.0721667e+03   3.6280209e-02   2.9107053e-02   2.3350352e-02
   2.0722500e+03   3.6280889e-02   2.9091624e-02   2.3325161e-02
   2.0723333e+03   3.6279400e-02   2.9074827e-02   2.3299181e-02
   2.0724167e+03   3.6274402e-02   2.9055821e-02   2.3271931e-02
   2.0725000e+03   3.6266014e-02   2.9034689e-02   2.3243462e-02
   2.0725833e+03   3.6252312e-02   2.9010231e-02   2.3213084e-02
   2.0726667e+03   3.6234796e-02   2.8983392e-02   2.3181348e-02
   2.0727500e+03   3.6217796e-02   2.8956880e-02   2.3149814e-02
   2.0728333e+03   3.6207086e-02   2.8934296e-02   2.3120549e-02
   2.0729167e+03   3.6203741e-02   2.8916302e-02   2.3093930e-02
   2.0730000e+03   3.6203403e-02   2.8900175e-02   2.3068385e-02
   2.0730833e+03   3.6204327e-02   2.8884824e-02   2.3043290e-02
   2.0731667e+03   3.6205426e-02   2.8869571e-02   2.3018254e-02
   2.0732500e+03   3.6206007e-02   2.8853985e-02   2.2993031e-02
   2.0733333e+03   3.6204352e-02   2.8837003e-02   2.2967016e-02
   2.0734167e+03   3.6199119e-02   2.8817792e-02   2.2939736e-02
   2.0735000e+03   3.6190447e-02   2.8796447e-02   2.2911248e-02
   2.0735833e+03   3.6176399e-02   2.8771771e-02   2.2880876e-02
   2.0736667e+03   3.6158500e-02   2.8744715e-02   2.2849165e-02
   2.0737500e+03   3.6141122e-02   2.8717987e-02   2.2817653e-02
   2.0738333e+03   3.6130099e-02   2.8695189e-02   2.2788384e-02
   2.0739167e+03   3.6126549e-02   2.8677002e-02   2.2761737e-02
   2.0740000e+03   3.6126076e-02   2.8660706e-02   2.2736167e-02
   2.0740833e+03   3.6126912e-02   2.8645209e-02   2.2711052e-02
   2.0741667e+03   3.6127932e-02   2.8629814e-02   2.2686000e-02
   2.0742500e+03   3.6128409e-02   2.8614075e-02   2.2660758e-02
   2.0743333e+03   3.6126585e-02   2.8596913e-02   2.2634719e-02
   2.0744167e+03   3.6121113e-02   2.8577505e-02   2.2607423e-02
   2.0745000e+03   3.6112154e-02   2.8555952e-02   2.2578931e-02
   2.0745833e+03   3.6097758e-02   2.8531067e-02   2.2548578e-02
   2.0746667e+03   3.6079475e-02   2.8503804e-02   2.2516907e-02
   2.0747500e+03   3.6061717e-02   2.8476869e-02   2.2485433e-02
   2.0748333e+03   3.6050380e-02   2.8453865e-02   2.2456174e-02
   2.0749167e+03   3.6046622e-02   2.8435491e-02   2.2429513e-02
   2.0750000e+03   3.6046009e-02   2.8419031e-02   2.2403929e-02
   2.0750833e+03   3.6046754e-02   2.8403392e-02   2.2378806e-02
   2.0751667e+03   3.6047692e-02   2.8387860e-02   2.2353749e-02
   2.0752500e+03   3.6048065e-02   2.8371974e-02   2.2328500e-02
   2.0753333e+03   3.6046071e-02   2.8354640e-02   2.2302452e-02
   2.0754167e+03   3.6040367e-02   2.8335045e-02   2.2275155e-02
   2.0755000e+03   3.6031130e-02   2.8313301e-02   2.2246677e-02
   2.0755833e+03   3.6016402e-02   2.8288224e-02   2.2216364e-02
   2.0756667e+03   3.5997754e-02   2.8260776e-02   2.2184754e-02
   2.0757500e+03   3.5979640e-02   2.8233658e-02   2.2153341e-02
   2.0758333e+03   3.5968008e-02   2.8210469e-02   2.2124113e-02
   2.0759167e+03   3.5964053e-02   2.8191923e-02   2.2097456e-02
   2.0760000e+03   3.5963309e-02   2.8175312e-02   2.2071873e-02
   2.0760833e+03   3.5963966e-02   2.8159538e-02   2.2046757e-02
   2.0761667e+03   3.5964823e-02   2.8143877e-02   2.2021707e-02
   2.0762500e+03   3.5965093e-02   2.8127852e-02   2.1996464e-02
   2.0763333e+03   3.5962937e-02   2.8110358e-02   2.1970422e-02
   2.0764167e+03   3.5957009e-02   2.8090589e-02   2.1943142e-02
   2.0765000e+03   3.5947504e-02   2.8068668e-02   2.1914694e-02
   2.0765833e+03   3.5932454e-02   2.8043416e-02   2.1884439e-02
   2.0766667e+03   3.5913452e-02   2.8015799e-02   2.1852908e-02
   2.0767500e+03   3.5894988e-02   2.7988511e-02   2.1821573e-02
   2.0768333e+03   3.5883063e-02   2.7965147e-02   2.1792390e-02
   2.0769167e+03   3.5878911e-02   2.7946436e-02   2.1765751e-02
   2.0770000e+03   3.5878033e-02   2.7929679e-02   2.1740181e-02
   2.0770833e+03   3.5878598e-02   2.7913776e-02   2.1715081e-02
   2.0771667e+03   3.5879372e-02   2.7897989e-02   2.1690051e-02
   2.0772500e+03   3.5879536e-02   2.7881830e-02   2.1664825e-02
   2.0773333e+03   3.5877215e-02   2.7864182e-02   2.1638801e-02
   2.0774167e+03   3.5871060e-02   2.7844246e-02   2.1611549e-02
   2.0775000e+03   3.5861286e-02   2.7822155e-02   2.1583146e-02
   2.0775833e+03   3.5845912e-02   2.7796737e-02   2.1552962e-02
   2.0776667e+03   3.5826555e-02   2.7768959e-02   2.1521524e-02
   2.0777500e+03   3.5807740e-02   2.7741510e-02   2.1490279e-02
   2.0778333e+03   3.5795522e-02   2.7717980e-02   2.1461156e-02
   2.0779167e+03   3.5791170e-02   2.7699110e-02   2.1434545e-02
   2.0780000e+03   3.5790154e-02   2.7682212e-02   2.1409000e-02
   2.0780833e+03   3.5790624e-02   2.7666184e-02   2.1383928e-02
   2.0781667e+03   3.5791311e-02   2.7650277e-02   2.1358927e-02
   2.0782500e+03   3.5791367e-02   2.7633989e-02   2.1333729e-02
   2.0783333e+03   3.5788878e-02   2.7616192e-02   2.1307735e-02
   2.0784167e+03   3.5782494e-02   2.7596096e-02   2.1280525e-02
   2.0785000e+03   3.5772449e-02   2.7573843e-02   2.1252178e-02
   2.0785833e+03   3.5756750e-02   2.7548266e-02   2.1222079e-02
   2.0786667e+03   3.5737038e-02   2.7520337e-02   2.1190746e-02
   2.0787500e+03   3.5717872e-02   2.7492736e-02   2.1159606e-02
   2.0788333e+03   3.5705358e-02   2.7469047e-02   2.1130554e-02
   2.0789167e+03   3.5700804e-02   2.7450025e-02   2.1103985e-02
   2.0790000e+03   3.5699648e-02   2.7432990e-02   2.1078475e-02
   2.0790833e+03   3.5700020e-02   2.7416843e-02   2.1053442e-02
   2.0791667e+03   3.5700617e-02   2.7400820e-02   2.1028481e-02
   2.0792500e+03   3.5700561e-02   2.7384407e-02   2.1003323e-02
   2.0793333e+03   3.5697901e-02   2.7366468e-02   2.0977369e-02
   2.0794167e+03   3.5691287e-02   2.7346219e-02   2.0950213e-02
   2.0795000e+03   3.5680968e-02   2.7323810e-02   2.0921935e-02
   2.0795833e+03   3.5664945e-02   2.7298084e-02   2.0891933e-02
   2.0796667e+03   3.5644876e-02   2.7270012e-02   2.0860720e-02
   2.0797500e+03   3.5625358e-02   2.7242268e-02   2.0829697e-02
   2.0798333e+03   3.5612548e-02   2.7218428e-02   2.0800729e-02
   2.0799167e+03   3.5607789e-02   2.7199260e-02   2.0774213e-02
   2.0800000e+03   3.5606490e-02   2.7182095e-02   2.0748750e-02
   2.0800833e+03   3.5606761e-02   2.7165833e-02   2.0723765e-02
   2.0801667e+03   3.5607265e-02   2.7149698e-02   2.0698855e-02
   2.0802500e+03   3.5607094e-02   2.7133166e-02   2.0673746e-02
   2.0803333e+03   3.5604260e-02   2.7115089e-02   2.0647845e-02
   2.0804167e+03   3.5597413e-02   2.7094694e-02   2.0620754e-02
   2.0805000e+03   3.5586820e-02   2.7072138e-02   2.0592558e-02
   2.0805833e+03   3.5570470e-02   2.7046270e-02   2.0562666e-02
   2.0806667e+03   3.5550045e-02   2.7018064e-02   2.0531584e-02
   2.0807500e+03   3.5530175e-02   2.6990187e-02   2.0500691e-02
   2.0808333e+03   3.5517067e-02   2.6966203e-02   2.0471820e-02
   2.0809167e+03   3.5512101e-02   2.6946896e-02   2.0445368e-02
   2.0810000e+03   3.5510657e-02   2.6929606e-02   2.0419963e-02
   2.0810833e+03   3.5510823e-02   2.6913233e-02   2.0395037e-02
   2.0811667e+03   3.5511230e-02   2.6896992e-02   2.0370187e-02
   2.0812500e+03   3.5510942e-02   2.6880345e-02   2.0345138e-02
   2.0813333e+03   3.5507932e-02   2.6862138e-02   2.0319301e-02
   2.0814167e+03   3.5500851e-02   2.6841603e-02   2.0292287e-02
   2.0815000e+03   3.5489981e-02   2.6818908e-02   2.0264185e-02
   2.0815833e+03   3.5473305e-02   2.6792907e-02   2.0234414e-02
   2.0816667e+03   3.5452523e-02   2.6764576e-02   2.0203477e-02
   2.0817500e+03   3.5432300e-02   2.6736573e-02   2.0172725e-02
   2.0818333e+03   3.5418893e-02   2.6712455e-02   2.0143963e-02
   2.0819167e+03   3.5413718e-02   2.6693015e-02   2.0117587e-02
   2.0820000e+03   3.5412125e-02   2.6675605e-02   2.0092250e-02
   2.0820833e+03   3.5412184e-02   2.6659127e-02   2.0067393e-02
   2.0821667e+03   3.5412492e-02   2.6642783e-02   2.0042614e-02
   2.0822500e+03   3.5412082e-02   2.6626027e-02   2.0017635e-02
   2.0823333e+03   3.5408894e-02   2.6607694e-02   1.9991872e-02
   2.0824167e+03   3.5401577e-02   2.6587027e-02   1.9964947e-02
   2.0825000e+03   3.5390430e-02   2.6564200e-02   1.9936949e-02
   2.0825833e+03   3.5373426e-02   2.6538074e-02   1.9907313e-02
   2.0826667e+03   3.5352287e-02   2.6509627e-02   1.9876531e-02
   2.0827500e+03   3.5331712e-02   2.6481509e-02   1.9845934e-02
   2.0828333e+03   3.5318005e-02   2.6457263e-02   1.9817291e-02
   2.0829167e+03   3.5312619e-02   2.6437696e-02   1.9791002e-02
   2.0830000e+03   3.5310875e-02   2.6420173e-02   1.9765744e-02
   2.0830833e+03   3.5310823e-02   2.6403593e-02   1.9740966e-02
   2.0831667e+03   3.5311028e-02   2.6387153e-02   1.9716267e-02
   2.0832500e+03   3.5310495e-02   2.6370292e-02   1.9691368e-02
   2.0833333e+03   3.5307126e-02   2.6351840e-02   1.9665691e-02
   2.0834167e+03   3.5299570e-02   2.6331047e-02   1.9638864e-02
   2.0835000e+03   3.5288145e-02   2.6308095e-02   1.9610983e-02
   2.0835833e+03   3.5270813e-02   2.6281853e-02   1.9581492e-02
   2.0836667e+03   3.5249318e-02   2.6253300e-02   1.9550878e-02
   2.0837500e+03   3.5228390e-02   2.6225074e-02   1.9520446e-02
   2.0838333e+03   3.5214382e-02   2.6200709e-02   1.9491936e-02
   2.0839167e+03   3.5208783e-02   2.6181023e-02   1.9465744e-02
   2.0840000e+03   3.5206885e-02   2.6163390e-02   1.9440574e-02
   2.0840833e+03   3.5206719e-02   2.6146715e-02   1.9415885e-02
   2.0841667e+03   3.5206819e-02   2.6130182e-02   1.9391275e-02
   2.0842500e+03   3.5206160e-02   2.6113222e-02   1.9366467e-02
   2.0843333e+03   3.5202607e-02   2.6094658e-02   1.9340884e-02
   2.0844167e+03   3.5194811e-02   2.6073746e-02   1.9314169e-02
   2.0845000e+03   3.5183107e-02   2.6050677e-02   1.9286415e-02
   2.0845833e+03   3.5165446e-02   2.6024327e-02   1.9257080e-02
   2.0846667e+03   3.5143594e-02   2.5995676e-02   1.9226645e-02
   2.0847500e+03   3.5122314e-02   2.5967352e-02   1.9196390e-02
   2.0848333e+03   3.5108005e-02   2.5942875e-02   1.9168022e-02
   2.0849167e+03   3.5102191e-02   2.5923075e-02   1.9141938e-02
   2.0850000e+03   3.5100136e-02   2.5905340e-02   1.9116866e-02
   2.0850833e+03   3.5099854e-02   2.5888574e-02   1.9092275e-02
   2.0851667e+03   3.5099846e-02   2.5871953e-02   1.9067764e-02
   2.0852500e+03   3.5099057e-02   2.5854900e-02   1.9043056e-02
   2.0853333e+03   3.5095319e-02   2.5836228e-02   1.9017579e-02
   2.0854167e+03   3.5087282e-02   2.5815204e-02   1.8990984e-02
   2.0855000e+03   3.5075296e-02   2.5792026e-02   1.8963368e-02
   2.0855833e+03   3.5057307e-02   2.5765577e-02   1.8934201e-02
   2.0856667e+03   3.5035099e-02   2.5736837e-02   1.8903956e-02
   2.0857500e+03   3.5013466e-02   2.5708423e-02   1.8873887e-02
   2.0858333e+03   3.4998855e-02   2.5683843e-02   1.8845673e-02
   2.0859167e+03   3.4992824e-02   2.5663936e-02   1.8819707e-02
   2.0860000e+03   3.4990610e-02   2.5646103e-02   1.8794744e-02
   2.0860833e+03   3.4990210e-02   2.5629252e-02   1.8770260e-02
   2.0861667e+03   3.4990089e-02   2.5612548e-02   1.8745857e-02
   2.0862500e+03   3.4989169e-02   2.5595405e-02   1.8721257e-02
   2.0863333e+03   3.4985243e-02   2.5576633e-02   1.8695895e-02
   2.0864167e+03   3.4976963e-02   2.5555504e-02   1.8669431e-02
   2.0865000e+03   3.4964696e-02   2.5532224e-02   1.8641965e-02
   2.0865833e+03   3.4946378e-02   2.5505684e-02   1.8612975e-02
   2.0866667e+03   3.4923814e-02   2.5476864e-02   1.8582930e-02
   2.0867500e+03   3.4901829e-02   2.5448369e-02   1.8553060e-02
   2.0868333e+03   3.4886916e-02   2.5423694e-02   1.8525009e-02
   2.0869167e+03   3.4880666e-02   2.5403687e-02   1.8499171e-02
   2.0870000e+03   3.4878291e-02   2.5385762e-02   1.8474325e-02
   2.0870833e+03   3.4877768e-02   2.5368830e-02   1.8449957e-02
   2.0871667e+03   3.4877534e-02   2.5352048e-02   1.8425671e-02
   2.0872500e+03   3.4876479e-02   2.5334822e-02   1.8401189e-02
   2.0873333e+03   3.4872363e-02   2.5315954e-02   1.8375952e-02
   2.0874167e+03   3.4863839e-02   2.5294728e-02   1.8349629e-02
   2.0875000e+03   3.4851289e-02   2.5271353e-02   1.8322321e-02
   2.0875833e+03   3.4832643e-02   2.5244731e-02   1.8293520e-02
   2.0876667e+03   3.4809724e-02   2.5215839e-02   1.8263685e-02
   2.0877500e+03   3.4787388e-02   2.5187273e-02   1.8234023e-02
   2.0878333e+03   3.4772171e-02   2.5162510e-02   1.8206146e-02
   2.0879167e+03   3.4765701e-02   2.5142409e-02   1.8180445e-02
   2.0880000e+03   3.4763162e-02   2.5124399e-02   1.8155726e-02
   2.0880833e+03   3.4762515e-02   2.5107391e-02   1.8131483e-02
   2.0881667e+03   3.4762164e-02   2.5090536e-02   1.8107322e-02
   2.0882500e+03   3.4760971e-02   2.5073231e-02   1.8082967e-02
   2.0883333e+03   3.4756664e-02   2.5054274e-02   1.8057864e-02
   2.0884167e+03   3.4747894e-02   2.5032957e-02   1.8031691e-02
   2.0885000e+03   3.4735061e-02   2.5009496e-02   1.8004552e-02
   2.0885833e+03   3.4716087e-02   2.4982799e-02   1.7975949e-02
   2.0886667e+03   3.4692813e-02   2.4953846e-02   1.7946334e-02
   2.0887500e+03   3.4670126e-02   2.4925216e-02   1.7916889e-02
   2.0888333e+03   3.4654607e-02   2.4900374e-02   1.7889196e-02
   2.0889167e+03   3.4647915e-02   2.4880185e-02   1.7863642e-02
   2.0890000e+03   3.4645210e-02   2.4862094e-02   1.7839058e-02
   2.0890833e+03   3.4644436e-02   2.4845016e-02   1.7814948e-02
   2.0891667e+03   3.4643964e-02   2.4828092e-02   1.7790921e-02
   2.0892500e+03   3.4642632e-02   2.4810715e-02   1.7766701e-02
   2.0893333e+03   3.4638131e-02   2.4791675e-02   1.7741741e-02
   2.0894167e+03   3.4629114e-02   2.4770274e-02   1.7715728e-02
   2.0895000e+03   3.4615998e-02   2.4746734e-02   1.7688767e-02
   2.0895833e+03   3.4596696e-02   2.4719971e-02   1.7660371e-02
   2.0896667e+03   3.4573068e-02   2.4690964e-02   1.7630985e-02
   2.0897500e+03   3.4550032e-02   2.4662279e-02   1.7601768e-02
   2.0898333e+03   3.4534209e-02   2.4637366e-02   1.7574267e-02
   2.0899167e+03   3.4527293e-02   2.4617097e-02   1.7548870e-02
   2.0900000e+03   3.4524420e-02   2.4598931e-02   1.7524430e-02
   2.0900833e+03   3.4523516e-02   2.4581786e-02   1.7500461e-02
   2.0901667e+03   3.4522923e-02   2.4564800e-02   1.7476576e-02
   2.0902500e+03   3.4521448e-02   2.4547354e-02   1.7452499e-02
   2.0903333e+03   3.4516751e-02   2.4528238e-02   1.7427691e-02
   2.0904167e+03   3.4507487e-02   2.4506760e-02   1.7401847e-02
   2.0905000e+03   3.4494086e-02   2.4483148e-02   1.7375073e-02
   2.0905833e+03   3.4474456e-02   2.4456328e-02   1.7346893e-02
   2.0906667e+03   3.4450476e-02   2.4427276e-02   1.7317746e-02
   2.0907500e+03   3.4427091e-02   2.4398546e-02   1.7288765e-02
   2.0908333e+03   3.4410965e-02   2.4373569e-02   1.7261466e-02
   2.0909167e+03   3.4403825e-02   2.4353225e-02   1.7236233e-02
   2.0910000e+03   3.4400782e-02   2.4334990e-02   1.7211946e-02
   2.0910833e+03   3.4399745e-02   2.4317785e-02   1.7188126e-02
   2.0911667e+03   3.4399026e-02   2.4300740e-02   1.7164391e-02
   2.0912500e+03   3.4397407e-02   2.4283232e-02   1.7140465e-02
   2.0913333e+03   3.4392513e-02   2.4264045e-02   1.7115817e-02
   2.0914167e+03   3.4383000e-02   2.4242496e-02   1.7090151e-02
   2.0915000e+03   3.4369315e-02   2.4218821e-02   1.7063572e-02
   2.0915833e+03   3.4349358e-02   2.4191951e-02   1.7035618e-02
   2.0916667e+03   3.4325027e-02   2.4162863e-02   1.7006718e-02
   2.0917500e+03   3.4301294e-02   2.4134096e-02   1.6977982e-02
   2.0918333e+03   3.4284864e-02   2.4109063e-02   1.6950893e-02
   2.0919167e+03   3.4277498e-02   2.4088651e-02   1.6925833e-02
   2.0920000e+03   3.4274283e-02   2.4070353e-02   1.6901706e-02
   2.0920833e+03   3.4273111e-02   2.4053092e-02   1.6878044e-02
   2.0921667e+03   3.4272265e-02   2.4035995e-02   1.6854465e-02
   2.0922500e+03   3.4270499e-02   2.4018428e-02   1.6830699e-02
   2.0923333e+03   3.4265406e-02   2.3999177e-02   1.6806219e-02
   2.0924167e+03   3.4255643e-02   2.3977565e-02   1.6780739e-02
   2.0925000e+03   3.4241673e-02   2.3953833e-02   1.6754364e-02
   2.0925833e+03   3.4221390e-02   2.3926922e-02   1.6726644e-02
   2.0926667e+03   3.4196709e-02   2.3897807e-02   1.6697999e-02
   2.0927500e+03   3.4172630e-02   2.3869011e-02   1.6669516e-02
   2.0928333e+03   3.4155897e-02   2.3843930e-02   1.6642646e-02
   2.0929167e+03   3.4148304e-02   2.3823457e-02   1.6617767e-02
   2.0930000e+03   3.4144915e-02   2.3805101e-02   1.6593808e-02
   2.0930833e+03   3.4143606e-02   2.3787790e-02   1.6570310e-02
   2.0931667e+03   3.4142630e-02   2.3770644e-02   1.6546897e-02
   2.0932500e+03   3.4140714e-02   2.3753025e-02   1.6523296e-02
   2.0933333e+03   3.4135421e-02   2.3733715e-02   1.6498993e-02
   2.0934167e+03   3.4125407e-02   2.3712047e-02   1.6473707e-02
   2.0935000e+03   3.4111153e-02   2.3688266e-02   1.6447544e-02
   2.0935833e+03   3.4090545e-02   2.3661322e-02   1.6420065e-02
   2.0936667e+03   3.4065515e-02   2.3632188e-02   1.6391685e-02
   2.0937500e+03   3.4041091e-02   2.3603371e-02   1.6363462e-02
   2.0938333e+03   3.4024056e-02   2.3578250e-02   1.6336819e-02
   2.0939167e+03   3.4016234e-02   2.3557723e-02   1.6312129e-02
   2.0940000e+03   3.4012669e-02   2.3539314e-02   1.6288346e-02
   2.0940833e+03   3.4011220e-02   2.3521958e-02   1.6265019e-02
   2.0941667e+03   3.4010112e-02   2.3504769e-02   1.6241777e-02
   2.0942500e+03   3.4008045e-02   2.3487103e-02   1.6218351e-02
   2.0943333e+03   3.4002550e-02   2.3467741e-02   1.6194231e-02
   2.0944167e+03   3.3992285e-02   2.3446023e-02   1.6169146e-02
   2.0945000e+03   3.3977746e-02   2.3422200e-02   1.6143204e-02
   2.0945833e+03   3.3956813e-02   2.3395232e-02   1.6115974e-02
   2.0946667e+03   3.3931437e-02   2.3366086e-02   1.6087864e-02
   2.0947500e+03   3.3906670e-02   2.3337258e-02   1.6059911e-02
   2.0948333e+03   3.3889332e-02   2.3312104e-02   1.6033502e-02
   2.0949167e+03   3.3881282e-02   2.3291529e-02   1.6009008e-02
   2.0950000e+03   3.3877539e-02   2.3273074e-02   1.5985408e-02
   2.0950833e+03   3.3875948e-02   2.3255677e-02   1.5962259e-02
   2.0951667e+03   3.3874705e-02   2.3238449e-02   1.5939196e-02
   2.0952500e+03   3.3872484e-02   2.3220742e-02   1.5915950e-02
   2.0953333e+03   3.3866786e-02   2.3201334e-02   1.5892021e-02
   2.0954167e+03   3.3856270e-02   2.3179573e-02   1.5867146e-02
   2.0955000e+03   3.3841447e-02   2.3155716e-02   1.5841431e-02
   2.0955833e+03   3.3820191e-02   2.3128730e-02   1.5814458e-02
   2.0956667e+03   3.3794470e-02   2.3099583e-02   1.5786626e-02
   2.0957500e+03   3.3769361e-02   2.3070752e-02   1.5758948e-02
   2.0958333e+03   3.3751722e-02   2.3045573e-02   1.5732781e-02
   2.0959167e+03   3.3743441e-02   2.3024955e-02   1.5708491e-02
   2.0960000e+03   3.3739518e-02   2.3006460e-02   1.5685080e-02
   2.0960833e+03   3.3737784e-02   2.2989027e-02   1.5662117e-02
   2.0961667e+03   3.3736404e-02   2.2971766e-02   1.5639238e-02
   2.0962500e+03   3.3734028e-02   2.2954023e-02   1.5616180e-02
   2.0963333e+03   3.3728125e-02   2.2934574e-02   1.5592449e-02
   2.0964167e+03   3.3717357e-02   2.2912777e-02   1.5567789e-02
   2.0965000e+03   3.3702249e-02   2.2888893e-02   1.5542309e-02
   2.0965833e+03   3.3680671e-02   2.2861899e-02   1.5515600e-02
   2.0966667e+03   3.3654607e-02   2.2832758e-02   1.5488053e-02
   2.0967500e+03   3.3629159e-02   2.2803931e-02   1.5460657e-02
   2.0968333e+03   3.3611220e-02   2.2778735e-02   1.5434739e-02
   2.0969167e+03   3.3602708e-02   2.2758082e-02   1.5410659e-02
   2.0970000e+03   3.3598604e-02   2.2739551e-02   1.5387445e-02
   2.0970833e+03   3.3596724e-02   2.2722088e-02   1.5364673e-02
   2.0971667e+03   3.3595204e-02   2.2704799e-02   1.5341985e-02
   2.0972500e+03   3.3592671e-02   2.2687024e-02   1.5319121e-02
   2.0973333e+03   3.3586562e-02   2.2667540e-02   1.5295594e-02
   2.0974167e+03   3.3575542e-02   2.2645715e-02   1.5271158e-02
   2.0975000e+03   3.3560151e-02   2.2621811e-02   1.5245919e-02
   2.0975833e+03   3.3538253e-02   2.2594815e-02   1.5219480e-02
   2.0976667e+03   3.3511848e-02   2.2565689e-02   1.5192224e-02
   2.0977500e+03   3.3486062e-02   2.2536876e-02   1.5165117e-02
   2.0978333e+03   3.3467823e-02   2.2511669e-02   1.5139454e-02
   2.0979167e+03   3.3459080e-02   2.2490987e-02   1.5115591e-02
   2.0980000e+03   3.3454793e-02   2.2472427e-02   1.5092580e-02
   2.0980833e+03   3.3452765e-02   2.2454939e-02   1.5070005e-02
   2.0981667e+03   3.3451104e-02   2.2437626e-02   1.5047515e-02
   2.0982500e+03   3.3448411e-02   2.2419825e-02   1.5024850e-02
   2.0983333e+03   3.3442096e-02   2.2400313e-02   1.5001535e-02
   2.0984167e+03   3.3430823e-02   2.2378464e-02   1.4977328e-02
   2.0985000e+03   3.3415149e-02   2.2354548e-02   1.4952336e-02
   2.0985833e+03   3.3392932e-02   2.2327559e-02   1.4926174e-02
   2.0986667e+03   3.3366189e-02   2.2298456e-02   1.4899216e-02
   2.0987500e+03   3.3340068e-02   2.2269664e-02   1.4872404e-02
   2.0988333e+03   3.3321530e-02   2.2244455e-02   1.4847002e-02
   2.0989167e+03   3.3312555e-02   2.2223750e-02   1.4823363e-02
   2.0990000e+03   3.3308085e-02   2.2205165e-02   1.4800560e-02
   2.0990833e+03   3.3305906e-02   2.2187657e-02   1.4778188e-02
   2.0991667e+03   3.3304102e-02   2.2170326e-02   1.4755901e-02
   2.0992500e+03   3.3301248e-02   2.2152504e-02   1.4733442e-02
   2.0993333e+03   3.3294725e-02   2.2132969e-02   1.4710344e-02
   2.0994167e+03   3.3283200e-02   2.2111105e-02   1.4686372e-02
   2.0995000e+03   3.3267243e-02   2.2087183e-02   1.4661635e-02
   2.0995833e+03   3.3244709e-02   2.2060209e-02   1.4635755e-02
   2.0996667e+03   3.3217630e-02   2.2031136e-02   1.4609100e-02
   2.0997500e+03   3.3191176e-02   2.2002373e-02   1.4582588e-02
   2.0998333e+03   3.3172341e-02   2.1977169e-02   1.4557454e-02
   2.0999167e+03   3.3163134e-02   2.1956448e-02   1.4534044e-02
   2.1000000e+03   3.3158478e-02   2.1937844e-02   1.4511455e-02
   2.1000833e+03   3.3156148e-02   2.1920321e-02   1.4489293e-02
   2.1001667e+03   3.3154198e-02   2.1902976e-02   1.4467214e-02
   2.1002500e+03   3.3151182e-02   2.1885138e-02   1.4444966e-02
   2.1003333e+03   3.3144450e-02   2.1865587e-02   1.4422091e-02
   2.1004167e+03   3.3132672e-02   2.1843713e-02   1.4398360e-02
   2.1005000e+03   3.3116434e-02   2.1819793e-02   1.4373883e-02
   2.1005833e+03   3.3093585e-02   2.1792841e-02   1.4348291e-02
   2.1006667e+03   3.3066173e-02   2.1763807e-02   1.4321944e-02
   2.1007500e+03   3.3039389e-02   2.1735081e-02   1.4295738e-02
   2.1008333e+03   3.3020258e-02   2.1709889e-02   1.4270877e-02
   2.1009167e+03   3.3010818e-02   2.1689158e-02   1.4247702e-02
