   2.0000000e+03   1.0000000e+00   1.0000000e+00   1.0000000e+00
   2.0000833e+03   1.0000000e+00   1.0000000e+00   1.0000000e+00
   2.0001667e+03   1.0000000e+00   1.0000000e+00   1.0000000e+00
   2.0002500e+03   1.0000000e+00   1.0000000e+00   1.0000000e+00
   2.0003333e+03   1.0000000e+00   1.0000000e+00   1.0000000e+00
   2.0004167e+03   1.0000000e+00   1.0000000e+00   1.0000000e+00
   2.0005000e+03   1.0000000e+00   1.0000000e+00   1.0000000e+00
   2.0005833e+03   1.0000000e+00   1.0000000e+00   1.0000000e+00
   2.0006667e+03   1.0000000e+00   1.0000000e+00   1.0000000e+00
   2.0007500e+03   1.0000000e+00   1.0000000e+00   1.0000000e+00
   2.0008333e+03   1.0000000e+00   1.0000000e+00   1.0000000e+00
   2.0009167e+03   1.0000000e+00   1.0000000e+00   1.0000000e+00
   2.0010000e+03   9.9942458e-01   9.9942424e-01   9.9942389e-01
   2.0010833e+03   9.9872614e-01   9.9872516e-01   9.9872417e-01
   2.0011667e+03   9.9813788e-01   9.9813587e-01   9.9813386e-01
   2.0012500e+03   9.9791264e-01   9.9790902e-01   9.9790539e-01
   2.0013333e+03   9.9812680e-01   9.9812077e-01   9.9811473e-01
   2.0014167e+03   9.9853419e-01   9.9852506e-01   9.9851592e-01
   2.0015000e+03   9.9891622e-01   9.9890350e-01   9.9889078e-01
   2.0015833e+03   9.9925930e-01   9.9924254e-01   9.9922579e-01
   2.0016667e+03   9.9963043e-01   9.9960909e-01   9.9958775e-01
   2.0017500e+03   1.0000387e+00   1.0000122e+00   9.9998575e-01
   2.0018333e+03   1.0002495e+00   1.0002177e+00   1.0001859e+00
   2.0019167e+03   1.0000359e+00   9.9999931e-01   9.9996269e-01
   2.0020000e+03   9.9946762e-01   9.9942659e-01   9.9938556e-01
   2.0020833e+03   9.9877647e-01   9.9873100e-01   9.9868554e-01
   2.0021667e+03   9.9819532e-01   9.9814482e-01   9.9809432e-01
   2.0022500e+03   9.9797633e-01   9.9791944e-01   9.9786254e-01
   2.0023333e+03   9.9819445e-01   9.9812943e-01   9.9806442e-01
   2.0024167e+03   9.9860253e-01   9.9852831e-01   9.9845410e-01
   2.0025000e+03   9.9898275e-01   9.9889892e-01   9.9881510e-01
   2.0025833e+03   5.9959383e-01   5.9953755e-01   5.9948128e-01
   2.0026667e+03   5.9981523e-01   5.9975261e-01   5.9969000e-01
   2.0027500e+03   6.0006062e-01   5.9999126e-01   5.9992191e-01
   2.0028333e+03   6.0018947e-01   6.0011356e-01   6.0003765e-01
   2.0029167e+03   6.0006506e-01   5.9998340e-01   5.9990176e-01
   2.0030000e+03   5.9972832e-01   5.9964164e-01   5.9955498e-01
   2.0030833e+03   5.9931798e-01   5.9922643e-01   5.9913490e-01
   2.0031667e+03   5.9897354e-01   5.9887663e-01   5.9877974e-01
   2.0032500e+03   5.9884589e-01   5.9874234e-01   5.9863880e-01
   2.0033333e+03   5.9897912e-01   5.9886734e-01   5.9875559e-01
   2.0034167e+03   5.9922435e-01   5.9910348e-01   5.9898262e-01
   2.0035000e+03   5.9945138e-01   5.9932120e-01   5.9919105e-01
   2.0035833e+03   5.9965387e-01   5.9951423e-01   5.9937463e-01
   2.0036667e+03   5.9987397e-01   5.9972449e-01   5.9957504e-01
   2.0037500e+03   6.0011974e-01   5.9995995e-01   5.9980021e-01
   2.0038333e+03   6.0025097e-01   6.0008131e-01   5.9991170e-01
   2.0039167e+03   6.0013028e-01   5.9995210e-01   5.9977398e-01
   2.0040000e+03   5.9979777e-01   5.9961226e-01   5.9942682e-01
   2.0040833e+03   5.9939176e-01   5.9919924e-01   5.9900679e-01
   2.0041667e+03   5.9905155e-01   5.9885140e-01   5.9865131e-01
   2.0042500e+03   5.9892761e-01   5.9871808e-01   5.9850863e-01
   2.0043333e+03   5.9906318e-01   5.9884215e-01   5.9862119e-01
   2.0044167e+03   5.9930879e-01   5.9907515e-01   5.9884160e-01
   2.0045000e+03   5.9953469e-01   5.9928830e-01   5.9904200e-01
   2.0045833e+03   5.9973545e-01   5.9947622e-01   5.9921710e-01
   2.0046667e+03   5.9995423e-01   5.9968173e-01   5.9940935e-01
   2.0047500e+03   6.0020035e-01   5.9991407e-01   5.9962792e-01
   2.0048333e+03   6.0033395e-01   6.0003455e-01   5.9973529e-01
   2.0049167e+03   6.0021696e-01   5.9990634e-01   5.9959587e-01
   2.0050000e+03   5.9988866e-01   5.9956846e-01   5.9924843e-01
   2.0050833e+03   5.9948696e-01   5.9915768e-01   5.9882857e-01
   2.0051667e+03   5.9915097e-01   5.9881183e-01   5.9847288e-01
   2.0052500e+03   5.9903073e-01   5.9867955e-01   5.9832857e-01
   2.0053333e+03   5.9916863e-01   5.9880273e-01   5.9843705e-01
   2.0054167e+03   5.9941459e-01   5.9903266e-01   5.9865097e-01
   2.0055000e+03   5.9963933e-01   5.9924129e-01   5.9884351e-01
   2.0055833e+03   5.9983834e-01   5.9942416e-01   5.9901027e-01
   2.0056667e+03   6.0005576e-01   5.9962499e-01   5.9919451e-01
   2.0057500e+03   6.0030223e-01   5.9985427e-01   5.9940663e-01
   2.0058333e+03   6.0043818e-01   5.9997392e-01   5.9951001e-01
   2.0059167e+03   6.0032487e-01   5.9984675e-01   5.9936901e-01
   2.0060000e+03   6.0000076e-01   5.9951090e-01   5.9902142e-01
   2.0060833e+03   5.9960336e-01   5.9910239e-01   5.9860183e-01
   2.0061667e+03   5.9927156e-01   5.9875859e-01   5.9824606e-01
   2.0062500e+03   5.9915501e-01   5.9862740e-01   5.9810025e-01
   2.0063333e+03   5.9929521e-01   5.9874975e-01   5.9820477e-01
   2.0064167e+03   5.9954151e-01   5.9897667e-01   5.9841235e-01
   2.0065000e+03   5.9976507e-01   5.9918084e-01   5.9859717e-01
   2.0065833e+03   5.9996230e-01   5.9935873e-01   5.9875576e-01
   2.0066667e+03   6.0017834e-01   5.9955493e-01   5.9893215e-01
   2.0067500e+03   6.0042512e-01   5.9978120e-01   5.9913796e-01
   2.0068333e+03   6.0056341e-01   5.9990009e-01   5.9923749e-01
   2.0069167e+03   6.0045377e-01   5.9977402e-01   5.9909503e-01
   2.0070000e+03   6.0013384e-01   5.9944023e-01   5.9874740e-01
   2.0070833e+03   5.9974071e-01   5.9903404e-01   5.9832820e-01
   2.0071667e+03   5.9941309e-01   5.9869234e-01   5.9797245e-01
   2.0072500e+03   5.9930021e-01   5.9856229e-01   5.9782526e-01
   2.0073333e+03   5.9944271e-01   5.9868387e-01   5.9792597e-01
   2.0074167e+03   5.9968932e-01   5.9890784e-01   5.9812735e-01
   2.0075000e+03   5.9991167e-01   5.9910761e-01   5.9830461e-01
   2.0075833e+03   6.0010708e-01   5.9928057e-01   5.9845518e-01
   2.0076667e+03   6.0032172e-01   5.9947221e-01   5.9862388e-01
   2.0077500e+03   6.0056880e-01   5.9969554e-01   5.9882353e-01
   2.0078333e+03   6.0070940e-01   5.9981372e-01   5.9891935e-01
   2.0079167e+03   6.0060342e-01   5.9968880e-01   5.9877555e-01
   2.0080000e+03   6.0028765e-01   5.9935712e-01   5.9842800e-01
   2.0080833e+03   5.9989877e-01   5.9895331e-01   5.9800930e-01
   2.0081667e+03   5.9957531e-01   5.9861375e-01   5.9765370e-01
   2.0082500e+03   5.9946609e-01   5.9848488e-01   5.9750525e-01
   2.0083333e+03   5.9961087e-01   5.9860574e-01   5.9760227e-01
   2.0084167e+03   5.9985778e-01   5.9882683e-01   5.9779762e-01
   2.0085000e+03   6.0007889e-01   5.9902227e-01   5.9796748e-01
   2.0085833e+03   6.0027246e-01   5.9919037e-01   5.9811019e-01
   2.0086667e+03   6.0048566e-01   5.9937750e-01   5.9827135e-01
   2.0087500e+03   6.0073302e-01   5.9959795e-01   5.9846500e-01
   2.0088333e+03   6.0087593e-01   5.9971548e-01   5.9855724e-01
   2.0089167e+03   6.0077359e-01   5.9959177e-01   5.9841223e-01
   2.0090000e+03   6.0046196e-01   5.9926223e-01   5.9806487e-01
   2.0090833e+03   6.0007732e-01   5.9886084e-01   5.9764679e-01
   2.0091667e+03   5.9975801e-01   5.9852348e-01   5.9729145e-01
   2.0092500e+03   5.9965242e-01   5.9839584e-01   5.9714186e-01
   2.0093333e+03   5.9979947e-01   5.9851606e-01   5.9723535e-01
   2.0094167e+03   6.0004665e-01   5.9873431e-01   5.9742481e-01
   2.0095000e+03   6.0026649e-01   5.9892548e-01   5.9758742e-01
   2.0095833e+03   6.0045820e-01   5.9908878e-01   5.9772244e-01
   2.0096667e+03   6.0066994e-01   5.9927147e-01   5.9787622e-01
   2.0097500e+03   6.0091755e-01   5.9948911e-01   5.9806402e-01
   2.0098333e+03   6.0106275e-01   5.9960604e-01   5.9815282e-01
   2.0099167e+03   6.0096404e-01   5.9948358e-01   5.9800673e-01
   2.0100000e+03   6.0065653e-01   5.9915625e-01   5.9765968e-01
   2.0100833e+03   6.0027611e-01   5.9875732e-01   5.9724233e-01
   2.0101667e+03   5.9996093e-01   5.9842220e-01   5.9688736e-01
   2.0102500e+03   5.9985897e-01   5.9829586e-01   5.9673677e-01
   2.0103333e+03   6.0000827e-01   5.9841547e-01   5.9682685e-01
   2.0104167e+03   6.0025570e-01   5.9863097e-01   5.9701058e-01
   2.0105000e+03   6.0047425e-01   5.9881792e-01   5.9716610e-01
   2.0105833e+03   6.0066406e-01   5.9897648e-01   5.9729359e-01
   2.0106667e+03   6.0087430e-01   5.9915480e-01   5.9744016e-01
   2.0107500e+03   6.0112216e-01   5.9936968e-01   5.9762225e-01
   2.0108333e+03   6.0126963e-01   5.9948608e-01   5.9770776e-01
   2.0109167e+03   6.0117453e-01   5.9936493e-01   5.9756071e-01
   2.0110000e+03   6.0087113e-01   5.9903985e-01   5.9721409e-01
   2.0110833e+03   6.0049492e-01   5.9864343e-01   5.9679759e-01
   2.0111667e+03   6.0018385e-01   5.9831059e-01   5.9644312e-01
   2.0112500e+03   6.0008550e-01   5.9818559e-01   5.9629163e-01
   2.0113333e+03   6.0023704e-01   5.9830467e-01   5.9637846e-01
   2.0114167e+03   6.0048470e-01   5.9851747e-01   5.9655661e-01
   2.0115000e+03   6.0070193e-01   5.9870027e-01   5.9670521e-01
   2.0115833e+03   6.0088981e-01   5.9885416e-01   5.9682533e-01
   2.0116667e+03   6.0109853e-01   5.9902816e-01   5.9696485e-01
   2.0117500e+03   6.0134660e-01   5.9924035e-01   5.9714140e-01
   2.0118333e+03   6.0149633e-01   5.9935628e-01   5.9722376e-01
   2.0119167e+03   6.0140482e-01   5.9923648e-01   5.9707588e-01
   2.0120000e+03   6.0110552e-01   5.9891370e-01   5.9672980e-01
   2.0120833e+03   6.0073350e-01   5.9851984e-01   5.9631426e-01
   2.0121667e+03   6.0042653e-01   5.9818933e-01   5.9596040e-01
   2.0122500e+03   6.0033178e-01   5.9806573e-01   5.9580816e-01
   2.0123333e+03   6.0048554e-01   5.9818434e-01   5.9589187e-01
   2.0124167e+03   6.0073341e-01   5.9839449e-01   5.9606459e-01
   2.0125000e+03   6.0094929e-01   5.9857321e-01   5.9620644e-01
   2.0125833e+03   3.0056760e-01   2.9936124e-01   2.9815968e-01
   2.0126667e+03   3.0067119e-01   2.9944612e-01   2.9822599e-01
   2.0127500e+03   3.0079532e-01   2.9955090e-01   2.9831158e-01
   2.0128333e+03   3.0087131e-01   2.9960866e-01   2.9835125e-01
   2.0129167e+03   3.0082735e-01   2.9954946e-01   2.9827696e-01
   2.0130000e+03   3.0067973e-01   2.9938925e-01   2.9810425e-01
   2.0130833e+03   3.0049581e-01   2.9919362e-01   2.9789702e-01
   2.0131667e+03   3.0034437e-01   2.9902956e-01   2.9772045e-01
   2.0132500e+03   3.0029879e-01   2.9896848e-01   2.9764402e-01
   2.0133333e+03   3.0037677e-01   2.9902758e-01   2.9768439e-01
   2.0134167e+03   3.0050080e-01   2.9913136e-01   2.9776812e-01
   2.0135000e+03   3.0060805e-01   2.9921871e-01   2.9783574e-01
   2.0135833e+03   3.0070001e-01   2.9929107e-01   2.9788868e-01
   2.0136667e+03   3.0080281e-01   2.9937386e-01   2.9795164e-01
   2.0137500e+03   3.0092702e-01   2.9947735e-01   2.9803461e-01
   2.0138333e+03   3.0100413e-01   2.9953494e-01   2.9807285e-01
   2.0139167e+03   3.0096195e-01   2.9947648e-01   2.9799827e-01
   2.0140000e+03   3.0081637e-01   2.9931746e-01   2.9782595e-01
   2.0140833e+03   3.0063453e-01   2.9912315e-01   2.9761931e-01
   2.0141667e+03   3.0048512e-01   2.9896030e-01   2.9744317e-01
   2.0142500e+03   3.0044132e-01   2.9889998e-01   2.9736648e-01
   2.0143333e+03   3.0052040e-01   2.9895890e-01   2.9740544e-01
   2.0144167e+03   3.0064451e-01   2.9906143e-01   2.9748662e-01
   2.0145000e+03   3.0075106e-01   2.9914680e-01   2.9755103e-01
   2.0145833e+03   3.0084201e-01   2.9921692e-01   2.9760053e-01
   2.0146667e+03   3.0094400e-01   2.9929764e-01   2.9766021e-01
   2.0147500e+03   3.0106829e-01   2.9939989e-01   2.9774065e-01
   2.0148333e+03   3.0114651e-01   2.9945732e-01   2.9777754e-01
   2.0149167e+03   3.0110611e-01   2.9939962e-01   2.9770273e-01
   2.0150000e+03   3.0096255e-01   2.9924183e-01   2.9753086e-01
   2.0150833e+03   3.0078278e-01   2.9904887e-01   2.9732487e-01
   2.0151667e+03   3.0063540e-01   2.9888726e-01   2.9714921e-01
   2.0152500e+03   3.0059338e-01   2.9882771e-01   2.9707234e-01
   2.0153333e+03   3.0067355e-01   2.9888648e-01   2.9710996e-01
   2.0154167e+03   3.0079773e-01   2.9898779e-01   2.9718866e-01
   2.0155000e+03   3.0090357e-01   2.9907122e-01   2.9724994e-01
   2.0155833e+03   3.0099349e-01   2.9913912e-01   2.9729609e-01
   2.0156667e+03   3.0109466e-01   2.9921781e-01   2.9735257e-01
   2.0157500e+03   3.0121901e-01   2.9931884e-01   2.9743056e-01
   2.0158333e+03   3.0129833e-01   2.9937616e-01   2.9746616e-01
   2.0159167e+03   3.0125970e-01   2.9931925e-01   2.9739120e-01
   2.0160000e+03   3.0111816e-01   2.9916270e-01   2.9721984e-01
   2.0160833e+03   3.0094046e-01   2.9897111e-01   2.9701456e-01
   2.0161667e+03   3.0079509e-01   2.9881076e-01   2.9683943e-01
   2.0162500e+03   3.0075485e-01   2.9875202e-01   2.9676244e-01
   2.0163333e+03   3.0083610e-01   2.9881068e-01   2.9679879e-01
   2.0164167e+03   3.0096035e-01   2.9891080e-01   2.9687511e-01
   2.0165000e+03   3.0106545e-01   2.9899230e-01   2.9693333e-01
   2.0165833e+03   3.0115432e-01   2.9905802e-01   2.9697621e-01
   2.0166667e+03   3.0125465e-01   2.9913471e-01   2.9702959e-01
   2.0167500e+03   3.0137906e-01   2.9923456e-01   2.9710521e-01
   2.0168333e+03   3.0145947e-01   2.9929179e-01   2.9713960e-01
   2.0169167e+03   3.0142261e-01   2.9923570e-01   2.9706454e-01
   2.0170000e+03   3.0128308e-01   2.9908042e-01   2.9689375e-01
   2.0170833e+03   3.0110744e-01   2.9889022e-01   2.9668923e-01
   2.0171667e+03   3.0096409e-01   2.9873116e-01   2.9651469e-01
   2.0172500e+03   3.0092561e-01   2.9867326e-01   2.9643765e-01
   2.0173333e+03   3.0100793e-01   2.9873183e-01   2.9647281e-01
   2.0174167e+03   3.0113223e-01   2.9883079e-01   2.9654682e-01
   2.0175000e+03   3.0123658e-01   2.9891041e-01   2.9660208e-01
   2.0175833e+03   3.0132439e-01   2.9897398e-01   2.9664177e-01
   2.0176667e+03   3.0142388e-01   2.9904870e-01   2.9669212e-01
   2.0177500e+03   3.0154833e-01   2.9914739e-01   2.9676545e-01
   2.0178333e+03   3.0162982e-01   2.9920458e-01   2.9679871e-01
   2.0179167e+03   3.0159472e-01   2.9914932e-01   2.9672362e-01
   2.0180000e+03   3.0145720e-01   2.9899533e-01   2.9655345e-01
   2.0180833e+03   3.0128360e-01   2.9880656e-01   2.9634975e-01
   2.0181667e+03   3.0114226e-01   2.9864881e-01   2.9617587e-01
   2.0182500e+03   3.0110555e-01   2.9859176e-01   2.9609883e-01
   2.0183333e+03   3.0118894e-01   2.9865028e-01   2.9613288e-01
   2.0184167e+03   3.0131327e-01   2.9874811e-01   2.9620466e-01
   2.0185000e+03   3.0141686e-01   2.9882588e-01   2.9625704e-01
   2.0185833e+03   3.0150359e-01   2.9888733e-01   2.9629363e-01
   2.0186667e+03   3.0160221e-01   2.9896012e-01   2.9634103e-01
   2.0187500e+03   3.0172669e-01   2.9905769e-01   2.9641215e-01
   2.0188333e+03   3.0180926e-01   2.9911485e-01   2.9644435e-01
   2.0189167e+03   3.0177591e-01   2.9906047e-01   2.9636931e-01
   2.0190000e+03   3.0164039e-01   2.9890780e-01   2.9619982e-01
   2.0190833e+03   3.0146884e-01   2.9872046e-01   2.9599699e-01
   2.0191667e+03   3.0132950e-01   2.9856405e-01   2.9582383e-01
   2.0192500e+03   3.0129455e-01   2.9850789e-01   2.9574686e-01
   2.0193333e+03   3.0137899e-01   2.9856638e-01   2.9577987e-01
   2.0194167e+03   3.0150335e-01   2.9866313e-01   2.9584950e-01
   2.0195000e+03   3.0160616e-01   2.9873907e-01   2.9589908e-01
   2.0195833e+03   3.0169180e-01   2.9879843e-01   2.9593266e-01
   2.0196667e+03   3.0178953e-01   2.9886932e-01   2.9597720e-01
   2.0197500e+03   3.0191403e-01   2.9896580e-01   2.9604620e-01
   2.0198333e+03   3.0199767e-01   2.9902297e-01   2.9607741e-01
   2.0199167e+03   3.0196607e-01   2.9896948e-01   2.9600247e-01
   2.0200000e+03   3.0183254e-01   2.9881816e-01   2.9583372e-01
   2.0200833e+03   3.0166304e-01   2.9863229e-01   2.9563182e-01
   2.0201667e+03   3.0152569e-01   2.9847723e-01   2.9545943e-01
   2.0202500e+03   3.0149248e-01   2.9842199e-01   2.9538260e-01
   2.0203333e+03   3.0157798e-01   2.9848049e-01   2.9541465e-01
   2.0204167e+03   3.0170236e-01   2.9857618e-01   2.9548221e-01
   2.0205000e+03   3.0180437e-01   2.9865034e-01   2.9552908e-01
   2.0205833e+03   3.0188889e-01   2.9870764e-01   2.9555972e-01
   2.0206667e+03   3.0198573e-01   2.9877665e-01   2.9560148e-01
   2.0207500e+03   3.0211024e-01   2.9887208e-01   2.9566844e-01
   2.0208333e+03   3.0219494e-01   2.9892929e-01   2.9569874e-01
   2.0209167e+03   3.0216508e-01   2.9887673e-01   2.9562397e-01
   2.0210000e+03   3.0203354e-01   2.9872677e-01   2.9545602e-01
   2.0210833e+03   3.0186607e-01   2.9854239e-01   2.9525511e-01
   2.0211667e+03   3.0173071e-01   2.9838872e-01   2.9508354e-01
   2.0212500e+03   3.0169925e-01   2.9833442e-01   2.9500692e-01
   2.0213333e+03   3.0178579e-01   2.9839296e-01   2.9503808e-01
   2.0214167e+03   3.0191017e-01   2.9848762e-01   2.9510366e-01
   2.0215000e+03   3.0201138e-01   2.9856002e-01   2.9514790e-01
   2.0215833e+03   3.0209476e-01   2.9861529e-01   2.9517569e-01
   2.0216667e+03   3.0219068e-01   2.9868246e-01   2.9521476e-01
   2.0217500e+03   3.0231519e-01   2.9877687e-01   2.9527975e-01
   2.0218333e+03   3.0240095e-01   2.9883416e-01   2.9530922e-01
   2.0219167e+03   3.0237282e-01   2.9878255e-01   2.9523469e-01
   2.0220000e+03   3.0224326e-01   2.9863398e-01   2.9506759e-01
   2.0220833e+03   3.0207782e-01   2.9845111e-01   2.9486773e-01
   2.0221667e+03   3.0194445e-01   2.9829885e-01   2.9469704e-01
   2.0222500e+03   3.0191472e-01   2.9824552e-01   2.9462069e-01
   2.0223333e+03   3.0200229e-01   2.9830414e-01   2.9465104e-01
   2.0224167e+03   3.0212667e-01   2.9839780e-01   2.9471472e-01
   2.0225000e+03   3.0222705e-01   2.9846847e-01   2.9475641e-01
   2.0225833e+03   3.0230929e-01   2.9852175e-01   2.9478143e-01
   2.0226667e+03   3.0240428e-01   2.9858711e-01   2.9481789e-01
   2.0227500e+03   3.0252876e-01   2.9868053e-01   2.9488101e-01
   2.0228333e+03   3.0261557e-01   2.9873792e-01   2.9490972e-01
   2.0229167e+03   3.0258917e-01   2.9868729e-01   2.9483548e-01
   2.0230000e+03   3.0246159e-01   2.9854015e-01   2.9466930e-01
   2.0230833e+03   3.0229817e-01   2.9835881e-01   2.9447054e-01
   2.0231667e+03   3.0216678e-01   2.9820798e-01   2.9430080e-01
   2.0232500e+03   3.0213878e-01   2.9815565e-01   2.9422478e-01
   2.0233333e+03   3.0222739e-01   2.9821437e-01   2.9425439e-01
   2.0234167e+03   3.0235174e-01   2.9830707e-01   2.9431626e-01
   2.0235000e+03   3.0245128e-01   2.9837605e-01   2.9435548e-01
   2.0235833e+03   1.5126618e-01   1.4921368e-01   1.4718891e-01
   2.0236667e+03   1.5131320e-01   1.4924547e-01   1.4720587e-01
   2.0237500e+03   1.5137543e-01   1.4929171e-01   1.4723654e-01
   2.0238333e+03   1.5141935e-01   1.4932047e-01   1.4725055e-01
   2.0239167e+03   1.5140701e-01   1.4929566e-01   1.4721362e-01
   2.0240000e+03   1.5134421e-01   1.4922281e-01   1.4713101e-01
   2.0240833e+03   1.5126351e-01   1.4913292e-01   1.4703221e-01
   2.0241667e+03   1.5119880e-01   1.4905823e-01   1.4694784e-01
   2.0242500e+03   1.5118566e-01   1.4903258e-01   1.4691003e-01
   2.0243333e+03   1.5123047e-01   1.4906201e-01   1.4692451e-01
   2.0244167e+03   1.5129263e-01   1.4910790e-01   1.4695457e-01
   2.0245000e+03   1.5134198e-01   1.4914156e-01   1.4697299e-01
   2.0245833e+03   1.5138192e-01   1.4916625e-01   1.4698286e-01
   2.0246667e+03   1.5142845e-01   1.4919716e-01   1.4699860e-01
   2.0247500e+03   1.5149066e-01   1.4924293e-01   1.4702841e-01
   2.0248333e+03   1.5153510e-01   1.4927179e-01   1.4704212e-01
   2.0249167e+03   1.5152363e-01   1.4924749e-01   1.4700540e-01
   2.0250000e+03   1.5146181e-01   1.4917538e-01   1.4692331e-01
   2.0250833e+03   1.5138211e-01   1.4908628e-01   1.4682511e-01
   2.0251667e+03   1.5131838e-01   1.4901233e-01   1.4674127e-01
   2.0252500e+03   1.5130610e-01   1.4898720e-01   1.4670369e-01
   2.0253333e+03   1.5135141e-01   1.4901672e-01   1.4671788e-01
   2.0254167e+03   1.5141355e-01   1.4906216e-01   1.4674713e-01
   2.0255000e+03   1.5146246e-01   1.4909502e-01   1.4676442e-01
   2.0255833e+03   1.5150181e-01   1.4911877e-01   1.4677306e-01
   2.0256667e+03   1.5154786e-01   1.4914885e-01   1.4678766e-01
   2.0257500e+03   1.5161005e-01   1.4919420e-01   1.4681669e-01
   2.0258333e+03   1.5165499e-01   1.4922317e-01   1.4683017e-01
   2.0259167e+03   1.5164435e-01   1.4919941e-01   1.4679373e-01
   2.0260000e+03   1.5158349e-01   1.4912804e-01   1.4671220e-01
   2.0260833e+03   1.5150477e-01   1.4903974e-01   1.4661466e-01
   2.0261667e+03   1.5144200e-01   1.4896656e-01   1.4653141e-01
   2.0262500e+03   1.5143056e-01   1.4894199e-01   1.4649416e-01
   2.0263333e+03   1.5147636e-01   1.4897165e-01   1.4650818e-01
   2.0264167e+03   1.5153848e-01   1.4901672e-01   1.4653675e-01
   2.0265000e+03   1.5158695e-01   1.4904885e-01   1.4655306e-01
   2.0265833e+03   1.5162571e-01   1.4907174e-01   1.4656061e-01
   2.0266667e+03   1.5167127e-01   1.4910105e-01   1.4657422e-01
   2.0267500e+03   1.5173342e-01   1.4914605e-01   1.4660262e-01
   2.0268333e+03   1.5177887e-01   1.4917520e-01   1.4661602e-01
   2.0269167e+03   1.5176906e-01   1.4915205e-01   1.4657998e-01
   2.0270000e+03   1.5170915e-01   1.4908147e-01   1.4649913e-01
   2.0270833e+03   1.5163141e-01   1.4899403e-01   1.4640235e-01
   2.0271667e+03   1.5156959e-01   1.4892166e-01   1.4631980e-01
   2.0272500e+03   1.5155898e-01   1.4889772e-01   1.4628300e-01
   2.0273333e+03   1.5160528e-01   1.4892759e-01   1.4629700e-01
   2.0274167e+03   1.5166736e-01   1.4897236e-01   1.4632506e-01
   2.0275000e+03   1.5171539e-01   1.4900383e-01   1.4634053e-01
   2.0275833e+03   1.5175354e-01   1.4902593e-01   1.4634715e-01
   2.0276667e+03   1.5179861e-01   1.4905455e-01   1.4635990e-01
   2.0277500e+03   1.5186073e-01   1.4909927e-01   1.4638783e-01
   2.0278333e+03   1.5190666e-01   1.4912868e-01   1.4640130e-01
   2.0279167e+03   1.5189769e-01   1.4910619e-01   1.4636579e-01
   2.0280000e+03   1.5183873e-01   1.4903647e-01   1.4628573e-01
   2.0280833e+03   1.5176196e-01   1.4894993e-01   1.4618981e-01
   2.0281667e+03   1.5170110e-01   1.4887843e-01   1.4610808e-01
   2.0282500e+03   1.5169133e-01   1.4885518e-01   1.4607185e-01
   2.0283333e+03   1.5173811e-01   1.4888533e-01   1.4608598e-01
   2.0284167e+03   1.5180015e-01   1.4892988e-01   1.4611367e-01
   2.0285000e+03   1.5184773e-01   1.4896076e-01   1.4612846e-01
   2.0285833e+03   1.5188527e-01   1.4898213e-01   1.4613428e-01
   2.0286667e+03   1.5192983e-01   1.4901014e-01   1.4614634e-01
   2.0287500e+03   1.5199190e-01   1.4905466e-01   1.4617396e-01
   2.0288333e+03   1.5203833e-01   1.4908439e-01   1.4618763e-01
   2.0289167e+03   1.5203019e-01   1.4906263e-01   1.4615278e-01
   2.0290000e+03   1.5197218e-01   1.4899382e-01   1.4607362e-01
   2.0290833e+03   1.5189638e-01   1.4890824e-01   1.4597867e-01
   2.0291667e+03   1.5183647e-01   1.4883766e-01   1.4589786e-01
   2.0292500e+03   1.5182752e-01   1.4881516e-01   1.4586234e-01
   2.0293333e+03   1.5187479e-01   1.4884567e-01   1.4587674e-01
   2.0294167e+03   1.5193678e-01   1.4889006e-01   1.4590422e-01
   2.0295000e+03   1.5198391e-01   1.4892043e-01   1.4591847e-01
   2.0295833e+03   1.5202082e-01   1.4894115e-01   1.4592365e-01
   2.0296667e+03   1.5206487e-01   1.4896861e-01   1.4593516e-01
   2.0297500e+03   1.5212690e-01   1.4901300e-01   1.4596261e-01
   2.0298333e+03   1.5217381e-01   1.4904314e-01   1.4597664e-01
   2.0299167e+03   1.5216649e-01   1.4902216e-01   1.4594258e-01
   2.0300000e+03   1.5210943e-01   1.4895432e-01   1.4586442e-01
   2.0300833e+03   1.5203458e-01   1.4886973e-01   1.4577052e-01
   2.0301667e+03   1.5197558e-01   1.4880008e-01   1.4569071e-01
   2.0302500e+03   1.5196742e-01   1.4877835e-01   1.4565597e-01
   2.0303333e+03   1.5201512e-01   1.4880926e-01   1.4567076e-01
   2.0304167e+03   1.5207708e-01   1.4885358e-01   1.4569817e-01
   2.0305000e+03   1.5212380e-01   1.4888355e-01   1.4571207e-01
   2.0305833e+03   1.5216017e-01   1.4890376e-01   1.4571680e-01
   2.0306667e+03   1.5220378e-01   1.4893079e-01   1.4572795e-01
   2.0307500e+03   1.5226577e-01   1.4897513e-01   1.4575536e-01
   2.0308333e+03   1.5231309e-01   1.4900564e-01   1.4576976e-01
   2.0309167e+03   1.5230641e-01   1.4898532e-01   1.4573640e-01
   2.0310000e+03   1.5225007e-01   1.4891825e-01   1.4565909e-01
   2.0310833e+03   1.5217595e-01   1.4883446e-01   1.4556609e-01
   2.0311667e+03   1.5211766e-01   1.4876559e-01   1.4548713e-01
   2.0312500e+03   1.5211013e-01   1.4874450e-01   1.4545309e-01
   2.0313333e+03   1.5215821e-01   1.4877575e-01   1.4546823e-01
   2.0314167e+03   1.5222014e-01   1.4882003e-01   1.4549562e-01
   2.0315000e+03   1.5226650e-01   1.4884966e-01   1.4550923e-01
   2.0315833e+03   1.5230239e-01   1.4886942e-01   1.4551358e-01
   2.0316667e+03   1.5234561e-01   1.4889609e-01   1.4552441e-01
   2.0317500e+03   1.5240757e-01   1.4894037e-01   1.4555180e-01
   2.0318333e+03   1.5245526e-01   1.4897124e-01   1.4556657e-01
   2.0319167e+03   1.5244922e-01   1.4895156e-01   1.4553390e-01
   2.0320000e+03   1.5239358e-01   1.4888526e-01   1.4545744e-01
   2.0320833e+03   1.5232019e-01   1.4880227e-01   1.4536534e-01
   2.0321667e+03   1.5226262e-01   1.4873418e-01   1.4528724e-01
   2.0322500e+03   1.5225572e-01   1.4871374e-01   1.4525389e-01
   2.0323333e+03   1.5230417e-01   1.4874534e-01   1.4526939e-01
   2.0324167e+03   1.5236607e-01   1.4878957e-01   1.4529676e-01
   2.0325000e+03   1.5241207e-01   1.4881886e-01   1.4531009e-01
   2.0325833e+03   1.5244747e-01   1.4883818e-01   1.4531407e-01
   2.0326667e+03   1.5249028e-01   1.4886447e-01   1.4532459e-01
   2.0327500e+03   1.5255221e-01   1.4890871e-01   1.4535196e-01
   2.0328333e+03   1.5260028e-01   1.4893993e-01   1.4536710e-01
   2.0329167e+03   1.5259487e-01   1.4892090e-01   1.4533511e-01
   2.0330000e+03   1.5253994e-01   1.4885537e-01   1.4525952e-01
   2.0330833e+03   1.5246728e-01   1.4877318e-01   1.4516831e-01
   2.0331667e+03   1.5241042e-01   1.4870586e-01   1.4509107e-01
   2.0332500e+03   1.5240415e-01   1.4868607e-01   1.4505841e-01
   2.0333333e+03   1.5245297e-01   1.4871802e-01   1.4507428e-01
   2.0334167e+03   1.5251483e-01   1.4876221e-01   1.4510163e-01
   2.0335000e+03   1.5256047e-01   1.4879116e-01   1.4511469e-01
   2.0335833e+03   1.5259537e-01   1.4881003e-01   1.4511830e-01
   2.0336667e+03   1.5263778e-01   1.4883595e-01   1.4512851e-01
   2.0337500e+03   1.5269967e-01   1.4888014e-01   1.4515587e-01
   2.0338333e+03   1.5274811e-01   1.4891172e-01   1.4517139e-01
   2.0339167e+03   1.5274333e-01   1.4889334e-01   1.4514009e-01
   2.0340000e+03   1.5268912e-01   1.4882858e-01   1.4506535e-01
   2.0340833e+03   1.5261718e-01   1.4874719e-01   1.4497505e-01
   2.0341667e+03   1.5256103e-01   1.4868064e-01   1.4489866e-01
   2.0342500e+03   1.5255539e-01   1.4866150e-01   1.4486670e-01
   2.0343333e+03   1.5260458e-01   1.4869380e-01   1.4488295e-01
   2.0344167e+03   1.5266640e-01   1.4873795e-01   1.4491028e-01
   2.0345000e+03   1.5271167e-01   1.4876657e-01   1.4492307e-01
   2.0345833e+03   7.6373036e-02   7.4392492e-02   7.2463156e-02
   2.0346667e+03   7.6394035e-02   7.4405265e-02   7.2468115e-02
   2.0347500e+03   7.6424956e-02   7.4427341e-02   7.2481785e-02
   2.0348333e+03   7.6449366e-02   7.4443309e-02   7.2489736e-02
   2.0349167e+03   7.6447288e-02   7.4434442e-02   7.2474437e-02
   2.0350000e+03   7.6420537e-02   7.4402448e-02   7.2437494e-02
   2.0350833e+03   7.6384927e-02   7.4362155e-02   7.2392792e-02
   2.0351667e+03   7.6357208e-02   7.4329268e-02   7.2355030e-02
   2.0352500e+03   7.6354703e-02   7.4320021e-02   7.2339400e-02
   2.0353333e+03   7.6379485e-02   7.4336351e-02   7.2347712e-02
   2.0354167e+03   7.6410373e-02   7.4358402e-02   7.2361377e-02
   2.0355000e+03   7.6432822e-02   7.4372543e-02   7.2367640e-02
   2.0355833e+03   7.6449766e-02   7.4381526e-02   7.2369078e-02
   2.0356667e+03   7.6470557e-02   7.4394112e-02   7.2373888e-02
   2.0357500e+03   7.6501455e-02   7.4416166e-02   7.2387556e-02
   2.0358333e+03   7.6526051e-02   7.4432315e-02   7.2395700e-02
   2.0359167e+03   7.6524286e-02   7.4423772e-02   7.2380751e-02
   2.0360000e+03   7.6497890e-02   7.4392164e-02   7.2344237e-02
   2.0360833e+03   7.6462641e-02   7.4352272e-02   7.2299985e-02
   2.0361667e+03   7.6435277e-02   7.4319772e-02   7.2262654e-02
   2.0362500e+03   7.6433085e-02   7.4310851e-02   7.2247377e-02
   2.0363333e+03   7.6458050e-02   7.4327359e-02   7.2255878e-02
   2.0364167e+03   7.6488915e-02   7.4349390e-02   7.2269544e-02
   2.0365000e+03   7.6511173e-02   7.4363362e-02   7.2275675e-02
   2.0365833e+03   7.6527862e-02   7.4372119e-02   7.2276934e-02
   2.0366667e+03   7.6548441e-02   7.4384519e-02   7.2281598e-02
   2.0367500e+03   7.6579313e-02   7.4406551e-02   7.2295266e-02
   2.0368333e+03   7.6604095e-02   7.4422882e-02   7.2303605e-02
   2.0369167e+03   7.6602643e-02   7.4414664e-02   7.2289008e-02
   2.0370000e+03   7.6576600e-02   7.4383442e-02   7.2252924e-02
   2.0370833e+03   7.6541712e-02   7.4343951e-02   7.2209123e-02
   2.0371667e+03   7.6514702e-02   7.4311839e-02   7.2172224e-02
   2.0372500e+03   7.6512824e-02   7.4303244e-02   7.2157300e-02
   2.0373333e+03   7.6537970e-02   7.4319931e-02   7.2165995e-02
   2.0374167e+03   7.6568810e-02   7.4341941e-02   7.2179662e-02
   2.0375000e+03   7.6590876e-02   7.4355745e-02   7.2185665e-02
   2.0375833e+03   7.6607305e-02   7.4364276e-02   7.2186746e-02
   2.0376667e+03   7.6627670e-02   7.4376489e-02   7.2191266e-02
   2.0377500e+03   7.6658516e-02   7.4398501e-02   7.2204937e-02
   2.0378333e+03   7.6683481e-02   7.4415014e-02   7.2213473e-02
   2.0379167e+03   7.6682341e-02   7.4407121e-02   7.2199230e-02
   2.0380000e+03   7.6656652e-02   7.4376286e-02   7.2163576e-02
   2.0380833e+03   7.6622124e-02   7.4337196e-02   7.2120226e-02
   2.0381667e+03   7.6595468e-02   7.4305472e-02   7.2083760e-02
   2.0382500e+03   7.6593903e-02   7.4297204e-02   7.2069191e-02
   2.0383333e+03   7.6619230e-02   7.4314070e-02   7.2078081e-02
   2.0384167e+03   7.6650042e-02   7.4336061e-02   7.2091754e-02
   2.0385000e+03   7.6671913e-02   7.4349696e-02   7.2097630e-02
   2.0385833e+03   7.6688080e-02   7.4358001e-02   7.2098536e-02
   2.0386667e+03   7.6708227e-02   7.4370027e-02   7.2102913e-02
   2.0387500e+03   7.6739045e-02   7.4392018e-02   7.2116589e-02
   2.0388333e+03   7.6764194e-02   7.4408715e-02   7.2125326e-02
   2.0389167e+03   7.6763365e-02   7.4401148e-02   7.2111437e-02
   2.0390000e+03   7.6738029e-02   7.4370700e-02   7.2076215e-02
   2.0390833e+03   7.6703861e-02   7.4332011e-02   7.2033316e-02
   2.0391667e+03   7.6677559e-02   7.4300675e-02   7.1997284e-02
   2.0392500e+03   7.6676305e-02   7.4292735e-02   7.1983071e-02
   2.0393333e+03   7.6701813e-02   7.4309782e-02   7.1992160e-02
   2.0394167e+03   7.6732596e-02   7.4331754e-02   7.2005839e-02
   2.0395000e+03   7.6754269e-02   7.4345220e-02   7.2011591e-02
   2.0395833e+03   7.6770170e-02   7.4353298e-02   7.2012323e-02
   2.0396667e+03   7.6790097e-02   7.4365136e-02   7.2016561e-02
   2.0397500e+03   7.6820884e-02   7.4387108e-02   7.2030244e-02
   2.0398333e+03   7.6846216e-02   7.4403988e-02   7.2039183e-02
   2.0399167e+03   7.6845698e-02   7.4396749e-02   7.2025650e-02
   2.0400000e+03   7.6820715e-02   7.4366688e-02   7.1990860e-02
   2.0400833e+03   7.6786906e-02   7.4328400e-02   7.1948414e-02
   2.0401667e+03   7.6760957e-02   7.4297453e-02   7.1912816e-02
   2.0402500e+03   7.6760015e-02   7.4289841e-02   7.1898962e-02
   2.0403333e+03   7.6785702e-02   7.4307070e-02   7.1908251e-02
   2.0404167e+03   7.6816454e-02   7.4329023e-02   7.1921940e-02
   2.0405000e+03   7.6837927e-02   7.4342320e-02   7.1927569e-02
   2.0405833e+03   7.6853559e-02   7.4350172e-02   7.1928129e-02
   2.0406667e+03   7.6873263e-02   7.4361822e-02   7.1932228e-02
   2.0407500e+03   7.6904017e-02   7.4383774e-02   7.1945922e-02
   2.0408333e+03   7.6929530e-02   7.4400839e-02   7.1955066e-02
   2.0409167e+03   7.6929323e-02   7.4393928e-02   7.1941891e-02
   2.0410000e+03   7.6904692e-02   7.4364255e-02   7.1907534e-02
   2.0410833e+03   7.6871243e-02   7.4326368e-02   7.1865541e-02
   2.0411667e+03   7.6845646e-02   7.4295810e-02   7.1830378e-02
   2.0412500e+03   7.6845016e-02   7.4288527e-02   7.1816884e-02
   2.0413333e+03   7.6870881e-02   7.4305938e-02   7.1826376e-02
   2.0414167e+03   7.6901600e-02   7.4327873e-02   7.1840078e-02
   2.0415000e+03   7.6922869e-02   7.4341001e-02   7.1845586e-02
   2.0415833e+03   7.6938229e-02   7.4348625e-02   7.1845975e-02
   2.0416667e+03   7.6957708e-02   7.4360087e-02   7.1849938e-02
   2.0417500e+03   7.6988428e-02   7.4382021e-02   7.1863645e-02
   2.0418333e+03   7.7014121e-02   7.4399272e-02   7.1872996e-02
   2.0419167e+03   7.7014224e-02   7.4392689e-02   7.1860181e-02
   2.0420000e+03   7.6989945e-02   7.4363404e-02   7.1826258e-02
   2.0420833e+03   7.6956854e-02   7.4325919e-02   7.1784718e-02
   2.0421667e+03   7.6931610e-02   7.4295751e-02   7.1749991e-02
   2.0422500e+03   7.6931291e-02   7.4288797e-02   7.1736859e-02
   2.0423333e+03   7.6957332e-02   7.4306392e-02   7.1746556e-02
   2.0424167e+03   7.6988017e-02   7.4328308e-02   7.1760272e-02
   2.0425000e+03   7.7009080e-02   7.4341267e-02   7.1765662e-02
   2.0425833e+03   7.7024165e-02   7.4348663e-02   7.1765883e-02
   2.0426667e+03   7.7043415e-02   7.4359937e-02   7.1769711e-02
   2.0427500e+03   7.7074098e-02   7.4381852e-02   7.1783433e-02
   2.0428333e+03   7.7099971e-02   7.4399290e-02   7.1792994e-02
   2.0429167e+03   7.7100383e-02   7.4393036e-02   7.1780540e-02
   2.0430000e+03   7.7076456e-02   7.4364139e-02   7.1747052e-02
   2.0430833e+03   7.7043723e-02   7.4327057e-02   7.1705967e-02
   2.0431667e+03   7.7018832e-02   7.4297278e-02   7.1671676e-02
   2.0432500e+03   7.7018823e-02   7.4290655e-02   7.1658907e-02
   2.0433333e+03   7.7045040e-02   7.4308434e-02   7.1668812e-02
   2.0434167e+03   7.7075688e-02   7.4330333e-02   7.1682546e-02
   2.0435000e+03   7.7096542e-02   7.4343123e-02   7.1687819e-02
   2.0435833e+03   7.7111349e-02   7.4350290e-02   7.1687873e-02
   2.0436667e+03   7.7130367e-02   7.4361375e-02   7.1691568e-02
   2.0437500e+03   7.7161012e-02   7.4383273e-02   7.1705307e-02
   2.0438333e+03   7.7187063e-02   7.4400898e-02   7.1715081e-02
   2.0439167e+03   7.7187784e-02   7.4394974e-02   7.1702990e-02
   2.0440000e+03   7.7164209e-02   7.4366467e-02   7.1669938e-02
   2.0440833e+03   7.7131834e-02   7.4329787e-02   7.1629307e-02
   2.0441667e+03   7.7107294e-02   7.4300398e-02   7.1595455e-02
   2.0442500e+03   7.7107595e-02   7.4294106e-02   7.1583051e-02
   2.0443333e+03   7.7133988e-02   7.4312070e-02   7.1593166e-02
   2.0444167e+03   7.7164596e-02   7.4333953e-02   7.1606920e-02
   2.0445000e+03   7.7185238e-02   7.4346573e-02   7.1612078e-02
   2.0445833e+03   7.7199764e-02   7.4353510e-02   7.1611966e-02
   2.0446667e+03   7.7218548e-02   7.4364406e-02   7.1615531e-02
   2.0447500e+03   7.7249152e-02   7.4386286e-02   7.1629290e-02
   2.0448333e+03   7.7275381e-02   7.4404101e-02   7.1639278e-02
   2.0449167e+03   7.7276410e-02   7.4398508e-02   7.1627552e-02
   2.0450000e+03   7.7253186e-02   7.4370389e-02   7.1594937e-02
   2.0450833e+03   7.7221169e-02   7.4334112e-02   7.1554762e-02
   2.0451667e+03   7.7196981e-02   7.4305114e-02   7.1521348e-02
   2.0452500e+03   7.7197591e-02   7.4299155e-02   7.1509311e-02
   2.0453333e+03   7.7224157e-02   7.4317305e-02   7.1519639e-02
   2.0454167e+03   7.7254725e-02   7.4339171e-02   7.1533415e-02
   2.0455000e+03   7.7275152e-02   7.4351621e-02   7.1538460e-02
   2.0455833e+03   7.7289393e-02   7.4358328e-02   7.1538184e-02
   2.0456667e+03   7.7307939e-02   7.4369035e-02   7.1541620e-02
   2.0457500e+03   7.7338501e-02   7.4390898e-02   7.1555401e-02
   2.0458333e+03   7.7364906e-02   7.4408903e-02   7.1565606e-02
   2.0459167e+03   7.7366244e-02   7.4403641e-02   7.1554247e-02
   2.0460000e+03   7.7343370e-02   7.4375913e-02   7.1522070e-02
   2.0460833e+03   7.7311711e-02   7.4340038e-02   7.1482351e-02
   2.0461667e+03   7.7287874e-02   7.4311432e-02   7.1449377e-02
   2.0462500e+03   7.7288793e-02   7.4305805e-02   7.1437708e-02
   2.0463333e+03   7.7315532e-02   7.4324143e-02   7.1448252e-02
   2.0464167e+03   7.7346057e-02   7.4345993e-02   7.1462052e-02
   2.0465000e+03   7.7366266e-02   7.4358272e-02   7.1466986e-02
   2.0465833e+03   7.7380219e-02   7.4364749e-02   7.1466548e-02
   2.0466667e+03   7.7398525e-02   7.4375266e-02   7.1469856e-02
   2.0467500e+03   7.7429042e-02   7.4397112e-02   7.1483662e-02
   2.0468333e+03   7.7455623e-02   7.4415308e-02   7.1494088e-02
   2.0469167e+03   7.7457268e-02   7.4410378e-02   7.1483097e-02
   2.0470000e+03   7.7434745e-02   7.4383040e-02   7.1451359e-02
   2.0470833e+03   7.7403443e-02   7.4347570e-02   7.1412097e-02
   2.0471667e+03   7.7379956e-02   7.4319355e-02   7.1379563e-02
   2.0472500e+03   7.7381184e-02   7.4314063e-02   7.1368265e-02
   2.0473333e+03   7.7408096e-02   7.4332588e-02   7.1379027e-02
   2.0474167e+03   7.7438575e-02   7.4354422e-02   7.1392854e-02
   2.0475000e+03   7.7458564e-02   7.4366531e-02   7.1397679e-02
   2.0475833e+03   7.7472225e-02   7.4372777e-02   7.1397079e-02
   2.0476667e+03   7.7490287e-02   7.4383104e-02   7.1400262e-02
   2.0477500e+03   7.7520758e-02   7.4404934e-02   7.1414095e-02
   2.0478333e+03   7.7547513e-02   7.4423320e-02   7.1424743e-02
   2.0479167e+03   7.7549465e-02   7.4418724e-02   7.1414123e-02
   2.0480000e+03   7.7527292e-02   7.4391778e-02   7.1382824e-02
   2.0480833e+03   7.7496347e-02   7.4356711e-02   7.1344020e-02
   2.0481667e+03   7.7473211e-02   7.4328888e-02   7.1311929e-02
   2.0482500e+03   7.7474747e-02   7.4323931e-02   7.1301003e-02
   2.0483333e+03   7.7501829e-02   7.4342646e-02   7.1311985e-02
   2.0484167e+03   7.7532262e-02   7.4364464e-02   7.1325842e-02
   2.0485000e+03   7.7552027e-02   7.4376402e-02   7.1330559e-02
   2.0485833e+03   3.8782697e-02   3.7191208e-02   3.5664900e-02
   2.0486667e+03   3.8791604e-02   3.7196276e-02   3.5666429e-02
   2.0487500e+03   3.8806815e-02   3.7207183e-02   3.5673360e-02
   2.0488333e+03   3.8820279e-02   3.7216473e-02   3.5678797e-02
   2.0489167e+03   3.8821409e-02   3.7214342e-02   3.5673673e-02
   2.0490000e+03   3.8810497e-02   3.7201065e-02   3.5658244e-02
   2.0490833e+03   3.8795203e-02   3.7183733e-02   3.5639071e-02
   2.0491667e+03   3.8783811e-02   3.7170019e-02   3.5623247e-02
   2.0492500e+03   3.8784732e-02   3.7167708e-02   3.5617971e-02
   2.0493333e+03   3.8798358e-02   3.7177160e-02   3.5623574e-02
   2.0494167e+03   3.8813550e-02   3.7188062e-02   3.5630518e-02
   2.0495000e+03   3.8823319e-02   3.7193945e-02   3.5632824e-02
   2.0495833e+03   3.8829853e-02   3.7196836e-02   3.5632365e-02
   2.0496667e+03   3.8838636e-02   3.7201809e-02   3.5633833e-02
   2.0497500e+03   3.8853821e-02   3.7212708e-02   3.5640780e-02
   2.0498333e+03   3.8867372e-02   3.7222094e-02   3.5646331e-02
   2.0499167e+03   3.8868654e-02   3.7220131e-02   3.5641394e-02
   2.0500000e+03   3.8857918e-02   3.7207050e-02   3.5626186e-02
   2.0500833e+03   3.8842792e-02   3.7189912e-02   3.5607235e-02
   2.0501667e+03   3.8831556e-02   3.7176377e-02   3.5591616e-02
   2.0502500e+03   3.8832608e-02   3.7174213e-02   3.5586509e-02
   2.0503333e+03   3.8846306e-02   3.7183749e-02   3.5592213e-02
   2.0504167e+03   3.8861483e-02   3.7194653e-02   3.5599183e-02
   2.0505000e+03   3.8871175e-02   3.7200485e-02   3.5601468e-02
   2.0505833e+03   3.8877613e-02   3.7203310e-02   3.5600977e-02
   2.0506667e+03   3.8886324e-02   3.7208236e-02   3.5602430e-02
   2.0507500e+03   3.8901503e-02   3.7219146e-02   3.5609410e-02
   2.0508333e+03   3.8915105e-02   3.7228597e-02   3.5615045e-02
   2.0509167e+03   3.8916458e-02   3.7226725e-02   3.5610224e-02
   2.0510000e+03   3.8905785e-02   3.7213736e-02   3.5595141e-02
   2.0510833e+03   3.8890720e-02   3.7196692e-02   3.5576317e-02
   2.0511667e+03   3.8879547e-02   3.7183249e-02   3.5560823e-02
   2.0512500e+03   3.8880663e-02   3.7181169e-02   3.5555824e-02
   2.0513333e+03   3.8894404e-02   3.7190761e-02   3.5561605e-02
   2.0514167e+03   3.8909582e-02   3.7201682e-02   3.5568611e-02
   2.0515000e+03   3.8919234e-02   3.7207496e-02   3.5570905e-02
   2.0515833e+03   3.8925616e-02   3.7210289e-02   3.5570413e-02
   2.0516667e+03   3.8934281e-02   3.7215193e-02   3.5571871e-02
   2.0517500e+03   3.8949460e-02   3.7226117e-02   3.5578887e-02
   2.0518333e+03   3.8963107e-02   3.7235626e-02   3.5584597e-02
   2.0519167e+03   3.8964524e-02   3.7233836e-02   3.5579882e-02
   2.0520000e+03   3.8953913e-02   3.7220938e-02   3.5564920e-02
   2.0520833e+03   3.8938910e-02   3.7203986e-02   3.5546222e-02
   2.0521667e+03   3.8927800e-02   3.7190633e-02   3.5530850e-02
   2.0522500e+03   3.8928979e-02   3.7188636e-02   3.5525957e-02
   2.0523333e+03   3.8942765e-02   3.7198284e-02   3.5531810e-02
   2.0524167e+03   3.8957943e-02   3.7209218e-02   3.5538850e-02
   2.0525000e+03   3.8967555e-02   3.7215013e-02   3.5541150e-02
   2.0525833e+03   3.8973879e-02   3.7217773e-02   3.5540653e-02
   2.0526667e+03   3.8982499e-02   3.7222653e-02   3.5542113e-02
   2.0527500e+03   3.8997678e-02   3.7233591e-02   3.5549161e-02
   2.0528333e+03   3.9011370e-02   3.7243155e-02   3.5554943e-02
   2.0529167e+03   3.9012850e-02   3.7241446e-02   3.5550332e-02
   2.0530000e+03   3.9002303e-02   3.7228637e-02   3.5535489e-02
   2.0530833e+03   3.8987361e-02   3.7211776e-02   3.5516914e-02
   2.0531667e+03   3.8976314e-02   3.7198513e-02   3.5501660e-02
   2.0532500e+03   3.8977556e-02   3.7196596e-02   3.5496869e-02
   2.0533333e+03   3.8991386e-02   3.7206299e-02   3.5502792e-02
   2.0534167e+03   3.9006564e-02   3.7217245e-02   3.5509863e-02
   2.0535000e+03   3.9016136e-02   3.7223018e-02   3.5512166e-02
   2.0535833e+03   3.9022403e-02   3.7225743e-02   3.5511661e-02
   2.0536667e+03   3.9030976e-02   3.7230597e-02   3.5513120e-02
   2.0537500e+03   3.9046156e-02   3.7241547e-02   3.5520198e-02
   2.0538333e+03   3.9059892e-02   3.7251165e-02   3.5526049e-02
   2.0539167e+03   3.9061435e-02   3.7249536e-02   3.5521539e-02
   2.0540000e+03   3.9050951e-02   3.7236816e-02   3.5506811e-02
   2.0540833e+03   3.9036071e-02   3.7220044e-02   3.5488356e-02
   2.0541667e+03   3.9025087e-02   3.7206869e-02   3.5473218e-02
   2.0542500e+03   3.9026393e-02   3.7205031e-02   3.5468527e-02
   2.0543333e+03   3.9040267e-02   3.7214786e-02   3.5474517e-02
   2.0544167e+03   3.9055445e-02   3.7225744e-02   3.5481615e-02
   2.0545000e+03   3.9064976e-02   3.7231494e-02   3.5483918e-02
   2.0545833e+03   3.9071185e-02   3.7234182e-02   3.5483403e-02
   2.0546667e+03   3.9079713e-02   3.7239009e-02   3.5484858e-02
   2.0547500e+03   3.9094892e-02   3.7249969e-02   3.5491962e-02
   2.0548333e+03   3.9108673e-02   3.7259639e-02   3.5497879e-02
   2.0549167e+03   3.9110279e-02   3.7258088e-02   3.5493466e-02
   2.0550000e+03   3.9099859e-02   3.7245455e-02   3.5478852e-02
   2.0550833e+03   3.9085041e-02   3.7228771e-02   3.5460513e-02
   2.0551667e+03   3.9074119e-02   3.7215683e-02   3.5445488e-02
   2.0552500e+03   3.9075488e-02   3.7213923e-02   3.5440895e-02
   2.0553333e+03   3.9089407e-02   3.7223729e-02   3.5446948e-02
   2.0554167e+03   3.9104585e-02   3.7234696e-02   3.5454071e-02
   2.0555000e+03   3.9114075e-02   3.7240421e-02   3.5456370e-02
   2.0555833e+03   3.9120226e-02   3.7243071e-02   3.5455841e-02
   2.0556667e+03   3.9128707e-02   3.7247869e-02   3.5457289e-02
   2.0557500e+03   3.9143886e-02   3.7258837e-02   3.5464416e-02
   2.0558333e+03   3.9157711e-02   3.7268558e-02   3.5470397e-02
   2.0559167e+03   3.9159381e-02   3.7267084e-02   3.5466078e-02
   2.0560000e+03   3.9149024e-02   3.7254536e-02   3.5451574e-02
   2.0560833e+03   3.9134267e-02   3.7237939e-02   3.5433350e-02
   2.0561667e+03   3.9123409e-02   3.7224936e-02   3.5418436e-02
   2.0562500e+03   3.9124842e-02   3.7223253e-02   3.5413936e-02
   2.0563333e+03   3.9138805e-02   3.7233109e-02   3.5420051e-02
   2.0564167e+03   3.9153983e-02   3.7244083e-02   3.5427194e-02
   2.0565000e+03   3.9163431e-02   3.7249782e-02   3.5429487e-02
   2.0565833e+03   3.9169523e-02   3.7252392e-02   3.5428942e-02
   2.0566667e+03   3.9177957e-02   3.7257159e-02   3.5430380e-02
   2.0567500e+03   3.9193136e-02   3.7268134e-02   3.5437527e-02
   2.0568333e+03   3.9207006e-02   3.7277905e-02   3.5443567e-02
   2.0569167e+03   3.9208740e-02   3.7276506e-02   3.5439340e-02
   2.0570000e+03   3.9198446e-02   3.7264042e-02   3.5424944e-02
   2.0570833e+03   3.9183751e-02   3.7247530e-02   3.5406832e-02
   2.0571667e+03   3.9172956e-02   3.7234611e-02   3.5392025e-02
   2.0572500e+03   3.9174452e-02   3.7233003e-02   3.5387616e-02
   2.0573333e+03   3.9188459e-02   3.7242907e-02   3.5393789e-02
   2.0574167e+03   3.9203637e-02   3.7253887e-02   3.5400950e-02
   2.0575000e+03   3.9213043e-02   3.7259558e-02   3.5403234e-02
   2.0575833e+03   3.9219077e-02   3.7262127e-02   3.5402669e-02
   2.0576667e+03   3.9227464e-02   3.7266861e-02   3.5404094e-02
   2.0577500e+03   3.9242641e-02   3.7277841e-02   3.5411258e-02
   2.0578333e+03   3.9256557e-02   3.7287659e-02   3.5417355e-02
   2.0579167e+03   3.9258354e-02   3.7286335e-02   3.5413217e-02
   2.0580000e+03   3.9248124e-02   3.7273953e-02   3.5398926e-02
   2.0580833e+03   3.9233490e-02   3.7257526e-02   3.5380922e-02
   2.0581667e+03   3.9222759e-02   3.7244689e-02   3.5366220e-02
   2.0582500e+03   3.9224318e-02   3.7243155e-02   3.5361900e-02
   2.0583333e+03   3.9238370e-02   3.7253105e-02   3.5368127e-02
   2.0584167e+03   3.9253547e-02   3.7264089e-02   3.5375304e-02
   2.0585000e+03   3.9262911e-02   3.7269730e-02   3.5377575e-02
   2.0585833e+03   3.9268886e-02   3.7272256e-02   3.5376987e-02
   2.0586667e+03   3.9277225e-02   3.7276956e-02   3.5378396e-02
   2.0587500e+03   3.9292402e-02   3.7287939e-02   3.5385574e-02
   2.0588333e+03   3.9306362e-02   3.7297804e-02   3.5391725e-02
   2.0589167e+03   3.9308222e-02   3.7296552e-02   3.5387673e-02
   2.0590000e+03   3.9298056e-02   3.7284252e-02   3.5373484e-02
   2.0590833e+03   3.9283484e-02   3.7267907e-02   3.5355587e-02
   2.0591667e+03   3.9272816e-02   3.7255152e-02   3.5340987e-02
   2.0592500e+03   3.9274439e-02   3.7253690e-02   3.5336752e-02
   2.0593333e+03   3.9288535e-02   3.7263685e-02   3.5343031e-02
   2.0594167e+03   3.9303711e-02   3.7274671e-02   3.5350219e-02
   2.0595000e+03   3.9313034e-02   3.7280281e-02   3.5352475e-02
   2.0595833e+03   3.9318948e-02   3.7282762e-02   3.5351862e-02
   2.0596667e+03   3.9327239e-02   3.7287426e-02   3.5353252e-02
   2.0597500e+03   3.9342416e-02   3.7298411e-02   3.5360440e-02
   2.0598333e+03   3.9356421e-02   3.7308321e-02   3.5366642e-02
   2.0599167e+03   3.9358345e-02   3.7307140e-02   3.5362673e-02
   2.0600000e+03   3.9348242e-02   3.7294919e-02   3.5348584e-02
   2.0600833e+03   3.9333732e-02   3.7278656e-02   3.5330790e-02
   2.0601667e+03   3.9323127e-02   3.7265981e-02   3.5316290e-02
   2.0602500e+03   3.9324814e-02   3.7264590e-02   3.5312138e-02
   2.0603333e+03   3.9338954e-02   3.7274628e-02   3.5318465e-02
   2.0604167e+03   3.9354130e-02   3.7285615e-02   3.5325662e-02
   2.0605000e+03   3.9363409e-02   3.7291192e-02   3.5327900e-02
   2.0605833e+03   3.9369264e-02   3.7293627e-02   3.5327258e-02
   2.0606667e+03   3.9377507e-02   3.7298253e-02   3.5328626e-02
   2.0607500e+03   3.9392682e-02   3.7309238e-02   3.5335822e-02
   2.0608333e+03   3.9406732e-02   3.7319191e-02   3.5342071e-02
   2.0609167e+03   3.9408720e-02   3.7318079e-02   3.5338183e-02
   2.0610000e+03   3.9398681e-02   3.7305938e-02   3.5324190e-02
   2.0610833e+03   3.9384232e-02   3.7289755e-02   3.5306498e-02
   2.0611667e+03   3.9373691e-02   3.7277158e-02   3.5292095e-02
   2.0612500e+03   3.9375442e-02   3.7275836e-02   3.5288022e-02
   2.0613333e+03   3.9389626e-02   3.7285916e-02   3.5294395e-02
   2.0614167e+03   3.9404801e-02   3.7296903e-02   3.5301598e-02
   2.0615000e+03   3.9414038e-02   3.7302445e-02   3.5303814e-02
   2.0615833e+03   3.9419831e-02   3.7304831e-02   3.5303140e-02
   2.0616667e+03   3.9428026e-02   3.7309418e-02   3.5304483e-02
   2.0617500e+03   3.9443200e-02   3.7320402e-02   3.5311684e-02
   2.0618333e+03   3.9457294e-02   3.7330396e-02   3.5317978e-02
   2.0619167e+03   3.9459346e-02   3.7329353e-02   3.5314167e-02
   2.0620000e+03   3.9449371e-02   3.7317288e-02   3.5300269e-02
   2.0620833e+03   3.9434984e-02   3.7301185e-02   3.5282675e-02
   2.0621667e+03   3.9424507e-02   3.7288665e-02   3.5268366e-02
   2.0622500e+03   3.9426321e-02   3.7287411e-02   3.5264370e-02
   2.0623333e+03   3.9440550e-02   3.7297531e-02   3.5270785e-02
   2.0624167e+03   3.9455723e-02   3.7308515e-02   3.5277991e-02
   2.0625000e+03   3.9464917e-02   3.7314021e-02   3.5280183e-02
   2.0625833e+03   3.9470650e-02   3.7316357e-02   3.5279475e-02
   2.0626667e+03   3.9478796e-02   3.7320903e-02   3.5280790e-02
   2.0627500e+03   3.9493968e-02   3.7331884e-02   3.5287992e-02
   2.0628333e+03   3.9508108e-02   3.7341918e-02   3.5294328e-02
   2.0629167e+03   3.9510223e-02   3.7340941e-02   3.5290591e-02
   2.0630000e+03   3.9500312e-02   3.7328953e-02   3.5276784e-02
   2.0630833e+03   3.9485987e-02   3.7312926e-02   3.5259287e-02
   2.0631667e+03   3.9475573e-02   3.7300483e-02   3.5245069e-02
   2.0632500e+03   3.9477452e-02   3.7299295e-02   3.5241147e-02
   2.0633333e+03   3.9491725e-02   3.7309454e-02   3.5247602e-02
   2.0634167e+03   3.9506897e-02   3.7320434e-02   3.5254807e-02
   2.0635000e+03   3.9516047e-02   3.7325902e-02   3.5256972e-02
   2.0635833e+03   3.9521719e-02   3.7328186e-02   3.5256226e-02
   2.0636667e+03   3.9529815e-02   3.7332689e-02   3.5257510e-02
   2.0637500e+03   3.9544986e-02   3.7343665e-02   3.5264711e-02
   2.0638333e+03   3.9559170e-02   3.7353737e-02   3.5271085e-02
   2.0639167e+03   3.9561350e-02   3.7352826e-02   3.5267420e-02
   2.0640000e+03   3.9551502e-02   3.7340912e-02   3.5253702e-02
   2.0640833e+03   3.9537240e-02   3.7324962e-02   3.5236298e-02
   2.0641667e+03   3.9526889e-02   3.7312594e-02   3.5222169e-02
   2.0642500e+03   3.9528832e-02   3.7311471e-02   3.5218319e-02
   2.0643333e+03   3.9543149e-02   3.7321666e-02   3.5224809e-02
   2.0644167e+03   3.9558319e-02   3.7332641e-02   3.5232011e-02
   2.0645000e+03   3.9567426e-02   3.7338069e-02   3.5234146e-02
   2.0645833e+03   3.9573036e-02   3.7340299e-02   3.5233360e-02
   2.0646667e+03   3.9581083e-02   3.7344758e-02   3.5234610e-02
   2.0647500e+03   3.9596252e-02   3.7355728e-02   3.5241806e-02
   2.0648333e+03   3.9610481e-02   3.7365837e-02   3.5248216e-02
   2.0649167e+03   3.9612725e-02   3.7364989e-02   3.5244620e-02
   2.0650000e+03   3.9602941e-02   3.7353149e-02   3.5230988e-02
   2.0650833e+03   3.9588741e-02   3.7337274e-02   3.5213675e-02
   2.0651667e+03   3.9578454e-02   3.7324978e-02   3.5199633e-02
   2.0652500e+03   3.9580460e-02   3.7323919e-02   3.5195850e-02
   2.0653333e+03   3.9594822e-02   3.7334150e-02   3.5202374e-02
   2.0654167e+03   3.9609991e-02   3.7345117e-02   3.5209570e-02
   2.0655000e+03   3.9619053e-02   3.7350503e-02   3.5211671e-02
   2.0655833e+03   3.9624601e-02   3.7352679e-02   3.5210842e-02
   2.0656667e+03   3.9632599e-02   3.7357091e-02   3.5212055e-02
   2.0657500e+03   3.9647766e-02   3.7368053e-02   3.5219244e-02
   2.0658333e+03   3.9662040e-02   3.7378197e-02   3.5225686e-02
   2.0659167e+03   3.9664347e-02   3.7377412e-02   3.5222156e-02
   2.0660000e+03   3.9654628e-02   3.7365643e-02   3.5208608e-02
   2.0660833e+03   3.9640489e-02   3.7349842e-02   3.5191383e-02
   2.0661667e+03   3.9630266e-02   3.7337619e-02   3.5177425e-02
   2.0662500e+03   3.9632337e-02   3.7336622e-02   3.5173707e-02
   2.0663333e+03   3.9646743e-02   3.7346886e-02   3.5180262e-02
   2.0664167e+03   3.9661910e-02   3.7357844e-02   3.5187447e-02
   2.0665000e+03   3.9670928e-02   3.7363187e-02   3.5189513e-02
   2.0665833e+03   3.9676413e-02   3.7365306e-02   3.5188638e-02
   2.0666667e+03   3.9684360e-02   3.7369671e-02   3.5189811e-02
   2.0667500e+03   3.9699525e-02   3.7380622e-02   3.5196988e-02
   2.0668333e+03   3.9713844e-02   3.7390800e-02   3.5203460e-02
   2.0669167e+03   3.9716216e-02   3.7390075e-02   3.5199993e-02
   2.0670000e+03   3.9706561e-02   3.7378378e-02   3.5186526e-02
   2.0670833e+03   3.9692484e-02   3.7362649e-02   3.5169388e-02
   2.0671667e+03   3.9682325e-02   3.7350496e-02   3.5155510e-02
   2.0672500e+03   3.9684460e-02   3.7349560e-02   3.5151856e-02
   2.0673333e+03   3.9698910e-02   3.7359856e-02   3.5158437e-02
   2.0674167e+03   3.9714075e-02   3.7370803e-02   3.5165610e-02
   2.0675000e+03   3.9723048e-02   3.7376102e-02   3.5167636e-02
   2.0675833e+03   3.9728471e-02   3.7378162e-02   3.5166712e-02
   2.0676667e+03   3.9736368e-02   3.7382477e-02   3.5167843e-02
   2.0677500e+03   3.9751531e-02   3.7393417e-02   3.5175006e-02
   2.0678333e+03   3.9765894e-02   3.7403626e-02   3.5181504e-02
   2.0679167e+03   3.9768330e-02   3.7402961e-02   3.5178098e-02
   2.0680000e+03   3.9758739e-02   3.7391333e-02   3.5164709e-02
   2.0680833e+03   3.9744725e-02   3.7375676e-02   3.5147655e-02
   2.0681667e+03   3.9734629e-02   3.7363592e-02   3.5133856e-02
   2.0682500e+03   3.9736828e-02   3.7362715e-02   3.5130261e-02
   2.0683333e+03   3.9751323e-02   3.7373042e-02   3.5136867e-02
   2.0684167e+03   3.9766486e-02   3.7383976e-02   3.5144024e-02
   2.0685000e+03   3.9775414e-02   3.7389228e-02   3.5146008e-02
   2.0685833e+03   3.9780774e-02   3.7391228e-02   3.5145032e-02
   2.0686667e+03   3.9788619e-02   3.7395492e-02   3.5146117e-02
   2.0687500e+03   3.9803780e-02   3.7406419e-02   3.5153263e-02
   2.0688333e+03   3.9818188e-02   3.7416658e-02   3.5159784e-02
   2.0689167e+03   3.9820689e-02   3.7416051e-02   3.5156436e-02
   2.0690000e+03   3.9811161e-02   3.7404491e-02   3.5143123e-02
   2.0690833e+03   3.9797209e-02   3.7388904e-02   3.5126149e-02
   2.0691667e+03   3.9787178e-02   3.7376889e-02   3.5112427e-02
   2.0692500e+03   3.9789442e-02   3.7376069e-02   3.5108889e-02
   2.0693333e+03   3.9803981e-02   3.7386425e-02   3.5115516e-02
   2.0694167e+03   3.9819141e-02   3.7397345e-02   3.5122654e-02
   2.0695000e+03   3.9828024e-02   3.7402548e-02   3.5124593e-02
   2.0695833e+03   3.9833320e-02   3.7404486e-02   3.5123562e-02
   2.0696667e+03   3.9841114e-02   3.7408697e-02   3.5124598e-02
   2.0697500e+03   3.9856272e-02   3.7419609e-02   3.5131725e-02
   2.0698333e+03   3.9870726e-02   3.7429877e-02   3.5138266e-02
   2.0699167e+03   3.9873290e-02   3.7429327e-02   3.5134972e-02
   2.0700000e+03   3.9863827e-02   3.7417833e-02   3.5121733e-02
   2.0700833e+03   3.9849938e-02   3.7402315e-02   3.5104838e-02
   2.0701667e+03   3.9839970e-02   3.7390366e-02   3.5091189e-02
   2.0702500e+03   3.9842298e-02   3.7389603e-02   3.5087706e-02
   2.0703333e+03   3.9856882e-02   3.7399986e-02   3.5094350e-02
   2.0704167e+03   3.9872040e-02   3.7410889e-02   3.5101467e-02
   2.0705000e+03   3.9880876e-02   3.7416043e-02   3.5103357e-02
   2.0705833e+03   3.9886108e-02   3.7417917e-02   3.5102269e-02
   2.0706667e+03   3.9893851e-02   3.7422074e-02   3.5103254e-02
   2.0707500e+03   3.9909006e-02   3.7432968e-02   3.5110358e-02
   2.0708333e+03   3.9923505e-02   3.7443264e-02   3.5116916e-02
   2.0709167e+03   3.9926134e-02   3.7442768e-02   3.5113674e-02
   2.0710000e+03   3.9916735e-02   3.7431340e-02   3.5100506e-02
   2.0710833e+03   3.9902908e-02   3.7415889e-02   3.5083687e-02
   2.0711667e+03   3.9893004e-02   3.7404006e-02   3.5070109e-02
   2.0712500e+03   3.9895397e-02   3.7403297e-02   3.5066677e-02
   2.0713333e+03   3.9910025e-02   3.7413706e-02   3.5073336e-02
   2.0714167e+03   3.9925180e-02   3.7424592e-02   3.5080427e-02
   2.0715000e+03   3.9933971e-02   3.7429693e-02   3.5082267e-02
   2.0715833e+03   3.9939138e-02   3.7431503e-02   3.5081119e-02
   2.0716667e+03   3.9946829e-02   3.7435603e-02   3.5082049e-02
   2.0717500e+03   3.9961981e-02   3.7446479e-02   3.5089127e-02
   2.0718333e+03   3.9976525e-02   3.7456799e-02   3.5095699e-02
   2.0719167e+03   3.9979218e-02   3.7456358e-02   3.5092506e-02
   2.0720000e+03   3.9969884e-02   3.7444994e-02   3.5079406e-02
   2.0720833e+03   3.9956119e-02   3.7429609e-02   3.5062661e-02
   2.0721667e+03   3.9946280e-02   3.7417790e-02   3.5049152e-02
   2.0722500e+03   3.9948737e-02   3.7417135e-02   3.5045768e-02
   2.0723333e+03   3.9963409e-02   3.7427567e-02   3.5052440e-02
   2.0724167e+03   3.9978562e-02   3.7438433e-02   3.5059503e-02
   2.0725000e+03   3.9987306e-02   3.7443481e-02   3.5061289e-02
   2.0725833e+03   3.9992409e-02   3.7445224e-02   3.5060077e-02
   2.0726667e+03   4.0000047e-02   3.7449266e-02   3.5060950e-02
   2.0727500e+03   4.0015196e-02   3.7460121e-02   3.5067998e-02
   2.0728333e+03   4.0029784e-02   3.7470466e-02   3.5074581e-02
   2.0729167e+03   4.0032543e-02   3.7470076e-02   3.5071435e-02
   2.0730000e+03   4.0023273e-02   3.7458775e-02   3.5058401e-02
   2.0730833e+03   4.0009570e-02   3.7443455e-02   3.5041727e-02
   2.0731667e+03   3.9999795e-02   3.7431699e-02   3.5028284e-02
   2.0732500e+03   4.0002317e-02   3.7431096e-02   3.5024947e-02
   2.0733333e+03   4.0017034e-02   3.7441550e-02   3.5031627e-02
   2.0734167e+03   4.0032183e-02   3.7452395e-02   3.5038658e-02
   2.0735000e+03   4.0040880e-02   3.7457388e-02   3.5040388e-02
   2.0735833e+03   4.0045918e-02   3.7459061e-02   3.5039110e-02
   2.0736667e+03   4.0053504e-02   3.7463044e-02   3.5039923e-02
   2.0737500e+03   4.0068650e-02   3.7473877e-02   3.5046939e-02
   2.0738333e+03   4.0083283e-02   3.7484244e-02   3.5053529e-02
   2.0739167e+03   4.0086106e-02   3.7483905e-02   3.5050426e-02
   2.0740000e+03   4.0076900e-02   3.7472665e-02   3.5037456e-02
   2.0740833e+03   4.0063261e-02   3.7457409e-02   3.5020851e-02
   2.0741667e+03   4.0053550e-02   3.7445714e-02   3.5007472e-02
   2.0742500e+03   4.0056136e-02   3.7445161e-02   3.5004177e-02
   2.0743333e+03   4.0070897e-02   3.7455637e-02   3.5010863e-02
   2.0744167e+03   4.0086043e-02   3.7466459e-02   3.5017861e-02
   2.0745000e+03   4.0094694e-02   3.7471394e-02   3.5019530e-02
   2.0745833e+03   4.0099666e-02   3.7472997e-02   3.5018184e-02
   2.0746667e+03   4.0107198e-02   3.7476918e-02   3.5018933e-02
   2.0747500e+03   4.0122341e-02   3.7487728e-02   3.5025914e-02
   2.0748333e+03   4.0137019e-02   3.7498115e-02   3.5032509e-02
   2.0749167e+03   4.0139906e-02   3.7497825e-02   3.5029447e-02
   2.0750000e+03   4.0130766e-02   3.7486646e-02   3.5016538e-02
   2.0750833e+03   4.0117186e-02   3.7471450e-02   3.4999998e-02
   2.0751667e+03   4.0107536e-02   3.7459811e-02   3.4986676e-02
   2.0752500e+03   4.0110182e-02   3.7459303e-02   3.4983418e-02
   2.0753333e+03   4.0124984e-02   3.7469795e-02   3.4990104e-02
   2.0754167e+03   4.0140130e-02   3.7480595e-02   3.4997067e-02
   2.0755000e+03   4.0148743e-02   3.7485481e-02   3.4998682e-02
   2.0755833e+03   4.0153663e-02   3.7487024e-02   3.4997275e-02
   2.0756667e+03   4.0161156e-02   3.7490894e-02   3.4997970e-02
   2.0757500e+03   4.0176301e-02   3.7501684e-02   3.5004917e-02
   2.0758333e+03   4.0191017e-02   3.7512083e-02   3.5011508e-02
   2.0759167e+03   4.0193951e-02   3.7511824e-02   3.5008469e-02
   2.0760000e+03   4.0184850e-02   3.7500681e-02   3.4995598e-02
   2.0760833e+03   4.0171306e-02   3.7485523e-02   3.4979100e-02
   2.0761667e+03   4.0161695e-02   3.7473920e-02   3.4965816e-02
   2.0762500e+03   4.0164386e-02   3.7473441e-02   3.4962579e-02
   2.0763333e+03   4.0179225e-02   3.7483943e-02   3.4969258e-02
   2.0764167e+03   4.0194375e-02   3.7494723e-02   3.4976187e-02
   2.0765000e+03   4.0202959e-02   3.7499566e-02   3.4977753e-02
   2.0765833e+03   4.0207837e-02   3.7501058e-02   3.4976291e-02
   2.0766667e+03   4.0215298e-02   3.7504882e-02   3.4976935e-02
   2.0767500e+03   4.0230446e-02   3.7515651e-02   3.4983846e-02
   2.0768333e+03   4.0245199e-02   3.7526060e-02   3.4990430e-02
   2.0769167e+03   4.0248178e-02   3.7525829e-02   3.4987410e-02
   2.0770000e+03   4.0239116e-02   3.7514721e-02   3.4974574e-02
   2.0770833e+03   4.0225609e-02   3.7499599e-02   3.4958116e-02
   2.0771667e+03   4.0216037e-02   3.7488031e-02   3.4944868e-02
   2.0772500e+03   4.0218772e-02   3.7487580e-02   3.4941650e-02
   2.0773333e+03   4.0233648e-02   3.7498090e-02   3.4948319e-02
   2.0774167e+03   4.0248802e-02   3.7508849e-02   3.4955210e-02
   2.0775000e+03   4.0257358e-02   3.7513648e-02   3.4956724e-02
   2.0775833e+03   4.0262193e-02   3.7515085e-02   3.4955205e-02
   2.0776667e+03   4.0269621e-02   3.7518862e-02   3.4955794e-02
   2.0777500e+03   4.0284774e-02   3.7529610e-02   3.4962667e-02
   2.0778333e+03   4.0299563e-02   3.7540026e-02   3.4969240e-02
   2.0779167e+03   4.0302587e-02   3.7539822e-02   3.4966236e-02
   2.0780000e+03   4.0293565e-02   3.7528748e-02   3.4953433e-02
   2.0780833e+03   4.0280094e-02   3.7513660e-02   3.4937014e-02
   2.0781667e+03   4.0270561e-02   3.7502126e-02   3.4923799e-02
   2.0782500e+03   4.0273341e-02   3.7501701e-02   3.4920596e-02
   2.0783333e+03   4.0288253e-02   3.7512217e-02   3.4927252e-02
   2.0784167e+03   4.0303412e-02   3.7522954e-02   3.4934103e-02
   2.0785000e+03   4.0311939e-02   3.7527707e-02   3.4935562e-02
   2.0785833e+03   4.0316731e-02   3.7529089e-02   3.4933982e-02
   2.0786667e+03   4.0324126e-02   3.7532817e-02   3.4934515e-02
   2.0787500e+03   4.0339283e-02   3.7543541e-02   3.4941347e-02
   2.0788333e+03   4.0354109e-02   3.7553963e-02   3.4947905e-02
   2.0789167e+03   4.0357178e-02   3.7553785e-02   3.4944915e-02
   2.0790000e+03   4.0348195e-02   3.7542743e-02   3.4932143e-02
   2.0790833e+03   4.0334761e-02   3.7527689e-02   3.4915759e-02
   2.0791667e+03   4.0325267e-02   3.7516187e-02   3.4902575e-02
   2.0792500e+03   4.0328092e-02   3.7515787e-02   3.4899385e-02
   2.0793333e+03   4.0343040e-02   3.7526308e-02   3.4906025e-02
   2.0794167e+03   4.0358204e-02   3.7537021e-02   3.4912834e-02
   2.0795000e+03   4.0366702e-02   3.7541726e-02   3.4914234e-02
   2.0795833e+03   4.0371451e-02   3.7543051e-02   3.4912592e-02
   2.0796667e+03   4.0378812e-02   3.7546728e-02   3.4913065e-02
   2.0797500e+03   4.0393973e-02   3.7557427e-02   3.4919853e-02
   2.0798333e+03   4.0408836e-02   3.7567854e-02   3.4926394e-02
   2.0799167e+03   4.0411950e-02   3.7567699e-02   3.4923415e-02
   2.0800000e+03   4.0403007e-02   3.7556688e-02   3.4910671e-02
   2.0800833e+03   4.0389609e-02   3.7541666e-02   3.4894321e-02
   2.0801667e+03   4.0380155e-02   3.7530195e-02   3.4881165e-02
   2.0802500e+03   4.0383025e-02   3.7529819e-02   3.4877986e-02
   2.0803333e+03   4.0398010e-02   3.7540344e-02   3.4884607e-02
   2.0804167e+03   4.0413177e-02   3.7551030e-02   3.4891369e-02
   2.0805000e+03   4.0421646e-02   3.7555686e-02   3.4892709e-02
   2.0805833e+03   4.0426352e-02   3.7556953e-02   3.4891002e-02
   2.0806667e+03   4.0433680e-02   3.7560577e-02   3.4891411e-02
   2.0807500e+03   4.0448845e-02   3.7571249e-02   3.4898153e-02
   2.0808333e+03   4.0463745e-02   3.7581679e-02   3.4904674e-02
   2.0809167e+03   4.0466904e-02   3.7581547e-02   3.4901702e-02
   2.0810000e+03   4.0458001e-02   3.7570565e-02   3.4888984e-02
   2.0810833e+03   4.0444639e-02   3.7555575e-02   3.4872666e-02
   2.0811667e+03   4.0435224e-02   3.7544134e-02   3.4859537e-02
   2.0812500e+03   4.0438139e-02   3.7543780e-02   3.4856365e-02
   2.0813333e+03   4.0453160e-02   3.7554306e-02   3.4862964e-02
   2.0814167e+03   4.0468332e-02   3.7564965e-02   3.4869677e-02
   2.0815000e+03   4.0476772e-02   3.7569569e-02   3.4870954e-02
   2.0815833e+03   4.0481434e-02   3.7570777e-02   3.4869178e-02
   2.0816667e+03   4.0488728e-02   3.7574347e-02   3.4869522e-02
   2.0817500e+03   4.0503897e-02   3.7584990e-02   3.4876213e-02
   2.0818333e+03   4.0518834e-02   3.7595422e-02   3.4882711e-02
   2.0819167e+03   4.0522038e-02   3.7595310e-02   3.4879746e-02
   2.0820000e+03   4.0513175e-02   3.7584357e-02   3.4867051e-02
   2.0820833e+03   4.0499850e-02   3.7569397e-02   3.4850762e-02
   2.0821667e+03   4.0490474e-02   3.7557984e-02   3.4837657e-02
   2.0822500e+03   4.0493434e-02   3.7557651e-02   3.4834490e-02
   2.0823333e+03   4.0508492e-02   3.7568177e-02   3.4841064e-02
   2.0824167e+03   4.0523667e-02   3.7578806e-02   3.4847725e-02
   2.0825000e+03   4.0532078e-02   3.7583358e-02   3.4848936e-02
   2.0825833e+03   4.0536697e-02   3.7584504e-02   3.4847089e-02
   2.0826667e+03   4.0543957e-02   3.7588018e-02   3.4847365e-02
   2.0827500e+03   4.0559130e-02   3.7598632e-02   3.4854003e-02
   2.0828333e+03   4.0574103e-02   3.7609063e-02   3.4860475e-02
   2.0829167e+03   4.0577353e-02   3.7608970e-02   3.4857512e-02
   2.0830000e+03   4.0568529e-02   3.7598045e-02   3.4844839e-02
   2.0830833e+03   4.0555241e-02   3.7583114e-02   3.4828577e-02
   2.0831667e+03   4.0545904e-02   3.7571728e-02   3.4815493e-02
   2.0832500e+03   4.0548910e-02   3.7571414e-02   3.4812329e-02
   2.0833333e+03   4.0564005e-02   3.7581939e-02   3.4818874e-02
   2.0834167e+03   4.0579184e-02   3.7592536e-02   3.4825481e-02
   2.0835000e+03   4.0587565e-02   3.7597034e-02   3.4826622e-02
   2.0835833e+03   4.0592140e-02   3.7598116e-02   3.4824703e-02
   2.0836667e+03   4.0599366e-02   3.7601574e-02   3.4824908e-02
   2.0837500e+03   4.0614542e-02   3.7612155e-02   3.4831490e-02
   2.0838333e+03   4.0629552e-02   3.7622584e-02   3.4837932e-02
   2.0839167e+03   4.0632847e-02   3.7622510e-02   3.4834970e-02
   2.0840000e+03   4.0624064e-02   3.7611610e-02   3.4822316e-02
   2.0840833e+03   4.0610812e-02   3.7596707e-02   3.4806079e-02
   2.0841667e+03   4.0601515e-02   3.7585347e-02   3.4793014e-02
   2.0842500e+03   4.0604567e-02   3.7585050e-02   3.4789850e-02
   2.0843333e+03   4.0619698e-02   3.7595572e-02   3.4796364e-02
   2.0844167e+03   4.0634880e-02   3.7606136e-02   3.4802913e-02
   2.0845000e+03   4.0643232e-02   3.7610579e-02   3.4803982e-02
   2.0845833e+03   4.0647763e-02   3.7611596e-02   3.4801986e-02
   2.0846667e+03   4.0654954e-02   3.7614995e-02   3.4802118e-02
   2.0847500e+03   4.0670134e-02   3.7625542e-02   3.4808641e-02
   2.0848333e+03   4.0685182e-02   3.7635967e-02   3.4815051e-02
   2.0849167e+03   4.0688522e-02   3.7635909e-02   3.4812086e-02
   2.0850000e+03   4.0679779e-02   3.7625035e-02   3.4799449e-02
   2.0850833e+03   4.0666564e-02   3.7610158e-02   3.4783235e-02
   2.0851667e+03   4.0657306e-02   3.7598823e-02   3.4770187e-02
   2.0852500e+03   4.0660403e-02   3.7598543e-02   3.4767020e-02
   2.0853333e+03   4.0675571e-02   3.7609059e-02   3.4773500e-02
   2.0854167e+03   4.0690757e-02   3.7619588e-02   3.4779988e-02
   2.0855000e+03   4.0699079e-02   3.7623974e-02   3.4780983e-02
   2.0855833e+03   4.0703565e-02   3.7624925e-02   3.4778908e-02
   2.0856667e+03   4.0710722e-02   3.7628263e-02   3.4778964e-02
   2.0857500e+03   4.0725906e-02   3.7638775e-02   3.4785425e-02
   2.0858333e+03   4.0740990e-02   3.7649195e-02   3.4791800e-02
   2.0859167e+03   4.0744376e-02   3.7649152e-02   3.4788829e-02
   2.0860000e+03   4.0735673e-02   3.7638301e-02   3.4776207e-02
   2.0860833e+03   4.0722494e-02   3.7623449e-02   3.4760013e-02
   2.0861667e+03   4.0713277e-02   3.7612138e-02   3.4746981e-02
   2.0862500e+03   4.0716419e-02   3.7611872e-02   3.4743808e-02
   2.0863333e+03   4.0731624e-02   3.7622382e-02   3.4750250e-02
   2.0864167e+03   4.0746814e-02   3.7632875e-02   3.4756674e-02
   2.0865000e+03   4.0755106e-02   3.7637201e-02   3.4757592e-02
   2.0865833e+03   4.0759547e-02   3.7638084e-02   3.4755437e-02
   2.0866667e+03   4.0766669e-02   3.7641360e-02   3.4755413e-02
   2.0867500e+03   4.0781856e-02   3.7651835e-02   3.4761809e-02
   2.0868333e+03   4.0796978e-02   3.7662247e-02   3.4768146e-02
   2.0869167e+03   4.0800409e-02   3.7662218e-02   3.4765168e-02
   2.0870000e+03   4.0791746e-02   3.7651389e-02   3.4752557e-02
   2.0870833e+03   4.0778605e-02   3.7636562e-02   3.4736382e-02
   2.0871667e+03   4.0769427e-02   3.7625273e-02   3.4723362e-02
   2.0872500e+03   4.0772615e-02   3.7625021e-02   3.4720181e-02
   2.0873333e+03   4.0787856e-02   3.7635522e-02   3.4726583e-02
   2.0874167e+03   4.0803049e-02   3.7645977e-02   3.4732940e-02
   2.0875000e+03   4.0811311e-02   3.7650242e-02   3.4733779e-02
   2.0875833e+03   4.0815708e-02   3.7651056e-02   3.4731539e-02
   2.0876667e+03   4.0822795e-02   3.7654269e-02   3.4731434e-02
   2.0877500e+03   4.0837985e-02   3.7664704e-02   3.4737763e-02
   2.0878333e+03   4.0853144e-02   3.7675108e-02   3.4744058e-02
   2.0879167e+03   4.0856621e-02   3.7675090e-02   3.4741069e-02
   2.0880000e+03   4.0847999e-02   3.7664283e-02   3.4728468e-02
   2.0880833e+03   4.0834894e-02   3.7649478e-02   3.4712310e-02
   2.0881667e+03   4.0825756e-02   3.7638211e-02   3.4699301e-02
   2.0882500e+03   4.0828989e-02   3.7637970e-02   3.4696108e-02
   2.0883333e+03   4.0844267e-02   3.7648461e-02   3.4702467e-02
   2.0884167e+03   4.0859464e-02   3.7658876e-02   3.4708754e-02
   2.0885000e+03   4.0867695e-02   3.7663079e-02   3.4709510e-02
   2.0885833e+03   4.0872047e-02   3.7663822e-02   3.4707184e-02
   2.0886667e+03   4.0879099e-02   3.7666969e-02   3.4706995e-02
   2.0887500e+03   4.0894293e-02   3.7677364e-02   3.4713252e-02
   2.0888333e+03   4.0909489e-02   3.7687757e-02   3.4719503e-02
   2.0889167e+03   4.0913012e-02   3.7687750e-02   3.4716501e-02
   2.0890000e+03   4.0904429e-02   3.7676962e-02   3.4703909e-02
   2.0890833e+03   4.0891361e-02   3.7662180e-02   3.4687764e-02
   2.0891667e+03   4.0882263e-02   3.7650932e-02   3.4674763e-02
   2.0892500e+03   4.0885542e-02   3.7650702e-02   3.4671557e-02
   2.0893333e+03   4.0900857e-02   3.7661181e-02   3.4677870e-02
   2.0894167e+03   4.0916058e-02   3.7671553e-02   3.4684084e-02
   2.0895000e+03   4.0924258e-02   3.7675693e-02   3.4684755e-02
   2.0895833e+03   4.0928564e-02   3.7676363e-02   3.4682340e-02
   2.0896667e+03   4.0935581e-02   3.7679443e-02   3.4682064e-02
   2.0897500e+03   4.0950778e-02   3.7689796e-02   3.4688248e-02
   2.0898333e+03   4.0966011e-02   3.7700176e-02   3.4694451e-02
   2.0899167e+03   4.0969580e-02   3.7700179e-02   3.4691433e-02
   2.0900000e+03   4.0961038e-02   3.7689409e-02   3.4678846e-02
   2.0900833e+03   4.0948007e-02   3.7674648e-02   3.4662714e-02
   2.0901667e+03   4.0938949e-02   3.7663419e-02   3.4649719e-02
   2.0902500e+03   4.0942274e-02   3.7663197e-02   3.4646497e-02
   2.0903333e+03   4.0957625e-02   3.7673662e-02   3.4652760e-02
   2.0904167e+03   4.0972829e-02   3.7683992e-02   3.4658899e-02
   2.0905000e+03   4.0980999e-02   3.7688065e-02   3.4659481e-02
   2.0905833e+03   4.0985259e-02   3.7688662e-02   3.4656975e-02
   2.0906667e+03   4.0992241e-02   3.7691673e-02   3.4656610e-02
   2.0907500e+03   4.1007441e-02   3.7701982e-02   3.4662716e-02
   2.0908333e+03   4.1022711e-02   3.7712348e-02   3.4668869e-02
   2.0909167e+03   4.1026326e-02   3.7712358e-02   3.4665833e-02
   2.0910000e+03   4.1017824e-02   3.7701606e-02   3.4653249e-02
   2.0910833e+03   4.1004830e-02   3.7686864e-02   3.4637128e-02
   2.0911667e+03   4.0995812e-02   3.7675652e-02   3.4624136e-02
   2.0912500e+03   4.0999183e-02   3.7675438e-02   3.4620896e-02
   2.0913333e+03   4.1014572e-02   3.7685888e-02   3.4627107e-02
   2.0914167e+03   4.1029779e-02   3.7696172e-02   3.4633166e-02
   2.0915000e+03   4.1037918e-02   3.7700178e-02   3.4633658e-02
   2.0915833e+03   4.1042132e-02   3.7700699e-02   3.4631058e-02
   2.0916667e+03   4.1049078e-02   3.7703641e-02   3.4630601e-02
   2.0917500e+03   4.1064281e-02   3.7713903e-02   3.4636627e-02
   2.0918333e+03   4.1079588e-02   3.7724253e-02   3.4642727e-02
   2.0919167e+03   4.1083250e-02   3.7724269e-02   3.4639669e-02
   2.0920000e+03   4.1074788e-02   3.7713533e-02   3.4627087e-02
   2.0920833e+03   4.1061831e-02   3.7698810e-02   3.4610974e-02
   2.0921667e+03   4.1052853e-02   3.7687614e-02   3.4597984e-02
   2.0922500e+03   4.1056270e-02   3.7687406e-02   3.4594722e-02
   2.0923333e+03   4.1071696e-02   3.7697839e-02   3.4600877e-02
   2.0924167e+03   4.1086906e-02   3.7708076e-02   3.4606855e-02
   2.0925000e+03   4.1095014e-02   3.7712013e-02   3.4607254e-02
   2.0925833e+03   4.1099182e-02   3.7712457e-02   3.4604558e-02
   2.0926667e+03   4.1106092e-02   3.7715326e-02   3.4604006e-02
   2.0927500e+03   4.1121298e-02   3.7725541e-02   3.4609949e-02
   2.0928333e+03   4.1136643e-02   3.7735874e-02   3.4615992e-02
   2.0929167e+03   4.1140350e-02   3.7735894e-02   3.4612911e-02
   2.0930000e+03   4.1131929e-02   3.7725173e-02   3.4600328e-02
   2.0930833e+03   4.1119010e-02   3.7710467e-02   3.4584220e-02
   2.0931667e+03   4.1110072e-02   3.7699287e-02   3.4571230e-02
   2.0932500e+03   4.1113535e-02   3.7699083e-02   3.4567944e-02
   2.0933333e+03   4.1128997e-02   3.7709496e-02   3.4574041e-02
   2.0934167e+03   4.1144211e-02   3.7719685e-02   3.4579934e-02
   2.0935000e+03   4.1152287e-02   3.7723552e-02   3.4580237e-02
   2.0935833e+03   4.1156409e-02   3.7723916e-02   3.4577442e-02
   2.0936667e+03   4.1163283e-02   3.7726713e-02   3.4576793e-02
   2.0937500e+03   4.1178492e-02   3.7736878e-02   3.4582651e-02
   2.0938333e+03   4.1193873e-02   3.7747191e-02   3.4588634e-02
   2.0939167e+03   4.1197627e-02   3.7747215e-02   3.4585527e-02
   2.0940000e+03   4.1189247e-02   3.7736507e-02   3.4572940e-02
   2.0940833e+03   4.1176364e-02   3.7721818e-02   3.4556837e-02
   2.0941667e+03   4.1167467e-02   3.7710651e-02   3.4543844e-02
   2.0942500e+03   4.1170976e-02   3.7710450e-02   3.4540531e-02
   2.0943333e+03   4.1186475e-02   3.7720843e-02   3.4546567e-02
   2.0944167e+03   4.1201692e-02   3.7730980e-02   3.4552373e-02
   2.0945000e+03   4.1209736e-02   3.7734775e-02   3.4552577e-02
   2.0945833e+03   4.1213812e-02   3.7735060e-02   3.4549681e-02
   2.0946667e+03   4.1220649e-02   3.7737781e-02   3.4548932e-02
   2.0947500e+03   4.1235861e-02   3.7747895e-02   3.4554701e-02
   2.0948333e+03   4.1251280e-02   3.7758186e-02   3.4560622e-02
   2.0949167e+03   4.1255080e-02   3.7758212e-02   3.4557485e-02
   2.0950000e+03   4.1246741e-02   3.7747517e-02   3.4544893e-02
   2.0950833e+03   4.1233895e-02   3.7732842e-02   3.4528793e-02
   2.0951667e+03   4.1225038e-02   3.7721688e-02   3.4515795e-02
   2.0952500e+03   4.1228594e-02   3.7721488e-02   3.4512453e-02
   2.0953333e+03   4.1244130e-02   3.7731859e-02   3.4518424e-02
   2.0954167e+03   4.1259349e-02   3.7741944e-02   3.4524139e-02
   2.0955000e+03   4.1267362e-02   3.7745665e-02   3.4524242e-02
   2.0955833e+03   4.1271391e-02   3.7745868e-02   3.4521242e-02
   2.0956667e+03   4.1278192e-02   3.7748512e-02   3.4520391e-02
   2.0957500e+03   4.1293406e-02   3.7758573e-02   3.4526068e-02
   2.0958333e+03   4.1308863e-02   3.7768842e-02   3.4531924e-02
   2.0959167e+03   4.1312709e-02   3.7768867e-02   3.4528756e-02
   2.0960000e+03   4.1304410e-02   3.7758183e-02   3.4516156e-02
   2.0960833e+03   4.1291603e-02   3.7743523e-02   3.4500056e-02
   2.0961667e+03   4.1282786e-02   3.7732379e-02   3.4487051e-02
   2.0962500e+03   4.1286387e-02   3.7732180e-02   3.4483677e-02
   2.0963333e+03   4.1301961e-02   3.7742526e-02   3.4489581e-02
   2.0964167e+03   4.1317183e-02   3.7752557e-02   3.4495203e-02
   2.0965000e+03   4.1325164e-02   3.7756203e-02   3.4495202e-02
   2.0965833e+03   4.1329145e-02   3.7756322e-02   3.4492096e-02
   2.0966667e+03   4.1335910e-02   3.7758888e-02   3.4491140e-02
   2.0967500e+03   4.1351127e-02   3.7768894e-02   3.4496722e-02
   2.0968333e+03   4.1366621e-02   3.7779138e-02   3.4502510e-02
   2.0969167e+03   4.1370513e-02   3.7779163e-02   3.4499308e-02
   2.0970000e+03   4.1362256e-02   3.7768488e-02   3.4486698e-02
   2.0970833e+03   4.1349485e-02   3.7753841e-02   3.4470596e-02
   2.0971667e+03   4.1340709e-02   3.7742707e-02   3.4457583e-02
   2.0972500e+03   4.1344357e-02   3.7742506e-02   3.4454174e-02
   2.0973333e+03   4.1359968e-02   3.7752826e-02   3.4460008e-02
   2.0974167e+03   4.1375192e-02   3.7762801e-02   3.4465533e-02
   2.0975000e+03   4.1383141e-02   3.7766370e-02   3.4465426e-02
   2.0975833e+03   4.1387075e-02   3.7766404e-02   3.4462211e-02
   2.0976667e+03   4.1393803e-02   3.7768891e-02   3.4461148e-02
   2.0977500e+03   4.1409022e-02   3.7778840e-02   3.4466633e-02
   2.0978333e+03   4.1424554e-02   3.7789058e-02   3.4472349e-02
   2.0979167e+03   4.1428493e-02   3.7789079e-02   3.4469110e-02
   2.0980000e+03   4.1420276e-02   3.7778413e-02   3.4456489e-02
   2.0980833e+03   4.1407543e-02   3.7763777e-02   3.4440383e-02
   2.0981667e+03   4.1398807e-02   3.7752653e-02   3.4427358e-02
   2.0982500e+03   4.1402502e-02   3.7752449e-02   3.4423913e-02
   2.0983333e+03   4.1418150e-02   3.7762741e-02   3.4429673e-02
   2.0984167e+03   4.1433377e-02   3.7772658e-02   3.4435099e-02
   2.0985000e+03   4.1441293e-02   3.7776149e-02   3.4434883e-02
   2.0985833e+03   4.1445180e-02   3.7776096e-02   3.4431558e-02
   2.0986667e+03   4.1451870e-02   3.7778501e-02   3.4430384e-02
   2.0987500e+03   4.1467092e-02   3.7788392e-02   3.4435769e-02
   2.0988333e+03   4.1482661e-02   3.7798581e-02   3.4441410e-02
   2.0989167e+03   4.1486647e-02   3.7798598e-02   3.4438132e-02
   2.0990000e+03   4.1478471e-02   3.7787940e-02   3.4425497e-02
   2.0990833e+03   4.1465776e-02   3.7773314e-02   3.4409386e-02
   2.0991667e+03   4.1457081e-02   3.7762198e-02   3.4396348e-02
   2.0992500e+03   4.1460822e-02   3.7761989e-02   3.4392863e-02
   2.0993333e+03   4.1476507e-02   3.7772252e-02   3.4398547e-02
   2.0994167e+03   4.1491737e-02   3.7782109e-02   3.4403870e-02
   2.0995000e+03   4.1499620e-02   3.7785519e-02   3.4403543e-02
   2.0995833e+03   4.1503459e-02   3.7785378e-02   3.4400105e-02
   2.0996667e+03   4.1510112e-02   3.7787700e-02   3.4398818e-02
   2.0997500e+03   4.1525336e-02   3.7797531e-02   3.4404100e-02
   2.0998333e+03   4.1540943e-02   3.7807690e-02   3.4409664e-02
   2.0999167e+03   4.1544975e-02   3.7807701e-02   3.4406344e-02
   2.1000000e+03   4.1536841e-02   3.7797049e-02   3.4393693e-02
   2.1000833e+03   4.1524183e-02   3.7782433e-02   3.4377575e-02
   2.1001667e+03   4.1515528e-02   3.7771323e-02   3.4364521e-02
   2.1002500e+03   4.1519316e-02   3.7771108e-02   3.4360995e-02
   2.1003333e+03   4.1535038e-02   3.7781339e-02   3.4366599e-02
   2.1004167e+03   4.1550271e-02   3.7791136e-02   3.4371817e-02
   2.1005000e+03   4.1558122e-02   3.7794464e-02   3.4371376e-02
   2.1005833e+03   4.1561912e-02   3.7794233e-02   3.4367822e-02
   2.1006667e+03   4.1568528e-02   3.7796471e-02   3.4366421e-02
   2.1007500e+03   4.1583754e-02   3.7806239e-02   3.4371596e-02
   2.1008333e+03   4.1599399e-02   3.7816366e-02   3.4377080e-02
   2.1009167e+03   4.1603477e-02   3.7816370e-02   3.4373715e-02
