   2.0000000e+03   1.0000000e+00   1.0000000e+00   1.0000000e+00
   2.0000833e+03   1.0000000e+00   1.0000000e+00   1.0000000e+00
   2.0001667e+03   1.0000000e+00   1.0000000e+00   1.0000000e+00
   2.0002500e+03   1.0000000e+00   1.0000000e+00   1.0000000e+00
   2.0003333e+03   1.0000000e+00   1.0000000e+00   1.0000000e+00
   2.0004167e+03   1.0000000e+00   1.0000000e+00   1.0000000e+00
   2.0005000e+03   1.0000000e+00   1.0000000e+00   1.0000000e+00
   2.0005833e+03   1.0000000e+00   1.0000000e+00   1.0000000e+00
   2.0006667e+03   1.0000000e+00   1.0000000e+00   1.0000000e+00
   2.0007500e+03   1.0000000e+00   1.0000000e+00   1.0000000e+00
   2.0008333e+03   1.0000000e+00   1.0000000e+00   1.0000000e+00
   2.0009167e+03   1.0000000e+00   1.0000000e+00   1.0000000e+00
   2.0010000e+03   9.9998604e-01   9.9998562e-01   9.9998520e-01
   2.0010833e+03   9.9991887e-01   9.9991762e-01   9.9991637e-01
   2.0011667e+03   9.9983775e-01   9.9983527e-01   9.9983279e-01
   2.0012500e+03   9.9979037e-01   9.9978623e-01   9.9978209e-01
   2.0013333e+03   9.9980699e-01   9.9980073e-01   9.9979446e-01
   2.0014167e+03   9.9985729e-01   9.9984844e-01   9.9983959e-01
   2.0015000e+03   9.9990775e-01   9.9989589e-01   9.9988402e-01
   2.0015833e+03   9.9993104e-01   9.9991577e-01   9.9990050e-01
   2.0016667e+03   9.9992546e-01   9.9990641e-01   9.9988735e-01
   2.0017500e+03   9.9992506e-01   9.9990180e-01   9.9987854e-01
   2.0018333e+03   9.9996936e-01   9.9994139e-01   9.9991343e-01
   2.0019167e+03   1.0000074e+00   9.9997433e-01   9.9994125e-01
   2.0020000e+03   9.9999568e-01   9.9995717e-01   9.9991866e-01
   2.0020833e+03   9.9993146e-01   9.9988724e-01   9.9984302e-01
   2.0021667e+03   9.9985347e-01   9.9980316e-01   9.9975286e-01
   2.0022500e+03   9.9980880e-01   9.9975193e-01   9.9969506e-01
   2.0023333e+03   9.9982707e-01   9.9976304e-01   9.9969902e-01
   2.0024167e+03   9.9987778e-01   9.9980608e-01   9.9973440e-01
   2.0025000e+03   9.9992780e-01   9.9984802e-01   9.9976826e-01
   2.0025833e+03   9.9994952e-01   9.9986134e-01   9.9977317e-01
   2.0026667e+03   9.9994173e-01   9.9984485e-01   9.9974797e-01
   2.0027500e+03   9.9993923e-01   9.9983321e-01   9.9972721e-01
   2.0028333e+03   9.9998269e-01   9.9986696e-01   9.9975123e-01
   2.0029167e+03   1.0000218e+00   9.9989594e-01   9.9977010e-01
   2.0030000e+03   1.0000122e+00   9.9987607e-01   9.9973992e-01
   2.0030833e+03   9.9995095e-01   9.9980429e-01   9.9965765e-01
   2.0031667e+03   9.9987604e-01   9.9971856e-01   9.9956111e-01
   2.0032500e+03   9.9983405e-01   9.9966521e-01   9.9949640e-01
   2.0033333e+03   9.9985392e-01   9.9967302e-01   9.9949215e-01
   2.0034167e+03   9.9990500e-01   9.9971148e-01   9.9951799e-01
   2.0035000e+03   9.9995455e-01   9.9974800e-01   9.9954149e-01
   2.0035833e+03   9.9997466e-01   9.9975484e-01   9.9953507e-01
   2.0036667e+03   9.9996463e-01   9.9973131e-01   9.9949804e-01
   2.0037500e+03   9.9995998e-01   9.9971273e-01   9.9946554e-01
   2.0038333e+03   1.0000026e+00   9.9974071e-01   9.9947892e-01
   2.0039167e+03   1.0000427e+00   9.9976582e-01   9.9948905e-01
   2.0040000e+03   1.0000353e+00   9.9974333e-01   9.9945147e-01
   2.0040833e+03   9.9997686e-01   9.9966977e-01   9.9936278e-01
   2.0041667e+03   9.9990500e-01   9.9958247e-01   9.9926005e-01
   2.0042500e+03   9.9986565e-01   9.9952708e-01   9.9918862e-01
   2.0043333e+03   9.9988708e-01   9.9953166e-01   9.9917636e-01
   2.0044167e+03   9.9993850e-01   9.9956562e-01   9.9919287e-01
   2.0045000e+03   9.9998753e-01   9.9959681e-01   9.9920623e-01
   2.0045833e+03   1.0000060e+00   9.9959727e-01   9.9918870e-01
   2.0046667e+03   9.9999368e-01   9.9956679e-01   9.9914007e-01
   2.0047500e+03   9.9998684e-01   9.9954136e-01   9.9909608e-01
   2.0048333e+03   1.0000285e+00   9.9956367e-01   9.9909904e-01
   2.0049167e+03   1.0000696e+00   9.9958499e-01   9.9910064e-01
   2.0050000e+03   1.0000643e+00   9.9955995e-01   9.9905587e-01
   2.0050833e+03   1.0000087e+00   9.9948470e-01   9.9896094e-01
   2.0051667e+03   9.9993989e-01   9.9939591e-01   9.9885221e-01
   2.0052500e+03   9.9990314e-01   9.9933855e-01   9.9877427e-01
   2.0053333e+03   9.9992610e-01   9.9933999e-01   9.9875421e-01
   2.0054167e+03   9.9997781e-01   9.9936953e-01   9.9876161e-01
   2.0055000e+03   1.0000263e+00   9.9939547e-01   9.9876505e-01
   2.0055833e+03   1.0000431e+00   9.9938965e-01   9.9873664e-01
   2.0056667e+03   1.0000284e+00   9.9935231e-01   9.9867665e-01
   2.0057500e+03   1.0000193e+00   9.9932013e-01   9.9862140e-01
   2.0058333e+03   1.0000601e+00   9.9933685e-01   9.9861416e-01
   2.0059167e+03   1.0001021e+00   9.9935447e-01   9.9860743e-01
   2.0060000e+03   1.0000988e+00   9.9932696e-01   9.9855568e-01
   2.0060833e+03   1.0000461e+00   9.9925010e-01   9.9845472e-01
   2.0061667e+03   9.9998024e-01   9.9915989e-01   9.9834019e-01
   2.0062500e+03   9.9994606e-01   9.9910065e-01   9.9825594e-01
   2.0063333e+03   9.9997050e-01   9.9909902e-01   9.9822829e-01
   2.0064167e+03   1.0000225e+00   9.9912424e-01   9.9822679e-01
   2.0065000e+03   1.0000703e+00   9.9914502e-01   9.9822054e-01
   2.0065833e+03   1.0000854e+00   9.9913300e-01   9.9818149e-01
   2.0066667e+03   1.0000684e+00   9.9908890e-01   9.9811037e-01
   2.0067500e+03   1.0000570e+00   9.9905006e-01   9.9804409e-01
   2.0068333e+03   1.0000967e+00   9.9906129e-01   9.9802689e-01
   2.0069167e+03   1.0001396e+00   9.9907529e-01   9.9801206e-01
   2.0070000e+03   1.0001385e+00   9.9904540e-01   9.9795352e-01
   2.0070833e+03   1.0000885e+00   9.9896700e-01   9.9784673e-01
   2.0071667e+03   1.0000256e+00   9.9887545e-01   9.9772661e-01
   2.0072500e+03   9.9999393e-01   9.9881440e-01   9.9763625e-01
   2.0073333e+03   1.0000198e+00   9.9880980e-01   9.9760121e-01
   2.0074167e+03   1.0000720e+00   9.9883077e-01   9.9759105e-01
   2.0075000e+03   1.0001193e+00   9.9884649e-01   9.9757533e-01
   2.0075833e+03   1.0001325e+00   9.9882837e-01   9.9752586e-01
   2.0076667e+03   1.0001131e+00   9.9877760e-01   9.9744386e-01
   2.0077500e+03   1.0000994e+00   9.9873220e-01   9.9736680e-01
   2.0078333e+03   1.0001381e+00   9.9873802e-01   9.9733986e-01
   2.0079167e+03   1.0001818e+00   9.9874848e-01   9.9731714e-01
   2.0080000e+03   1.0001827e+00   9.9871629e-01   9.9725203e-01
   2.0080833e+03   1.0001355e+00   9.9863643e-01   9.9713962e-01
   2.0081667e+03   1.0000755e+00   9.9854363e-01   9.9701411e-01
   2.0082500e+03   1.0000463e+00   9.9848086e-01   9.9691784e-01
   2.0083333e+03   1.0000736e+00   9.9847336e-01   9.9687565e-01
   2.0084167e+03   1.0001260e+00   9.9849018e-01   9.9685703e-01
   2.0085000e+03   1.0001725e+00   9.9850093e-01   9.9683207e-01
   2.0085833e+03   1.0001840e+00   9.9847679e-01   9.9677244e-01
   2.0086667e+03   1.0001621e+00   9.9841945e-01   9.9667980e-01
   2.0087500e+03   1.0001461e+00   9.9836758e-01   9.9659219e-01
   2.0088333e+03   1.0001837e+00   9.9836809e-01   9.9655575e-01
   2.0089167e+03   1.0002282e+00   9.9837511e-01   9.9652536e-01
   2.0090000e+03   1.0002310e+00   9.9834070e-01   9.9645390e-01
   2.0090833e+03   1.0001865e+00   9.9825946e-01   9.9633607e-01
   2.0091667e+03   1.0001294e+00   9.9816547e-01   9.9620537e-01
   2.0092500e+03   1.0001027e+00   9.9810107e-01   9.9610341e-01
   2.0093333e+03   1.0001314e+00   9.9809076e-01   9.9605427e-01
   2.0094167e+03   1.0001839e+00   9.9810352e-01   9.9602743e-01
   2.0095000e+03   1.0002297e+00   9.9810938e-01   9.9599347e-01
   2.0095833e+03   1.0002393e+00   9.9807932e-01   9.9592390e-01
   2.0096667e+03   1.0002149e+00   9.9801551e-01   9.9582086e-01
   2.0097500e+03   1.0001965e+00   9.9795727e-01   9.9572296e-01
   2.0098333e+03   1.0002330e+00   9.9795256e-01   9.9567725e-01
   2.0099167e+03   1.0002783e+00   9.9795621e-01   9.9563942e-01
   2.0100000e+03   1.0002830e+00   9.9791967e-01   9.9556181e-01
   2.0100833e+03   1.0002412e+00   9.9783714e-01   9.9543877e-01
   2.0101667e+03   1.0001869e+00   9.9774205e-01   9.9530310e-01
   2.0102500e+03   1.0001626e+00   9.9767609e-01   9.9519566e-01
   2.0103333e+03   1.0001927e+00   9.9766306e-01   9.9513978e-01
   2.0104167e+03   1.0002453e+00   9.9767184e-01   9.9510495e-01
   2.0105000e+03   1.0002904e+00   9.9767290e-01   9.9506222e-01
   2.0105833e+03   1.0002981e+00   9.9763703e-01   9.9498297e-01
   2.0106667e+03   1.0002711e+00   9.9756684e-01   9.9486978e-01
   2.0107500e+03   1.0002503e+00   9.9750232e-01   9.9476182e-01
   2.0108333e+03   1.0002856e+00   9.9749248e-01   9.9470709e-01
   2.0109167e+03   1.0003317e+00   9.9749287e-01   9.9466204e-01
   2.0110000e+03   1.0003383e+00   9.9745427e-01   9.9457850e-01
   2.0110833e+03   1.0002991e+00   9.9737052e-01   9.9445046e-01
   2.0111667e+03   1.0002476e+00   9.9727442e-01   9.9431002e-01
   2.0112500e+03   1.0002257e+00   9.9720698e-01   9.9419731e-01
   2.0113333e+03   1.0002570e+00   9.9719131e-01   9.9413493e-01
   2.0114167e+03   1.0003097e+00   9.9719621e-01   9.9409233e-01
   2.0115000e+03   1.0003540e+00   9.9719257e-01   9.9404107e-01
   2.0115833e+03   1.0003598e+00   9.9715097e-01   9.9395237e-01
   2.0116667e+03   1.0003302e+00   9.9707450e-01   9.9382927e-01
   2.0117500e+03   1.0003069e+00   9.9700380e-01   9.9371151e-01
   2.0118333e+03   1.0003410e+00   9.9698893e-01   9.9364800e-01
   2.0119167e+03   1.0003878e+00   9.9698613e-01   9.9359595e-01
   2.0120000e+03   1.0003962e+00   9.9694557e-01   9.9350670e-01
   2.0120833e+03   1.0003596e+00   9.9686069e-01   9.9337388e-01
   2.0121667e+03   1.0003109e+00   9.9676365e-01   9.9322887e-01
   2.0122500e+03   1.0002913e+00   9.9669482e-01   9.9311111e-01
   2.0123333e+03   1.0003239e+00   9.9667660e-01   9.9304245e-01
   2.0124167e+03   1.0003766e+00   9.9667769e-01   9.9299232e-01
   2.0125000e+03   1.0004201e+00   9.9666945e-01   9.9293276e-01
   2.0125833e+03   1.0004239e+00   9.9662222e-01   9.9283486e-01
   2.0126667e+03   1.0003917e+00   9.9653957e-01   9.9270212e-01
   2.0127500e+03   1.0003659e+00   9.9646278e-01   9.9257480e-01
   2.0128333e+03   1.0003987e+00   9.9644298e-01   9.9250273e-01
   2.0129167e+03   1.0004462e+00   9.9643708e-01   9.9244393e-01
   2.0130000e+03   1.0004564e+00   9.9639464e-01   9.9234919e-01
   2.0130833e+03   1.0004224e+00   9.9630871e-01   9.9221179e-01
   2.0131667e+03   1.0003764e+00   9.9621082e-01   9.9206244e-01
   2.0132500e+03   1.0003591e+00   9.9614067e-01   9.9193983e-01
   2.0133333e+03   1.0003930e+00   9.9611999e-01   9.9186511e-01
   2.0134167e+03   1.0004456e+00   9.9611738e-01   9.9180768e-01
   2.0135000e+03   1.0004882e+00   9.9610463e-01   9.9174007e-01
   2.0135833e+03   1.0004900e+00   9.9605186e-01   9.9163322e-01
   2.0136667e+03   1.0004552e+00   9.9596312e-01   9.9149107e-01
   2.0137500e+03   1.0004267e+00   9.9588035e-01   9.9135445e-01
   2.0138333e+03   1.0004583e+00   9.9585570e-01   9.9127408e-01
   2.0139167e+03   1.0005064e+00   9.9584680e-01   9.9120874e-01
   2.0140000e+03   1.0005184e+00   9.9580256e-01   9.9110873e-01
   2.0140833e+03   1.0004869e+00   9.9571567e-01   9.9096697e-01
   2.0141667e+03   1.0004436e+00   9.9561700e-01   9.9081349e-01
   2.0142500e+03   1.0004286e+00   9.9554563e-01   9.9068626e-01
   2.0143333e+03   1.0004637e+00   9.9552258e-01   9.9060571e-01
   2.0144167e+03   1.0005163e+00   9.9551635e-01   9.9054121e-01
   2.0145000e+03   1.0005579e+00   9.9549918e-01   9.9046579e-01
   2.0145833e+03   1.0005577e+00   9.9544097e-01   9.9035023e-01
   2.0146667e+03   1.0005201e+00   9.9534625e-01   9.9019893e-01
   2.0147500e+03   1.0004891e+00   9.9525759e-01   9.9005325e-01
   2.0148333e+03   1.0005193e+00   9.9522819e-01   9.8996482e-01
   2.0149167e+03   1.0005680e+00   9.9521637e-01   9.8989318e-01
   2.0150000e+03   1.0005818e+00   9.9517042e-01   9.8978812e-01
   2.0150833e+03   1.0005527e+00   9.9508264e-01   9.8964222e-01
   2.0151667e+03   1.0005121e+00   9.9498329e-01   9.8948482e-01
   2.0152500e+03   1.0004994e+00   9.9491078e-01   9.8935318e-01
   2.0153333e+03   1.0005355e+00   9.9488544e-01   9.8926702e-01
   2.0154167e+03   1.0005880e+00   9.9487569e-01   9.8919570e-01
   2.0155000e+03   1.0006287e+00   9.9485419e-01   9.8911270e-01
   2.0155833e+03   1.0006264e+00   9.9479064e-01   9.8898868e-01
   2.0156667e+03   1.0005861e+00   9.9469003e-01   9.8882849e-01
   2.0157500e+03   1.0005524e+00   9.9459558e-01   9.8867400e-01
   2.0158333e+03   1.0005813e+00   9.9456153e-01   9.8857776e-01
   2.0159167e+03   1.0006304e+00   9.9454688e-01   9.8850004e-01
   2.0160000e+03   1.0006459e+00   9.9449931e-01   9.8839016e-01
   2.0160833e+03   1.0006194e+00   9.9441073e-01   9.8824033e-01
   2.0161667e+03   1.0005813e+00   9.9431077e-01   9.8807923e-01
   2.0162500e+03   1.0005708e+00   9.9423720e-01   9.8794341e-01
   2.0163333e+03   1.0006081e+00   9.9420966e-01   9.8785186e-01
   2.0164167e+03   1.0006605e+00   9.9419648e-01   9.8777395e-01
   2.0165000e+03   1.0007002e+00   9.9417075e-01   9.8768362e-01
   2.0165833e+03   1.0006957e+00   9.9410196e-01   9.8755140e-01
   2.0166667e+03   1.0006526e+00   9.9399556e-01   9.8738255e-01
   2.0167500e+03   1.0006162e+00   9.9389542e-01   9.8721951e-01
   2.0168333e+03   1.0006436e+00   9.9385681e-01   9.8711570e-01
   2.0169167e+03   1.0006933e+00   9.9383942e-01   9.8703214e-01
   2.0170000e+03   1.0007105e+00   9.9379031e-01   9.8691766e-01
   2.0170833e+03   1.0006864e+00   9.9370102e-01   9.8676412e-01
   2.0171667e+03   1.0006509e+00   9.9360054e-01   9.8659953e-01
   2.0172500e+03   1.0006425e+00   9.9352600e-01   9.8645974e-01
   2.0173333e+03   1.0006809e+00   9.9349635e-01   9.8636305e-01
   2.0174167e+03   1.0007331e+00   9.9347983e-01   9.8627878e-01
   2.0175000e+03   1.0007718e+00   9.9344996e-01   9.8618136e-01
   2.0175833e+03   1.0007651e+00   9.9337602e-01   9.8604117e-01
   2.0176667e+03   1.0007191e+00   9.9326393e-01   9.8586393e-01
   2.0177500e+03   1.0006800e+00   9.9315819e-01   9.8569259e-01
   2.0178333e+03   1.0007060e+00   9.9311512e-01   9.8558146e-01
   2.0179167e+03   1.0007562e+00   9.9309509e-01   9.8549229e-01
   2.0180000e+03   1.0007750e+00   9.9304453e-01   9.8537344e-01
   2.0180833e+03   1.0007532e+00   9.9295461e-01   9.8521640e-01
   2.0181667e+03   1.0007203e+00   9.9285369e-01   9.8504853e-01
   2.0182500e+03   1.0007141e+00   9.9277826e-01   9.8490500e-01
   2.0183333e+03   1.0007535e+00   9.9274658e-01   9.8480338e-01
   2.0184167e+03   1.0008055e+00   9.9272682e-01   9.8471300e-01
   2.0185000e+03   1.0008430e+00   9.9269291e-01   9.8460874e-01
   2.0185833e+03   1.0008341e+00   9.9261392e-01   9.8446084e-01
   2.0186667e+03   1.0007853e+00   9.9249624e-01   9.8427546e-01
   2.0187500e+03   1.0007433e+00   9.9238501e-01   9.8409607e-01
   2.0188333e+03   1.0007679e+00   9.9233757e-01   9.8397785e-01
   2.0189167e+03   1.0008185e+00   9.9231498e-01   9.8388331e-01
   2.0190000e+03   1.0008389e+00   9.9226306e-01   9.8376030e-01
   2.0190833e+03   1.0008195e+00   9.9217259e-01   9.8359999e-01
   2.0191667e+03   1.0007891e+00   9.9207132e-01   9.8342907e-01
   2.0192500e+03   1.0007849e+00   9.9199509e-01   9.8328201e-01
   2.0193333e+03   1.0008253e+00   9.9196148e-01   9.8317570e-01
   2.0194167e+03   1.0008771e+00   9.9193856e-01   9.8307944e-01
   2.0195000e+03   1.0009135e+00   9.9190070e-01   9.8296857e-01
   2.0195833e+03   1.0009023e+00   9.9181676e-01   9.8281321e-01
   2.0196667e+03   1.0008505e+00   9.9169358e-01   9.8261993e-01
   2.0197500e+03   1.0008058e+00   9.9157696e-01   9.8243275e-01
   2.0198333e+03   1.0008288e+00   9.9152525e-01   9.8230769e-01
   2.0199167e+03   1.0008798e+00   9.9150020e-01   9.8220801e-01
   2.0200000e+03   1.0009017e+00   9.9144700e-01   9.8208108e-01
   2.0200833e+03   1.0008846e+00   9.9135607e-01   9.8191771e-01
   2.0201667e+03   1.0008567e+00   9.9125452e-01   9.8174395e-01
   2.0202500e+03   1.0008546e+00   9.9117758e-01   9.8159358e-01
   2.0203333e+03   1.0008960e+00   9.9114212e-01   9.8148281e-01
   2.0204167e+03   1.0009474e+00   9.9111615e-01   9.8138091e-01
   2.0205000e+03   1.0009827e+00   9.9107443e-01   9.8126369e-01
   2.0205833e+03   1.0009692e+00   9.9098564e-01   9.8110111e-01
   2.0206667e+03   1.0009145e+00   9.9085706e-01   9.8090019e-01
   2.0207500e+03   1.0008669e+00   9.9073514e-01   9.8070545e-01
   2.0208333e+03   1.0008883e+00   9.9067926e-01   9.8057381e-01
   2.0209167e+03   1.0009396e+00   9.9065184e-01   9.8046922e-01
   2.0210000e+03   1.0009631e+00   9.9059744e-01   9.8033859e-01
   2.0210833e+03   1.0009483e+00   9.9050614e-01   9.8017238e-01
   2.0211667e+03   1.0009228e+00   9.9040441e-01   9.7999600e-01
   2.0212500e+03   1.0009227e+00   9.9032683e-01   9.7984254e-01
   2.0213333e+03   1.0009650e+00   9.9028962e-01   9.7972753e-01
   2.0214167e+03   1.0010161e+00   9.9026068e-01   9.7962023e-01
   2.0215000e+03   1.0010502e+00   9.9021521e-01   9.7949689e-01
   2.0215833e+03   1.0010343e+00   9.9012166e-01   9.7932735e-01
   2.0216667e+03   1.0009766e+00   9.8998779e-01   9.7911904e-01
   2.0217500e+03   1.0009260e+00   9.8986066e-01   9.7891700e-01
   2.0218333e+03   1.0009459e+00   9.8980070e-01   9.7877901e-01
   2.0219167e+03   1.0009975e+00   9.8977100e-01   9.7866976e-01
   2.0220000e+03   1.0010225e+00   9.8971550e-01   9.7853564e-01
   2.0220833e+03   1.0010099e+00   9.8962391e-01   9.7836682e-01
   2.0221667e+03   1.0009868e+00   9.8952207e-01   9.7818802e-01
   2.0222500e+03   1.0009887e+00   9.8944396e-01   9.7803171e-01
   2.0223333e+03   1.0010319e+00   9.8940508e-01   9.7791269e-01
   2.0224167e+03   1.0010826e+00   9.8937327e-01   9.7780022e-01
   2.0225000e+03   1.0011155e+00   9.8932413e-01   9.7767101e-01
   2.0225833e+03   1.0010972e+00   9.8922592e-01   9.7749475e-01
   2.0226667e+03   1.0010364e+00   9.8908685e-01   9.7727930e-01
   2.0227500e+03   1.0009829e+00   9.8895462e-01   9.7707021e-01
   2.0228333e+03   1.0010011e+00   9.8889068e-01   9.7692612e-01
   2.0229167e+03   1.0010530e+00   9.8885878e-01   9.7681242e-01
   2.0230000e+03   1.0010794e+00   9.8880228e-01   9.7667505e-01
   2.0230833e+03   1.0010690e+00   9.8871047e-01   9.7650383e-01
   2.0231667e+03   1.0010483e+00   9.8860862e-01   9.7632285e-01
   2.0232500e+03   1.0010521e+00   9.8853005e-01   9.7616388e-01
   2.0233333e+03   1.0010961e+00   9.8848960e-01   9.7604109e-01
   2.0234167e+03   1.0011465e+00   9.8845500e-01   9.7592370e-01
   2.0235000e+03   1.0011780e+00   9.8840229e-01   9.7578885e-01
   2.0235833e+03   1.0011573e+00   9.8829952e-01   9.7560611e-01
   2.0236667e+03   1.0010934e+00   9.8815535e-01   9.7538377e-01
   2.0237500e+03   1.0010369e+00   9.8801812e-01   9.7516788e-01
   2.0238333e+03   1.0010534e+00   9.8795029e-01   9.7501793e-01
   2.0239167e+03   1.0011055e+00   9.8791630e-01   9.7490003e-01
   2.0240000e+03   1.0011333e+00   9.8785887e-01   9.7475963e-01
   2.0240833e+03   1.0011251e+00   9.8776694e-01   9.7458622e-01
   2.0241667e+03   1.0011067e+00   9.8766516e-01   9.7440326e-01
   2.0242500e+03   1.0011125e+00   9.8758621e-01   9.7424187e-01
   2.0243333e+03   1.0011573e+00   9.8754427e-01   9.7411553e-01
   2.0244167e+03   1.0012072e+00   9.8750699e-01   9.7399345e-01
   2.0245000e+03   1.0012374e+00   9.8745081e-01   9.7385321e-01
   2.0245833e+03   1.0012142e+00   9.8734357e-01   9.7366425e-01
   2.0246667e+03   1.0011471e+00   9.8719439e-01   9.7343525e-01
   2.0247500e+03   1.0010876e+00   9.8705226e-01   9.7321281e-01
   2.0248333e+03   1.0011024e+00   9.8698063e-01   9.7305724e-01
   2.0249167e+03   1.0011547e+00   9.8694463e-01   9.7293537e-01
   2.0250000e+03   1.0011839e+00   9.8688637e-01   9.7279216e-01
   2.0250833e+03   1.0011778e+00   9.8679439e-01   9.7261678e-01
   2.0251667e+03   1.0011616e+00   9.8669273e-01   9.7243204e-01
   2.0252500e+03   1.0011692e+00   9.8661347e-01   9.7226843e-01
   2.0253333e+03   1.0012148e+00   9.8657014e-01   9.7213879e-01
   2.0254167e+03   1.0012642e+00   9.8653031e-01   9.7201234e-01
   2.0255000e+03   1.0012931e+00   9.8647087e-01   9.7186711e-01
   2.0255833e+03   1.0012675e+00   9.8635946e-01   9.7167241e-01
   2.0256667e+03   1.0011975e+00   9.8620566e-01   9.7143737e-01
   2.0257500e+03   1.0011351e+00   9.8605903e-01   9.7120902e-01
   2.0258333e+03   1.0011482e+00   9.8598398e-01   9.7104845e-01
   2.0259167e+03   1.0012007e+00   9.8594620e-01   9.7092313e-01
   2.0260000e+03   1.0012311e+00   9.8588724e-01   9.7077758e-01
   2.0260833e+03   1.0012269e+00   9.8579533e-01   9.7060066e-01
   2.0261667e+03   1.0012128e+00   9.8569393e-01   9.7041464e-01
   2.0262500e+03   1.0012220e+00   9.8561456e-01   9.7024940e-01
   2.0263333e+03   1.0012682e+00   9.8557015e-01   9.7011718e-01
   2.0264167e+03   1.0013172e+00   9.8552820e-01   9.6998719e-01
   2.0265000e+03   1.0013448e+00   9.8546595e-01   9.6983785e-01
   2.0265833e+03   1.0013169e+00   9.8535087e-01   9.6963837e-01
   2.0266667e+03   1.0012440e+00   9.8519295e-01   9.6939820e-01
   2.0267500e+03   1.0011788e+00   9.8504232e-01   9.6916487e-01
   2.0268333e+03   1.0011903e+00   9.8496429e-01   9.6900023e-01
   2.0269167e+03   1.0012429e+00   9.8492517e-01   9.6887235e-01
   2.0270000e+03   1.0012744e+00   9.8486595e-01   9.6872534e-01
   2.0270833e+03   1.0012720e+00   9.8477452e-01   9.6854776e-01
   2.0271667e+03   1.0012600e+00   9.8467379e-01   9.6836131e-01
   2.0272500e+03   1.0012708e+00   9.8459474e-01   9.6819530e-01
   2.0273333e+03   1.0013177e+00   9.8454968e-01   9.6806140e-01
   2.0274167e+03   1.0013661e+00   9.8450604e-01   9.6792876e-01
   2.0275000e+03   1.0013925e+00   9.8444142e-01   9.6777621e-01
   2.0275833e+03   1.0013622e+00   9.8432310e-01   9.6757280e-01
   2.0276667e+03   1.0012863e+00   9.8416147e-01   9.6732839e-01
   2.0277500e+03   1.0012183e+00   9.8400725e-01   9.6709095e-01
   2.0278333e+03   1.0012281e+00   9.8392668e-01   9.6692310e-01
   2.0279167e+03   1.0012808e+00   9.8388665e-01   9.6679355e-01
   2.0280000e+03   1.0013134e+00   9.8382759e-01   9.6664596e-01
   2.0280833e+03   1.0013129e+00   9.8373706e-01   9.6646857e-01
   2.0281667e+03   1.0013028e+00   9.8363743e-01   9.6628256e-01
   2.0282500e+03   1.0013153e+00   9.8355911e-01   9.6611665e-01
   2.0283333e+03   1.0013627e+00   9.8351384e-01   9.6598194e-01
   2.0284167e+03   1.0014106e+00   9.8346893e-01   9.6584754e-01
   2.0285000e+03   1.0014356e+00   9.8340237e-01   9.6569266e-01
   2.0285833e+03   1.0014030e+00   9.8328123e-01   9.6548620e-01
   2.0286667e+03   1.0013241e+00   9.8311631e-01   9.6523839e-01
   2.0287500e+03   1.0012532e+00   9.8295892e-01   9.6499769e-01
   2.0288333e+03   1.0012613e+00   9.8287623e-01   9.6482752e-01
   2.0289167e+03   1.0013140e+00   9.8283572e-01   9.6469719e-01
   2.0290000e+03   1.0013478e+00   9.8277725e-01   9.6454988e-01
   2.0290833e+03   1.0013490e+00   9.8268804e-01   9.6437354e-01
   2.0291667e+03   1.0013409e+00   9.8258992e-01   9.6418881e-01
   2.0292500e+03   1.0013549e+00   9.8251276e-01   9.6402387e-01
   2.0293333e+03   1.0014029e+00   9.8246770e-01   9.6388922e-01
   2.0294167e+03   1.0014502e+00   9.8242196e-01   9.6375394e-01
   2.0295000e+03   1.0014739e+00   9.8235388e-01   9.6359760e-01
   2.0295833e+03   1.0014389e+00   9.8223033e-01   9.6338894e-01
   2.0296667e+03   1.0013570e+00   9.8206254e-01   9.6313858e-01
   2.0297500e+03   1.0012831e+00   9.8190239e-01   9.6289546e-01
   2.0298333e+03   1.0012895e+00   9.8181800e-01   9.6272384e-01
   2.0299167e+03   1.0013422e+00   9.8177745e-01   9.6259359e-01
   2.0300000e+03   1.0013771e+00   9.8171999e-01   9.6244743e-01
   2.0300833e+03   1.0013801e+00   9.8163248e-01   9.6227297e-01
   2.0301667e+03   1.0013738e+00   9.8153624e-01   9.6209031e-01
   2.0302500e+03   1.0013893e+00   9.8146058e-01   9.6192709e-01
   2.0303333e+03   1.0014378e+00   9.8141609e-01   9.6179329e-01
   2.0304167e+03   1.0014845e+00   9.8136994e-01   9.6165795e-01
   2.0305000e+03   1.0015069e+00   9.8130081e-01   9.6150099e-01
   2.0305833e+03   1.0014697e+00   9.8117542e-01   9.6129104e-01
   2.0306667e+03   1.0013850e+00   9.8100537e-01   9.6103904e-01
   2.0307500e+03   1.0013086e+00   9.8084308e-01   9.6079441e-01
   2.0308333e+03   1.0013134e+00   9.8075748e-01   9.6062209e-01
   2.0309167e+03   1.0013662e+00   9.8071711e-01   9.6049241e-01
   2.0310000e+03   1.0014019e+00   9.8066069e-01   9.6034766e-01
   2.0310833e+03   1.0014063e+00   9.8057482e-01   9.6017518e-01
   2.0311667e+03   1.0014017e+00   9.8048033e-01   9.5999463e-01
   2.0312500e+03   1.0014184e+00   9.8040611e-01   9.5983321e-01
   2.0313333e+03   1.0014674e+00   9.8036224e-01   9.5970041e-01
   2.0314167e+03   1.0015136e+00   9.8031580e-01   9.5956521e-01
   2.0315000e+03   1.0015347e+00   9.8024578e-01   9.5940785e-01
   2.0315833e+03   1.0014954e+00   9.8011873e-01   9.5919684e-01
   2.0316667e+03   1.0014082e+00   9.7994659e-01   9.5894343e-01
   2.0317500e+03   1.0013293e+00   9.7978228e-01   9.5869744e-01
   2.0318333e+03   1.0013326e+00   9.7969553e-01   9.5852449e-01
   2.0319167e+03   1.0013853e+00   9.7965534e-01   9.5839542e-01
   2.0320000e+03   1.0014219e+00   9.7959998e-01   9.5825210e-01
   2.0320833e+03   1.0014278e+00   9.7951574e-01   9.5808163e-01
   2.0321667e+03   1.0014246e+00   9.7942301e-01   9.5790323e-01
   2.0322500e+03   1.0014427e+00   9.7935023e-01   9.5774362e-01
   2.0323333e+03   1.0014920e+00   9.7930698e-01   9.5761184e-01
   2.0324167e+03   1.0015376e+00   9.7926025e-01   9.5747683e-01
   2.0325000e+03   1.0015576e+00   9.7918935e-01   9.5731911e-01
   2.0325833e+03   1.0015161e+00   9.7906065e-01   9.5710706e-01
   2.0326667e+03   1.0014263e+00   9.7888643e-01   9.5685226e-01
   2.0327500e+03   1.0013449e+00   9.7872012e-01   9.5660495e-01
   2.0328333e+03   1.0013466e+00   9.7863221e-01   9.5643142e-01
   2.0329167e+03   1.0013993e+00   9.7859222e-01   9.5630298e-01
   2.0330000e+03   1.0014367e+00   9.7853792e-01   9.5616112e-01
   2.0330833e+03   1.0014440e+00   9.7845531e-01   9.5599269e-01
   2.0331667e+03   1.0014424e+00   9.7836435e-01   9.5581645e-01
   2.0332500e+03   1.0014617e+00   9.7829301e-01   9.5565869e-01
   2.0333333e+03   1.0015114e+00   9.7825038e-01   9.5552796e-01
   2.0334167e+03   1.0015565e+00   9.7820338e-01   9.5539316e-01
   2.0335000e+03   1.0015752e+00   9.7813160e-01   9.5523510e-01
   2.0335833e+03   1.0015316e+00   9.7800125e-01   9.5502206e-01
   2.0336667e+03   1.0014391e+00   9.7782496e-01   9.5476592e-01
   2.0337500e+03   1.0013551e+00   9.7765665e-01   9.5451732e-01
   2.0338333e+03   1.0013554e+00   9.7756760e-01   9.5434323e-01
   2.0339167e+03   1.0014079e+00   9.7752781e-01   9.5421546e-01
   2.0340000e+03   1.0014461e+00   9.7747456e-01   9.5407508e-01
   2.0340833e+03   1.0014548e+00   9.7739359e-01   9.5390871e-01
   2.0341667e+03   1.0014548e+00   9.7730440e-01   9.5373466e-01
   2.0342500e+03   1.0014752e+00   9.7723451e-01   9.5357878e-01
   2.0343333e+03   1.0015253e+00   9.7719250e-01   9.5344913e-01
   2.0344167e+03   1.0015698e+00   9.7714523e-01   9.5331456e-01
   2.0345000e+03   1.0015872e+00   9.7707258e-01   9.5315621e-01
   2.0345833e+03   1.0015415e+00   9.7694059e-01   9.5294221e-01
   2.0346667e+03   1.0014464e+00   9.7676224e-01   9.5268475e-01
   2.0347500e+03   1.0013598e+00   9.7659193e-01   9.5243489e-01
   2.0348333e+03   1.0013584e+00   9.7650174e-01   9.5226029e-01
   2.0349167e+03   1.0014109e+00   9.7646216e-01   9.5213321e-01
   2.0350000e+03   1.0014499e+00   9.7640997e-01   9.5199434e-01
   2.0350833e+03   1.0014600e+00   9.7633064e-01   9.5183005e-01
   2.0351667e+03   1.0014614e+00   9.7624322e-01   9.5165822e-01
   2.0352500e+03   1.0014831e+00   9.7617478e-01   9.5150424e-01
   2.0353333e+03   1.0015335e+00   9.7613341e-01   9.5137569e-01
   2.0354167e+03   1.0015773e+00   9.7608587e-01   9.5124140e-01
   2.0355000e+03   1.0015934e+00   9.7601236e-01   9.5108279e-01
   2.0355833e+03   1.0015455e+00   9.7587873e-01   9.5086785e-01
   2.0356667e+03   1.0014477e+00   9.7569832e-01   9.5060911e-01
   2.0357500e+03   1.0013586e+00   9.7552603e-01   9.5035803e-01
   2.0358333e+03   1.0013556e+00   9.7543471e-01   9.5018294e-01
   2.0359167e+03   1.0014079e+00   9.7539534e-01   9.5005658e-01
   2.0360000e+03   1.0014477e+00   9.7534422e-01   9.4991926e-01
   2.0360833e+03   1.0014591e+00   9.7526653e-01   9.4975708e-01
   2.0361667e+03   1.0014621e+00   9.7518089e-01   9.4958749e-01
   2.0362500e+03   1.0014848e+00   9.7511390e-01   9.4943543e-01
   2.0363333e+03   1.0015356e+00   9.7507317e-01   9.4930802e-01
   2.0364167e+03   1.0015787e+00   9.7502537e-01   9.4917402e-01
   2.0365000e+03   1.0015936e+00   9.7495099e-01   9.4901518e-01
   2.0365833e+03   1.0015435e+00   9.7481574e-01   9.4879935e-01
   2.0366667e+03   1.0014430e+00   9.7463328e-01   9.4853935e-01
   2.0367500e+03   1.0013512e+00   9.7445900e-01   9.4828708e-01
   2.0368333e+03   1.0013466e+00   9.7436656e-01   9.4811153e-01
   2.0369167e+03   1.0013987e+00   9.7432740e-01   9.4798593e-01
   2.0370000e+03   1.0014393e+00   9.7427736e-01   9.4785018e-01
   2.0370833e+03   1.0014520e+00   9.7420132e-01   9.4769013e-01
   2.0371667e+03   1.0014564e+00   9.7411745e-01   9.4752280e-01
   2.0372500e+03   1.0014804e+00   9.7405192e-01   9.4737269e-01
   2.0373333e+03   1.0015314e+00   9.7401183e-01   9.4724644e-01
   2.0374167e+03   1.0015739e+00   9.7396378e-01   9.4711278e-01
   2.0375000e+03   1.0015873e+00   9.7388855e-01   9.4695373e-01
   2.0375833e+03   1.0015350e+00   9.7375167e-01   9.4673704e-01
   2.0376667e+03   1.0014318e+00   9.7356717e-01   9.4647582e-01
   2.0377500e+03   1.0013373e+00   9.7339091e-01   9.4622240e-01
   2.0378333e+03   1.0013311e+00   9.7329735e-01   9.4604642e-01
   2.0379167e+03   1.0013831e+00   9.7325841e-01   9.4592160e-01
   2.0380000e+03   1.0014243e+00   9.7320944e-01   9.4578744e-01
   2.0380833e+03   1.0014384e+00   9.7313505e-01   9.4562955e-01
   2.0381667e+03   1.0014442e+00   9.7305297e-01   9.4546451e-01
   2.0382500e+03   1.0014693e+00   9.7298890e-01   9.4531637e-01
   2.0383333e+03   1.0015206e+00   9.7294946e-01   9.4519131e-01
   2.0384167e+03   1.0015624e+00   9.7290115e-01   9.4505802e-01
   2.0385000e+03   1.0015745e+00   9.7282508e-01   9.4489880e-01
   2.0385833e+03   1.0015199e+00   9.7268659e-01   9.4468127e-01
   2.0386667e+03   1.0014139e+00   9.7250004e-01   9.4441886e-01
   2.0387500e+03   1.0013168e+00   9.7232182e-01   9.4416431e-01
   2.0388333e+03   1.0013089e+00   9.7222715e-01   9.4398794e-01
   2.0389167e+03   1.0013606e+00   9.7218843e-01   9.4386393e-01
   2.0390000e+03   1.0014026e+00   9.7214054e-01   9.4373139e-01
   2.0390833e+03   1.0014180e+00   9.7206781e-01   9.4357568e-01
   2.0391667e+03   1.0014252e+00   9.7198751e-01   9.4341295e-01
   2.0392500e+03   1.0014514e+00   9.7192490e-01   9.4326681e-01
   2.0393333e+03   1.0015029e+00   9.7188611e-01   9.4314298e-01
   2.0394167e+03   1.0015440e+00   9.7183756e-01   9.4301007e-01
   2.0395000e+03   1.0015547e+00   9.7176064e-01   9.4285071e-01
   2.0395833e+03   1.0014978e+00   9.7162055e-01   9.4263238e-01
   2.0396667e+03   1.0013891e+00   9.7143197e-01   9.4236882e-01
   2.0397500e+03   1.0012893e+00   9.7125178e-01   9.4211317e-01
   2.0398333e+03   1.0012796e+00   9.7115601e-01   9.4193643e-01
   2.0399167e+03   1.0013312e+00   9.7111752e-01   9.4181326e-01
   2.0400000e+03   1.0013738e+00   9.7107071e-01   9.4168237e-01
   2.0400833e+03   1.0013905e+00   9.7099963e-01   9.4152886e-01
   2.0401667e+03   1.0013991e+00   9.7092112e-01   9.4136847e-01
   2.0402500e+03   1.0014263e+00   9.7085998e-01   9.4122435e-01
   2.0403333e+03   1.0014781e+00   9.7082185e-01   9.4110176e-01
   2.0404167e+03   1.0015184e+00   9.7077306e-01   9.4096928e-01
   2.0405000e+03   1.0015277e+00   9.7069530e-01   9.4080981e-01
   2.0405833e+03   1.0014685e+00   9.7055360e-01   9.4059070e-01
   2.0406667e+03   1.0013570e+00   9.7036300e-01   9.4032602e-01
   2.0407500e+03   1.0012545e+00   9.7018086e-01   9.4006931e-01
   2.0408333e+03   1.0012431e+00   9.7008398e-01   9.3989224e-01
   2.0409167e+03   1.0012944e+00   9.7004573e-01   9.3976993e-01
   2.0410000e+03   1.0013377e+00   9.7000001e-01   9.3964071e-01
   2.0410833e+03   1.0013556e+00   9.6993059e-01   9.3948943e-01
   2.0411667e+03   1.0013656e+00   9.6985387e-01   9.3933140e-01
   2.0412500e+03   1.0013939e+00   9.6979420e-01   9.3918933e-01
   2.0413333e+03   1.0014458e+00   9.6975672e-01   9.3906801e-01
   2.0414167e+03   1.0014854e+00   9.6970770e-01   9.3893598e-01
   2.0415000e+03   1.0014932e+00   9.6962911e-01   9.3877642e-01
   2.0415833e+03   1.0014318e+00   9.6948582e-01   9.3855658e-01
   2.0416667e+03   1.0013174e+00   9.6929319e-01   9.3829080e-01
   2.0417500e+03   1.0012121e+00   9.6910910e-01   9.3803305e-01
   2.0418333e+03   1.0011990e+00   9.6901112e-01   9.3785567e-01
   2.0419167e+03   1.0012501e+00   9.6897311e-01   9.3773427e-01
   2.0420000e+03   1.0012940e+00   9.6892849e-01   9.3760675e-01
   2.0420833e+03   1.0013131e+00   9.6886073e-01   9.3745772e-01
   2.0421667e+03   1.0013245e+00   9.6878580e-01   9.3730206e-01
   2.0422500e+03   1.0013537e+00   9.6872761e-01   9.3716206e-01
   2.0423333e+03   1.0014059e+00   9.6869079e-01   9.3704204e-01
   2.0424167e+03   1.0014446e+00   9.6864154e-01   9.3691049e-01
   2.0425000e+03   1.0014510e+00   9.6856213e-01   9.3675088e-01
   2.0425833e+03   1.0013872e+00   9.6841725e-01   9.3653033e-01
   2.0426667e+03   1.0012700e+00   9.6822260e-01   9.3626348e-01
   2.0427500e+03   1.0011619e+00   9.6803656e-01   9.3600472e-01
   2.0428333e+03   1.0011471e+00   9.6793750e-01   9.3582708e-01
   2.0429167e+03   1.0011978e+00   9.6789973e-01   9.3570659e-01
   2.0430000e+03   1.0012424e+00   9.6785620e-01   9.3558079e-01
   2.0430833e+03   1.0012627e+00   9.6779011e-01   9.3543404e-01
   2.0431667e+03   1.0012754e+00   9.6771698e-01   9.3528079e-01
   2.0432500e+03   1.0013057e+00   9.6766027e-01   9.3514288e-01
   2.0433333e+03   1.0013580e+00   9.6762412e-01   9.3502419e-01
   2.0434167e+03   1.0013959e+00   9.6757465e-01   9.3489314e-01
   2.0435000e+03   1.0014008e+00   9.6749442e-01   9.3473352e-01
   2.0435833e+03   1.0013346e+00   9.6734794e-01   9.3451228e-01
   2.0436667e+03   1.0012145e+00   9.6715129e-01   9.3424439e-01
   2.0437500e+03   1.0011037e+00   9.6696331e-01   9.3398466e-01
   2.0438333e+03   1.0010870e+00   9.6686316e-01   9.3380676e-01
   2.0439167e+03   1.0011375e+00   9.6682565e-01   9.3368723e-01
   2.0440000e+03   1.0011826e+00   9.6678321e-01   9.3356318e-01
   2.0440833e+03   1.0012041e+00   9.6671879e-01   9.3341872e-01
   2.0441667e+03   1.0012181e+00   9.6664746e-01   9.3326790e-01
   2.0442500e+03   1.0012494e+00   9.6659223e-01   9.3313211e-01
   2.0443333e+03   1.0013018e+00   9.6655675e-01   9.3301477e-01
   2.0444167e+03   1.0013389e+00   9.6650706e-01   9.3288426e-01
   2.0445000e+03   1.0013423e+00   9.6642601e-01   9.3272464e-01
   2.0445833e+03   1.0012737e+00   9.6627796e-01   9.3250274e-01
   2.0446667e+03   1.0011507e+00   9.6607930e-01   9.3223385e-01
   2.0447500e+03   1.0010371e+00   9.6588939e-01   9.3197317e-01
   2.0448333e+03   1.0010185e+00   9.6578816e-01   9.3179506e-01
   2.0449167e+03   1.0010687e+00   9.6575090e-01   9.3167650e-01
   2.0450000e+03   1.0011144e+00   9.6570957e-01   9.3155422e-01
   2.0450833e+03   1.0011370e+00   9.6564682e-01   9.3141209e-01
   2.0451667e+03   1.0011523e+00   9.6557729e-01   9.3126371e-01
   2.0452500e+03   1.0011845e+00   9.6552354e-01   9.3113007e-01
   2.0453333e+03   1.0012371e+00   9.6548875e-01   9.3101410e-01
   2.0454167e+03   1.0012733e+00   9.6543884e-01   9.3088416e-01
   2.0455000e+03   1.0012752e+00   9.6535699e-01   9.3072457e-01
   2.0455833e+03   1.0012042e+00   9.6520736e-01   9.3050205e-01
   2.0456667e+03   1.0010783e+00   9.6500670e-01   9.3023217e-01
   2.0457500e+03   1.0009618e+00   9.6481486e-01   9.2997057e-01
   2.0458333e+03   1.0009414e+00   9.6471256e-01   9.2979227e-01
   2.0459167e+03   1.0009912e+00   9.6467555e-01   9.2967472e-01
   2.0460000e+03   1.0010374e+00   9.6463533e-01   9.2955424e-01
   2.0460833e+03   1.0010612e+00   9.6457426e-01   9.2941445e-01
   2.0461667e+03   1.0010778e+00   9.6450653e-01   9.2926854e-01
   2.0462500e+03   1.0011109e+00   9.6445427e-01   9.2913706e-01
   2.0463333e+03   1.0011636e+00   9.6442015e-01   9.2902250e-01
   2.0464167e+03   1.0011989e+00   9.6437004e-01   9.2889314e-01
   2.0465000e+03   1.0011992e+00   9.6428738e-01   9.2873362e-01
   2.0465833e+03   1.0011258e+00   9.6413618e-01   9.2851050e-01
   2.0466667e+03   1.0009969e+00   9.6393353e-01   9.2823967e-01
   2.0467500e+03   1.0008776e+00   9.6373976e-01   9.2797718e-01
   2.0468333e+03   1.0008553e+00   9.6363640e-01   9.2779872e-01
   2.0469167e+03   1.0009047e+00   9.6359965e-01   9.2768220e-01
   2.0470000e+03   1.0009515e+00   9.6356054e-01   9.2756354e-01
   2.0470833e+03   1.0009764e+00   9.6350115e-01   9.2742611e-01
   2.0471667e+03   1.0009942e+00   9.6343523e-01   9.2728269e-01
   2.0472500e+03   1.0010283e+00   9.6338446e-01   9.2715340e-01
   2.0473333e+03   1.0010810e+00   9.6335103e-01   9.2704028e-01
   2.0474167e+03   1.0011154e+00   9.6330071e-01   9.2691153e-01
   2.0475000e+03   1.0011141e+00   9.6321725e-01   9.2675210e-01
   2.0475833e+03   1.0010382e+00   9.6306449e-01   9.2652841e-01
   2.0476667e+03   1.0009064e+00   9.6285985e-01   9.2625665e-01
   2.0477500e+03   1.0007842e+00   9.6266416e-01   9.2599329e-01
   2.0478333e+03   1.0007601e+00   9.6255973e-01   9.2581470e-01
   2.0479167e+03   1.0008090e+00   9.6252326e-01   9.2569924e-01
   2.0480000e+03   1.0008563e+00   9.6248526e-01   9.2558242e-01
   2.0480833e+03   1.0008823e+00   9.6242755e-01   9.2544738e-01
   2.0481667e+03   1.0009013e+00   9.6236344e-01   9.2530648e-01
   2.0482500e+03   1.0009363e+00   9.6231416e-01   9.2517940e-01
   2.0483333e+03   1.0009890e+00   9.6228142e-01   9.2506773e-01
   2.0484167e+03   1.0010225e+00   9.6223090e-01   9.2493963e-01
   2.0485000e+03   1.0010196e+00   9.6214665e-01   9.2478031e-01
   2.0485833e+03   1.0009412e+00   9.6199233e-01   9.2455608e-01
   2.0486667e+03   1.0008064e+00   9.6178570e-01   9.2428342e-01
   2.0487500e+03   1.0006813e+00   9.6158810e-01   9.2401923e-01
   2.0488333e+03   1.0006553e+00   9.6148262e-01   9.2384053e-01
   2.0489167e+03   1.0007038e+00   9.6144641e-01   9.2372614e-01
   2.0490000e+03   1.0007515e+00   9.6140953e-01   9.2361120e-01
   2.0490833e+03   1.0007786e+00   9.6135350e-01   9.2347857e-01
   2.0491667e+03   1.0007989e+00   9.6129121e-01   9.2334020e-01
   2.0492500e+03   1.0008347e+00   9.6124343e-01   9.2321536e-01
   2.0493333e+03   1.0008874e+00   9.6121138e-01   9.2310517e-01
   2.0494167e+03   1.0009200e+00   9.6116067e-01   9.2297774e-01
   2.0495000e+03   1.0009155e+00   9.6107563e-01   9.2281857e-01
   2.0495833e+03   1.0008345e+00   9.6091975e-01   9.2259381e-01
   2.0496667e+03   1.0006967e+00   9.6071114e-01   9.2232028e-01
   2.0497500e+03   1.0005686e+00   9.6051164e-01   9.2205527e-01
   2.0498333e+03   1.0005407e+00   9.6040509e-01   9.2187649e-01
   2.0499167e+03   1.0005888e+00   9.6036917e-01   9.2176322e-01
   2.0500000e+03   1.0006370e+00   9.6033341e-01   9.2165017e-01
   2.0500833e+03   1.0006650e+00   9.6027902e-01   9.2151993e-01
   2.0501667e+03   1.0006863e+00   9.6021844e-01   9.2138402e-01
   2.0502500e+03   1.0007229e+00   9.6017205e-01   9.2126133e-01
   2.0503333e+03   1.0007756e+00   9.6014070e-01   9.2115263e-01
   2.0504167e+03   1.0008074e+00   9.6009000e-01   9.2102609e-01
   2.0505000e+03   1.0008017e+00   9.6000460e-01   9.2086747e-01
   2.0505833e+03   1.0007191e+00   9.5984794e-01   9.2064293e-01
   2.0506667e+03   1.0005794e+00   9.5963841e-01   9.2036951e-01
   2.0507500e+03   1.0004497e+00   9.5943815e-01   9.2010476e-01
   2.0508333e+03   1.0004207e+00   9.5933140e-01   9.1992668e-01
   2.0509167e+03   1.0004685e+00   9.5929595e-01   9.1981470e-01
   2.0510000e+03   1.0005169e+00   9.5926106e-01   9.1970329e-01
   2.0510833e+03   1.0005454e+00   9.5920779e-01   9.1957494e-01
   2.0511667e+03   1.0005672e+00   9.5914838e-01   9.1944097e-01
   2.0512500e+03   1.0006042e+00   9.5910302e-01   9.1932007e-01
   2.0513333e+03   1.0006569e+00   9.5907233e-01   9.1921282e-01
   2.0514167e+03   1.0006882e+00   9.5902192e-01   9.1908738e-01
   2.0515000e+03   1.0006818e+00   9.5893656e-01   9.1892965e-01
   2.0515833e+03   1.0005981e+00   9.5877964e-01   9.1870577e-01
   2.0516667e+03   1.0004571e+00   9.5856969e-01   9.1843289e-01
   2.0517500e+03   1.0003260e+00   9.5836903e-01   9.1816869e-01
   2.0518333e+03   1.0002962e+00   9.5826220e-01   9.1799139e-01
   2.0519167e+03   1.0003438e+00   9.5822721e-01   9.1788065e-01
   2.0520000e+03   1.0003924e+00   9.5819314e-01   9.1777081e-01
   2.0520833e+03   1.0004213e+00   9.5814096e-01   9.1764428e-01
   2.0521667e+03   1.0004437e+00   9.5808268e-01   9.1751217e-01
   2.0522500e+03   1.0004810e+00   9.5803831e-01   9.1739299e-01
   2.0523333e+03   1.0005336e+00   9.5800825e-01   9.1728711e-01
   2.0524167e+03   1.0005646e+00   9.5795808e-01   9.1716269e-01
   2.0525000e+03   1.0005574e+00   9.5787273e-01   9.1700579e-01
   2.0525833e+03   1.0004726e+00   9.5771551e-01   9.1678249e-01
   2.0526667e+03   1.0003303e+00   9.5750510e-01   9.1651009e-01
   2.0527500e+03   1.0001979e+00   9.5730400e-01   9.1624637e-01
   2.0528333e+03   1.0001672e+00   9.5719705e-01   9.1606979e-01
   2.0529167e+03   1.0002146e+00   9.5716249e-01   9.1596021e-01
   2.0530000e+03   1.0002634e+00   9.5712921e-01   9.1585187e-01
   2.0530833e+03   1.0002928e+00   9.5707806e-01   9.1572707e-01
   2.0531667e+03   1.0003156e+00   9.5702088e-01   9.1559676e-01
   2.0532500e+03   1.0003532e+00   9.5697746e-01   9.1547921e-01
   2.0533333e+03   1.0004059e+00   9.5694798e-01   9.1537463e-01
   2.0534167e+03   1.0004364e+00   9.5689803e-01   9.1525117e-01
   2.0535000e+03   1.0004285e+00   9.5681264e-01   9.1509502e-01
   2.0535833e+03   1.0003426e+00   9.5665509e-01   9.1487224e-01
   2.0536667e+03   1.0001989e+00   9.5644418e-01   9.1460024e-01
   2.0537500e+03   1.0000653e+00   9.5624261e-01   9.1433694e-01
   2.0538333e+03   1.0000337e+00   9.5613552e-01   9.1416101e-01
   2.0539167e+03   1.0000809e+00   9.5610134e-01   9.1405252e-01
   2.0540000e+03   1.0001298e+00   9.5606881e-01   9.1394560e-01
   2.0540833e+03   1.0001597e+00   9.5601866e-01   9.1382246e-01
   2.0541667e+03   1.0001830e+00   9.5596254e-01   9.1369386e-01
   2.0542500e+03   1.0002210e+00   9.5592002e-01   9.1357789e-01
   2.0543333e+03   1.0002736e+00   9.5589110e-01   9.1347452e-01
   2.0544167e+03   1.0003037e+00   9.5584132e-01   9.1335195e-01
   2.0545000e+03   1.0002950e+00   9.5575586e-01   9.1319648e-01
   2.0545833e+03   1.0002080e+00   9.5559793e-01   9.1297416e-01
   2.0546667e+03   1.0000630e+00   9.5538650e-01   9.1270249e-01
   2.0547500e+03   9.9992809e-01   9.5518442e-01   9.1243954e-01
   2.0548333e+03   9.9989564e-01   9.5507714e-01   9.1226419e-01
   2.0549167e+03   9.9994261e-01   9.5504331e-01   9.1215671e-01
   2.0550000e+03   9.9999170e-01   9.5501149e-01   9.1205114e-01
   2.0550833e+03   1.0000220e+00   9.5496230e-01   9.1192960e-01
   2.0551667e+03   1.0000458e+00   9.5490720e-01   9.1180264e-01
   2.0552500e+03   1.0000841e+00   9.5486555e-01   9.1168816e-01
   2.0553333e+03   1.0001367e+00   9.5483714e-01   9.1158594e-01
   2.0554167e+03   1.0001663e+00   9.5478749e-01   9.1146419e-01
   2.0555000e+03   1.0001570e+00   9.5470192e-01   9.1130933e-01
   2.0555833e+03   1.0000688e+00   9.5454359e-01   9.1108739e-01
   2.0556667e+03   9.9992248e-01   9.5433159e-01   9.1081599e-01
   2.0557500e+03   9.9978625e-01   9.5412898e-01   9.1055332e-01
   2.0558333e+03   9.9975293e-01   9.5402147e-01   9.1037848e-01
   2.0559167e+03   9.9979966e-01   9.5398795e-01   9.1027195e-01
   2.0560000e+03   9.9984892e-01   9.5395680e-01   9.1016766e-01
   2.0560833e+03   9.9987961e-01   9.5390854e-01   9.1004763e-01
   2.0561667e+03   9.9990391e-01   9.5385441e-01   9.0992224e-01
   2.0562500e+03   9.9994257e-01   9.5381359e-01   9.0980918e-01
   2.0563333e+03   9.9999515e-01   9.5378566e-01   9.0970804e-01
   2.0564167e+03   1.0000243e+00   9.5373611e-01   9.0958703e-01
   2.0565000e+03   1.0000142e+00   9.5365039e-01   9.0943271e-01
   2.0565833e+03   9.9992491e-01   9.5349162e-01   9.0921109e-01
   2.0566667e+03   9.9977725e-01   9.5327903e-01   9.0893990e-01
   2.0567500e+03   9.9963972e-01   9.5307583e-01   9.0867745e-01
   2.0568333e+03   9.9960552e-01   9.5296806e-01   9.0850304e-01
   2.0569167e+03   9.9965202e-01   9.5293482e-01   9.0839739e-01
   2.0570000e+03   9.9970144e-01   9.5290430e-01   9.0829430e-01
   2.0570833e+03   9.9973255e-01   9.5285692e-01   9.0817571e-01
   2.0571667e+03   9.9975733e-01   9.5280374e-01   9.0805182e-01
   2.0572500e+03   9.9979633e-01   9.5276371e-01   9.0794011e-01
   2.0573333e+03   9.9984887e-01   9.5273621e-01   9.0783998e-01
   2.0574167e+03   9.9987753e-01   9.5268672e-01   9.0771963e-01
   2.0575000e+03   9.9986669e-01   9.5260082e-01   9.0756579e-01
   2.0575833e+03   9.9977629e-01   9.5244158e-01   9.0734442e-01
   2.0576667e+03   9.9962730e-01   9.5222835e-01   9.0707337e-01
   2.0577500e+03   9.9948846e-01   9.5202455e-01   9.0681107e-01
   2.0578333e+03   9.9945338e-01   9.5191648e-01   9.0663704e-01
   2.0579167e+03   9.9949964e-01   9.5188347e-01   9.0653219e-01
   2.0580000e+03   9.9954922e-01   9.5185355e-01   9.0643023e-01
   2.0580833e+03   9.9958074e-01   9.5180702e-01   9.0631302e-01
   2.0581667e+03   9.9960600e-01   9.5175473e-01   9.0619055e-01
   2.0582500e+03   9.9964533e-01   9.5171546e-01   9.0608012e-01
   2.0583333e+03   9.9969782e-01   9.5168836e-01   9.0598092e-01
   2.0584167e+03   9.9972602e-01   9.5163889e-01   9.0586118e-01
   2.0585000e+03   9.9971442e-01   9.5155277e-01   9.0570775e-01
   2.0585833e+03   9.9962289e-01   9.5139302e-01   9.0548656e-01
   2.0586667e+03   9.9947256e-01   9.5117912e-01   9.0521559e-01
   2.0587500e+03   9.9933241e-01   9.5097468e-01   9.0495338e-01
   2.0588333e+03   9.9929645e-01   9.5086628e-01   9.0477965e-01
   2.0589167e+03   9.9934246e-01   9.5083347e-01   9.0467553e-01
   2.0590000e+03   9.9939219e-01   9.5080410e-01   9.0457464e-01
   2.0590833e+03   9.9942413e-01   9.5075838e-01   9.0445872e-01
   2.0591667e+03   9.9944985e-01   9.5070695e-01   9.0433761e-01
   2.0592500e+03   9.9948951e-01   9.5066840e-01   9.0422838e-01
   2.0593333e+03   9.9954196e-01   9.5064165e-01   9.0413005e-01
   2.0594167e+03   9.9956969e-01   9.5059217e-01   9.0401085e-01
   2.0595000e+03   9.9955733e-01   9.5050580e-01   9.0385775e-01
   2.0595833e+03   9.9946466e-01   9.5034550e-01   9.0363668e-01
   2.0596667e+03   9.9931298e-01   9.5013091e-01   9.0336572e-01
   2.0597500e+03   9.9917153e-01   9.4992579e-01   9.0310354e-01
   2.0598333e+03   9.9913467e-01   9.4981702e-01   9.0293005e-01
   2.0599167e+03   9.9918044e-01   9.4978437e-01   9.0282660e-01
   2.0600000e+03   9.9923032e-01   9.4975552e-01   9.0272669e-01
   2.0600833e+03   9.9926267e-01   9.4971056e-01   9.0261201e-01
   2.0601667e+03   9.9928886e-01   9.4965997e-01   9.0249218e-01
   2.0602500e+03   9.9932884e-01   9.4962209e-01   9.0238408e-01
   2.0603333e+03   9.9938123e-01   9.4959567e-01   9.0228655e-01
   2.0604167e+03   9.9940848e-01   9.4954613e-01   9.0216781e-01
   2.0605000e+03   9.9939537e-01   9.4945947e-01   9.0201498e-01
   2.0605833e+03   9.9930156e-01   9.4929860e-01   9.0179397e-01
   2.0606667e+03   9.9914853e-01   9.4908327e-01   9.0152297e-01
   2.0607500e+03   9.9900576e-01   9.4887743e-01   9.0126074e-01
   2.0608333e+03   9.9896801e-01   9.4876827e-01   9.0108742e-01
   2.0609167e+03   9.9901352e-01   9.4873573e-01   9.0098457e-01
   2.0610000e+03   9.9906354e-01   9.4870737e-01   9.0088558e-01
   2.0610833e+03   9.9909629e-01   9.4866314e-01   9.0077206e-01
   2.0611667e+03   9.9912295e-01   9.4861333e-01   9.0065344e-01
   2.0612500e+03   9.9916325e-01   9.4857610e-01   9.0054641e-01
   2.0613333e+03   9.9921558e-01   9.4854996e-01   9.0044961e-01
   2.0614167e+03   9.9924235e-01   9.4850033e-01   9.0033126e-01
   2.0615000e+03   9.9922847e-01   9.4841335e-01   9.0017864e-01
   2.0615833e+03   9.9913352e-01   9.4825186e-01   8.9995762e-01
   2.0616667e+03   6.9928540e-01   6.6362504e-01   6.2978055e-01
   2.0617500e+03   6.9918454e-01   6.6348043e-01   6.2959693e-01
   2.0618333e+03   6.9915748e-01   6.6340371e-01   6.2947568e-01
   2.0619167e+03   6.9918916e-01   6.6338099e-01   6.2940405e-01
   2.0620000e+03   6.9922427e-01   6.6336145e-01   6.2933536e-01
   2.0620833e+03   6.9924748e-01   6.6333098e-01   6.2925665e-01
   2.0621667e+03   6.9926646e-01   6.6329663e-01   6.2917442e-01
   2.0622500e+03   6.9929488e-01   6.6327099e-01   6.2910020e-01
   2.0623333e+03   6.9933147e-01   6.6325286e-01   6.2903289e-01
   2.0624167e+03   6.9934988e-01   6.6321804e-01   6.2895028e-01
   2.0625000e+03   6.9933962e-01   6.6315690e-01   6.2884354e-01
   2.0625833e+03   6.9927235e-01   6.6304340e-01   6.2868878e-01
   2.0626667e+03   6.9916334e-01   6.6289158e-01   6.2849888e-01
   2.0627500e+03   6.9906155e-01   6.6274643e-01   6.2831514e-01
   2.0628333e+03   6.9903386e-01   6.6266938e-01   6.2819392e-01
   2.0629167e+03   6.9906536e-01   6.6264669e-01   6.2812262e-01
   2.0630000e+03   6.9910056e-01   6.6262743e-01   6.2805447e-01
   2.0630833e+03   6.9912405e-01   6.6259742e-01   6.2797648e-01
   2.0631667e+03   6.9914334e-01   6.6256358e-01   6.2789500e-01
   2.0632500e+03   6.9917199e-01   6.6253833e-01   6.2782142e-01
   2.0633333e+03   6.9920853e-01   6.6252035e-01   6.2775452e-01
   2.0634167e+03   6.9922659e-01   6.6248541e-01   6.2767210e-01
   2.0635000e+03   6.9921579e-01   6.6242399e-01   6.2756541e-01
   2.0635833e+03   6.9914772e-01   6.6231002e-01   6.2741056e-01
   2.0636667e+03   6.9903775e-01   6.6215761e-01   6.2722050e-01
   2.0637500e+03   6.9893503e-01   6.6201190e-01   6.2703660e-01
   2.0638333e+03   6.9890672e-01   6.6193449e-01   6.2691537e-01
   2.0639167e+03   6.9893802e-01   6.6191181e-01   6.2684434e-01
   2.0640000e+03   6.9897332e-01   6.6189281e-01   6.2677669e-01
   2.0640833e+03   6.9899707e-01   6.6186323e-01   6.2669937e-01
   2.0641667e+03   6.9901668e-01   6.6182986e-01   6.2661858e-01
   2.0642500e+03   6.9904554e-01   6.6180498e-01   6.2654561e-01
   2.0643333e+03   6.9908203e-01   6.6178712e-01   6.2647908e-01
   2.0644167e+03   6.9909975e-01   6.6175204e-01   6.2639679e-01
   2.0645000e+03   6.9908841e-01   6.6169032e-01   6.2629011e-01
   2.0645833e+03   6.9901953e-01   6.6157585e-01   6.2613512e-01
   2.0646667e+03   6.9890860e-01   6.6142284e-01   6.2594486e-01
   2.0647500e+03   6.9880496e-01   6.6127653e-01   6.2576077e-01
   2.0648333e+03   6.9877600e-01   6.6119874e-01   6.2563947e-01
   2.0649167e+03   6.9880712e-01   6.6117605e-01   6.2556867e-01
   2.0650000e+03   6.9884250e-01   6.6115728e-01   6.2550147e-01
   2.0650833e+03   6.9886653e-01   6.6112810e-01   6.2542476e-01
   2.0651667e+03   6.9888645e-01   6.6109518e-01   6.2534464e-01
   2.0652500e+03   6.9891552e-01   6.6107064e-01   6.2527221e-01
   2.0653333e+03   6.9895196e-01   6.6105287e-01   6.2520600e-01
   2.0654167e+03   6.9896932e-01   6.6101763e-01   6.2512380e-01
   2.0655000e+03   6.9895743e-01   6.6095559e-01   6.2501709e-01
   2.0655833e+03   6.9888774e-01   6.6084059e-01   6.2486192e-01
   2.0656667e+03   6.9877586e-01   6.6068696e-01   6.2467141e-01
   2.0657500e+03   6.9867128e-01   6.6054004e-01   6.2448708e-01
   2.0658333e+03   6.9864169e-01   6.6046185e-01   6.2436568e-01
   2.0659167e+03   6.9867261e-01   6.6043911e-01   6.2429506e-01
   2.0660000e+03   6.9870807e-01   6.6042054e-01   6.2422826e-01
   2.0660833e+03   6.9873237e-01   6.6039175e-01   6.2415213e-01
   2.0661667e+03   6.9875260e-01   6.6035924e-01   6.2407261e-01
   2.0662500e+03   6.9878188e-01   6.6033502e-01   6.2400069e-01
   2.0663333e+03   6.9881826e-01   6.6031732e-01   6.2393474e-01
   2.0664167e+03   6.9883528e-01   6.6028189e-01   6.2385260e-01
   2.0665000e+03   6.9882283e-01   6.6021949e-01   6.2374580e-01
   2.0665833e+03   6.9875233e-01   6.6010395e-01   6.2359041e-01
   2.0666667e+03   6.9863949e-01   6.5994967e-01   6.2339961e-01
   2.0667500e+03   6.9853398e-01   6.5980212e-01   6.2321500e-01
   2.0668333e+03   6.9850374e-01   6.5972350e-01   6.2309346e-01
   2.0669167e+03   6.9853446e-01   6.5970069e-01   6.2302297e-01
   2.0670000e+03   6.9857001e-01   6.5968230e-01   6.2295653e-01
   2.0670833e+03   6.9859457e-01   6.5965386e-01   6.2288092e-01
   2.0671667e+03   6.9861511e-01   6.5962175e-01   6.2280196e-01
   2.0672500e+03   6.9864458e-01   6.5959782e-01   6.2273050e-01
   2.0673333e+03   6.9868091e-01   6.5958016e-01   6.2266478e-01
   2.0674167e+03   6.9869757e-01   6.5954452e-01   6.2258263e-01
   2.0675000e+03   6.9868457e-01   6.5948175e-01   6.2247570e-01
   2.0675833e+03   6.9861325e-01   6.5936564e-01   6.2232005e-01
   2.0676667e+03   6.9849945e-01   6.5921068e-01   6.2212893e-01
   2.0677500e+03   6.9839300e-01   6.5906248e-01   6.2194400e-01
   2.0678333e+03   6.9836212e-01   6.5898340e-01   6.2182227e-01
   2.0679167e+03   6.9839264e-01   6.5896050e-01   6.2175187e-01
   2.0680000e+03   6.9842827e-01   6.5894227e-01   6.2168574e-01
   2.0680833e+03   6.9845309e-01   6.5891416e-01   6.2161061e-01
   2.0681667e+03   6.9847393e-01   6.5888241e-01   6.2153216e-01
   2.0682500e+03   6.9850360e-01   6.5885874e-01   6.2146110e-01
   2.0683333e+03   6.9853986e-01   6.5884110e-01   6.2139556e-01
   2.0684167e+03   6.9855617e-01   6.5880522e-01   6.2131337e-01
   2.0685000e+03   6.9854262e-01   6.5874205e-01   6.2120627e-01
   2.0685833e+03   6.9847048e-01   6.5862535e-01   6.2105032e-01
   2.0686667e+03   6.9835571e-01   6.5846970e-01   6.2085883e-01
   2.0687500e+03   6.9824832e-01   6.5832081e-01   6.2067355e-01
   2.0688333e+03   6.9821679e-01   6.5824127e-01   6.2055158e-01
   2.0689167e+03   6.9824711e-01   6.5821825e-01   6.2048122e-01
   2.0690000e+03   6.9828281e-01   6.5820014e-01   6.2041536e-01
   2.0690833e+03   6.9830789e-01   6.5817233e-01   6.2034065e-01
   2.0691667e+03   6.9832903e-01   6.5814092e-01   6.2026267e-01
   2.0692500e+03   6.9835890e-01   6.5811750e-01   6.2019198e-01
   2.0693333e+03   6.9839510e-01   6.5809984e-01   6.2012657e-01
   2.0694167e+03   6.9841104e-01   6.5806370e-01   6.2004429e-01
   2.0695000e+03   6.9839693e-01   6.5800010e-01   6.1993698e-01
   2.0695833e+03   6.9832397e-01   6.5788279e-01   6.1978068e-01
   2.0696667e+03   6.9820824e-01   6.5772643e-01   6.1958879e-01
   2.0697500e+03   6.9809991e-01   6.5757684e-01   6.1940310e-01
   2.0698333e+03   6.9806773e-01   6.5749680e-01   6.1928086e-01
   2.0699167e+03   6.9809784e-01   6.5747363e-01   6.1921050e-01
   2.0700000e+03   6.9813361e-01   6.5745563e-01   6.1914486e-01
   2.0700833e+03   6.9815894e-01   6.5742809e-01   6.1907053e-01
   2.0701667e+03   6.9818038e-01   6.5739700e-01   6.1899297e-01
   2.0702500e+03   6.9821045e-01   6.5737379e-01   6.1892260e-01
   2.0703333e+03   6.9824657e-01   6.5735610e-01   6.1885727e-01
   2.0704167e+03   6.9826216e-01   6.5731967e-01   6.1877486e-01
   2.0705000e+03   6.9824748e-01   6.5725563e-01   6.1866729e-01
   2.0705833e+03   6.9817370e-01   6.5713767e-01   6.1851061e-01
   2.0706667e+03   6.9805700e-01   6.5698058e-01   6.1831828e-01
   2.0707500e+03   6.9794772e-01   6.5683027e-01   6.1813215e-01
   2.0708333e+03   6.9791488e-01   6.5674971e-01   6.1800959e-01
   2.0709167e+03   6.9794479e-01   6.5672637e-01   6.1793919e-01
   2.0710000e+03   6.9798063e-01   6.5670844e-01   6.1787371e-01
   2.0710833e+03   6.9800621e-01   6.5668116e-01   6.1779972e-01
   2.0711667e+03   6.9802794e-01   6.5665035e-01   6.1772254e-01
   2.0712500e+03   6.9805820e-01   6.5662733e-01   6.1765243e-01
   2.0713333e+03   6.9809425e-01   6.5660958e-01   6.1758715e-01
   2.0714167e+03   6.9810947e-01   6.5657283e-01   6.1750456e-01
   2.0715000e+03   6.9809422e-01   6.5650832e-01   6.1739670e-01
   2.0715833e+03   6.9801962e-01   6.5638971e-01   6.1723959e-01
   2.0716667e+03   6.9790195e-01   6.5623186e-01   6.1704677e-01
   2.0717500e+03   6.9779172e-01   6.5608081e-01   6.1686017e-01
   2.0718333e+03   6.9775823e-01   6.5599970e-01   6.1673726e-01
   2.0719167e+03   6.9778793e-01   6.5597617e-01   6.1666676e-01
   2.0720000e+03   6.9782383e-01   6.5595829e-01   6.1660141e-01
   2.0720833e+03   6.9784966e-01   6.5593123e-01   6.1652771e-01
   2.0721667e+03   6.9787168e-01   6.5590069e-01   6.1645085e-01
   2.0722500e+03   6.9790212e-01   6.5587782e-01   6.1638098e-01
   2.0723333e+03   6.9793810e-01   6.5585999e-01   6.1631569e-01
   2.0724167e+03   6.9795295e-01   6.5582291e-01   6.1623288e-01
   2.0725000e+03   6.9793714e-01   6.5575790e-01   6.1612468e-01
   2.0725833e+03   6.9786171e-01   6.5563861e-01   6.1596711e-01
   2.0726667e+03   6.9774306e-01   6.5547998e-01   6.1577377e-01
   2.0727500e+03   6.9763188e-01   6.5532817e-01   6.1558665e-01
   2.0728333e+03   6.9759773e-01   6.5524649e-01   6.1546334e-01
   2.0729167e+03   6.9762721e-01   6.5522274e-01   6.1539271e-01
   2.0730000e+03   6.9766318e-01   6.5520488e-01   6.1532744e-01
   2.0730833e+03   6.9768926e-01   6.5517802e-01   6.1525399e-01
   2.0731667e+03   6.9771156e-01   6.5514772e-01   6.1517741e-01
   2.0732500e+03   6.9774219e-01   6.5512499e-01   6.1510772e-01
   2.0733333e+03   6.9777809e-01   6.5510705e-01   6.1504237e-01
   2.0734167e+03   6.9779257e-01   6.5506961e-01   6.1495931e-01
   2.0735000e+03   6.9777618e-01   6.5500408e-01   6.1485072e-01
   2.0735833e+03   6.9769992e-01   6.5488409e-01   6.1469265e-01
   2.0736667e+03   6.9758030e-01   6.5472466e-01   6.1449876e-01
   2.0737500e+03   6.9746817e-01   6.5457207e-01   6.1431109e-01
   2.0738333e+03   6.9743336e-01   6.5448980e-01   6.1418733e-01
   2.0739167e+03   6.9746262e-01   6.5446580e-01   6.1411652e-01
   2.0740000e+03   6.9749864e-01   6.5444794e-01   6.1405129e-01
   2.0740833e+03   6.9752496e-01   6.5442126e-01   6.1397804e-01
   2.0741667e+03   6.9754755e-01   6.5439117e-01   6.1390170e-01
   2.0742500e+03   6.9757836e-01   6.5436855e-01   6.1383214e-01
   2.0743333e+03   6.9761418e-01   6.5435047e-01   6.1376670e-01
   2.0744167e+03   6.9762828e-01   6.5431264e-01   6.1368333e-01
   2.0745000e+03   6.9761132e-01   6.5424657e-01   6.1357433e-01
   2.0745833e+03   6.9753422e-01   6.5412586e-01   6.1341571e-01
   2.0746667e+03   6.9741363e-01   6.5396561e-01   6.1322122e-01
   2.0747500e+03   6.9730054e-01   6.5381221e-01   6.1303297e-01
   2.0748333e+03   6.9726507e-01   6.5372933e-01   6.1290873e-01
   2.0749167e+03   6.9729411e-01   6.5370506e-01   6.1283770e-01
   2.0750000e+03   6.9733018e-01   6.5368718e-01   6.1277246e-01
   2.0750833e+03   6.9735674e-01   6.5366063e-01   6.1269936e-01
   2.0751667e+03   6.9737959e-01   6.5363071e-01   6.1262320e-01
   2.0752500e+03   6.9741056e-01   6.5360816e-01   6.1255372e-01
   2.0753333e+03   6.9744630e-01   6.5358993e-01   6.1248815e-01
   2.0754167e+03   6.9746008e-01   6.5355174e-01   6.1240448e-01
   2.0755000e+03   6.9744265e-01   6.5348521e-01   6.1229510e-01
   2.0755833e+03   6.9736489e-01   6.5336391e-01   6.1213604e-01
   2.0756667e+03   6.9724355e-01   6.5320304e-01   6.1194112e-01
   2.0757500e+03   6.9712977e-01   6.5304905e-01   6.1175245e-01
   2.0758333e+03   6.9709383e-01   6.5296571e-01   6.1162786e-01
   2.0759167e+03   6.9712271e-01   6.5294121e-01   6.1155662e-01
   2.0760000e+03   6.9715882e-01   6.5292326e-01   6.1149131e-01
   2.0760833e+03   6.9718552e-01   6.5289676e-01   6.1141825e-01
   2.0761667e+03   6.9720855e-01   6.5286691e-01   6.1134216e-01
   2.0762500e+03   6.9723964e-01   6.5284436e-01   6.1127267e-01
   2.0763333e+03   6.9727532e-01   6.5282597e-01   6.1120695e-01
   2.0764167e+03   6.9728885e-01   6.5278747e-01   6.1112300e-01
   2.0765000e+03   6.9727104e-01   6.5272053e-01   6.1101328e-01
   2.0765833e+03   6.9719275e-01   6.5259874e-01   6.1085385e-01
   2.0766667e+03   6.9707078e-01   6.5243733e-01   6.1065856e-01
   2.0767500e+03   6.9695639e-01   6.5228281e-01   6.1046951e-01
   2.0768333e+03   6.9692002e-01   6.5219903e-01   6.1034456e-01
   2.0769167e+03   6.9694875e-01   6.5217429e-01   6.1027308e-01
   2.0770000e+03   6.9698489e-01   6.5215624e-01   6.1020766e-01
   2.0770833e+03   6.9701174e-01   6.5212976e-01   6.1013460e-01
   2.0771667e+03   6.9703495e-01   6.5209996e-01   6.1005852e-01
   2.0772500e+03   6.9706615e-01   6.5207739e-01   6.0998899e-01
   2.0773333e+03   6.9710177e-01   6.5205882e-01   6.0992307e-01
   2.0774167e+03   6.9711505e-01   6.5201998e-01   6.0983880e-01
   2.0775000e+03   6.9709686e-01   6.5195263e-01   6.0972870e-01
   2.0775833e+03   6.9701804e-01   6.5183032e-01   6.0956887e-01
   2.0776667e+03   6.9689544e-01   6.5166836e-01   6.0937317e-01
   2.0777500e+03   6.9678044e-01   6.5151328e-01   6.0918371e-01
   2.0778333e+03   6.9674363e-01   6.5142904e-01   6.0905836e-01
   2.0779167e+03   6.9677222e-01   6.5140403e-01   6.0898659e-01
   2.0780000e+03   6.9680838e-01   6.5138586e-01   6.0892102e-01
   2.0780833e+03   6.9683539e-01   6.5135938e-01   6.0884791e-01
   2.0781667e+03   6.9685877e-01   6.5132961e-01   6.0877182e-01
   2.0782500e+03   6.9689007e-01   6.5130699e-01   6.0870220e-01
   2.0783333e+03   6.9692563e-01   6.5128821e-01   6.0863603e-01
   2.0784167e+03   6.9693866e-01   6.5124902e-01   6.0855140e-01
   2.0785000e+03   6.9692010e-01   6.5118122e-01   6.0844090e-01
   2.0785833e+03   6.9684074e-01   6.5105837e-01   6.0828063e-01
   2.0786667e+03   6.9671752e-01   6.5089584e-01   6.0808448e-01
   2.0787500e+03   6.9660190e-01   6.5074019e-01   6.0789457e-01
   2.0788333e+03   6.9656466e-01   6.5065547e-01   6.0776878e-01
   2.0789167e+03   6.9659310e-01   6.5063016e-01   6.0769669e-01
   2.0790000e+03   6.9662929e-01   6.5061185e-01   6.0763091e-01
   2.0790833e+03   6.9665644e-01   6.5058535e-01   6.0755773e-01
   2.0791667e+03   6.9668000e-01   6.5055558e-01   6.0748157e-01
   2.0792500e+03   6.9671140e-01   6.5053289e-01   6.0741182e-01
   2.0793333e+03   6.9674690e-01   6.5051388e-01   6.0734537e-01
   2.0794167e+03   6.9675968e-01   6.5047431e-01   6.0726034e-01
   2.0795000e+03   6.9674074e-01   6.5040604e-01   6.0714939e-01
   2.0795833e+03   6.9666084e-01   6.5028265e-01   6.0698863e-01
   2.0796667e+03   6.9653699e-01   6.5011952e-01   6.0679201e-01
   2.0797500e+03   6.9642076e-01   6.4996329e-01   6.0660162e-01
   2.0798333e+03   6.9638309e-01   6.4987806e-01   6.0647535e-01
   2.0799167e+03   6.9641137e-01   6.4985243e-01   6.0640289e-01
   2.0800000e+03   6.9644759e-01   6.4983396e-01   6.0633688e-01
   2.0800833e+03   6.9647488e-01   6.4980741e-01   6.0626357e-01
   2.0801667e+03   6.9649861e-01   6.4977761e-01   6.0618731e-01
   2.0802500e+03   6.9653013e-01   6.4975483e-01   6.0611738e-01
   2.0803333e+03   6.9656556e-01   6.4973557e-01   6.0605061e-01
   2.0804167e+03   6.9657808e-01   6.4969560e-01   6.0596514e-01
   2.0805000e+03   6.9655877e-01   6.4962685e-01   6.0585370e-01
   2.0805833e+03   6.9647833e-01   6.4950288e-01   6.0569243e-01
   2.0806667e+03   6.9635385e-01   6.4933914e-01   6.0549529e-01
   2.0807500e+03   6.9623701e-01   6.4918230e-01   6.0530439e-01
   2.0808333e+03   6.9619890e-01   6.4909655e-01   6.0517761e-01
   2.0809167e+03   6.9622703e-01   6.4907058e-01   6.0510474e-01
   2.0810000e+03   6.9626327e-01   6.4905192e-01   6.0503845e-01
   2.0810833e+03   6.9629071e-01   6.4902530e-01   6.0496497e-01
   2.0811667e+03   6.9631461e-01   6.4899546e-01   6.0488857e-01
   2.0812500e+03   6.9634623e-01   6.4897256e-01   6.0481843e-01
   2.0813333e+03   6.9638160e-01   6.4895302e-01   6.0475130e-01
   2.0814167e+03   6.9639387e-01   6.4891263e-01   6.0466535e-01
   2.0815000e+03   6.9637417e-01   6.4884337e-01   6.0455338e-01
   2.0815833e+03   6.9629319e-01   6.4871881e-01   6.0439156e-01
   2.0816667e+03   6.9616808e-01   6.4855443e-01   6.0419387e-01
   2.0817500e+03   6.9605063e-01   6.4839697e-01   6.0400242e-01
   2.0818333e+03   6.9601209e-01   6.4831067e-01   6.0387508e-01
   2.0819167e+03   6.9604006e-01   6.4828434e-01   6.0380177e-01
   2.0820000e+03   6.9607632e-01   6.4826547e-01   6.0373517e-01
   2.0820833e+03   6.9610390e-01   6.4823875e-01   6.0366148e-01
   2.0821667e+03   6.9612797e-01   6.4820885e-01   6.0358490e-01
   2.0822500e+03   6.9615970e-01   6.4818581e-01   6.0351449e-01
   2.0823333e+03   6.9619499e-01   6.4816598e-01   6.0344696e-01
   2.0824167e+03   6.9620701e-01   6.4812513e-01   6.0336049e-01
   2.0825000e+03   6.9618693e-01   6.4805535e-01   6.0324796e-01
   2.0825833e+03   6.9610541e-01   6.4793017e-01   6.0308555e-01
   2.0826667e+03   6.9597968e-01   6.4776515e-01   6.0288729e-01
   2.0827500e+03   6.9586161e-01   6.4760704e-01   6.0269525e-01
   2.0828333e+03   6.9582263e-01   6.4752017e-01   6.0256733e-01
   2.0829167e+03   6.9585044e-01   6.4749346e-01   6.0249353e-01
   2.0830000e+03   6.9588673e-01   6.4747436e-01   6.0242657e-01
   2.0830833e+03   6.9591445e-01   6.4744752e-01   6.0235263e-01
   2.0831667e+03   6.9593869e-01   6.4741752e-01   6.0227582e-01
   2.0832500e+03   6.9597051e-01   6.4739433e-01   6.0220512e-01
   2.0833333e+03   6.9600574e-01   6.4737417e-01   6.0213714e-01
   2.0834167e+03   6.9601750e-01   6.4733286e-01   6.0205012e-01
   2.0835000e+03   6.9599704e-01   6.4726252e-01   6.0193699e-01
   2.0835833e+03   6.9591498e-01   6.4713672e-01   6.0177396e-01
   2.0836667e+03   6.9578862e-01   6.4697103e-01   6.0157509e-01
   2.0837500e+03   6.9566993e-01   6.4681225e-01   6.0138243e-01
   2.0838333e+03   6.9563052e-01   6.4672480e-01   6.0125389e-01
   2.0839167e+03   6.9565817e-01   6.4669769e-01   6.0117957e-01
   2.0840000e+03   6.9569447e-01   6.4667833e-01   6.0111220e-01
   2.0840833e+03   6.9572234e-01   6.4665135e-01   6.0103797e-01
   2.0841667e+03   6.9574674e-01   6.4662123e-01   6.0096090e-01
   2.0842500e+03   6.9577867e-01   6.4659785e-01   6.0088987e-01
   2.0843333e+03   6.9581382e-01   6.4657735e-01   6.0082140e-01
   2.0844167e+03   6.9582533e-01   6.4653555e-01   6.0073379e-01
   2.0845000e+03   6.9580449e-01   6.4646465e-01   6.0062001e-01
   2.0845833e+03   6.9572188e-01   6.4633819e-01   6.0045634e-01
   2.0846667e+03   6.9559489e-01   6.4617181e-01   6.0025682e-01
   2.0847500e+03   6.9547559e-01   6.4601236e-01   6.0006351e-01
   2.0848333e+03   6.9543573e-01   6.4592430e-01   5.9993431e-01
   2.0849167e+03   6.9546323e-01   6.4589675e-01   5.9985943e-01
   2.0850000e+03   6.9549955e-01   6.4587712e-01   5.9979162e-01
   2.0850833e+03   6.9552755e-01   6.4584998e-01   5.9971706e-01
   2.0851667e+03   6.9555212e-01   6.4581972e-01   5.9963969e-01
   2.0852500e+03   6.9558415e-01   6.4579613e-01   5.9956828e-01
   2.0853333e+03   6.9561923e-01   6.4577527e-01   5.9949929e-01
   2.0854167e+03   6.9563047e-01   6.4573295e-01   5.9941104e-01
   2.0855000e+03   6.9560925e-01   6.4566146e-01   5.9929660e-01
   2.0855833e+03   6.9552610e-01   6.4553433e-01   5.9913223e-01
   2.0856667e+03   6.9539848e-01   6.4536725e-01   5.9893204e-01
   2.0857500e+03   6.9527856e-01   6.4520710e-01   5.9873805e-01
   2.0858333e+03   6.9523827e-01   6.4511841e-01   5.9860816e-01
   2.0859167e+03   6.9526560e-01   6.4509042e-01   5.9853267e-01
   2.0860000e+03   6.9530194e-01   6.4507048e-01   5.9846439e-01
   2.0860833e+03   6.9533008e-01   6.4504315e-01   5.9838946e-01
   2.0861667e+03   6.9535482e-01   6.4501274e-01   5.9831174e-01
   2.0862500e+03   6.9538694e-01   6.4498892e-01   5.9823991e-01
   2.0863333e+03   6.9542195e-01   6.4496766e-01   5.9817037e-01
   2.0864167e+03   6.9543293e-01   6.4492482e-01   5.9808145e-01
   2.0865000e+03   6.9541132e-01   6.4485271e-01   5.9796629e-01
   2.0865833e+03   6.9532763e-01   6.4472489e-01   5.9780121e-01
   2.0866667e+03   6.9519937e-01   6.4455710e-01   5.9760031e-01
   2.0867500e+03   6.9507884e-01   6.4439622e-01   5.9740561e-01
   2.0868333e+03   6.9503811e-01   6.4430689e-01   5.9727499e-01
   2.0869167e+03   6.9506528e-01   6.4427842e-01   5.9719886e-01
   2.0870000e+03   6.9510163e-01   6.4425816e-01   5.9713006e-01
   2.0870833e+03   6.9512991e-01   6.4423062e-01   5.9705472e-01
   2.0871667e+03   6.9515481e-01   6.4420003e-01   5.9697662e-01
   2.0872500e+03   6.9518702e-01   6.4417595e-01   5.9690434e-01
   2.0873333e+03   6.9522196e-01   6.4415429e-01   5.9683419e-01
   2.0874167e+03   6.9523268e-01   6.4411089e-01   5.9674457e-01
   2.0875000e+03   6.9521069e-01   6.4403815e-01   5.9662867e-01
   2.0875833e+03   6.9512645e-01   6.4390963e-01   5.9646283e-01
   2.0876667e+03   6.9499756e-01   6.4374109e-01   5.9626119e-01
   2.0877500e+03   6.9487641e-01   6.4357948e-01   5.9606575e-01
   2.0878333e+03   6.9483524e-01   6.4348948e-01   5.9593436e-01
   2.0879167e+03   6.9486224e-01   6.4346052e-01   5.9585756e-01
   2.0880000e+03   6.9489861e-01   6.4343991e-01   5.9578820e-01
   2.0880833e+03   6.9492702e-01   6.4341214e-01   5.9571242e-01
   2.0881667e+03   6.9495208e-01   6.4338134e-01   5.9563390e-01
   2.0882500e+03   6.9498439e-01   6.4335699e-01   5.9556112e-01
   2.0883333e+03   6.9501925e-01   6.4333489e-01   5.9549034e-01
   2.0884167e+03   6.9502971e-01   6.4329092e-01   5.9539997e-01
   2.0885000e+03   6.9500733e-01   6.4321753e-01   5.9528329e-01
   2.0885833e+03   6.9492255e-01   6.4308828e-01   5.9511667e-01
   2.0886667e+03   6.9479303e-01   6.4291899e-01   5.9491426e-01
   2.0887500e+03   6.9467126e-01   6.4275663e-01   5.9471804e-01
   2.0888333e+03   6.9462964e-01   6.4266594e-01   5.9458586e-01
   2.0889167e+03   6.9465648e-01   6.4263647e-01   5.9450835e-01
   2.0890000e+03   6.9469287e-01   6.4261549e-01   5.9443839e-01
   2.0890833e+03   6.9472141e-01   6.4258746e-01   5.9436212e-01
   2.0891667e+03   6.9474663e-01   6.4255643e-01   5.9428314e-01
   2.0892500e+03   6.9477903e-01   6.4253179e-01   5.9420984e-01
   2.0893333e+03   6.9481381e-01   6.4250923e-01   5.9413837e-01
   2.0894167e+03   6.9482401e-01   6.4246466e-01   5.9404723e-01
   2.0895000e+03   6.9480124e-01   6.4239060e-01   5.9392974e-01
   2.0895833e+03   6.9471591e-01   6.4226061e-01   5.9376230e-01
   2.0896667e+03   6.9458576e-01   6.4209055e-01   5.9355910e-01
   2.0897500e+03   6.9446337e-01   6.4192741e-01   5.9336207e-01
   2.0898333e+03   6.9442131e-01   6.4183602e-01   5.9322906e-01
   2.0899167e+03   6.9444799e-01   6.4180601e-01   5.9315079e-01
   2.0900000e+03   6.9448438e-01   6.4178464e-01   5.9308021e-01
   2.0900833e+03   6.9451306e-01   6.4175634e-01   5.9300341e-01
   2.0901667e+03   6.9453844e-01   6.4172506e-01   5.9292393e-01
   2.0902500e+03   6.9457093e-01   6.4170009e-01   5.9285006e-01
   2.0903333e+03   6.9460563e-01   6.4167706e-01   5.9277788e-01
   2.0904167e+03   6.9461556e-01   6.4163187e-01   5.9268592e-01
   2.0905000e+03   6.9459241e-01   6.4155712e-01   5.9256758e-01
   2.0905833e+03   6.9450653e-01   6.4142637e-01   5.9239930e-01
   2.0906667e+03   6.9437575e-01   6.4125551e-01   5.9219527e-01
   2.0907500e+03   6.9425274e-01   6.4109159e-01   5.9199741e-01
   2.0908333e+03   6.9421024e-01   6.4099948e-01   5.9186354e-01
   2.0909167e+03   6.9423674e-01   6.4096890e-01   5.9178448e-01
   2.0910000e+03   6.9427315e-01   6.4094712e-01   5.9171323e-01
   2.0910833e+03   6.9430195e-01   6.4091852e-01   5.9163587e-01
   2.0911667e+03   6.9432749e-01   6.4088697e-01   5.9155585e-01
   2.0912500e+03   6.9436007e-01   6.4086166e-01   5.9148137e-01
   2.0913333e+03   6.9439470e-01   6.4083813e-01   5.9140844e-01
   2.0914167e+03   6.9440436e-01   6.4079230e-01   5.9131564e-01
   2.0915000e+03   6.9438081e-01   6.4071684e-01   5.9119641e-01
   2.0915833e+03   6.9429439e-01   6.4058531e-01   5.9102725e-01
   2.0916667e+03   6.9416297e-01   6.4041365e-01   5.9082237e-01
   2.0917500e+03   6.9403935e-01   6.4024892e-01   5.9062365e-01
   2.0918333e+03   6.9399640e-01   6.4015606e-01   5.9048888e-01
   2.0919167e+03   6.9402273e-01   6.4012491e-01   5.9040900e-01
   2.0920000e+03   6.9405915e-01   6.4010269e-01   5.9033704e-01
   2.0920833e+03   6.9408808e-01   6.4007377e-01   5.9025908e-01
   2.0921667e+03   6.9411377e-01   6.4004192e-01   5.9017849e-01
   2.0922500e+03   6.9414644e-01   6.4001625e-01   5.9010336e-01
   2.0923333e+03   6.9418099e-01   6.3999220e-01   5.9002965e-01
   2.0924167e+03   6.9419038e-01   6.3994572e-01   5.8993596e-01
   2.0925000e+03   6.9416645e-01   6.3986952e-01   5.8981582e-01
   2.0925833e+03   6.9407948e-01   6.3973719e-01   5.8964575e-01
   2.0926667e+03   6.9394742e-01   6.3956471e-01   5.8943998e-01
   2.0927500e+03   6.9382318e-01   6.3939916e-01   5.8924037e-01
   2.0928333e+03   6.9377978e-01   6.3930554e-01   5.8910468e-01
   2.0929167e+03   6.9380595e-01   6.3927379e-01   5.8902394e-01
   2.0930000e+03   6.9384237e-01   6.3925111e-01   5.8895123e-01
   2.0930833e+03   6.9387143e-01   6.3922185e-01   5.8887264e-01
   2.0931667e+03   6.9389728e-01   6.3918968e-01   5.8879144e-01
   2.0932500e+03   6.9393004e-01   6.3916362e-01   5.8871563e-01
   2.0933333e+03   6.9396450e-01   6.3913903e-01   5.8864109e-01
   2.0934167e+03   6.9397362e-01   6.3909187e-01   5.8854648e-01
   2.0935000e+03   6.9394930e-01   6.3901492e-01   5.8842540e-01
   2.0935833e+03   6.9386178e-01   6.3888177e-01   5.8825439e-01
   2.0936667e+03   6.9372909e-01   6.3870845e-01   5.8804771e-01
   2.0937500e+03   6.9360422e-01   6.3854207e-01   5.8784718e-01
   2.0938333e+03   6.9356038e-01   6.3844767e-01   5.8771053e-01
   2.0939167e+03   6.9358637e-01   6.3841529e-01   5.8762889e-01
   2.0940000e+03   6.9362280e-01   6.3839214e-01   5.8755541e-01
   2.0940833e+03   6.9365199e-01   6.3836251e-01   5.8747614e-01
   2.0941667e+03   6.9367799e-01   6.3833000e-01   5.8739430e-01
   2.0942500e+03   6.9371083e-01   6.3830353e-01   5.8731777e-01
   2.0943333e+03   6.9374521e-01   6.3827838e-01   5.8724237e-01
   2.0944167e+03   6.9375407e-01   6.3823052e-01   5.8714681e-01
   2.0945000e+03   6.9372935e-01   6.3815281e-01   5.8702475e-01
   2.0945833e+03   6.9364128e-01   6.3801882e-01   5.8685277e-01
   2.0946667e+03   6.9350795e-01   6.3784465e-01   5.8664515e-01
   2.0947500e+03   6.9338246e-01   6.3767741e-01   5.8644368e-01
   2.0948333e+03   6.9333818e-01   6.3758221e-01   5.8630604e-01
   2.0949167e+03   6.9336400e-01   6.3754919e-01   5.8622347e-01
   2.0950000e+03   6.9340043e-01   6.3752554e-01   5.8614917e-01
   2.0950833e+03   6.9342974e-01   6.3749552e-01   5.8606919e-01
   2.0951667e+03   6.9345589e-01   6.3746265e-01   5.8598666e-01
   2.0952500e+03   6.9348882e-01   6.3743575e-01   5.8590938e-01
   2.0953333e+03   6.9352311e-01   6.3741001e-01   5.8583309e-01
   2.0954167e+03   6.9353170e-01   6.3736143e-01   5.8573654e-01
   2.0955000e+03   6.9350658e-01   6.3728293e-01   5.8561347e-01
   2.0955833e+03   6.9341797e-01   6.3714810e-01   5.8544050e-01
   2.0956667e+03   6.9328400e-01   6.3697305e-01   5.8523192e-01
   2.0957500e+03   6.9315790e-01   6.3680495e-01   5.8502947e-01
   2.0958333e+03   6.9311316e-01   6.3670893e-01   5.8489081e-01
   2.0959167e+03   6.9313881e-01   6.3667524e-01   5.8480727e-01
   2.0960000e+03   6.9317524e-01   6.3665107e-01   5.8473212e-01
   2.0960833e+03   6.9320467e-01   6.3662064e-01   5.8465140e-01
   2.0961667e+03   6.9323098e-01   6.3658739e-01   5.8456815e-01
   2.0962500e+03   6.9326399e-01   6.3656004e-01   5.8449008e-01
   2.0963333e+03   6.9329819e-01   6.3653369e-01   5.8441286e-01
   2.0964167e+03   6.9330651e-01   6.3648438e-01   5.8431529e-01
   2.0965000e+03   6.9328100e-01   6.3640507e-01   5.8419117e-01
   2.0965833e+03   6.9319183e-01   6.3626937e-01   5.8401718e-01
   2.0966667e+03   6.9305723e-01   6.3609344e-01   5.8380761e-01
   2.0967500e+03   6.9293050e-01   6.3592444e-01   5.8360416e-01
   2.0968333e+03   6.9288532e-01   6.3582759e-01   5.8346445e-01
   2.0969167e+03   6.9291079e-01   6.3579322e-01   5.8337992e-01
   2.0970000e+03   6.9294722e-01   6.3576850e-01   5.8330388e-01
   2.0970833e+03   6.9297678e-01   6.3573764e-01   5.8322238e-01
   2.0971667e+03   6.9300323e-01   6.3570399e-01   5.8313838e-01
   2.0972500e+03   6.9303632e-01   6.3567617e-01   5.8305948e-01
   2.0973333e+03   6.9307044e-01   6.3564919e-01   5.8298129e-01
   2.0974167e+03   6.9307848e-01   6.3559911e-01   5.8288267e-01
   2.0975000e+03   6.9305257e-01   6.3551898e-01   5.8275748e-01
   2.0975833e+03   6.9296285e-01   6.3538240e-01   5.8258244e-01
   2.0976667e+03   6.9282762e-01   6.3520556e-01   5.8237185e-01
   2.0977500e+03   6.9270027e-01   6.3503567e-01   5.8216738e-01
   2.0978333e+03   6.9265463e-01   6.3493796e-01   5.8202659e-01
   2.0979167e+03   6.9267993e-01   6.3490289e-01   5.8194103e-01
   2.0980000e+03   6.9271636e-01   6.3487760e-01   5.8186406e-01
   2.0980833e+03   6.9274604e-01   6.3484630e-01   5.8178175e-01
   2.0981667e+03   6.9277264e-01   6.3481222e-01   5.8169695e-01
   2.0982500e+03   6.9280581e-01   6.3478390e-01   5.8161720e-01
   2.0983333e+03   6.9283983e-01   6.3475627e-01   5.8153801e-01
   2.0984167e+03   6.9284760e-01   6.3470542e-01   5.8143831e-01
   2.0985000e+03   6.9282130e-01   6.3462444e-01   5.8131202e-01
   2.0985833e+03   6.9273103e-01   6.3448696e-01   5.8113590e-01
   2.0986667e+03   6.9259516e-01   6.3430921e-01   5.8092427e-01
   2.0987500e+03   6.9246718e-01   6.3413840e-01   5.8071874e-01
   2.0988333e+03   6.9242110e-01   6.3403982e-01   5.8057684e-01
   2.0989167e+03   6.9244621e-01   6.3400402e-01   5.8049021e-01
   2.0990000e+03   6.9248265e-01   6.3397815e-01   5.8041230e-01
   2.0990833e+03   6.9251244e-01   6.3394636e-01   5.8032913e-01
   2.0991667e+03   6.9253918e-01   6.3391184e-01   5.8024351e-01
   2.0992500e+03   6.9257244e-01   6.3388300e-01   5.8016286e-01
   2.0993333e+03   6.9260637e-01   6.3385471e-01   5.8008265e-01
   2.0994167e+03   6.9261386e-01   6.3380306e-01   5.7998182e-01
   2.0995000e+03   6.9258716e-01   6.3372122e-01   5.7985440e-01
   2.0995833e+03   6.9249634e-01   6.3358282e-01   5.7967717e-01
   2.0996667e+03   6.9235983e-01   6.3340413e-01   5.7946448e-01
   2.0997500e+03   6.9223123e-01   6.3323239e-01   5.7925788e-01
   2.0998333e+03   6.9218469e-01   6.3313292e-01   5.7911484e-01
   2.0999167e+03   6.9220963e-01   6.3309638e-01   5.7902712e-01
   2.1000000e+03   6.9224606e-01   6.3306990e-01   5.7894821e-01
   2.1000833e+03   6.9227597e-01   6.3303762e-01   5.7886416e-01
   2.1001667e+03   6.9230286e-01   6.3300263e-01   5.7877768e-01
   2.1002500e+03   6.9233619e-01   6.3297326e-01   5.7869610e-01
   2.1003333e+03   6.9237004e-01   6.3294428e-01   5.7861482e-01
   2.1004167e+03   6.9237725e-01   6.3289180e-01   5.7851285e-01
   2.1005000e+03   6.9235015e-01   6.3280908e-01   5.7838427e-01
   2.1005833e+03   6.9225878e-01   6.3266975e-01   5.7820591e-01
   2.1006667e+03   6.9212163e-01   6.3249012e-01   5.7799213e-01
   2.1007500e+03   6.9199241e-01   6.3231743e-01   5.7778443e-01
   2.1008333e+03   6.9194542e-01   6.3221706e-01   5.7764022e-01
   2.1009167e+03   6.9197017e-01   6.3217974e-01   5.7755137e-01
