   2.0000000e+03   1.0000000e+00   1.0000000e+00   1.0000000e+00
   2.0000833e+03   1.0000000e+00   1.0000000e+00   1.0000000e+00
   2.0001667e+03   1.0000000e+00   1.0000000e+00   1.0000000e+00
   2.0002500e+03   1.0000000e+00   1.0000000e+00   1.0000000e+00
   2.0003333e+03   1.0000000e+00   1.0000000e+00   1.0000000e+00
   2.0004167e+03   1.0000000e+00   1.0000000e+00   1.0000000e+00
   2.0005000e+03   1.0000000e+00   1.0000000e+00   1.0000000e+00
   2.0005833e+03   1.0000000e+00   1.0000000e+00   1.0000000e+00
   2.0006667e+03   1.0000000e+00   1.0000000e+00   1.0000000e+00
   2.0007500e+03   1.0000000e+00   1.0000000e+00   1.0000000e+00
   2.0008333e+03   1.0000000e+00   1.0000000e+00   1.0000000e+00
   2.0009167e+03   1.0000000e+00   1.0000000e+00   1.0000000e+00
   2.0010000e+03   9.9997503e-01   9.9997449e-01   9.9997395e-01
   2.0010833e+03   9.9989002e-01   9.9988842e-01   9.9988682e-01
   2.0011667e+03   9.9979599e-01   9.9979281e-01   9.9978962e-01
   2.0012500e+03   9.9973982e-01   9.9973450e-01   9.9972918e-01
   2.0013333e+03   9.9976239e-01   9.9975430e-01   9.9974621e-01
   2.0014167e+03   9.9982341e-01   9.9981195e-01   9.9980049e-01
   2.0015000e+03   9.9988247e-01   9.9986708e-01   9.9985169e-01
   2.0015833e+03   9.9990993e-01   9.9989011e-01   9.9987029e-01
   2.0016667e+03   9.9990576e-01   9.9988101e-01   9.9985626e-01
   2.0017500e+03   9.9991201e-01   9.9988176e-01   9.9985151e-01
   2.0018333e+03   9.9996893e-01   9.9993250e-01   9.9989607e-01
   2.0019167e+03   1.0000095e+00   9.9996636e-01   9.9992323e-01
   2.0020000e+03   9.9998737e-01   9.9993717e-01   9.9988697e-01
   2.0020833e+03   9.9990604e-01   9.9984840e-01   9.9979076e-01
   2.0021667e+03   9.9981579e-01   9.9975021e-01   9.9968463e-01
   2.0022500e+03   9.9976294e-01   9.9968875e-01   9.9961457e-01
   2.0023333e+03   9.9978744e-01   9.9970381e-01   9.9962020e-01
   2.0024167e+03   9.9984880e-01   9.9975503e-01   9.9966127e-01
   2.0025000e+03   9.9990726e-01   9.9980279e-01   9.9969833e-01
   2.0025833e+03   9.9993279e-01   9.9981721e-01   9.9970163e-01
   2.0026667e+03   9.9992595e-01   9.9979884e-01   9.9967174e-01
   2.0027500e+03   9.9992975e-01   9.9979051e-01   9.9965129e-01
   2.0028333e+03   9.9998590e-01   9.9983370e-01   9.9968153e-01
   2.0029167e+03   1.0000279e+00   9.9986225e-01   9.9969663e-01
   2.0030000e+03   1.0000086e+00   9.9982928e-01   9.9965000e-01
   2.0030833e+03   9.9993089e-01   9.9973771e-01   9.9954457e-01
   2.0031667e+03   9.9984438e-01   9.9963685e-01   9.9942936e-01
   2.0032500e+03   9.9979479e-01   9.9957214e-01   9.9934954e-01
   2.0033333e+03   9.9982117e-01   9.9958236e-01   9.9934361e-01
   2.0034167e+03   9.9988284e-01   9.9962706e-01   9.9937134e-01
   2.0035000e+03   9.9994064e-01   9.9966735e-01   9.9939413e-01
   2.0035833e+03   9.9996419e-01   9.9967307e-01   9.9938203e-01
   2.0036667e+03   9.9995462e-01   9.9964536e-01   9.9933618e-01
   2.0037500e+03   9.9995592e-01   9.9962787e-01   9.9929993e-01
   2.0038333e+03   1.0000112e+00   9.9966342e-01   9.9931572e-01
   2.0039167e+03   1.0000546e+00   9.9968656e-01   9.9931861e-01
   2.0040000e+03   1.0000381e+00   9.9964970e-01   9.9926147e-01
   2.0040833e+03   9.9996397e-01   9.9955524e-01   9.9914667e-01
   2.0041667e+03   9.9988115e-01   9.9945161e-01   9.9902225e-01
   2.0042500e+03   9.9983478e-01   9.9938356e-01   9.9893253e-01
   2.0043333e+03   9.9986301e-01   9.9938884e-01   9.9891489e-01
   2.0044167e+03   9.9992493e-01   9.9942692e-01   9.9892915e-01
   2.0045000e+03   9.9998202e-01   9.9945965e-01   9.9893754e-01
   2.0045833e+03   1.0000035e+00   9.9945659e-01   9.9890994e-01
   2.0046667e+03   9.9999119e-01   9.9941946e-01   9.9884805e-01
   2.0047500e+03   9.9998993e-01   9.9939274e-01   9.9879590e-01
   2.0048333e+03   1.0000444e+00   9.9942056e-01   9.9879712e-01
   2.0049167e+03   1.0000891e+00   9.9943819e-01   9.9878768e-01
   2.0050000e+03   1.0000753e+00   9.9939735e-01   9.9871988e-01
   2.0050833e+03   1.0000047e+00   9.9929990e-01   9.9859558e-01
   2.0051667e+03   9.9992554e-01   9.9919341e-01   9.9846180e-01
   2.0052500e+03   9.9988234e-01   9.9912191e-01   9.9836204e-01
   2.0053333e+03   9.9991237e-01   9.9912216e-01   9.9833257e-01
   2.0054167e+03   9.9997448e-01   9.9915352e-01   9.9833323e-01
   2.0055000e+03   1.0000308e+00   9.9917861e-01   9.9832711e-01
   2.0055833e+03   1.0000502e+00   9.9916670e-01   9.9828391e-01
   2.0056667e+03   1.0000351e+00   9.9912007e-01   9.9820590e-01
   2.0057500e+03   1.0000312e+00   9.9908404e-01   9.9813777e-01
   2.0058333e+03   1.0000847e+00   9.9910405e-01   9.9812431e-01
   2.0059167e+03   1.0001307e+00   9.9911606e-01   9.9810240e-01
   2.0060000e+03   1.0001196e+00   9.9907116e-01   9.9802382e-01
   2.0060833e+03   1.0000525e+00   9.9897062e-01   9.9788988e-01
   2.0061667e+03   9.9997694e-01   9.9886117e-01   9.9774662e-01
   2.0062500e+03   9.9993687e-01   9.9878612e-01   9.9763668e-01
   2.0063333e+03   9.9996864e-01   9.9878125e-01   9.9759524e-01
   2.0064167e+03   1.0000309e+00   9.9880581e-01   9.9758218e-01
   2.0065000e+03   1.0000864e+00   9.9882316e-01   9.9756144e-01
   2.0065833e+03   1.0001037e+00   9.9880231e-01   9.9750256e-01
   2.0066667e+03   1.0000857e+00   9.9874613e-01   9.9740836e-01
   2.0067500e+03   1.0000791e+00   9.9870072e-01   9.9732418e-01
   2.0068333e+03   1.0001317e+00   9.9871282e-01   9.9729595e-01
   2.0069167e+03   1.0001789e+00   9.9871914e-01   9.9726144e-01
   2.0070000e+03   1.0001704e+00   9.9867006e-01   9.9717195e-01
   2.0070833e+03   1.0001068e+00   9.9856634e-01   9.9702825e-01
   2.0071667e+03   1.0000348e+00   9.9845384e-01   9.9687537e-01
   2.0072500e+03   9.9999778e-01   9.9837516e-01   9.9675513e-01
   2.0073333e+03   1.0000313e+00   9.9836507e-01   9.9670160e-01
   2.0074167e+03   1.0000936e+00   9.9838272e-01   9.9667471e-01
   2.0075000e+03   1.0001483e+00   9.9839226e-01   9.9663926e-01
   2.0075833e+03   1.0001634e+00   9.9836241e-01   9.9656462e-01
   2.0076667e+03   5.0007119e-01   4.9914830e-01   4.9822708e-01
   2.0077500e+03   5.0006656e-01   4.9912087e-01   4.9817694e-01
   2.0078333e+03   5.0009232e-01   4.9912293e-01   4.9815538e-01
   2.0079167e+03   5.0011655e-01   4.9912319e-01   4.9813177e-01
   2.0080000e+03   5.0011357e-01   4.9909652e-01   4.9808151e-01
   2.0080833e+03   5.0008346e-01   4.9904302e-01   4.9800472e-01
   2.0081667e+03   5.0004922e-01   4.9898520e-01   4.9792341e-01
   2.0082500e+03   5.0003224e-01   4.9894399e-01   4.9785808e-01
   2.0083333e+03   5.0004981e-01   4.9893629e-01   4.9782521e-01
   2.0084167e+03   5.0008101e-01   4.9894163e-01   4.9780480e-01
   2.0085000e+03   5.0010789e-01   4.9894244e-01   4.9777967e-01
   2.0085833e+03   5.0011432e-01   4.9892298e-01   4.9773444e-01
   2.0086667e+03   5.0010231e-01   4.9888523e-01   4.9767106e-01
   2.0087500e+03   5.0009630e-01   4.9885304e-01   4.9761283e-01
   2.0088333e+03   5.0012152e-01   4.9885107e-01   4.9758380e-01
   2.0089167e+03   5.0014632e-01   4.9884839e-01   4.9755378e-01
   2.0090000e+03   5.0014461e-01   4.9881954e-01   4.9749794e-01
   2.0090833e+03   5.0011618e-01   4.9876436e-01   4.9741614e-01
   2.0091667e+03   5.0008367e-01   4.9870492e-01   4.9732992e-01
   2.0092500e+03   5.0006819e-01   4.9866180e-01   4.9725932e-01
   2.0093333e+03   5.0008656e-01   4.9865139e-01   4.9722029e-01
   2.0094167e+03   5.0011777e-01   4.9865320e-01   4.9719286e-01
   2.0095000e+03   5.0014417e-01   4.9865002e-01   4.9716029e-01
   2.0095833e+03   5.0014944e-01   4.9862599e-01   4.9710711e-01
   2.0096667e+03   5.0013591e-01   4.9858336e-01   4.9703556e-01
   2.0097500e+03   5.0012848e-01   4.9854638e-01   4.9696922e-01
   2.0098333e+03   5.0015314e-01   4.9854034e-01   4.9693267e-01
   2.0099167e+03   5.0017849e-01   4.9853467e-01   4.9689619e-01
   2.0100000e+03   5.0017802e-01   4.9850360e-01   4.9683473e-01
   2.0100833e+03   5.0015125e-01   4.9844669e-01   4.9674787e-01
   2.0101667e+03   5.0012046e-01   4.9838559e-01   4.9665667e-01
   2.0102500e+03   5.0010645e-01   4.9834052e-01   4.9658075e-01
   2.0103333e+03   5.0012560e-01   4.9832736e-01   4.9653551e-01
   2.0104167e+03   5.0015678e-01   4.9832559e-01   4.9650102e-01
   2.0105000e+03   5.0018267e-01   4.9831839e-01   4.9646097e-01
   2.0105833e+03   5.0018677e-01   4.9828974e-01   4.9639983e-01
   2.0106667e+03   5.0017168e-01   4.9824221e-01   4.9632009e-01
   2.0107500e+03   5.0016281e-01   4.9820041e-01   4.9624562e-01
   2.0108333e+03   5.0018688e-01   4.9819026e-01   4.9620152e-01
   2.0109167e+03   5.0021276e-01   4.9818157e-01   4.9615853e-01
   2.0110000e+03   5.0021350e-01   4.9814823e-01   4.9609138e-01
   2.0110833e+03   5.0018838e-01   4.9808954e-01   4.9599942e-01
   2.0111667e+03   5.0015927e-01   4.9802673e-01   4.9590319e-01
   2.0112500e+03   5.0014671e-01   4.9797966e-01   4.9582189e-01
   2.0113333e+03   5.0016661e-01   4.9796371e-01   4.9577040e-01
   2.0114167e+03   5.0019775e-01   4.9795832e-01   4.9572881e-01
   2.0115000e+03   5.0022311e-01   4.9794705e-01   4.9568125e-01
   2.0115833e+03   5.0022600e-01   4.9791377e-01   4.9561212e-01
   2.0116667e+03   5.0020934e-01   4.9786130e-01   4.9552418e-01
   2.0117500e+03   5.0019900e-01   4.9781466e-01   4.9544157e-01
   2.0118333e+03   5.0022245e-01   4.9780037e-01   4.9538989e-01
   2.0119167e+03   5.0024883e-01   4.9778860e-01   4.9534035e-01
   2.0120000e+03   5.0025077e-01   4.9775295e-01   4.9526747e-01
   2.0120833e+03   5.0022725e-01   4.9769245e-01   4.9517036e-01
   2.0121667e+03   5.0019981e-01   4.9762788e-01   4.9506905e-01
   2.0122500e+03   5.0018868e-01   4.9757876e-01   4.9498233e-01
   2.0123333e+03   5.0020932e-01   4.9755998e-01   4.9492453e-01
   2.0124167e+03   5.0024038e-01   4.9755093e-01   4.9487581e-01
   2.0125000e+03   5.0026518e-01   4.9753557e-01   4.9482070e-01
   2.0125833e+03   5.0026684e-01   4.9749762e-01   4.9474358e-01
   2.0126667e+03   5.0024857e-01   4.9744019e-01   4.9464743e-01
   2.0127500e+03   5.0023673e-01   4.9738867e-01   4.9455667e-01
   2.0128333e+03   5.0025954e-01   4.9737020e-01   4.9449739e-01
   2.0129167e+03   5.0028640e-01   4.9735532e-01   4.9444125e-01
   2.0130000e+03   5.0028951e-01   4.9731731e-01   4.9436260e-01
   2.0130833e+03   5.0026759e-01   4.9725495e-01   4.9426029e-01
   2.0131667e+03   5.0024180e-01   4.9718859e-01   4.9415385e-01
   2.0132500e+03   5.0023207e-01   4.9713738e-01   4.9406167e-01
   2.0133333e+03   5.0025341e-01   4.9711572e-01   4.9399753e-01
   2.0134167e+03   5.0028437e-01   4.9710298e-01   4.9394164e-01
   2.0135000e+03   5.0030859e-01   4.9708348e-01   4.9387897e-01
   2.0135833e+03   5.0030899e-01   4.9704083e-01   4.9379383e-01
   2.0136667e+03   5.0028908e-01   4.9697842e-01   4.9368947e-01
   2.0137500e+03   5.0027573e-01   4.9692200e-01   4.9359057e-01
   2.0138333e+03   5.0029787e-01   4.9689932e-01   4.9352366e-01
   2.0139167e+03   5.0032518e-01   4.9688128e-01   4.9346089e-01
   2.0140000e+03   5.0032944e-01   4.9684088e-01   4.9337643e-01
   2.0140833e+03   5.0030908e-01   4.9677661e-01   4.9326887e-01
   2.0141667e+03   5.0028491e-01   4.9670841e-01   4.9315727e-01
   2.0142500e+03   5.0027657e-01   4.9665507e-01   4.9305958e-01
   2.0143333e+03   5.0029860e-01   4.9663049e-01   4.9298906e-01
   2.0144167e+03   5.0032943e-01   4.9661403e-01   4.9292599e-01
   2.0145000e+03   5.0035304e-01   4.9659035e-01   4.9285573e-01
   2.0145833e+03   5.0035216e-01   4.9654298e-01   4.9276258e-01
   2.0146667e+03   5.0033059e-01   4.9647557e-01   4.9265001e-01
   2.0147500e+03   5.0031568e-01   4.9641423e-01   4.9254296e-01
   2.0148333e+03   5.0033713e-01   4.9638730e-01   4.9246840e-01
   2.0149167e+03   5.0036487e-01   4.9636607e-01   4.9239898e-01
   2.0150000e+03   5.0037025e-01   4.9632322e-01   4.9230866e-01
   2.0150833e+03   5.0035144e-01   4.9625701e-01   4.9219582e-01
   2.0151667e+03   5.0032887e-01   4.9618694e-01   4.9207902e-01
   2.0152500e+03   5.0032188e-01   4.9613142e-01   4.9197579e-01
   2.0153333e+03   5.0034457e-01   4.9610388e-01   4.9189886e-01
   2.0154167e+03   5.0037525e-01   4.9608365e-01   4.9182857e-01
   2.0155000e+03   5.0039823e-01   4.9605577e-01   4.9175072e-01
   2.0155833e+03   5.0039603e-01   4.9600366e-01   4.9164954e-01
   2.0156667e+03   5.0037277e-01   4.9593121e-01   4.9152878e-01
   2.0157500e+03   5.0035629e-01   4.9586493e-01   4.9141358e-01
   2.0158333e+03   5.0037701e-01   4.9583372e-01   4.9133138e-01
   2.0159167e+03   5.0040516e-01   4.9580926e-01   4.9125527e-01
   2.0160000e+03   5.0041165e-01   4.9576393e-01   4.9115907e-01
   2.0160833e+03   5.0039436e-01   4.9569574e-01   4.9104091e-01
   2.0161667e+03   5.0037337e-01   4.9562374e-01   4.9091887e-01
   2.0162500e+03   5.0036772e-01   4.9556601e-01   4.9081006e-01
   2.0163333e+03   5.0039104e-01   4.9553548e-01   4.9072669e-01
   2.0164167e+03   5.0042155e-01   4.9551144e-01   4.9064917e-01
   2.0165000e+03   5.0044386e-01   4.9547934e-01   4.9056371e-01
   2.0165833e+03   5.0044033e-01   4.9542245e-01   4.9045453e-01
   2.0166667e+03   5.0041535e-01   4.9534496e-01   4.9032558e-01
   2.0167500e+03   5.0039725e-01   4.9527371e-01   4.9020225e-01
   2.0168333e+03   5.0041723e-01   4.9523820e-01   4.9011239e-01
   2.0169167e+03   5.0044576e-01   4.9521047e-01   4.9002957e-01
   2.0170000e+03   5.0045333e-01   4.9516262e-01   4.8992746e-01
   2.0170833e+03   5.0043754e-01   4.9509240e-01   4.8980395e-01
   2.0171667e+03   5.0041810e-01   4.9501844e-01   4.8967664e-01
   2.0172500e+03   5.0041377e-01   4.9495846e-01   4.8956222e-01
   2.0173333e+03   5.0043770e-01   4.9492488e-01   4.8947238e-01
   2.0174167e+03   5.0046801e-01   4.9489702e-01   4.8938762e-01
   2.0175000e+03   5.0048963e-01   4.9486065e-01   4.8929456e-01
   2.0175833e+03   5.0048473e-01   4.9479897e-01   4.8917737e-01
   2.0176667e+03   2.5022900e-01   2.4735821e-01   2.4452013e-01
   2.0177500e+03   2.5021914e-01   2.4732009e-01   2.4445441e-01
   2.0178333e+03   2.5022874e-01   2.4730017e-01   2.4440564e-01
   2.0179167e+03   2.5024318e-01   2.4728465e-01   2.4436087e-01
   2.0180000e+03   2.5024750e-01   2.4725945e-01   2.4430684e-01
   2.0180833e+03   2.5024034e-01   2.4722330e-01   2.4424240e-01
   2.0181667e+03   2.5023139e-01   2.4718532e-01   2.4417610e-01
   2.0182500e+03   2.5022987e-01   2.4715419e-01   2.4411607e-01
   2.0183333e+03   2.5024213e-01   2.4713586e-01   2.4406791e-01
   2.0184167e+03   2.5025717e-01   2.4712000e-01   2.4402191e-01
   2.0185000e+03   2.5026762e-01   2.4709967e-01   2.4397157e-01
   2.0185833e+03   2.5026448e-01   2.4706642e-01   2.4390898e-01
   2.0186667e+03   2.5025023e-01   2.4702261e-01   2.4383636e-01
   2.0187500e+03   2.5023953e-01   2.4698199e-01   2.4376659e-01
   2.0188333e+03   2.5024874e-01   2.4695989e-01   2.4371400e-01
   2.0189167e+03   2.5026334e-01   2.4694270e-01   2.4366585e-01
   2.0190000e+03   2.5026817e-01   2.4691620e-01   2.4360885e-01
   2.0190833e+03   2.5026175e-01   2.4687900e-01   2.4354171e-01
   2.0191667e+03   2.5025355e-01   2.4684000e-01   2.4347274e-01
   2.0192500e+03   2.5025266e-01   2.4680770e-01   2.4340989e-01
   2.0193333e+03   2.5026520e-01   2.4678783e-01   2.4335848e-01
   2.0194167e+03   2.5028011e-01   2.4677001e-01   2.4330884e-01
   2.0195000e+03   2.5029020e-01   2.4674753e-01   2.4325470e-01
   2.0195833e+03   2.5028634e-01   2.4671186e-01   2.4318813e-01
   2.0196667e+03   2.5027119e-01   2.4666550e-01   2.4311145e-01
   2.0197500e+03   2.5025965e-01   2.4662237e-01   2.4303765e-01
   2.0198333e+03   2.5026845e-01   2.4659808e-01   2.4298123e-01
   2.0199167e+03   2.5028321e-01   2.4657921e-01   2.4292971e-01
   2.0200000e+03   2.5028854e-01   2.4655139e-01   2.4286972e-01
   2.0200833e+03   2.5028283e-01   2.4651312e-01   2.4279987e-01
   2.0201667e+03   2.5027537e-01   2.4647309e-01   2.4272823e-01
   2.0202500e+03   2.5027511e-01   2.4643960e-01   2.4266254e-01
   2.0203333e+03   2.5028792e-01   2.4641815e-01   2.4260788e-01
   2.0204167e+03   2.5030269e-01   2.4639838e-01   2.4255461e-01
   2.0205000e+03   2.5031239e-01   2.4637372e-01   2.4249668e-01
   2.0205833e+03   2.5030781e-01   2.4633563e-01   2.4242613e-01
   2.0206667e+03   2.5029175e-01   2.4628672e-01   2.4234542e-01
   2.0207500e+03   2.5027935e-01   2.4624108e-01   2.4226760e-01
   2.0208333e+03   2.5028772e-01   2.4621458e-01   2.4220737e-01
   2.0209167e+03   2.5030262e-01   2.4619401e-01   2.4215247e-01
   2.0210000e+03   2.5030844e-01   2.4616485e-01   2.4208948e-01
   2.0210833e+03   2.5030344e-01   2.4612550e-01   2.4201691e-01
   2.0211667e+03   2.5029672e-01   2.4608440e-01   2.4194260e-01
   2.0212500e+03   2.5029706e-01   2.4604972e-01   2.4187406e-01
   2.0213333e+03   2.5031013e-01   2.4602668e-01   2.4181614e-01
   2.0214167e+03   2.5032476e-01   2.4600493e-01   2.4175925e-01
   2.0215000e+03   2.5033406e-01   2.4597809e-01   2.4169752e-01
   2.0215833e+03   2.5032874e-01   2.4593757e-01   2.4162302e-01
   2.0216667e+03   2.5031175e-01   2.4588610e-01   2.4153829e-01
   2.0217500e+03   2.5029848e-01   2.4583794e-01   2.4145647e-01
   2.0218333e+03   2.5030641e-01   2.4580923e-01   2.4139244e-01
   2.0219167e+03   2.5032144e-01   2.4578694e-01   2.4133416e-01
   2.0220000e+03   2.5032774e-01   2.4575643e-01   2.4126817e-01
   2.0220833e+03   2.5032343e-01   2.4571597e-01   2.4119287e-01
   2.0221667e+03   2.5031743e-01   2.4567380e-01   2.4111587e-01
   2.0222500e+03   2.5031837e-01   2.4563790e-01   2.4104449e-01
   2.0223333e+03   2.5033169e-01   2.4561326e-01   2.4098330e-01
   2.0224167e+03   2.5034615e-01   2.4558951e-01   2.4092280e-01
   2.0225000e+03   2.5035504e-01   2.4556049e-01   2.4085729e-01
   2.0225833e+03   2.5034897e-01   2.4551753e-01   2.4077886e-01
   2.0226667e+03   2.5033103e-01   2.4546350e-01   2.4069013e-01
   2.0227500e+03   2.5031688e-01   2.4541281e-01   2.4060434e-01
   2.0228333e+03   2.5032436e-01   2.4538188e-01   2.4053650e-01
   2.0229167e+03   2.5033950e-01   2.4535786e-01   2.4047485e-01
   2.0230000e+03   2.5034628e-01   2.4532598e-01   2.4040585e-01
   2.0230833e+03   2.5034265e-01   2.4528439e-01   2.4032783e-01
   2.0231667e+03   2.5033736e-01   2.4524113e-01   2.4024815e-01
   2.0232500e+03   2.5033888e-01   2.4520399e-01   2.4017390e-01
   2.0233333e+03   2.5035244e-01   2.4517773e-01   2.4010946e-01
   2.0234167e+03   2.5036672e-01   2.4515199e-01   2.4004535e-01
   2.0235000e+03   2.5037519e-01   2.4512076e-01   2.3997607e-01
   2.0235833e+03   2.5036835e-01   2.4507536e-01   2.3989372e-01
   2.0236667e+03   2.5034946e-01   2.4501876e-01   2.3980103e-01
   2.0237500e+03   2.5033441e-01   2.4496555e-01   2.3971128e-01
   2.0238333e+03   2.5034142e-01   2.4493239e-01   2.3963967e-01
   2.0239167e+03   2.5035666e-01   2.4490661e-01   2.3957464e-01
   2.0240000e+03   2.5036390e-01   2.4487335e-01   2.3950264e-01
   2.0240833e+03   2.5036094e-01   2.4483063e-01   2.3942189e-01
   2.0241667e+03   2.5035635e-01   2.4478626e-01   2.3933951e-01
   2.0242500e+03   2.5035845e-01   2.4474786e-01   2.3926242e-01
   2.0243333e+03   2.5037222e-01   2.4471997e-01   2.3919472e-01
   2.0244167e+03   2.5038631e-01   2.4469222e-01   2.3912700e-01
   2.0245000e+03   2.5039435e-01   2.4465878e-01   2.3905398e-01
   2.0245833e+03   2.5038674e-01   2.4461093e-01   2.3896773e-01
   2.0246667e+03   2.5036687e-01   2.4455177e-01   2.3887110e-01
   2.0247500e+03   2.5035091e-01   2.4449602e-01   2.3877743e-01
   2.0248333e+03   2.5035744e-01   2.4446062e-01   2.3870205e-01
   2.0249167e+03   2.5037278e-01   2.4443308e-01   2.3863366e-01
   2.0250000e+03   2.5038045e-01   2.4439842e-01   2.3855866e-01
   2.0250833e+03   2.5037817e-01   2.4435455e-01   2.3847519e-01
   2.0251667e+03   2.5037430e-01   2.4430909e-01   2.3839015e-01
   2.0252500e+03   2.5037701e-01   2.4426947e-01   2.3831024e-01
   2.0253333e+03   2.5039101e-01   2.4423995e-01   2.3823931e-01
   2.0254167e+03   2.5040487e-01   2.4421014e-01   2.3816797e-01
   2.0255000e+03   2.5041239e-01   2.4417442e-01   2.3809116e-01
   2.0255833e+03   2.5040384e-01   2.4412399e-01   2.3800092e-01
   2.0256667e+03   2.5038279e-01   2.4406207e-01   2.3790021e-01
   2.0257500e+03   2.5036568e-01   2.4400359e-01   2.3780246e-01
   2.0258333e+03   2.5037158e-01   2.4396582e-01   2.3772322e-01
   2.0259167e+03   2.5038702e-01   2.4393653e-01   2.3765148e-01
   2.0260000e+03   2.5039527e-01   2.4390056e-01   2.3757358e-01
   2.0260833e+03   2.5039383e-01   2.4385569e-01   2.3748754e-01
   2.0261667e+03   2.5039084e-01   2.4380927e-01   2.3739995e-01
   2.0262500e+03   2.5039427e-01   2.4376851e-01   2.3731731e-01
   2.0263333e+03   2.5040853e-01   2.4373737e-01   2.3724317e-01
   2.0264167e+03   2.5042210e-01   2.4370546e-01   2.3716819e-01
   2.0265000e+03   2.5042900e-01   2.4366737e-01   2.3708752e-01
   2.0265833e+03   2.5041939e-01   2.4361423e-01   2.3699322e-01
   2.0266667e+03   2.5039702e-01   2.4354945e-01   2.3688835e-01
   2.0267500e+03   2.5037868e-01   2.4348816e-01   2.3678648e-01
   2.0268333e+03   2.5038391e-01   2.4344798e-01   2.3670336e-01
   2.0269167e+03   2.5039943e-01   2.4341689e-01   2.3662825e-01
   2.0270000e+03   2.5040822e-01   2.4337960e-01   2.3654744e-01
   2.0270833e+03   2.5040761e-01   2.4333370e-01   2.3645878e-01
   2.0271667e+03   2.5040548e-01   2.4328628e-01   2.3636864e-01
   2.0272500e+03   2.5040961e-01   2.4324434e-01   2.3628324e-01
   2.0273333e+03   2.5042410e-01   2.4321155e-01   2.3620587e-01
   2.0274167e+03   2.5043736e-01   2.4317750e-01   2.3612723e-01
   2.0275000e+03   2.5044363e-01   2.4313702e-01   2.3604271e-01
   2.0275833e+03   2.5043293e-01   2.4308117e-01   2.3594435e-01
   2.0276667e+03   1.2520461e-01   1.2150676e-01   1.1791767e-01
   2.0277500e+03   1.2519481e-01   1.2147470e-01   1.1786468e-01
   2.0278333e+03   1.2519708e-01   1.2145339e-01   1.1782118e-01
   2.0279167e+03   1.2520487e-01   1.2143694e-01   1.1778194e-01
   2.0280000e+03   1.2520953e-01   1.2141761e-01   1.1774006e-01
   2.0280833e+03   1.2520962e-01   1.2139412e-01   1.1769442e-01
   2.0281667e+03   1.2520898e-01   1.2136990e-01   1.1764806e-01
   2.0282500e+03   1.2521139e-01   1.2134832e-01   1.1760397e-01
   2.0283333e+03   1.2521873e-01   1.2133109e-01   1.1756366e-01
   2.0284167e+03   1.2522520e-01   1.2131299e-01   1.1752251e-01
   2.0285000e+03   1.2522801e-01   1.2129154e-01   1.1747832e-01
   2.0285833e+03   1.2522210e-01   1.2126225e-01   1.1742712e-01
   2.0286667e+03   1.2520957e-01   1.2122698e-01   1.1737056e-01
   2.0287500e+03   1.2519912e-01   1.2119350e-01   1.1731552e-01
   2.0288333e+03   1.2520104e-01   1.2117096e-01   1.1727009e-01
   2.0289167e+03   1.2520884e-01   1.2115358e-01   1.1722915e-01
   2.0290000e+03   1.2521375e-01   1.2113355e-01   1.1718580e-01
   2.0290833e+03   1.2521424e-01   1.2110952e-01   1.1713883e-01
   2.0291667e+03   1.2521401e-01   1.2108476e-01   1.1709116e-01
   2.0292500e+03   1.2521674e-01   1.2106257e-01   1.1704568e-01
   2.0293333e+03   1.2522419e-01   1.2104448e-01   1.1700374e-01
   2.0294167e+03   1.2523048e-01   1.2102528e-01   1.1696076e-01
   2.0295000e+03   1.2523294e-01   1.2100262e-01   1.1691465e-01
   2.0295833e+03   1.2522647e-01   1.2097196e-01   1.1686144e-01
   2.0296667e+03   1.2521325e-01   1.2093523e-01   1.1680283e-01
   2.0297500e+03   1.2520214e-01   1.2090033e-01   1.1674576e-01
   2.0298333e+03   1.2520369e-01   1.2087655e-01   1.1669839e-01
   2.0299167e+03   1.2521150e-01   1.2085824e-01   1.1665576e-01
   2.0300000e+03   1.2521665e-01   1.2083749e-01   1.1661091e-01
   2.0300833e+03   1.2521753e-01   1.2081289e-01   1.1656262e-01
   2.0301667e+03   1.2521771e-01   1.2078761e-01   1.1651365e-01
   2.0302500e+03   1.2522078e-01   1.2076479e-01   1.1646677e-01
   2.0303333e+03   1.2522831e-01   1.2074583e-01   1.1642321e-01
   2.0304167e+03   1.2523440e-01   1.2072552e-01   1.1637838e-01
   2.0305000e+03   1.2523648e-01   1.2070160e-01   1.1633033e-01
   2.0305833e+03   1.2522937e-01   1.2066951e-01   1.1627507e-01
   2.0306667e+03   1.2521535e-01   1.2063126e-01   1.1621437e-01
   2.0307500e+03   1.2520349e-01   1.2059483e-01   1.1615521e-01
   2.0308333e+03   1.2520459e-01   1.2056976e-01   1.1610587e-01
   2.0309167e+03   1.2521240e-01   1.2055050e-01   1.1606155e-01
   2.0310000e+03   1.2521782e-01   1.2052907e-01   1.1601525e-01
   2.0310833e+03   1.2521914e-01   1.2050395e-01   1.1596568e-01
   2.0311667e+03   1.2521979e-01   1.2047817e-01   1.1591546e-01
   2.0312500e+03   1.2522322e-01   1.2045476e-01   1.1586723e-01
   2.0313333e+03   1.2523084e-01   1.2043494e-01   1.1582205e-01
   2.0314167e+03   1.2523668e-01   1.2041349e-01   1.1577539e-01
   2.0315000e+03   1.2523833e-01   1.2038828e-01   1.1572539e-01
   2.0315833e+03   1.2523052e-01   1.2035471e-01   1.1566807e-01
   2.0316667e+03   1.2521565e-01   1.2031489e-01   1.1560527e-01
   2.0317500e+03   1.2520297e-01   1.2027693e-01   1.1554402e-01
   2.0318333e+03   1.2520361e-01   1.2025054e-01   1.1549273e-01
   2.0319167e+03   1.2521140e-01   1.2023033e-01   1.1544673e-01
   2.0320000e+03   1.2521708e-01   1.2020820e-01   1.1539899e-01
   2.0320833e+03   1.2521883e-01   1.2018256e-01   1.1534815e-01
   2.0321667e+03   1.2521992e-01   1.2015627e-01   1.1529668e-01
   2.0322500e+03   1.2522370e-01   1.2013226e-01   1.1524710e-01
   2.0323333e+03   1.2523139e-01   1.2011156e-01   1.1520033e-01
   2.0324167e+03   1.2523698e-01   1.2008897e-01   1.1515184e-01
   2.0325000e+03   1.2523818e-01   1.2006247e-01   1.1509992e-01
   2.0325833e+03   1.2522965e-01   1.2002742e-01   1.1504057e-01
   2.0326667e+03   1.2521391e-01   1.1998604e-01   1.1497570e-01
   2.0327500e+03   1.2520041e-01   1.1994654e-01   1.1491240e-01
   2.0328333e+03   1.2520056e-01   1.1991884e-01   1.1485919e-01
   2.0329167e+03   1.2520831e-01   1.1989767e-01   1.1481152e-01
   2.0330000e+03   1.2521423e-01   1.1987483e-01   1.1476235e-01
   2.0330833e+03   1.2521640e-01   1.1984865e-01   1.1471024e-01
   2.0331667e+03   1.2521792e-01   1.1982185e-01   1.1465753e-01
   2.0332500e+03   1.2522205e-01   1.1979722e-01   1.1460662e-01
   2.0333333e+03   1.2522979e-01   1.1977565e-01   1.1455827e-01
   2.0334167e+03   1.2523510e-01   1.1975190e-01   1.1450797e-01
   2.0335000e+03   1.2523584e-01   1.1972411e-01   1.1445415e-01
   2.0335833e+03   1.2522657e-01   1.1968759e-01   1.1439280e-01
   2.0336667e+03   1.2520994e-01   1.1964465e-01   1.1432590e-01
   2.0337500e+03   1.2519560e-01   1.1960361e-01   1.1426058e-01
   2.0338333e+03   1.2519525e-01   1.1957460e-01   1.1420546e-01
   2.0339167e+03   1.2520295e-01   1.1955246e-01   1.1415615e-01
   2.0340000e+03   1.2520911e-01   1.1952891e-01   1.1410556e-01
   2.0340833e+03   1.2521167e-01   1.1950218e-01   1.1405220e-01
   2.0341667e+03   1.2521361e-01   1.1947485e-01   1.1399826e-01
   2.0342500e+03   1.2521806e-01   1.1944960e-01   1.1394602e-01
   2.0343333e+03   1.2522584e-01   1.1942714e-01   1.1389609e-01
   2.0344167e+03   1.2523087e-01   1.1940224e-01   1.1384402e-01
   2.0345000e+03   1.2523112e-01   1.1937315e-01   1.1378833e-01
   2.0345833e+03   1.2522110e-01   1.1933517e-01   1.1372501e-01
   2.0346667e+03   6.2601785e-02   5.9645331e-02   5.6828054e-02
   2.0347500e+03   6.2594185e-02   5.9624049e-02   5.6794399e-02
   2.0348333e+03   6.2593751e-02   5.9608884e-02   5.6765902e-02
   2.0349167e+03   6.2597568e-02   5.9597328e-02   5.6740432e-02
   2.0350000e+03   6.2600752e-02   5.9585191e-02   5.6714436e-02
   2.0350833e+03   6.2602224e-02   5.9571549e-02   5.6687132e-02
   2.0351667e+03   6.2603401e-02   5.9557618e-02   5.6659553e-02
   2.0352500e+03   6.2605776e-02   5.9544674e-02   5.6632776e-02
   2.0353333e+03   6.2609679e-02   5.9532999e-02   5.6607037e-02
   2.0354167e+03   6.2612043e-02   5.9519970e-02   5.6580122e-02
   2.0355000e+03   6.2611919e-02   5.9504778e-02   5.6551351e-02
   2.0355833e+03   6.2606526e-02   5.9485051e-02   5.6518727e-02
   2.0356667e+03   6.2597300e-02   5.9462022e-02   5.6483294e-02
   2.0357500e+03   6.2589263e-02   5.9439976e-02   5.6448663e-02
   2.0358333e+03   6.2588563e-02   5.9424154e-02   5.6419242e-02
   2.0359167e+03   6.2592338e-02   5.9412109e-02   5.6392968e-02
   2.0360000e+03   6.2595622e-02   5.9399607e-02   5.6366276e-02
   2.0360833e+03   6.2597279e-02   5.9385682e-02   5.6338356e-02
   2.0361667e+03   6.2598652e-02   5.9371479e-02   5.6310171e-02
   2.0362500e+03   6.2601173e-02   5.9358215e-02   5.6282743e-02
   2.0363333e+03   6.2605080e-02   5.9346090e-02   5.6256238e-02
   2.0364167e+03   6.2607285e-02   5.9332482e-02   5.6228457e-02
   2.0365000e+03   6.2606904e-02   5.9316642e-02   5.6198777e-02
   2.0365833e+03   6.2601118e-02   5.9296183e-02   5.6165203e-02
   2.0366667e+03   6.2591425e-02   5.9272380e-02   5.6128807e-02
   2.0367500e+03   6.2582942e-02   5.9249573e-02   5.6093220e-02
   2.0368333e+03   6.2581966e-02   5.9233093e-02   5.6062890e-02
   2.0369167e+03   6.2585693e-02   5.9220557e-02   5.6035821e-02
   2.0370000e+03   6.2589069e-02   5.9207686e-02   5.6008441e-02
   2.0370833e+03   6.2590904e-02   5.9193474e-02   5.5979912e-02
   2.0371667e+03   6.2592465e-02   5.9178995e-02   5.5951128e-02
   2.0372500e+03   6.2595126e-02   5.9165407e-02   5.5923056e-02
   2.0373333e+03   6.2599029e-02   5.9152830e-02   5.5895794e-02
   2.0374167e+03   6.2601067e-02   5.9138641e-02   5.5867159e-02
   2.0375000e+03   6.2600421e-02   5.9122154e-02   5.5836585e-02
   2.0375833e+03   6.2594234e-02   5.9100964e-02   5.5802080e-02
   2.0376667e+03   6.2584064e-02   5.9076390e-02   5.5764741e-02
   2.0377500e+03   6.2575127e-02   5.9052825e-02   5.5728216e-02
   2.0378333e+03   6.2573869e-02   5.9035689e-02   5.5696993e-02
   2.0379167e+03   6.2577539e-02   5.9022660e-02   5.5669142e-02
   2.0380000e+03   6.2581000e-02   5.9009417e-02   5.5641082e-02
   2.0380833e+03   6.2583005e-02   5.8994913e-02   5.5611949e-02
   2.0381667e+03   6.2584748e-02   5.8980154e-02   5.5582574e-02
   2.0382500e+03   6.2587540e-02   5.8966238e-02   5.5553865e-02
   2.0383333e+03   6.2591432e-02   5.8953207e-02   5.5525856e-02
   2.0384167e+03   6.2593295e-02   5.8938437e-02   5.5496382e-02
   2.0385000e+03   6.2592375e-02   5.8921303e-02   5.5464930e-02
   2.0385833e+03   6.2585780e-02   5.8899386e-02   5.5429511e-02
   2.0386667e+03   6.2575126e-02   5.8874044e-02   5.5391251e-02
   2.0387500e+03   6.2565726e-02   5.8849724e-02   5.5353808e-02
   2.0388333e+03   6.2564177e-02   5.8831932e-02   5.5321708e-02
   2.0389167e+03   6.2567783e-02   5.8818408e-02   5.5293085e-02
   2.0390000e+03   6.2571321e-02   5.8804790e-02   5.5264355e-02
   2.0390833e+03   6.2573489e-02   5.8789992e-02   5.5234626e-02
   2.0391667e+03   6.2575405e-02   5.8774948e-02   5.5204667e-02
   2.0392500e+03   6.2578322e-02   5.8760701e-02   5.5175330e-02
   2.0393333e+03   6.2582196e-02   5.8747213e-02   5.5146585e-02
   2.0394167e+03   6.2583875e-02   5.8731863e-02   5.5116286e-02
   2.0395000e+03   6.2582674e-02   5.8714082e-02   5.5083972e-02
   2.0395833e+03   6.2575662e-02   5.8691440e-02   5.5047660e-02
   2.0396667e+03   6.2564515e-02   5.8665336e-02   5.5008498e-02
   2.0397500e+03   6.2554645e-02   5.8640264e-02   5.4970158e-02
   2.0398333e+03   6.2552797e-02   5.8621817e-02   5.4937197e-02
   2.0399167e+03   6.2556331e-02   5.8607797e-02   5.4907816e-02
   2.0400000e+03   6.2559938e-02   5.8593801e-02   5.4878425e-02
   2.0400833e+03   6.2562262e-02   5.8578705e-02   5.4848109e-02
   2.0401667e+03   6.2564345e-02   5.8563374e-02   5.4817573e-02
   2.0402500e+03   6.2567378e-02   5.8548792e-02   5.4787617e-02
   2.0403333e+03   6.2571226e-02   5.8534846e-02   5.4758148e-02
   2.0404167e+03   6.2572714e-02   5.8518915e-02   5.4727038e-02
   2.0405000e+03   6.2571224e-02   5.8500490e-02   5.4693879e-02
   2.0405833e+03   6.2563787e-02   5.8477126e-02   5.4656693e-02
   2.0406667e+03   6.2552139e-02   5.8450262e-02   5.4616652e-02
   2.0407500e+03   6.2541791e-02   5.8424444e-02   5.4577437e-02
   2.0408333e+03   6.2539635e-02   5.8405344e-02   5.4543633e-02
   2.0409167e+03   6.2543089e-02   5.8390827e-02   5.4513506e-02
   2.0410000e+03   6.2546759e-02   5.8376450e-02   5.4483464e-02
   2.0410833e+03   6.2549230e-02   5.8361052e-02   5.4452569e-02
   2.0411667e+03   6.2551473e-02   5.8345430e-02   5.4421465e-02
   2.0412500e+03   6.2554616e-02   5.8330511e-02   5.4390899e-02
   2.0413333e+03   6.2558429e-02   5.8316106e-02   5.4360718e-02
   2.0414167e+03   6.2559718e-02   5.8299593e-02   5.4328814e-02
   2.0415000e+03   6.2557931e-02   5.8280526e-02   5.4294828e-02
   2.0415833e+03   6.2550061e-02   5.8256444e-02   5.4256789e-02
   2.0416667e+03   6.2537904e-02   5.8228826e-02   5.4215891e-02
   2.0417500e+03   6.2527069e-02   5.8202264e-02   5.4175821e-02
   2.0418333e+03   6.2524599e-02   5.8182514e-02   5.4141193e-02
   2.0419167e+03   6.2527965e-02   5.8167499e-02   5.4110334e-02
   2.0420000e+03   6.2531689e-02   5.8152740e-02   5.4079653e-02
   2.0420833e+03   6.2534301e-02   5.8137037e-02   5.4048187e-02
   2.0421667e+03   6.2536696e-02   5.8121121e-02   5.4016525e-02
   2.0422500e+03   6.2539941e-02   5.8105862e-02   5.3985359e-02
   2.0423333e+03   6.2543712e-02   5.8090996e-02   5.3954479e-02
   2.0424167e+03   6.2544794e-02   5.8073904e-02   5.3921796e-02
   2.0425000e+03   6.2542701e-02   5.8054195e-02   5.3887001e-02
   2.0425833e+03   6.2534390e-02   5.8029399e-02   5.3848130e-02
   2.0426667e+03   6.2521716e-02   5.8001032e-02   5.3806398e-02
   2.0427500e+03   6.2510387e-02   5.7973733e-02   5.3765497e-02
   2.0428333e+03   6.2507593e-02   5.7953334e-02   5.3730063e-02
   2.0429167e+03   6.2510864e-02   5.7937820e-02   5.3698487e-02
   2.0430000e+03   6.2514635e-02   5.7922677e-02   5.3667176e-02
   2.0430833e+03   6.2517381e-02   5.7906667e-02   5.3635151e-02
   2.0431667e+03   6.2519920e-02   5.7890454e-02   5.3602939e-02
   2.0432500e+03   6.2523259e-02   5.7874852e-02   5.3571184e-02
   2.0433333e+03   6.2526981e-02   5.7859524e-02   5.3539618e-02
   2.0434167e+03   6.2527848e-02   5.7841854e-02   5.3506174e-02
   2.0435000e+03   6.2525442e-02   5.7821507e-02   5.3470589e-02
   2.0435833e+03   6.2516681e-02   5.7796001e-02   5.3430908e-02
   2.0436667e+03   6.2503482e-02   5.7766891e-02   5.3388365e-02
   2.0437500e+03   6.2491651e-02   5.7738858e-02   5.3346656e-02
   2.0438333e+03   6.2488526e-02   5.7717814e-02   5.3310436e-02
   2.0439167e+03   6.2491693e-02   5.7701802e-02   5.3278156e-02
   2.0440000e+03   6.2495503e-02   5.7686272e-02   5.3246229e-02
   2.0440833e+03   6.2498376e-02   5.7669952e-02   5.3213654e-02
   2.0441667e+03   6.2501052e-02   5.7653440e-02   5.3180903e-02
   2.0442500e+03   6.2504478e-02   5.7637494e-02   5.3148569e-02
   2.0443333e+03   6.2508142e-02   5.7621704e-02   5.3116333e-02
   2.0444167e+03   6.2508786e-02   5.7603456e-02   5.3082143e-02
   2.0445000e+03   6.2506059e-02   5.7582473e-02   5.3045788e-02
   2.0445833e+03   6.2496841e-02   5.7556263e-02   5.3005320e-02
   2.0446667e+03   6.2483109e-02   5.7526415e-02   5.2961990e-02
   2.0447500e+03   6.2470768e-02   5.7497655e-02   5.2919496e-02
   2.0448333e+03   6.2467304e-02   5.7475968e-02   5.2882509e-02
   2.0449167e+03   6.2470359e-02   5.7459458e-02   5.2849542e-02
   2.0450000e+03   6.2474201e-02   5.7443541e-02   5.2817011e-02
   2.0450833e+03   6.2477192e-02   5.7426909e-02   5.2783897e-02
   2.0451667e+03   6.2479999e-02   5.7410095e-02   5.2750617e-02
   2.0452500e+03   6.2483503e-02   5.7393802e-02   5.2717718e-02
   2.0453333e+03   6.2487103e-02   5.7377549e-02   5.2684824e-02
   2.0454167e+03   6.2487516e-02   5.7358726e-02   5.2649908e-02
   2.0455000e+03   6.2484459e-02   5.7337111e-02   5.2612803e-02
   2.0455833e+03   6.2474776e-02   5.7310201e-02   5.2571570e-02
   2.0456667e+03   6.2460504e-02   5.7279621e-02   5.2527477e-02
   2.0457500e+03   6.2447644e-02   5.7250141e-02   5.2484222e-02
   2.0458333e+03   6.2443834e-02   5.7227815e-02   5.2446490e-02
   2.0459167e+03   6.2446770e-02   5.7210807e-02   5.2412851e-02
   2.0460000e+03   6.2450636e-02   5.7194501e-02   5.2379729e-02
   2.0460833e+03   6.2453737e-02   5.7177555e-02   5.2346088e-02
   2.0461667e+03   6.2456666e-02   5.7160437e-02   5.2312290e-02
   2.0462500e+03   6.2460243e-02   5.7143796e-02   5.2278837e-02
   2.0463333e+03   6.2463769e-02   5.7127081e-02   5.2245301e-02
   2.0464167e+03   6.2463943e-02   5.7107685e-02   5.2209678e-02
   2.0465000e+03   6.2460549e-02   5.7085441e-02   5.2171842e-02
   2.0465833e+03   6.2450393e-02   5.7057836e-02   5.2129868e-02
   2.0466667e+03   6.2435573e-02   5.7026532e-02   5.2085038e-02
   2.0467500e+03   6.2422187e-02   5.6996337e-02   5.2041047e-02
   2.0468333e+03   6.2418022e-02   5.6973376e-02   5.2002590e-02
   2.0469167e+03   6.2420831e-02   5.6955871e-02   5.1968295e-02
   2.0470000e+03   6.2424713e-02   5.6939176e-02   5.1934596e-02
   2.0470833e+03   6.2427919e-02   5.6921914e-02   5.1900440e-02
   2.0471667e+03   6.2430962e-02   5.6904490e-02   5.1866136e-02
   2.0472500e+03   6.2434603e-02   5.6887501e-02   5.1832141e-02
   2.0473333e+03   6.2438048e-02   5.6870323e-02   5.1797979e-02
   2.0474167e+03   6.2437976e-02   5.6850356e-02   5.1761667e-02
   2.0475000e+03   6.2434237e-02   5.6827487e-02   5.1723123e-02
   2.0475833e+03   6.2423600e-02   5.6799194e-02   5.1680431e-02
   2.0476667e+03   6.2408224e-02   5.6767173e-02   5.1634890e-02
   2.0477500e+03   6.2394304e-02   5.6736269e-02   5.1590187e-02
   2.0478333e+03   6.2389777e-02   5.6712677e-02   5.1551027e-02
   2.0479167e+03   6.2392451e-02   5.6694677e-02   5.1516093e-02
   2.0480000e+03   6.2396342e-02   5.6677592e-02   5.1481831e-02
   2.0480833e+03   6.2399643e-02   5.6660012e-02   5.1447171e-02
   2.0481667e+03   6.2402794e-02   5.6642281e-02   5.1412375e-02
   2.0482500e+03   6.2406491e-02   5.6624942e-02   5.1377851e-02
   2.0483333e+03   6.2409848e-02   5.6607303e-02   5.1343080e-02
   2.0484167e+03   6.2409520e-02   5.6586768e-02   5.1306098e-02
   2.0485000e+03   6.2405428e-02   5.6563278e-02   5.1266866e-02
   2.0485833e+03   6.2394304e-02   5.6534303e-02   5.1223482e-02
   2.0486667e+03   6.2378364e-02   5.6501572e-02   5.1177254e-02
   2.0487500e+03   6.2363903e-02   5.6469968e-02   5.1131866e-02
   2.0488333e+03   6.2359005e-02   5.6445750e-02   5.1092025e-02
   2.0489167e+03   6.2361536e-02   5.6427255e-02   5.1056470e-02
   2.0490000e+03   6.2365428e-02   5.6409779e-02   5.1021659e-02
   2.0490833e+03   6.2368818e-02   5.6391881e-02   5.0986509e-02
   2.0491667e+03   6.2372068e-02   5.6373842e-02   5.0951232e-02
   2.0492500e+03   6.2375814e-02   5.6356151e-02   5.0916194e-02
   2.0493333e+03   6.2379075e-02   5.6338052e-02   5.0880829e-02
   2.0494167e+03   6.2378485e-02   5.6316952e-02   5.0843197e-02
   2.0495000e+03   6.2374032e-02   5.6292847e-02   5.0803301e-02
   2.0495833e+03   6.2362412e-02   5.6263196e-02   5.0759248e-02
   2.0496667e+03   6.2345901e-02   5.6229763e-02   5.0712361e-02
   2.0497500e+03   6.2330891e-02   5.6197465e-02   5.0666313e-02
   2.0498333e+03   6.2325615e-02   5.6172626e-02   5.0625813e-02
   2.0499167e+03   6.2327996e-02   5.6153639e-02   5.0589655e-02
   2.0500000e+03   6.2331881e-02   5.6135773e-02   5.0554310e-02
   2.0500833e+03   6.2335351e-02   5.6117555e-02   5.0518683e-02
   2.0501667e+03   6.2338693e-02   5.6099206e-02   5.0482937e-02
   2.0502500e+03   6.2342479e-02   5.6081164e-02   5.0447399e-02
   2.0503333e+03   6.2345637e-02   5.6062607e-02   5.0411459e-02
   2.0504167e+03   6.2344782e-02   5.6040950e-02   5.0373202e-02
   2.0505000e+03   6.2339969e-02   5.6016239e-02   5.0332667e-02
   2.0505833e+03   6.2327858e-02   5.5985931e-02   5.0287979e-02
   2.0506667e+03   6.2310786e-02   5.5951817e-02   5.0240470e-02
   2.0507500e+03   6.2295239e-02   5.5918849e-02   5.0193800e-02
   2.0508333e+03   6.2289590e-02   5.5893405e-02   5.0152673e-02
   2.0509167e+03   6.2291819e-02   5.5873933e-02   5.0115935e-02
   2.0510000e+03   6.2295690e-02   5.5855679e-02   5.0080074e-02
   2.0510833e+03   6.2299231e-02   5.5837140e-02   5.0043984e-02
   2.0511667e+03   6.2302654e-02   5.5818479e-02   5.0007785e-02
   2.0512500e+03   6.2306472e-02   5.5800086e-02   4.9971763e-02
   2.0513333e+03   6.2309523e-02   5.5781077e-02   4.9935269e-02
   2.0514167e+03   6.2308403e-02   5.5758873e-02   4.9896414e-02
   2.0515000e+03   6.2303230e-02   5.5733571e-02   4.9855272e-02
   2.0515833e+03   6.2290631e-02   5.5702621e-02   4.9809982e-02
   2.0516667e+03   6.2272999e-02   5.5667843e-02   4.9761884e-02
   2.0517500e+03   6.2256913e-02   5.5634219e-02   4.9714624e-02
   2.0518333e+03   6.2250889e-02   5.5608181e-02   4.9672899e-02
   2.0519167e+03   6.2252959e-02   5.5588229e-02   4.9635603e-02
   2.0520000e+03   6.2256810e-02   5.5569590e-02   4.9599246e-02
   2.0520833e+03   6.2260413e-02   5.5550731e-02   4.9562711e-02
   2.0521667e+03   6.2263910e-02   5.5531760e-02   4.9526075e-02
   2.0522500e+03   6.2267754e-02   5.5513018e-02   4.9489587e-02
   2.0523333e+03   6.2270691e-02   5.5493562e-02   4.9452562e-02
   2.0524167e+03   6.2269297e-02   5.5470818e-02   4.9413133e-02
   2.0525000e+03   6.2263758e-02   5.5444931e-02   4.9371409e-02
   2.0525833e+03   6.2250664e-02   5.5413349e-02   4.9325546e-02
   2.0526667e+03   6.2232466e-02   5.5377918e-02   4.9276890e-02
   2.0527500e+03   6.2215836e-02   5.5343649e-02   4.9229070e-02
   2.0528333e+03   6.2209428e-02   5.5317023e-02   4.9186772e-02
   2.0529167e+03   6.2211333e-02   5.5296597e-02   4.9148941e-02
   2.0530000e+03   6.2215155e-02   5.5277575e-02   4.9112107e-02
   2.0530833e+03   6.2218815e-02   5.5258400e-02   4.9075145e-02
   2.0531667e+03   6.2222379e-02   5.5239121e-02   4.9038090e-02
   2.0532500e+03   6.2226241e-02   5.5220033e-02   4.9001156e-02
   2.0533333e+03   6.2229056e-02   5.5200132e-02   4.8963620e-02
   2.0534167e+03   6.2227383e-02   5.5176855e-02   4.8923642e-02
   2.0535000e+03   6.2221471e-02   5.5150392e-02   4.8881363e-02
   2.0535833e+03   6.2207875e-02   5.5118187e-02   4.8834955e-02
   2.0536667e+03   6.2189104e-02   5.5082115e-02   4.8785770e-02
   2.0537500e+03   6.2171922e-02   5.5047210e-02   4.8737420e-02
   2.0538333e+03   6.2165126e-02   5.5020006e-02   4.8694576e-02
   2.0539167e+03   6.2166858e-02   5.4999110e-02   4.8656232e-02
   2.0540000e+03   6.2170645e-02   5.4979709e-02   4.8618941e-02
   2.0540833e+03   6.2174354e-02   5.4960219e-02   4.8581570e-02
   2.0541667e+03   6.2177977e-02   5.4940634e-02   4.8544115e-02
   2.0542500e+03   6.2181850e-02   5.4921203e-02   4.8506753e-02
   2.0543333e+03   6.2184537e-02   5.4900863e-02   4.8468729e-02
   2.0544167e+03   6.2182577e-02   5.4877059e-02   4.8428226e-02
   2.0545000e+03   6.2176285e-02   5.4850029e-02   4.8385419e-02
   2.0545833e+03   6.2162181e-02   5.4817211e-02   4.8338494e-02
   2.0546667e+03   6.2142832e-02   5.4780508e-02   4.8288811e-02
   2.0547500e+03   6.2125092e-02   5.4744980e-02   4.8239960e-02
   2.0548333e+03   6.2117899e-02   5.4717205e-02   4.8196597e-02
   2.0549167e+03   6.2119451e-02   5.4695845e-02   4.8157763e-02
   2.0550000e+03   6.2123196e-02   5.4676069e-02   4.8120035e-02
   2.0550833e+03   6.2126947e-02   5.4656266e-02   4.8082273e-02
   2.0551667e+03   6.2130623e-02   5.4636378e-02   4.8044436e-02
   2.0552500e+03   6.2134500e-02   5.4616607e-02   4.8006666e-02
   2.0553333e+03   6.2137052e-02   5.4595833e-02   4.7968175e-02
   2.0554167e+03   6.2134798e-02   5.4571508e-02   4.7927172e-02
   2.0555000e+03   6.2128118e-02   5.4543919e-02   4.7883863e-02
   2.0555833e+03   6.2113500e-02   5.4510499e-02   4.7836452e-02
   2.0556667e+03   6.2093566e-02   5.4473177e-02   4.7786300e-02
   2.0557500e+03   6.2075262e-02   5.4437036e-02   4.7736977e-02
   2.0558333e+03   6.2067665e-02   5.4408700e-02   4.7693121e-02
   2.0559167e+03   6.2069031e-02   5.4386881e-02   4.7653821e-02
   2.0560000e+03   6.2072726e-02   5.4366733e-02   4.7615677e-02
   2.0560833e+03   6.2076512e-02   5.4346621e-02   4.7577543e-02
   2.0561667e+03   6.2080235e-02   5.4326433e-02   4.7539342e-02
   2.0562500e+03   6.2084108e-02   5.4306324e-02   4.7501183e-02
   2.0563333e+03   6.2086517e-02   5.4285121e-02   4.7462248e-02
   2.0564167e+03   6.2083963e-02   5.4260284e-02   4.7420770e-02
   2.0565000e+03   6.2076890e-02   5.4232144e-02   4.7376986e-02
   2.0565833e+03   6.2061750e-02   5.4198132e-02   4.7329116e-02
   2.0566667e+03   6.2041225e-02   5.4160204e-02   4.7278525e-02
   2.0567500e+03   6.2022351e-02   5.4123461e-02   4.7228760e-02
   2.0568333e+03   6.2014345e-02   5.4094572e-02   4.7184440e-02
   2.0569167e+03   6.2015516e-02   5.4072301e-02   4.7144696e-02
   2.0570000e+03   6.2019156e-02   5.4051786e-02   4.7106155e-02
   2.0570833e+03   6.2022970e-02   5.4031367e-02   4.7067669e-02
   2.0571667e+03   6.2026731e-02   5.4010881e-02   4.7029123e-02
   2.0572500e+03   6.2030594e-02   5.3990439e-02   4.6990594e-02
   2.0573333e+03   6.2032854e-02   5.3968812e-02   4.6951237e-02
   2.0574167e+03   6.2029992e-02   5.3943470e-02   4.6909310e-02
   2.0575000e+03   6.2022518e-02   5.3914788e-02   4.6865076e-02
   2.0575833e+03   6.2006852e-02   5.3880196e-02   4.6816777e-02
   2.0576667e+03   6.1985729e-02   5.3841672e-02   4.6765778e-02
   2.0577500e+03   6.1966279e-02   5.3804340e-02   4.6715601e-02
   2.0578333e+03   6.1957857e-02   5.3774908e-02   4.6670842e-02
   2.0579167e+03   6.1958827e-02   5.3752190e-02   4.6630677e-02
   2.0580000e+03   6.1962403e-02   5.3731312e-02   4.6591761e-02
   2.0580833e+03   6.1966238e-02   5.3710590e-02   4.6552941e-02
   2.0581667e+03   6.1970031e-02   5.3689809e-02   4.6514068e-02
   2.0582500e+03   6.1973877e-02   5.3669037e-02   4.6475190e-02
   2.0583333e+03   6.1975979e-02   5.3646992e-02   4.6435433e-02
   2.0584167e+03   6.1972803e-02   5.3621153e-02   4.6393082e-02
   2.0585000e+03   6.1964923e-02   5.3591938e-02   4.6348427e-02
   2.0585833e+03   6.1948723e-02   5.3556777e-02   4.6299727e-02
   2.0586667e+03   6.1926998e-02   5.3517670e-02   4.6248349e-02
   2.0587500e+03   6.1906966e-02   5.3479761e-02   4.6197789e-02
   2.0588333e+03   6.1898120e-02   5.3449795e-02   4.6152619e-02
   2.0589167e+03   6.1898883e-02   5.3426637e-02   4.6112057e-02
   2.0590000e+03   6.1902388e-02   5.3405399e-02   4.6072786e-02
   2.0590833e+03   6.1906237e-02   5.3384378e-02   4.6033651e-02
   2.0591667e+03   6.1910054e-02   5.3363306e-02   4.5994471e-02
   2.0592500e+03   6.1913876e-02   5.3342208e-02   4.5955263e-02
   2.0593333e+03   6.1915815e-02   5.3319750e-02   4.5915128e-02
   2.0594167e+03   6.1912318e-02   5.3293422e-02   4.5872378e-02
   2.0595000e+03   6.1904024e-02   5.3263684e-02   4.5827328e-02
   2.0595833e+03   6.1887285e-02   5.3227965e-02   4.5778256e-02
   2.0596667e+03   6.1864951e-02   5.3188288e-02   4.5726530e-02
   2.0597500e+03   6.1844331e-02   5.3149814e-02   4.5675617e-02
   2.0598333e+03   6.1835056e-02   5.3119324e-02   4.5630062e-02
   2.0599167e+03   6.1835604e-02   5.3095732e-02   4.5589127e-02
   2.0600000e+03   6.1839032e-02   5.3074141e-02   4.5549522e-02
   2.0600833e+03   6.1842887e-02   5.3052823e-02   4.5510091e-02
   2.0601667e+03   6.1846723e-02   5.3031463e-02   4.5470623e-02
   2.0602500e+03   6.1850513e-02   5.3010044e-02   4.5431105e-02
   2.0603333e+03   6.1852281e-02   5.2987179e-02   4.5390616e-02
   2.0604167e+03   6.1848456e-02   5.2960370e-02   4.5347492e-02
   2.0605000e+03   6.1839743e-02   5.2930118e-02   4.5302073e-02
   2.0605833e+03   6.1822459e-02   5.2893853e-02   4.5252658e-02
   2.0606667e+03   6.1799510e-02   5.2853619e-02   4.5200613e-02
   2.0607500e+03   6.1778297e-02   5.2814592e-02   4.5149376e-02
   2.0608333e+03   6.1768587e-02   5.2783588e-02   4.5103464e-02
   2.0609167e+03   6.1768913e-02   5.2759570e-02   4.5062178e-02
   2.0610000e+03   6.1772256e-02   5.2737629e-02   4.5022260e-02
   2.0610833e+03   6.1776111e-02   5.2716019e-02   4.4982553e-02
   2.0611667e+03   6.1779957e-02   5.2694375e-02   4.4942815e-02
   2.0612500e+03   6.1783709e-02   5.2672639e-02   4.4903008e-02
   2.0613333e+03   6.1785300e-02   5.2649374e-02   4.4862186e-02
   2.0614167e+03   6.1781140e-02   5.2622093e-02   4.4818714e-02
   2.0615000e+03   6.1772001e-02   5.2591337e-02   4.4772954e-02
   2.0615833e+03   6.1754165e-02   5.2554538e-02   4.4723225e-02
   2.0616667e+03   6.1730597e-02   5.2513760e-02   4.4670889e-02
   2.0617500e+03   6.1708785e-02   5.2474193e-02   4.4619358e-02
   2.0618333e+03   6.1698633e-02   5.2442685e-02   4.4573116e-02
   2.0619167e+03   6.1698731e-02   5.2418247e-02   4.4531503e-02
   2.0620000e+03   6.1701982e-02   5.2395962e-02   4.4491293e-02
   2.0620833e+03   6.1705830e-02   5.2374064e-02   4.4451329e-02
   2.0621667e+03   6.1709680e-02   5.2352140e-02   4.4411341e-02
   2.0622500e+03   6.1713386e-02   5.2330091e-02   4.4371264e-02
   2.0623333e+03   6.1714792e-02   5.2306432e-02   4.4330133e-02
   2.0624167e+03   6.1710292e-02   5.2278687e-02   4.4286337e-02
   2.0625000e+03   6.1700720e-02   5.2247438e-02   4.4240263e-02
   2.0625833e+03   6.1682328e-02   5.2210117e-02   4.4190247e-02
   2.0626667e+03   6.1658135e-02   5.2168808e-02   4.4137652e-02
   2.0627500e+03   6.1635719e-02   5.2128714e-02   4.4085855e-02
   2.0628333e+03   6.1625119e-02   5.2096713e-02   4.4039310e-02
   2.0629167e+03   6.1624982e-02   5.2071862e-02   4.3997393e-02
   2.0630000e+03   6.1628134e-02   5.2049239e-02   4.3956912e-02
   2.0630833e+03   6.1631967e-02   5.2027056e-02   4.3916710e-02
   2.0631667e+03   6.1635813e-02   5.2004856e-02   4.3876491e-02
   2.0632500e+03   6.1639467e-02   5.1982499e-02   4.3836165e-02
   2.0633333e+03   6.1640682e-02   5.1958454e-02   4.3794747e-02
   2.0634167e+03   6.1635834e-02   5.1930254e-02   4.3750653e-02
   2.0635000e+03   6.1625824e-02   5.1898522e-02   4.3704290e-02
   2.0635833e+03   6.1606870e-02   5.1860691e-02   4.3654017e-02
   2.0636667e+03   6.1582047e-02   5.1818865e-02   4.3601191e-02
   2.0637500e+03   6.1559021e-02   5.1778257e-02   4.3549158e-02
   2.0638333e+03   6.1547967e-02   5.1745773e-02   4.3502335e-02
   2.0639167e+03   6.1547588e-02   5.1720517e-02   4.3460138e-02
   2.0640000e+03   6.1550635e-02   5.1697561e-02   4.3419407e-02
   2.0640833e+03   6.1554447e-02   5.1675099e-02   4.3378988e-02
   2.0641667e+03   6.1558282e-02   5.1652627e-02   4.3338557e-02
   2.0642500e+03   6.1561876e-02   5.1629967e-02   4.3298001e-02
   2.0643333e+03   6.1562893e-02   5.1605542e-02   4.3256318e-02
   2.0644167e+03   6.1557692e-02   5.1576897e-02   4.3211952e-02
   2.0645000e+03   6.1547237e-02   5.1544692e-02   4.3165327e-02
   2.0645833e+03   6.1527716e-02   5.1506364e-02   4.3114824e-02
   2.0646667e+03   6.1502258e-02   5.1464034e-02   4.3061796e-02
   2.0647500e+03   6.1478617e-02   5.1422925e-02   4.3009555e-02
   2.0648333e+03   6.1467104e-02   5.1389970e-02   4.2962482e-02
   2.0649167e+03   6.1466476e-02   5.1364316e-02   4.2920028e-02
   2.0650000e+03   6.1469410e-02   5.1341033e-02   4.2879069e-02
   2.0650833e+03   6.1473193e-02   5.1318296e-02   4.2838450e-02
   2.0651667e+03   6.1477011e-02   5.1295557e-02   4.2797827e-02
   2.0652500e+03   6.1480538e-02   5.1272599e-02   4.2757062e-02
   2.0653333e+03   6.1481350e-02   5.1247801e-02   4.2715137e-02
   2.0654167e+03   6.1475789e-02   5.1218720e-02   4.2670523e-02
   2.0655000e+03   6.1464884e-02   5.1186053e-02   4.2623662e-02
   2.0655833e+03   6.1444790e-02   5.1147241e-02   4.2572958e-02
   2.0656667e+03   6.1418692e-02   5.1104421e-02   4.2519756e-02
   2.0657500e+03   6.1394432e-02   5.1062826e-02   4.2467336e-02
   2.0658333e+03   6.1382453e-02   5.1029410e-02   4.2420039e-02
   2.0659167e+03   6.1381570e-02   5.1003367e-02   4.2377351e-02
   2.0660000e+03   6.1384385e-02   5.0979762e-02   4.2336184e-02
   2.0660833e+03   6.1388133e-02   5.0956755e-02   4.2295386e-02
   2.0661667e+03   6.1391926e-02   5.0933754e-02   4.2254590e-02
   2.0662500e+03   6.1395379e-02   5.0910503e-02   4.2213636e-02
   2.0663333e+03   6.1395979e-02   5.0885339e-02   4.2171491e-02
   2.0664167e+03   6.1390052e-02   5.0855831e-02   4.2126654e-02
   2.0665000e+03   6.1378691e-02   5.0822714e-02   4.2079584e-02
   2.0665833e+03   6.1358019e-02   5.0783430e-02   4.2028705e-02
   2.0666667e+03   6.1331277e-02   5.0740135e-02   4.1975359e-02
   2.0667500e+03   6.1306393e-02   5.0698067e-02   4.1922787e-02
   2.0668333e+03   6.1293943e-02   5.0664201e-02   4.1875293e-02
   2.0669167e+03   6.1292798e-02   5.0637777e-02   4.1832394e-02
   2.0670000e+03   6.1295487e-02   5.0613857e-02   4.1791040e-02
   2.0670833e+03   6.1299192e-02   5.0590585e-02   4.1750082e-02
   2.0671667e+03   6.1302953e-02   5.0567326e-02   4.1709131e-02
   2.0672500e+03   6.1306325e-02   5.0543788e-02   4.1668008e-02
   2.0673333e+03   6.1306708e-02   5.0518266e-02   4.1625667e-02
   2.0674167e+03   6.1300408e-02   5.0488341e-02   4.1580631e-02
   2.0675000e+03   6.1288586e-02   5.0454785e-02   4.1533377e-02
   2.0675833e+03   6.1267331e-02   5.0415043e-02   4.1482352e-02
   2.0676667e+03   6.1239940e-02   5.0371286e-02   4.1428889e-02
   2.0677500e+03   6.1214427e-02   5.0328759e-02   4.1376194e-02
   2.0678333e+03   6.1201501e-02   5.0294455e-02   4.1328528e-02
   2.0679167e+03   6.1200088e-02   5.0267658e-02   4.1285441e-02
   2.0680000e+03   6.1202643e-02   5.0243430e-02   4.1243920e-02
   2.0680833e+03   6.1206298e-02   5.0219897e-02   4.1202822e-02
   2.0681667e+03   6.1210021e-02   5.0196385e-02   4.1161736e-02
   2.0682500e+03   6.1213306e-02   5.0172567e-02   4.1120464e-02
   2.0683333e+03   6.1213463e-02   5.0146693e-02   4.1077948e-02
   2.0684167e+03   6.1206785e-02   5.0116362e-02   4.1032737e-02
   2.0685000e+03   6.1194495e-02   5.0082377e-02   4.0985326e-02
   2.0685833e+03   6.1172653e-02   5.0042191e-02   4.0934181e-02
   2.0686667e+03   6.1144610e-02   4.9997987e-02   4.0880629e-02
   2.0687500e+03   6.1118463e-02   4.9955015e-02   4.0827838e-02
   2.0688333e+03   6.1105055e-02   4.9920285e-02   4.0780026e-02
   2.0689167e+03   6.1103367e-02   4.9893123e-02   4.0736775e-02
   2.0690000e+03   6.1105782e-02   4.9868592e-02   4.0695108e-02
   2.0690833e+03   6.1109381e-02   4.9844805e-02   4.0653888e-02
   2.0691667e+03   6.1113058e-02   4.9821046e-02   4.0612686e-02
   2.0692500e+03   6.1116248e-02   4.9796953e-02   4.0571285e-02
   2.0693333e+03   6.1116174e-02   4.9770736e-02   4.0528616e-02
   2.0694167e+03   6.1109112e-02   4.9740009e-02   4.0483256e-02
   2.0695000e+03   6.1096350e-02   4.9705607e-02   4.0435711e-02
   2.0695833e+03   6.1073915e-02   4.9664989e-02   4.0384474e-02
   2.0696667e+03   6.1045215e-02   4.9620353e-02   4.0330860e-02
   2.0697500e+03   6.1018431e-02   4.9576950e-02   4.0278001e-02
   2.0698333e+03   6.1004536e-02   4.9541806e-02   4.0230069e-02
   2.0699167e+03   6.1002567e-02   4.9514288e-02   4.0186675e-02
   2.0700000e+03   6.1004835e-02   4.9489462e-02   4.0144883e-02
   2.0700833e+03   6.1008371e-02   4.9465425e-02   4.0103561e-02
   2.0701667e+03   6.1011994e-02   4.9441425e-02   4.0062262e-02
   2.0702500e+03   6.1015084e-02   4.9417061e-02   4.0020750e-02
   2.0703333e+03   6.1014771e-02   4.9390510e-02   3.9977950e-02
   2.0704167e+03   6.1007319e-02   4.9359397e-02   3.9932465e-02
   2.0705000e+03   6.0994079e-02   4.9324590e-02   3.9884813e-02
   2.0705833e+03   6.0971049e-02   4.9283555e-02   3.9833509e-02
   2.0706667e+03   6.0941687e-02   4.9238501e-02   3.9779861e-02
   2.0707500e+03   6.0914262e-02   4.9194682e-02   3.9726960e-02
   2.0708333e+03   6.0899874e-02   4.9159135e-02   3.9678932e-02
   2.0709167e+03   6.0897619e-02   4.9131269e-02   3.9635418e-02
   2.0710000e+03   6.0899733e-02   4.9106155e-02   3.9593521e-02
   2.0710833e+03   6.0903198e-02   4.9081875e-02   3.9552116e-02
   2.0711667e+03   6.0906762e-02   4.9057638e-02   3.9510738e-02
   2.0712500e+03   6.0909743e-02   4.9033012e-02   3.9469137e-02
   2.0713333e+03   6.0909186e-02   4.9006134e-02   3.9426228e-02
   2.0714167e+03   6.0901339e-02   4.8974645e-02   3.9380640e-02
   2.0715000e+03   6.0887616e-02   4.8939445e-02   3.9332905e-02
   2.0715833e+03   6.0863985e-02   4.8898006e-02   3.9281561e-02
   2.0716667e+03   6.0833959e-02   4.8852549e-02   3.9227905e-02
   2.0717500e+03   6.0805889e-02   4.8808328e-02   3.9174989e-02
   2.0718333e+03   6.0791003e-02   4.8772391e-02   3.9126890e-02
   2.0719167e+03   6.0788455e-02   4.8744188e-02   3.9083279e-02
   2.0720000e+03   6.0790409e-02   4.8718791e-02   3.9041297e-02
   2.0720833e+03   6.0793796e-02   4.8694274e-02   3.8999827e-02
   2.0721667e+03   6.0797294e-02   4.8669806e-02   3.8958390e-02
   2.0722500e+03   6.0800160e-02   4.8644924e-02   3.8916718e-02
   2.0723333e+03   6.0799352e-02   4.8617728e-02   3.8873721e-02
   2.0724167e+03   6.0791103e-02   4.8585873e-02   3.8828055e-02
   2.0725000e+03   6.0776893e-02   4.8550293e-02   3.8780262e-02
   2.0725833e+03   6.0752657e-02   4.8508463e-02   3.8728903e-02
   2.0726667e+03   6.0721963e-02   4.8462619e-02   3.8675265e-02
   2.0727500e+03   6.0693244e-02   4.8418011e-02   3.8622360e-02
   2.0728333e+03   6.0677857e-02   4.8381696e-02   3.8574215e-02
   2.0729167e+03   6.0675009e-02   4.8353163e-02   3.8530528e-02
   2.0730000e+03   6.0676796e-02   4.8327493e-02   3.8488481e-02
   2.0730833e+03   6.0680099e-02   4.8302744e-02   3.8446966e-02
   2.0731667e+03   6.0683524e-02   4.8278051e-02   3.8405487e-02
   2.0732500e+03   6.0686268e-02   4.8252918e-02   3.8363764e-02
   2.0733333e+03   6.0685203e-02   4.8225413e-02   3.8320700e-02
   2.0734167e+03   6.0676547e-02   4.8193204e-02   3.8274979e-02
   2.0735000e+03   6.0661844e-02   4.8157255e-02   3.8227152e-02
   2.0735833e+03   6.0636999e-02   4.8115050e-02   3.8175803e-02
   2.0736667e+03   6.0605635e-02   4.8068832e-02   3.8122210e-02
   2.0737500e+03   6.0576264e-02   4.8023853e-02   3.8069340e-02
   2.0738333e+03   6.0560370e-02   4.7987172e-02   3.8021174e-02
   2.0739167e+03   6.0557216e-02   4.7958319e-02   3.7977432e-02
   2.0740000e+03   6.0558830e-02   4.7932381e-02   3.7935341e-02
   2.0740833e+03   6.0562043e-02   4.7907407e-02   3.7893798e-02
   2.0741667e+03   6.0565386e-02   4.7882496e-02   3.7852297e-02
   2.0742500e+03   6.0568002e-02   4.7857120e-02   3.7810541e-02
   2.0743333e+03   6.0566674e-02   4.7829313e-02   3.7767432e-02
   2.0744167e+03   6.0557607e-02   4.7796761e-02   3.7721677e-02
   2.0745000e+03   6.0542406e-02   4.7760455e-02   3.7673840e-02
   2.0745833e+03   6.0516949e-02   4.7717888e-02   3.7622527e-02
   2.0746667e+03   6.0484910e-02   4.7671314e-02   3.7569003e-02
   2.0747500e+03   6.0454884e-02   4.7625977e-02   3.7516195e-02
   2.0748333e+03   6.0438479e-02   4.7588943e-02   3.7468030e-02
   2.0749167e+03   6.0435015e-02   4.7559780e-02   3.7424256e-02
   2.0750000e+03   6.0436448e-02   4.7533582e-02   3.7382139e-02
   2.0750833e+03   6.0439563e-02   4.7508390e-02   3.7340588e-02
   2.0751667e+03   6.0442821e-02   4.7483266e-02   3.7299082e-02
   2.0752500e+03   6.0445304e-02   4.7457655e-02   3.7257313e-02
   2.0753333e+03   6.0443713e-02   4.7429560e-02   3.7214181e-02
   2.0754167e+03   6.0434242e-02   4.7396683e-02   3.7168421e-02
   2.0755000e+03   6.0418558e-02   4.7360045e-02   3.7120604e-02
   2.0755833e+03   6.0392513e-02   4.7317147e-02   3.7069360e-02
   2.0756667e+03   6.0359832e-02   4.7270252e-02   3.7015941e-02
   2.0757500e+03   6.0329187e-02   4.7224596e-02   3.6963231e-02
   2.0758333e+03   6.0312298e-02   4.7187241e-02   3.6915102e-02
   2.0759167e+03   6.0308538e-02   4.7157790e-02   3.6871324e-02
   2.0760000e+03   6.0309798e-02   4.7131348e-02   3.6829205e-02
   2.0760833e+03   6.0312816e-02   4.7105947e-02   3.6787665e-02
   2.0761667e+03   6.0315986e-02   4.7080621e-02   3.6746174e-02
   2.0762500e+03   6.0318337e-02   4.7054786e-02   3.6704413e-02
   2.0763333e+03   6.0316491e-02   4.7026419e-02   3.6661283e-02
   2.0764167e+03   6.0306629e-02   4.6993241e-02   3.6615546e-02
   2.0765000e+03   6.0290477e-02   4.6956293e-02   3.6567776e-02
   2.0765833e+03   6.0263862e-02   4.6913091e-02   3.6516631e-02
   2.0766667e+03   6.0230555e-02   4.6865901e-02   3.6463348e-02
   2.0767500e+03   6.0199300e-02   4.6819948e-02   3.6410765e-02
   2.0768333e+03   6.0181931e-02   4.6782289e-02   3.6362696e-02
   2.0769167e+03   6.0177872e-02   4.6752560e-02   3.6318934e-02
   2.0770000e+03   6.0178954e-02   4.6725883e-02   3.6276833e-02
   2.0770833e+03   6.0181869e-02   4.6700280e-02   3.6235321e-02
   2.0771667e+03   6.0184946e-02   4.6674758e-02   3.6193863e-02
   2.0772500e+03   6.0187159e-02   4.6648707e-02   3.6152129e-02
   2.0773333e+03   6.0185053e-02   4.6620078e-02   3.6109021e-02
   2.0774167e+03   6.0174796e-02   4.6586608e-02   3.6063327e-02
   2.0775000e+03   6.0158173e-02   4.6549365e-02   3.6015628e-02
   2.0775833e+03   6.0130984e-02   4.6505872e-02   3.5964605e-02
   2.0776667e+03   6.0097049e-02   4.6458402e-02   3.5911480e-02
   2.0777500e+03   6.0065183e-02   4.6412168e-02   3.5859046e-02
   2.0778333e+03   6.0047332e-02   4.6374217e-02   3.5811059e-02
   2.0779167e+03   6.0042969e-02   4.6344221e-02   3.5767335e-02
   2.0780000e+03   6.0043867e-02   4.6317315e-02   3.5725269e-02
   2.0780833e+03   6.0046673e-02   4.6291518e-02   3.5683804e-02
   2.0781667e+03   6.0049651e-02   4.6265807e-02   3.5642396e-02
   2.0782500e+03   6.0051721e-02   4.6239547e-02   3.5600706e-02
   2.0783333e+03   6.0049350e-02   4.6210665e-02   3.5557640e-02
   2.0784167e+03   6.0038694e-02   4.6176916e-02   3.5512011e-02
   2.0785000e+03   6.0021596e-02   4.6139389e-02   3.5464404e-02
   2.0785833e+03   5.9993832e-02   4.6095620e-02   3.5413524e-02
   2.0786667e+03   5.9959268e-02   4.6047885e-02   3.5360581e-02
   2.0787500e+03   5.9926789e-02   4.6001384e-02   3.5308318e-02
   2.0788333e+03   5.9908452e-02   4.5963154e-02   3.5260436e-02
   2.0789167e+03   5.9903781e-02   4.5932901e-02   3.5216768e-02
   2.0790000e+03   5.9904490e-02   4.5905775e-02   3.5174756e-02
   2.0790833e+03   5.9907181e-02   4.5879791e-02   3.5133356e-02
   2.0791667e+03   5.9910054e-02   4.5853898e-02   3.5092014e-02
   2.0792500e+03   5.9911976e-02   4.5827436e-02   3.5050387e-02
   2.0793333e+03   5.9909334e-02   4.5798312e-02   3.5007381e-02
   2.0794167e+03   5.9898276e-02   4.5764294e-02   3.4961838e-02
   2.0795000e+03   5.9880701e-02   4.5726496e-02   3.4914344e-02
   2.0795833e+03   5.9852360e-02   4.5682466e-02   3.4863630e-02
   2.0796667e+03   5.9817165e-02   4.5634481e-02   3.4810890e-02
   2.0797500e+03   5.9784072e-02   4.5587728e-02   3.4758820e-02
   2.0798333e+03   5.9765246e-02   4.5549232e-02   3.4711063e-02
   2.0799167e+03   5.9760262e-02   4.5518732e-02   3.4667471e-02
   2.0800000e+03   5.9760776e-02   4.5491394e-02   3.4625532e-02
   2.0800833e+03   5.9763347e-02   4.5465230e-02   3.4584212e-02
   2.0801667e+03   5.9766110e-02   4.5439161e-02   3.4542955e-02
   2.0802500e+03   5.9767878e-02   4.5412507e-02   3.4501408e-02
   2.0803333e+03   5.9764962e-02   4.5383148e-02   3.4458481e-02
   2.0804167e+03   5.9753498e-02   4.5348874e-02   3.4413043e-02
   2.0805000e+03   5.9735442e-02   4.5310817e-02   3.4365684e-02
   2.0805833e+03   5.9706522e-02   4.5266540e-02   3.4315157e-02
   2.0806667e+03   5.9670696e-02   4.5218320e-02   3.4262641e-02
   2.0807500e+03   5.9636988e-02   4.5171330e-02   3.4210786e-02
   2.0808333e+03   5.9617669e-02   4.5132582e-02   3.4163174e-02
   2.0809167e+03   5.9612369e-02   4.5101844e-02   3.4119678e-02
   2.0810000e+03   5.9612683e-02   4.5074303e-02   3.4077829e-02
   2.0810833e+03   5.9615128e-02   4.5047966e-02   3.4036607e-02
   2.0811667e+03   5.9617775e-02   4.5021730e-02   3.3995450e-02
   2.0812500e+03   5.9619383e-02   4.4994890e-02   3.3953999e-02
   2.0813333e+03   5.9616188e-02   4.4965307e-02   3.3911171e-02
   2.0814167e+03   5.9604314e-02   4.4930787e-02   3.3865858e-02
   2.0815000e+03   5.9585775e-02   4.4892485e-02   3.3818653e-02
   2.0815833e+03   5.9556274e-02   4.4847974e-02   3.3768334e-02
   2.0816667e+03   5.9519816e-02   4.4799536e-02   3.3716063e-02
   2.0817500e+03   5.9485492e-02   4.4752324e-02   3.3664443e-02
   2.0818333e+03   5.9465679e-02   4.4713335e-02   3.3616998e-02
   2.0819167e+03   5.9460057e-02   4.4682371e-02   3.3573615e-02
   2.0820000e+03   5.9460167e-02   4.4654635e-02   3.3531873e-02
   2.0820833e+03   5.9462481e-02   4.4628132e-02   3.3490765e-02
   2.0821667e+03   5.9465006e-02   4.4601736e-02   3.3449725e-02
   2.0822500e+03   5.9466449e-02   4.4574718e-02   3.3408388e-02
   2.0823333e+03   5.9462970e-02   4.4544920e-02   3.3365676e-02
   2.0824167e+03   5.9450683e-02   4.4510167e-02   3.3320508e-02
   2.0825000e+03   5.9431658e-02   4.4471632e-02   3.3273477e-02
   2.0825833e+03   5.9401576e-02   4.4426902e-02   3.3223386e-02
   2.0826667e+03   5.9364485e-02   4.4378260e-02   3.3171379e-02
   2.0827500e+03   5.9329544e-02   4.4330841e-02   3.3120015e-02
   2.0828333e+03   5.9309234e-02   4.4291625e-02   3.3072756e-02
   2.0829167e+03   5.9303287e-02   4.4260444e-02   3.3029505e-02
   2.0830000e+03   5.9303187e-02   4.4232522e-02   3.2987888e-02
   2.0830833e+03   5.9305364e-02   4.4205861e-02   3.2946910e-02
   2.0831667e+03   5.9307762e-02   4.4179311e-02   3.2906002e-02
   2.0832500e+03   5.9309036e-02   4.4152123e-02   3.2864795e-02
   2.0833333e+03   5.9305268e-02   4.4122120e-02   3.2822217e-02
   2.0834167e+03   5.9292565e-02   4.4087145e-02   3.2777212e-02
   2.0835000e+03   5.9273052e-02   4.4048391e-02   3.2730374e-02
   2.0835833e+03   5.9242386e-02   4.4003457e-02   3.2680530e-02
   2.0836667e+03   5.9204662e-02   4.3954626e-02   3.2628809e-02
   2.0837500e+03   5.9169103e-02   4.3907015e-02   3.2577720e-02
   2.0838333e+03   5.9148295e-02   4.3867585e-02   3.2530665e-02
   2.0839167e+03   5.9142019e-02   4.3836197e-02   3.2487564e-02
   2.0840000e+03   5.9141703e-02   4.3808098e-02   3.2446088e-02
   2.0840833e+03   5.9143739e-02   4.3781286e-02   3.2405256e-02
   2.0841667e+03   5.9146004e-02   4.3754590e-02   3.2364496e-02
   2.0842500e+03   5.9147103e-02   4.3727241e-02   3.2323435e-02
   2.0843333e+03   5.9143042e-02   4.3697042e-02   3.2281008e-02
   2.0844167e+03   5.9129920e-02   4.3661857e-02   3.2236185e-02
   2.0845000e+03   5.9109916e-02   4.3622896e-02   3.2189559e-02
   2.0845833e+03   5.9078667e-02   4.3577772e-02   3.2139982e-02
   2.0846667e+03   5.9040310e-02   4.3528767e-02   3.2088564e-02
   2.0847500e+03   5.9004133e-02   4.3480979e-02   3.2037769e-02
   2.0848333e+03   5.8982824e-02   4.3441348e-02   3.1990937e-02
   2.0849167e+03   5.8976215e-02   4.3409764e-02   3.1948004e-02
   2.0850000e+03   5.8975679e-02   4.3381495e-02   3.1906685e-02
   2.0850833e+03   5.8977567e-02   4.3354541e-02   3.1866014e-02
   2.0851667e+03   5.8979695e-02   4.3327707e-02   3.1825417e-02
   2.0852500e+03   5.8980613e-02   4.3300203e-02   3.1784517e-02
   2.0853333e+03   5.8976256e-02   4.3269819e-02   3.1742259e-02
   2.0854167e+03   5.8962711e-02   4.3234436e-02   3.1697635e-02
   2.0855000e+03   5.8942215e-02   4.3195280e-02   3.1651239e-02
   2.0855833e+03   5.8910381e-02   4.3149980e-02   3.1601947e-02
   2.0856667e+03   5.8871391e-02   4.3100818e-02   3.1550852e-02
   2.0857500e+03   5.8834597e-02   4.3052867e-02   3.1500369e-02
   2.0858333e+03   5.8812784e-02   4.3013048e-02   3.1453778e-02
   2.0859167e+03   5.8805838e-02   4.2981278e-02   3.1411030e-02
   2.0860000e+03   5.8805079e-02   4.2952849e-02   3.1369883e-02
   2.0860833e+03   5.8806814e-02   4.2925759e-02   3.1329388e-02
   2.0861667e+03   5.8808799e-02   4.2898794e-02   3.1288970e-02
   2.0862500e+03   5.8809531e-02   4.2871144e-02   3.1248246e-02
   2.0863333e+03   5.8804873e-02   4.2840585e-02   3.1206173e-02
   2.0864167e+03   5.8790903e-02   4.2805015e-02   3.1161766e-02
   2.0865000e+03   5.8769913e-02   4.2765677e-02   3.1115617e-02
   2.0865833e+03   5.8737494e-02   4.2720216e-02   3.1066628e-02
   2.0866667e+03   5.8697871e-02   4.2670911e-02   3.1015873e-02
   2.0867500e+03   5.8660459e-02   4.2622813e-02   3.0965721e-02
   2.0868333e+03   5.8638143e-02   4.2582818e-02   3.0919388e-02
   2.0869167e+03   5.8630856e-02   4.2550873e-02   3.0876840e-02
   2.0870000e+03   5.8629867e-02   4.2522293e-02   3.0835882e-02
   2.0870833e+03   5.8631445e-02   4.2495075e-02   3.0795578e-02
   2.0871667e+03   5.8633281e-02   4.2467986e-02   3.0755351e-02
   2.0872500e+03   5.8633823e-02   4.2440199e-02   3.0714820e-02
   2.0873333e+03   5.8628860e-02   4.2409474e-02   3.0672947e-02
   2.0874167e+03   5.8614462e-02   4.2373729e-02   3.0628774e-02
   2.0875000e+03   5.8592976e-02   4.2334223e-02   3.0582890e-02
   2.0875833e+03   5.8559972e-02   4.2288615e-02   3.0534220e-02
   2.0876667e+03   5.8519717e-02   4.2239181e-02   3.0483823e-02
   2.0877500e+03   5.8481688e-02   4.2190951e-02   3.0434018e-02
   2.0878333e+03   5.8458866e-02   4.2150794e-02   3.0387961e-02
   2.0879167e+03   5.8451235e-02   4.2118684e-02   3.0345630e-02
   2.0880000e+03   5.8450013e-02   4.2089960e-02   3.0304875e-02
   2.0880833e+03   5.8451427e-02   4.2062623e-02   3.0264775e-02
   2.0881667e+03   5.8453110e-02   4.2035418e-02   3.0224755e-02
   2.0882500e+03   5.8453457e-02   4.2007502e-02   3.0184430e-02
   2.0883333e+03   5.8448185e-02   4.1976620e-02   3.0142773e-02
   2.0884167e+03   5.8433357e-02   4.1940712e-02   3.0098850e-02
   2.0885000e+03   5.8411373e-02   4.1901050e-02   3.0053247e-02
   2.0885833e+03   5.8377784e-02   4.1855310e-02   3.0004914e-02
   2.0886667e+03   5.8336899e-02   4.1805763e-02   2.9954891e-02
   2.0887500e+03   5.8298253e-02   4.1757415e-02   2.9905449e-02
   2.0888333e+03   5.8274924e-02   4.1717108e-02   2.9859685e-02
   2.0889167e+03   5.8266945e-02   4.1684844e-02   2.9817586e-02
   2.0890000e+03   5.8265485e-02   4.1655987e-02   2.9777049e-02
   2.0890833e+03   5.8266732e-02   4.1628537e-02   2.9737167e-02
   2.0891667e+03   5.8268256e-02   4.1601224e-02   2.9697368e-02
   2.0892500e+03   5.8268403e-02   4.1573186e-02   2.9657263e-02
   2.0893333e+03   5.8262818e-02   4.1542158e-02   2.9615836e-02
   2.0894167e+03   5.8247558e-02   4.1506099e-02   2.9572179e-02
   2.0895000e+03   5.8225075e-02   4.1466294e-02   2.9526874e-02
   2.0895833e+03   5.8190901e-02   4.1420435e-02   2.9478894e-02
   2.0896667e+03   5.8149386e-02   4.1370790e-02   2.9429260e-02
   2.0897500e+03   5.8110125e-02   4.1322339e-02   2.9380198e-02
   2.0898333e+03   5.8086287e-02   4.1281896e-02   2.9334741e-02
   2.0899167e+03   5.8077958e-02   4.1249488e-02   2.9292890e-02
   2.0900000e+03   5.8076255e-02   4.1220505e-02   2.9252584e-02
   2.0900833e+03   5.8077329e-02   4.1192951e-02   2.9212935e-02
   2.0901667e+03   5.8078690e-02   4.1165537e-02   2.9173369e-02
   2.0902500e+03   5.8078632e-02   4.1137386e-02   2.9133497e-02
   2.0903333e+03   5.8072731e-02   4.1106222e-02   2.9092317e-02
   2.0904167e+03   5.8057036e-02   4.1070023e-02   2.9048941e-02
   2.0905000e+03   5.8034054e-02   4.1030089e-02   2.9003948e-02
   2.0905833e+03   5.7999295e-02   4.0984125e-02   2.8956336e-02
   2.0906667e+03   5.7957152e-02   4.0934396e-02   2.8907108e-02
   2.0907500e+03   5.7917277e-02   4.0885857e-02   2.8858441e-02
   2.0908333e+03   5.7892930e-02   4.0845291e-02   2.8813307e-02
   2.0909167e+03   5.7884247e-02   4.0812749e-02   2.8771717e-02
   2.0910000e+03   5.7882298e-02   4.0783650e-02   2.8731658e-02
   2.0910833e+03   5.7883194e-02   4.0755999e-02   2.8692253e-02
   2.0911667e+03   5.7884386e-02   4.0728492e-02   2.8652933e-02
   2.0912500e+03   5.7884119e-02   4.0700236e-02   2.8613309e-02
   2.0913333e+03   5.7877898e-02   4.0668946e-02   2.8572388e-02
   2.0914167e+03   5.7861767e-02   4.0632619e-02   2.8529308e-02
   2.0915000e+03   5.7838284e-02   4.0592567e-02   2.8484643e-02
   2.0915833e+03   5.7802942e-02   4.0546513e-02   2.8437414e-02
   2.0916667e+03   5.7760172e-02   4.0496716e-02   2.8388605e-02
   2.0917500e+03   5.7719683e-02   4.0448102e-02   2.8340348e-02
   2.0918333e+03   5.7694827e-02   4.0407426e-02   2.8295551e-02
   2.0919167e+03   5.7685788e-02   4.0374762e-02   2.8254238e-02
   2.0920000e+03   5.7683587e-02   4.0345554e-02   2.8214437e-02
   2.0920833e+03   5.7684301e-02   4.0317814e-02   2.8175290e-02
   2.0921667e+03   5.7685319e-02   4.0290222e-02   2.8136228e-02
   2.0922500e+03   5.7684839e-02   4.0261870e-02   2.8096864e-02
   2.0923333e+03   5.7678295e-02   4.0230464e-02   2.8056217e-02
   2.0924167e+03   5.7661726e-02   4.0194020e-02   2.8013446e-02
   2.0925000e+03   5.7637741e-02   4.0153863e-02   2.7969123e-02
   2.0925833e+03   5.7601817e-02   4.0107733e-02   2.7922291e-02
   2.0926667e+03   5.7558422e-02   4.0057882e-02   2.7873916e-02
   2.0927500e+03   5.7517322e-02   4.0009209e-02   2.7826083e-02
   2.0928333e+03   5.7491956e-02   3.9968435e-02   2.7781638e-02
   2.0929167e+03   5.7482557e-02   3.9935658e-02   2.7740614e-02
   2.0930000e+03   5.7480102e-02   3.9906352e-02   2.7701085e-02
   2.0930833e+03   5.7480629e-02   3.9878531e-02   2.7662207e-02
   2.0931667e+03   5.7481469e-02   3.9850861e-02   2.7623416e-02
   2.0932500e+03   5.7480771e-02   3.9822421e-02   2.7584324e-02
   2.0933333e+03   5.7473900e-02   3.9790908e-02   2.7543964e-02
   2.0934167e+03   5.7456891e-02   3.9754360e-02   2.7501517e-02
   2.0935000e+03   5.7432405e-02   3.9714111e-02   2.7457549e-02
   2.0935833e+03   5.7395899e-02   3.9667917e-02   2.7411128e-02
   2.0936667e+03   5.7351882e-02   3.9618027e-02   2.7363200e-02
   2.0937500e+03   5.7310173e-02   3.9569310e-02   2.7315804e-02
   2.0938333e+03   5.7284297e-02   3.9528450e-02   2.7271725e-02
   2.0939167e+03   5.7274536e-02   3.9495571e-02   2.7231003e-02
   2.0940000e+03   5.7271822e-02   3.9466175e-02   2.7191758e-02
   2.0940833e+03   5.7272157e-02   3.9438281e-02   2.7153161e-02
   2.0941667e+03   5.7272814e-02   3.9410541e-02   2.7114653e-02
   2.0942500e+03   5.7271894e-02   3.9382021e-02   2.7075844e-02
   2.0943333e+03   5.7264694e-02   3.9350411e-02   2.7035784e-02
   2.0944167e+03   5.7247244e-02   3.9313770e-02   2.6993673e-02
   2.0945000e+03   5.7222256e-02   3.9273442e-02   2.6950075e-02
   2.0945833e+03   5.7185169e-02   3.9227200e-02   2.6904077e-02
   2.0946667e+03   5.7140532e-02   3.9177285e-02   2.6856610e-02
   2.0947500e+03   5.7098216e-02   3.9128536e-02   2.6809663e-02
   2.0948333e+03   5.7071830e-02   3.9087605e-02   2.6765962e-02
   2.0949167e+03   5.7061705e-02   3.9054634e-02   2.6725556e-02
   2.0950000e+03   5.7058728e-02   3.9025156e-02   2.6686606e-02
   2.0950833e+03   5.7058867e-02   3.8997197e-02   2.6648302e-02
   2.0951667e+03   5.7059337e-02   3.8969395e-02   2.6610087e-02
   2.0952500e+03   5.7058190e-02   3.8940804e-02   2.6571574e-02
   2.0953333e+03   5.7050658e-02   3.8909107e-02   2.6531825e-02
   2.0954167e+03   5.7032766e-02   3.8872384e-02   2.6490064e-02
   2.0955000e+03   5.7007275e-02   3.8831988e-02   2.6446847e-02
   2.0955833e+03   5.6969611e-02   3.8785711e-02   2.6401286e-02
   2.0956667e+03   5.6924357e-02   3.8735786e-02   2.6354290e-02
   2.0957500e+03   5.6881436e-02   3.8687021e-02   2.6307805e-02
   2.0958333e+03   5.6854540e-02   3.8646030e-02   2.6264495e-02
   2.0959167e+03   5.6844048e-02   3.8612977e-02   2.6224416e-02
   2.0960000e+03   5.6840805e-02   3.8583427e-02   2.6185774e-02
   2.0960833e+03   5.6840743e-02   3.8555410e-02   2.6147773e-02
   2.0961667e+03   5.6841022e-02   3.8527554e-02   2.6109862e-02
   2.0962500e+03   5.6839644e-02   3.8498899e-02   2.6071656e-02
   2.0963333e+03   5.6831778e-02   3.8467126e-02   2.6032230e-02
   2.0964167e+03   5.6813442e-02   3.8430333e-02   2.5990831e-02
   2.0965000e+03   5.6787450e-02   3.8389882e-02   2.5948007e-02
   2.0965833e+03   5.6749209e-02   3.8343584e-02   2.5902894e-02
   2.0966667e+03   5.6703341e-02   3.8293663e-02   2.5856382e-02
   2.0967500e+03   5.6659818e-02   3.8244895e-02   2.5810370e-02
   2.0968333e+03   5.6632413e-02   3.8203856e-02   2.5767463e-02
   2.0969167e+03   5.6621551e-02   3.8170732e-02   2.5727723e-02
   2.0970000e+03   5.6618039e-02   3.8141119e-02   2.5689399e-02
   2.0970833e+03   5.6617773e-02   3.8113053e-02   2.5651712e-02
   2.0971667e+03   5.6617855e-02   3.8085150e-02   2.5614115e-02
   2.0972500e+03   5.6616243e-02   3.8056440e-02   2.5576226e-02
   2.0973333e+03   5.6608039e-02   3.8024599e-02   2.5537135e-02
   2.0974167e+03   5.6589259e-02   3.7987748e-02   2.5496109e-02
   2.0975000e+03   5.6562765e-02   3.7947255e-02   2.5453690e-02
   2.0975833e+03   5.6523951e-02   3.7900948e-02   2.5409036e-02
   2.0976667e+03   5.6477472e-02   3.7851045e-02   2.5363018e-02
   2.0977500e+03   5.6433351e-02   3.7802288e-02   2.5317491e-02
   2.0978333e+03   5.6405437e-02   3.7761215e-02   2.5274997e-02
   2.0979167e+03   5.6394204e-02   3.7728030e-02   2.5235607e-02
   2.0980000e+03   5.6390418e-02   3.7698362e-02   2.5197612e-02
   2.0980833e+03   5.6389944e-02   3.7670254e-02   2.5160249e-02
   2.0981667e+03   5.6389826e-02   3.7642312e-02   2.5122976e-02
   2.0982500e+03   5.6387976e-02   3.7613555e-02   2.5085415e-02
   2.0983333e+03   5.6379431e-02   3.7581657e-02   2.5046669e-02
   2.0984167e+03   5.6360207e-02   3.7544758e-02   2.5006026e-02
   2.0985000e+03   5.6333212e-02   3.7504235e-02   2.4964024e-02
   2.0985833e+03   5.6293826e-02   3.7457934e-02   2.4919839e-02
   2.0986667e+03   5.6246740e-02   3.7408062e-02   2.4874326e-02
   2.0987500e+03   5.6202024e-02   3.7359330e-02   2.4829293e-02
   2.0988333e+03   5.6173602e-02   3.7318234e-02   2.4787224e-02
   2.0989167e+03   5.6161996e-02   3.7284999e-02   2.4748194e-02
   2.0990000e+03   5.6157935e-02   3.7255285e-02   2.4710538e-02
   2.0990833e+03   5.6157247e-02   3.7227142e-02   2.4673509e-02
   2.0991667e+03   5.6156924e-02   3.7199169e-02   2.4636570e-02
   2.0992500e+03   5.6154832e-02   3.7170374e-02   2.4599346e-02
   2.0993333e+03   5.6145946e-02   3.7138428e-02   2.4560955e-02
   2.0994167e+03   5.6126276e-02   3.7101493e-02   2.4520707e-02
   2.0995000e+03   5.6098782e-02   3.7060951e-02   2.4479130e-02
   2.0995833e+03   5.6058827e-02   3.7014669e-02   2.4435425e-02
   2.0996667e+03   5.6011138e-02   3.6964843e-02   2.4390427e-02
   2.0997500e+03   5.5965830e-02   3.6916150e-02   2.4345899e-02
   2.0998333e+03   5.5936901e-02   3.6875044e-02   2.4304264e-02
   2.0999167e+03   5.5924921e-02   3.6841768e-02   2.4265605e-02
   2.1000000e+03   5.5920580e-02   3.6812016e-02   2.4228297e-02
   2.1000833e+03   5.5919676e-02   3.6783847e-02   2.4191610e-02
   2.1001667e+03   5.5919145e-02   3.6755851e-02   2.4155014e-02
   2.1002500e+03   5.5916807e-02   3.6727024e-02   2.4118136e-02
   2.1003333e+03   5.5907577e-02   3.6695041e-02   2.4080111e-02
   2.1004167e+03   5.5887462e-02   3.6658081e-02   2.4040267e-02
   2.1005000e+03   5.5859468e-02   3.6617533e-02   2.3999126e-02
   2.1005833e+03   5.5818948e-02   3.6571283e-02   2.3955910e-02
   2.1006667e+03   5.5770660e-02   3.6521516e-02   2.3911435e-02
   2.1007500e+03   5.5724764e-02   3.6472875e-02   2.3867420e-02
   2.1008333e+03   5.5695330e-02   3.6431770e-02   2.3826230e-02
   2.1009167e+03   5.5682975e-02   3.6398464e-02   2.3787951e-02
