   2.0000000e+03   1.0000000e+00   1.0000000e+00   1.0000000e+00
   2.0000833e+03   1.0000000e+00   1.0000000e+00   1.0000000e+00
   2.0001667e+03   1.0000000e+00   1.0000000e+00   1.0000000e+00
   2.0002500e+03   1.0000000e+00   1.0000000e+00   1.0000000e+00
   2.0003333e+03   1.0000000e+00   1.0000000e+00   1.0000000e+00
   2.0004167e+03   1.0000000e+00   1.0000000e+00   1.0000000e+00
   2.0005000e+03   1.0000000e+00   1.0000000e+00   1.0000000e+00
   2.0005833e+03   1.0000000e+00   1.0000000e+00   1.0000000e+00
   2.0006667e+03   1.0000000e+00   1.0000000e+00   1.0000000e+00
   2.0007500e+03   1.0000000e+00   1.0000000e+00   1.0000000e+00
   2.0008333e+03   1.0000000e+00   1.0000000e+00   1.0000000e+00
   2.0009167e+03   1.0000000e+00   1.0000000e+00   1.0000000e+00
   2.0010000e+03   9.9942291e-01   9.9942257e-01   9.9942222e-01
   2.0010833e+03   9.9872268e-01   9.9872168e-01   9.9872069e-01
   2.0011667e+03   9.9813268e-01   9.9813066e-01   9.9812863e-01
   2.0012500e+03   9.9790613e-01   9.9790248e-01   9.9789882e-01
   2.0013333e+03   9.9811993e-01   9.9811384e-01   9.9810775e-01
   2.0014167e+03   9.9852816e-01   9.9851894e-01   9.9850972e-01
   2.0015000e+03   9.9891192e-01   9.9889908e-01   9.9888624e-01
   2.0015833e+03   9.9925706e-01   9.9924014e-01   9.9922323e-01
   2.0016667e+03   9.9963004e-01   9.9960849e-01   9.9958695e-01
   2.0017500e+03   1.0000392e+00   1.0000124e+00   9.9998570e-01
   2.0018333e+03   1.0002495e+00   1.0002174e+00   1.0001853e+00
   2.0019167e+03   1.0000344e+00   9.9999747e-01   9.9996050e-01
   2.0020000e+03   9.9946415e-01   9.9942273e-01   9.9938132e-01
   2.0020833e+03   9.9877088e-01   9.9872500e-01   9.9867911e-01
   2.0021667e+03   9.9818770e-01   9.9813674e-01   9.9808578e-01
   2.0022500e+03   9.9796713e-01   9.9790972e-01   9.9785231e-01
   2.0023333e+03   9.9818472e-01   9.9811911e-01   9.9805351e-01
   2.0024167e+03   9.9859363e-01   9.9851873e-01   9.9844384e-01
   2.0025000e+03   9.9897568e-01   9.9889107e-01   9.9880647e-01
   2.0025833e+03   5.9959091e-01   5.9953410e-01   5.9947730e-01
   2.0026667e+03   5.9981349e-01   5.9975028e-01   5.9968707e-01
   2.0027500e+03   6.0005938e-01   5.9998936e-01   5.9991935e-01
   2.0028333e+03   6.0018785e-01   6.0011122e-01   6.0003459e-01
   2.0029167e+03   6.0006239e-01   5.9997996e-01   5.9989755e-01
   2.0030000e+03   5.9972429e-01   5.9963680e-01   5.9954931e-01
   2.0030833e+03   5.9931249e-01   5.9922009e-01   5.9912770e-01
   2.0031667e+03   5.9896665e-01   5.9886884e-01   5.9877104e-01
   2.0032500e+03   5.9883788e-01   5.9873337e-01   5.9862889e-01
   2.0033333e+03   5.9897070e-01   5.9885789e-01   5.9874510e-01
   2.0034167e+03   5.9921643e-01   5.9909443e-01   5.9897245e-01
   2.0035000e+03   5.9944462e-01   5.9931322e-01   5.9918184e-01
   2.0035833e+03   5.9964851e-01   5.9950756e-01   5.9936664e-01
   2.0036667e+03   5.9986987e-01   5.9971896e-01   5.9956809e-01
   2.0037500e+03   6.0011613e-01   5.9995482e-01   5.9979356e-01
   2.0038333e+03   6.0024689e-01   6.0007561e-01   5.9990439e-01
   2.0039167e+03   6.0012499e-01   5.9994512e-01   5.9976531e-01
   2.0040000e+03   5.9979093e-01   5.9960367e-01   5.9941647e-01
   2.0040833e+03   5.9938327e-01   5.9918895e-01   5.9899469e-01
   2.0041667e+03   5.9904148e-01   5.9883945e-01   5.9863749e-01
   2.0042500e+03   5.9891627e-01   5.9870479e-01   5.9849338e-01
   2.0043333e+03   5.9905134e-01   5.9882824e-01   5.9860522e-01
   2.0044167e+03   5.9929744e-01   5.9906161e-01   5.9882586e-01
   2.0045000e+03   5.9952456e-01   5.9927584e-01   5.9902722e-01
   2.0045833e+03   5.9972682e-01   5.9946513e-01   5.9920355e-01
   2.0046667e+03   5.9994692e-01   5.9967182e-01   5.9939684e-01
   2.0047500e+03   6.0019354e-01   5.9990452e-01   5.9961563e-01
   2.0048333e+03   6.0032657e-01   6.0002430e-01   5.9972218e-01
   2.0049167e+03   6.0020822e-01   5.9989463e-01   5.9958120e-01
   2.0050000e+03   5.9987819e-01   5.9955495e-01   5.9923187e-01
   2.0050833e+03   5.9947466e-01   5.9914225e-01   5.9881003e-01
   2.0051667e+03   5.9913689e-01   5.9879456e-01   5.9845241e-01
   2.0052500e+03   5.9901523e-01   5.9866075e-01   5.9830647e-01
   2.0053333e+03   5.9915253e-01   5.9878319e-01   5.9841407e-01
   2.0054167e+03   5.9939899e-01   5.9901345e-01   5.9862815e-01
   2.0055000e+03   5.9962501e-01   5.9922319e-01   5.9882163e-01
   2.0055833e+03   5.9982562e-01   5.9940749e-01   5.9898964e-01
   2.0056667e+03   6.0004445e-01   5.9960953e-01   5.9917493e-01
   2.0057500e+03   6.0029140e-01   5.9983913e-01   5.9938719e-01
   2.0058333e+03   6.0042669e-01   5.9995797e-01   5.9948960e-01
   2.0059167e+03   6.0031187e-01   5.9982916e-01   5.9934683e-01
   2.0060000e+03   5.9998585e-01   5.9949129e-01   5.9899713e-01
   2.0060833e+03   5.9958642e-01   5.9908068e-01   5.9857535e-01
   2.0061667e+03   5.9925268e-01   5.9873483e-01   5.9821743e-01
   2.0062500e+03   5.9913455e-01   5.9860193e-01   5.9806978e-01
   2.0063333e+03   5.9927407e-01   5.9872342e-01   5.9817328e-01
   2.0064167e+03   5.9952086e-01   5.9895064e-01   5.9838094e-01
   2.0065000e+03   5.9974577e-01   5.9915595e-01   5.9856670e-01
   2.0065833e+03   5.9994470e-01   5.9933532e-01   5.9872655e-01
   2.0066667e+03   6.0016222e-01   5.9953278e-01   5.9890398e-01
   2.0067500e+03   6.0040950e-01   5.9975934e-01   5.9910986e-01
   2.0068333e+03   6.0054703e-01   5.9987728e-01   5.9920827e-01
   2.0069167e+03   6.0043572e-01   5.9974940e-01   5.9906384e-01
   2.0070000e+03   6.0011370e-01   5.9941340e-01   5.9871390e-01
   2.0070833e+03   5.9971836e-01   5.9900491e-01   5.9829229e-01
   2.0071667e+03   5.9938861e-01   5.9866096e-01   5.9793418e-01
   2.0072500e+03   5.9927400e-01   5.9852902e-01   5.9778495e-01
   2.0073333e+03   5.9941573e-01   5.9864962e-01   5.9788448e-01
   2.0074167e+03   5.9966283e-01   5.9887385e-01   5.9808588e-01
   2.0075000e+03   5.9988661e-01   5.9907480e-01   5.9826407e-01
   2.0075833e+03   6.0008382e-01   5.9924931e-01   5.9841593e-01
   2.0076667e+03   6.0030002e-01   5.9944224e-01   5.9858567e-01
   2.0077500e+03   6.0054760e-01   5.9966582e-01   5.9878532e-01
   2.0078333e+03   6.0068737e-01   5.9978294e-01   5.9887986e-01
   2.0079167e+03   6.0057956e-01   5.9965603e-01   5.9873390e-01
   2.0080000e+03   6.0026152e-01   5.9932194e-01   5.9838382e-01
   2.0080833e+03   5.9987025e-01   5.9891563e-01   5.9796250e-01
   2.0081667e+03   5.9954448e-01   5.9857363e-01   5.9760433e-01
   2.0082500e+03   5.9943337e-01   5.9844270e-01   5.9745364e-01
   2.0083333e+03   5.9957729e-01   5.9856247e-01   5.9754934e-01
   2.0084167e+03   5.9982470e-01   5.9878378e-01   5.9774464e-01
   2.0085000e+03   6.0004731e-01   5.9898043e-01   5.9791541e-01
   2.0085833e+03   6.0024279e-01   5.9915013e-01   5.9805944e-01
   2.0086667e+03   6.0045764e-01   5.9933861e-01   5.9822165e-01
   2.0087500e+03   6.0070551e-01   5.9955929e-01   5.9841522e-01
   2.0088333e+03   6.0084749e-01   5.9967563e-01   5.9850603e-01
   2.0089167e+03   6.0074317e-01   5.9954975e-01   5.9835867e-01
   2.0090000e+03   6.0042909e-01   5.9921763e-01   5.9800857e-01
   2.0090833e+03   6.0004188e-01   5.9881353e-01   5.9758767e-01
   2.0091667e+03   5.9972008e-01   5.9847353e-01   5.9722955e-01
   2.0092500e+03   5.9961246e-01   5.9834367e-01   5.9707753e-01
   2.0093333e+03   5.9975856e-01   5.9846267e-01   5.9716954e-01
   2.0094167e+03   6.0000624e-01   5.9868112e-01   5.9735888e-01
   2.0095000e+03   6.0022767e-01   5.9887353e-01   5.9752241e-01
   2.0095833e+03   6.0042139e-01   5.9903850e-01   5.9765876e-01
   2.0096667e+03   6.0063486e-01   5.9922259e-01   5.9781360e-01
   2.0097500e+03   6.0088299e-01   5.9944041e-01   5.9800125e-01
   2.0098333e+03   6.0102718e-01   5.9955605e-01   5.9808848e-01
   2.0099167e+03   6.0092633e-01   5.9943125e-01   5.9793984e-01
   2.0100000e+03   6.0061620e-01   5.9910114e-01   5.9758985e-01
   2.0100833e+03   6.0023303e-01   5.9869931e-01   5.9716947e-01
   2.0101667e+03   5.9991518e-01   5.9836136e-01   5.9681152e-01
   2.0102500e+03   5.9981104e-01   5.9823261e-01   5.9665830e-01
   2.0103333e+03   5.9995930e-01   5.9835090e-01   5.9674676e-01
   2.0104167e+03   6.0020725e-01   5.9856656e-01   5.9693030e-01
   2.0105000e+03   6.0042747e-01   5.9875480e-01   5.9708675e-01
   2.0105833e+03   6.0061939e-01   5.9891510e-01   5.9721559e-01
   2.0106667e+03   6.0083146e-01   5.9909486e-01   5.9736323e-01
   2.0107500e+03   6.0107984e-01   5.9930990e-01   5.9754512e-01
   2.0108333e+03   6.0122622e-01   5.9942489e-01   5.9762891e-01
   2.0109167e+03   6.0112883e-01   5.9930123e-01   5.9747911e-01
   2.0110000e+03   6.0082263e-01   5.9897317e-01   5.9712934e-01
   2.0110833e+03   6.0044349e-01   5.9857367e-01   5.9670960e-01
   2.0111667e+03   6.0012958e-01   5.9823781e-01   5.9635195e-01
   2.0112500e+03   6.0002890e-01   5.9811024e-01   5.9619765e-01
   2.0113333e+03   6.0017932e-01   5.9822788e-01   5.9628271e-01
   2.0114167e+03   6.0042751e-01   5.9844080e-01   5.9646061e-01
   2.0115000e+03   6.0064649e-01   5.9862494e-01   5.9661013e-01
   2.0115833e+03   6.0083660e-01   5.9878064e-01   5.9673164e-01
   2.0116667e+03   6.0104724e-01   5.9895613e-01   5.9687223e-01
   2.0117500e+03   6.0129585e-01   5.9916846e-01   5.9704852e-01
   2.0118333e+03   6.0144440e-01   5.9928286e-01   5.9712901e-01
   2.0119167e+03   6.0135046e-01   5.9916038e-01   5.9697820e-01
   2.0120000e+03   6.0104818e-01   5.9883444e-01   5.9662877e-01
   2.0120833e+03   6.0067305e-01   5.9843730e-01   5.9620979e-01
   2.0121667e+03   6.0036306e-01   5.9810359e-01   5.9585254e-01
   2.0122500e+03   6.0026583e-01   5.9797724e-01   5.9569730e-01
   2.0123333e+03   6.0041839e-01   5.9809429e-01   5.9577911e-01
   2.0124167e+03   6.0066680e-01   5.9830456e-01   5.9595152e-01
   2.0125000e+03   6.0088452e-01   5.9848466e-01   5.9609429e-01
   2.0125833e+03   6.0107278e-01   5.9863581e-01   5.9620862e-01
   2.0126667e+03   6.0128197e-01   5.9880711e-01   5.9634234e-01
   2.0127500e+03   6.0153079e-01   5.9901678e-01   5.9651318e-01
   2.0128333e+03   6.0168151e-01   5.9913066e-01   5.9659052e-01
   2.0129167e+03   6.0159101e-01   5.9900942e-01   5.9643882e-01
   2.0130000e+03   6.0129263e-01   5.9868564e-01   5.9608986e-01
   2.0130833e+03   6.0092149e-01   5.9829091e-01   5.9567175e-01
   2.0131667e+03   6.0061541e-01   5.9795940e-01   5.9531503e-01
   2.0132500e+03   6.0052161e-01   5.9783433e-01   5.9515897e-01
   2.0133333e+03   6.0067630e-01   5.9795086e-01   5.9523767e-01
   2.0134167e+03   6.0092492e-01   5.9815853e-01   5.9540475e-01
   2.0135000e+03   6.0114136e-01   5.9833465e-01   5.9554093e-01
   2.0135833e+03   3.0066387e-01   2.9924066e-01   2.9782413e-01
   2.0136667e+03   3.0076772e-01   2.9932425e-01   2.9788764e-01
   2.0137500e+03   3.0089223e-01   2.9942779e-01   2.9797042e-01
   2.0138333e+03   3.0096866e-01   2.9948450e-01   2.9800759e-01
   2.0139167e+03   3.0092512e-01   2.9942453e-01   2.9793135e-01
   2.0140000e+03   3.0077788e-01   2.9926374e-01   2.9775716e-01
   2.0140833e+03   3.0059430e-01   2.9906761e-01   2.9754860e-01
   2.0141667e+03   3.0044321e-01   2.9890297e-01   2.9737057e-01
   2.0142500e+03   3.0039802e-01   2.9884111e-01   2.9729220e-01
   2.0143333e+03   3.0047642e-01   2.9889914e-01   2.9733006e-01
   2.0144167e+03   3.0060083e-01   2.9900171e-01   2.9741103e-01
   2.0145000e+03   3.0070839e-01   2.9908782e-01   2.9747591e-01
   2.0145833e+03   3.0080063e-01   2.9915895e-01   2.9752615e-01
   2.0146667e+03   3.0090373e-01   2.9924050e-01   2.9758639e-01
   2.0147500e+03   3.0102832e-01   2.9934278e-01   2.9766661e-01
   2.0148333e+03   3.0110582e-01   2.9939929e-01   2.9770235e-01
   2.0149167e+03   3.0106399e-01   2.9934000e-01   2.9762580e-01
   2.0150000e+03   3.0091869e-01   2.9918034e-01   2.9745196e-01
   2.0150833e+03   3.0073709e-01   2.9898546e-01   2.9724396e-01
   2.0151667e+03   3.0058794e-01   2.9882197e-01   2.9706630e-01
   2.0152500e+03   3.0054446e-01   2.9876080e-01   2.9698765e-01
   2.0153333e+03   3.0062391e-01   2.9881863e-01   2.9702411e-01
   2.0154167e+03   3.0074840e-01   2.9891997e-01   2.9710258e-01
   2.0155000e+03   3.0085529e-01   2.9900416e-01   2.9716433e-01
   2.0155833e+03   3.0094656e-01   2.9907311e-01   2.9721124e-01
   2.0156667e+03   3.0104889e-01   2.9915267e-01   2.9726829e-01
   2.0157500e+03   3.0117356e-01   2.9925372e-01   2.9734603e-01
   2.0158333e+03   3.0125213e-01   2.9931006e-01   2.9738042e-01
   2.0159167e+03   3.0121199e-01   2.9925148e-01   2.9730363e-01
   2.0160000e+03   3.0106862e-01   2.9909297e-01   2.9713020e-01
   2.0160833e+03   3.0088900e-01   2.9889937e-01   2.9692280e-01
   2.0161667e+03   3.0074178e-01   2.9873705e-01   2.9674559e-01
   2.0162500e+03   3.0070000e-01   2.9867661e-01   2.9666673e-01
   2.0163333e+03   3.0078050e-01   2.9873427e-01   2.9670186e-01
   2.0164167e+03   3.0090506e-01   2.9883441e-01   2.9677790e-01
   2.0165000e+03   3.0101127e-01   2.9891670e-01   2.9683661e-01
   2.0165833e+03   3.0110156e-01   2.9898352e-01   2.9688027e-01
   2.0166667e+03   3.0120311e-01   2.9906111e-01   2.9693423e-01
   2.0167500e+03   3.0132785e-01   2.9916097e-01   2.9700957e-01
   2.0168333e+03   3.0140747e-01   2.9921717e-01   2.9704268e-01
   2.0169167e+03   3.0136902e-01   2.9915932e-01   2.9696571e-01
   2.0170000e+03   3.0122758e-01   2.9900200e-01   2.9679275e-01
   2.0170833e+03   3.0104993e-01   2.9880969e-01   2.9658602e-01
   2.0171667e+03   3.0090464e-01   2.9864857e-01   2.9640930e-01
   2.0172500e+03   3.0086456e-01   2.9858888e-01   2.9633030e-01
   2.0173333e+03   3.0094609e-01   2.9864640e-01   2.9636417e-01
   2.0174167e+03   3.0107071e-01   2.9874537e-01   2.9643788e-01
   2.0175000e+03   3.0117623e-01   2.9882582e-01   2.9649363e-01
   2.0175833e+03   3.0126552e-01   2.9889053e-01   2.9653413e-01
   2.0176667e+03   3.0136628e-01   2.9896618e-01   2.9658507e-01
   2.0177500e+03   3.0149107e-01   2.9906488e-01   2.9665809e-01
   2.0178333e+03   3.0157174e-01   2.9912098e-01   2.9669001e-01
   2.0179167e+03   3.0153498e-01   2.9906389e-01   2.9661291e-01
   2.0180000e+03   3.0139546e-01   2.9890777e-01   2.9644048e-01
   2.0180833e+03   3.0121977e-01   2.9871679e-01   2.9623448e-01
   2.0181667e+03   3.0107640e-01   2.9855689e-01   2.9605832e-01
   2.0182500e+03   3.0103801e-01   2.9849798e-01   2.9597924e-01
   2.0183333e+03   3.0112057e-01   2.9855540e-01   2.9601193e-01
   2.0184167e+03   3.0124525e-01   2.9865324e-01   2.9608339e-01
   2.0185000e+03   3.0135005e-01   2.9873186e-01   2.9613627e-01
   2.0185833e+03   3.0143834e-01   2.9879449e-01   2.9617368e-01
   2.0186667e+03   3.0153829e-01   2.9886824e-01   2.9622169e-01
   2.0187500e+03   3.0166312e-01   2.9896582e-01   2.9629249e-01
   2.0188333e+03   3.0174483e-01   2.9902184e-01   2.9632327e-01
   2.0189167e+03   3.0170976e-01   2.9896554e-01   2.9624613e-01
   2.0190000e+03   3.0157215e-01   2.9881065e-01   2.9607429e-01
   2.0190833e+03   3.0139842e-01   2.9862102e-01   2.9586907e-01
   2.0191667e+03   3.0125697e-01   2.9846237e-01   2.9569353e-01
   2.0192500e+03   3.0122026e-01   2.9840426e-01   2.9561444e-01
   2.0193333e+03   3.0130385e-01   2.9846161e-01   2.9564602e-01
   2.0194167e+03   3.0142857e-01   2.9855835e-01   2.9571531e-01
   2.0195000e+03   3.0153265e-01   2.9863518e-01   2.9576540e-01
   2.0195833e+03   3.0161991e-01   2.9869577e-01   2.9579982e-01
   2.0196667e+03   3.0171903e-01   2.9876765e-01   2.9584498e-01
   2.0197500e+03   3.0184390e-01   2.9886414e-01   2.9591363e-01
   2.0198333e+03   3.0192665e-01   2.9892012e-01   2.9594337e-01
   2.0199167e+03   3.0189325e-01   2.9886464e-01   2.9586624e-01
   2.0200000e+03   3.0175755e-01   2.9871101e-01   2.9569505e-01
   2.0200833e+03   3.0158577e-01   2.9852275e-01   2.9549066e-01
   2.0201667e+03   3.0144623e-01   2.9836536e-01   2.9531581e-01
   2.0202500e+03   3.0141120e-01   2.9830810e-01   2.9523676e-01
   2.0203333e+03   3.0149581e-01   2.9836540e-01   2.9526732e-01
   2.0204167e+03   3.0162056e-01   2.9846108e-01   2.9533452e-01
   2.0205000e+03   3.0172390e-01   2.9853615e-01   2.9538190e-01
   2.0205833e+03   3.0181012e-01   2.9859473e-01   2.9541342e-01
   2.0206667e+03   3.0190840e-01   2.9866478e-01   2.9545582e-01
   2.0207500e+03   3.0203330e-01   2.9876021e-01   2.9552240e-01
   2.0208333e+03   3.0211707e-01   2.9881618e-01   2.9555117e-01
   2.0209167e+03   3.0208535e-01   2.9876155e-01   2.9547412e-01
   2.0210000e+03   3.0195155e-01   2.9860919e-01   2.9530363e-01
   2.0210833e+03   3.0178172e-01   2.9842233e-01   2.9510015e-01
   2.0211667e+03   3.0164408e-01   2.9826624e-01   2.9492603e-01
   2.0212500e+03   3.0161073e-01   2.9820984e-01   2.9484710e-01
   2.0213333e+03   3.0169634e-01   2.9826714e-01   2.9487671e-01
   2.0214167e+03   3.0182112e-01   2.9836179e-01   2.9494190e-01
   2.0215000e+03   3.0192371e-01   2.9843514e-01   2.9498667e-01
   2.0215833e+03   3.0200886e-01   2.9849174e-01   2.9501536e-01
   2.0216667e+03   3.0210630e-01   2.9855998e-01   2.9505508e-01
   2.0217500e+03   3.0223121e-01   2.9865439e-01   2.9511968e-01
   2.0218333e+03   3.0231601e-01   2.9871039e-01   2.9514755e-01
   2.0219167e+03   3.0228595e-01   2.9865663e-01   2.9507066e-01
   2.0220000e+03   3.0215405e-01   2.9850558e-01   2.9490094e-01
   2.0220833e+03   3.0198616e-01   2.9832014e-01   2.9469840e-01
   2.0221667e+03   3.0185042e-01   2.9816537e-01   2.9452507e-01
   2.0222500e+03   3.0181873e-01   2.9810986e-01   2.9444633e-01
   2.0223333e+03   3.0190535e-01   2.9816718e-01   2.9447507e-01
   2.0224167e+03   3.0203014e-01   2.9826083e-01   2.9453834e-01
   2.0225000e+03   3.0213196e-01   2.9833249e-01   2.9458057e-01
   2.0225833e+03   3.0221604e-01   2.9838715e-01   2.9460652e-01
   2.0226667e+03   3.0231261e-01   2.9845362e-01   2.9464365e-01
   2.0227500e+03   3.0243753e-01   2.9854704e-01   2.9470636e-01
   2.0228333e+03   3.0252334e-01   2.9860310e-01   2.9473341e-01
   2.0229167e+03   3.0249494e-01   2.9855024e-01   2.9465673e-01
   2.0230000e+03   3.0236493e-01   2.9840052e-01   2.9448783e-01
   2.0230833e+03   3.0219898e-01   2.9821652e-01   2.9428630e-01
   2.0231667e+03   3.0206513e-01   2.9806310e-01   2.9411383e-01
   2.0232500e+03   3.0203511e-01   2.9800851e-01   2.9403534e-01
   2.0233333e+03   3.0212272e-01   2.9806589e-01   2.9406328e-01
   2.0234167e+03   3.0224751e-01   2.9815858e-01   2.9412471e-01
   2.0235000e+03   3.0234856e-01   2.9822859e-01   2.9416449e-01
   2.0235833e+03   3.0243155e-01   2.9828133e-01   2.9418779e-01
   2.0236667e+03   3.0252723e-01   2.9834607e-01   2.9422242e-01
   2.0237500e+03   3.0265214e-01   2.9843853e-01   2.9428330e-01
   2.0238333e+03   3.0273896e-01   2.9849468e-01   2.9430962e-01
   2.0239167e+03   3.0271222e-01   2.9844275e-01   2.9423322e-01
   2.0240000e+03   3.0258410e-01   2.9829438e-01   2.9406520e-01
   2.0240833e+03   3.0242008e-01   2.9811186e-01   2.9386474e-01
   2.0241667e+03   3.0228812e-01   2.9795980e-01   2.9369318e-01
   2.0242500e+03   3.0225975e-01   2.9790617e-01   2.9361501e-01
   2.0243333e+03   3.0234836e-01   2.9796364e-01   2.9364223e-01
   2.0244167e+03   3.0247314e-01   2.9805540e-01   2.9370190e-01
   2.0245000e+03   3.0257339e-01   2.9812378e-01   2.9373932e-01
   2.0245833e+03   1.5132764e-01   1.4908732e-01   1.4688002e-01
   2.0246667e+03   1.5137503e-01   1.4911884e-01   1.4689612e-01
   2.0247500e+03   1.5143748e-01   1.4916461e-01   1.4692570e-01
   2.0248333e+03   1.5148139e-01   1.4919274e-01   1.4693853e-01
   2.0249167e+03   1.5146884e-01   1.4916726e-01   1.4690050e-01
   2.0250000e+03   1.5140572e-01   1.4909377e-01   1.4681697e-01
   2.0250833e+03   1.5132467e-01   1.4900325e-01   1.4671729e-01
   2.0251667e+03   1.5125963e-01   1.4892792e-01   1.4663199e-01
   2.0252500e+03   1.5124627e-01   1.4890159e-01   1.4659310e-01
   2.0253333e+03   1.5129106e-01   1.4893039e-01   1.4660639e-01
   2.0254167e+03   1.5135344e-01   1.4897583e-01   1.4663541e-01
   2.0255000e+03   1.5140317e-01   1.4900924e-01   1.4665300e-01
   2.0255833e+03   1.5144355e-01   1.4903376e-01   1.4666214e-01
   2.0256667e+03   1.5149050e-01   1.4906446e-01   1.4667711e-01
   2.0257500e+03   1.5155293e-01   1.4910981e-01   1.4670591e-01
   2.0258333e+03   1.5159733e-01   1.4913804e-01   1.4671847e-01
   2.0259167e+03   1.5158559e-01   1.4911305e-01   1.4668068e-01
   2.0260000e+03   1.5152338e-01   1.4904026e-01   1.4659766e-01
   2.0260833e+03   1.5144326e-01   1.4895050e-01   1.4649860e-01
   2.0261667e+03   1.5137914e-01   1.4887588e-01   1.4641385e-01
   2.0262500e+03   1.5136658e-01   1.4885007e-01   1.4637524e-01
   2.0263333e+03   1.5141184e-01   1.4887899e-01   1.4638833e-01
   2.0264167e+03   1.5147421e-01   1.4892406e-01   1.4641667e-01
   2.0265000e+03   1.5152354e-01   1.4895676e-01   1.4643328e-01
   2.0265833e+03   1.5156337e-01   1.4898045e-01   1.4644137e-01
   2.0266667e+03   1.5160987e-01   1.4901042e-01   1.4645536e-01
   2.0267500e+03   1.5167228e-01   1.4905542e-01   1.4648352e-01
   2.0268333e+03   1.5171716e-01   1.4908380e-01   1.4649597e-01
   2.0269167e+03   1.5170622e-01   1.4905938e-01   1.4645854e-01
   2.0270000e+03   1.5164492e-01   1.4898734e-01   1.4637615e-01
   2.0270833e+03   1.5156573e-01   1.4889839e-01   1.4627781e-01
   2.0271667e+03   1.5150252e-01   1.4882454e-01   1.4619372e-01
   2.0272500e+03   1.5149076e-01   1.4879932e-01   1.4615551e-01
   2.0273333e+03   1.5153650e-01   1.4882843e-01   1.4616856e-01
   2.0274167e+03   1.5159884e-01   1.4887320e-01   1.4619637e-01
   2.0275000e+03   1.5164776e-01   1.4890527e-01   1.4621217e-01
   2.0275833e+03   1.5168704e-01   1.4892820e-01   1.4621934e-01
   2.0276667e+03   1.5173307e-01   1.4895750e-01   1.4623250e-01
   2.0277500e+03   1.5179546e-01   1.4900223e-01   1.4626019e-01
   2.0278333e+03   1.5184083e-01   1.4903085e-01   1.4627268e-01
   2.0279167e+03   1.5183068e-01   1.4900705e-01   1.4623574e-01
   2.0280000e+03   1.5177029e-01   1.4893583e-01   1.4615410e-01
   2.0280833e+03   1.5169203e-01   1.4884774e-01   1.4605657e-01
   2.0281667e+03   1.5162972e-01   1.4877471e-01   1.4597325e-01
   2.0282500e+03   1.5161876e-01   1.4875014e-01   1.4593559e-01
   2.0283333e+03   1.5166497e-01   1.4877951e-01   1.4594874e-01
   2.0284167e+03   1.5172729e-01   1.4882406e-01   1.4597618e-01
   2.0285000e+03   1.5177580e-01   1.4885557e-01   1.4599131e-01
   2.0285833e+03   1.5181450e-01   1.4887781e-01   1.4599772e-01
   2.0286667e+03   1.5186007e-01   1.4890652e-01   1.4601020e-01
   2.0287500e+03   1.5192243e-01   1.4895105e-01   1.4603757e-01
   2.0288333e+03   1.5196827e-01   1.4897998e-01   1.4605024e-01
   2.0289167e+03   1.5195892e-01   1.4895688e-01   1.4601392e-01
   2.0290000e+03   1.5189943e-01   1.4888652e-01   1.4593314e-01
   2.0290833e+03   1.5182210e-01   1.4879934e-01   1.4583654e-01
   2.0291667e+03   1.5176070e-01   1.4872719e-01   1.4575410e-01
   2.0292500e+03   1.5175053e-01   1.4870333e-01   1.4571710e-01
   2.0293333e+03   1.5179721e-01   1.4873304e-01   1.4573050e-01
   2.0294167e+03   1.5185950e-01   1.4877746e-01   1.4575773e-01
   2.0295000e+03   1.5190758e-01   1.4880847e-01   1.4577235e-01
   2.0295833e+03   1.5194571e-01   1.4883010e-01   1.4577814e-01
   2.0296667e+03   1.5199081e-01   1.4885828e-01   1.4579009e-01
   2.0297500e+03   1.5205314e-01   1.4890270e-01   1.4581730e-01
   2.0298333e+03   1.5209945e-01   1.4893202e-01   1.4583031e-01
   2.0299167e+03   1.5209088e-01   1.4890966e-01   1.4579474e-01
   2.0300000e+03   1.5203230e-01   1.4884022e-01   1.4571492e-01
   2.0300833e+03   1.5195588e-01   1.4875399e-01   1.4561933e-01
   2.0301667e+03   1.5189535e-01   1.4868274e-01   1.4553785e-01
   2.0302500e+03   1.5188593e-01   1.4865962e-01   1.4550160e-01
   2.0303333e+03   1.5193304e-01   1.4868971e-01   1.4551537e-01
   2.0304167e+03   1.5199531e-01   1.4873406e-01   1.4554254e-01
   2.0305000e+03   1.5204301e-01   1.4876469e-01   1.4555681e-01
   2.0305833e+03   1.5208063e-01   1.4878583e-01   1.4556217e-01
   2.0306667e+03   1.5212532e-01   1.4881363e-01   1.4557378e-01
   2.0307500e+03   1.5218763e-01   1.4885799e-01   1.4560095e-01
   2.0308333e+03   1.5223433e-01   1.4888766e-01   1.4561432e-01
   2.0309167e+03   1.5222640e-01   1.4886595e-01   1.4557943e-01
   2.0310000e+03   1.5216851e-01   1.4879726e-01   1.4550044e-01
   2.0310833e+03   1.5209279e-01   1.4871181e-01   1.4540573e-01
   2.0311667e+03   1.5203296e-01   1.4864131e-01   1.4532508e-01
   2.0312500e+03   1.5202415e-01   1.4861882e-01   1.4528950e-01
   2.0313333e+03   1.5207163e-01   1.4864924e-01   1.4530361e-01
   2.0314167e+03   1.5213388e-01   1.4869355e-01   1.4533075e-01
   2.0315000e+03   1.5218125e-01   1.4872386e-01   1.4534476e-01
   2.0315833e+03   1.5221842e-01   1.4874458e-01   1.4534975e-01
   2.0316667e+03   1.5226274e-01   1.4877202e-01   1.4536106e-01
   2.0317500e+03   1.5232502e-01   1.4881633e-01   1.4538820e-01
   2.0318333e+03   1.5237210e-01   1.4884635e-01   1.4540192e-01
   2.0319167e+03   1.5236478e-01   1.4882526e-01   1.4536770e-01
   2.0320000e+03   1.5230759e-01   1.4875732e-01   1.4528954e-01
   2.0320833e+03   1.5223257e-01   1.4867265e-01   1.4519571e-01
   2.0321667e+03   1.5217343e-01   1.4860291e-01   1.4511590e-01
   2.0322500e+03   1.5216524e-01   1.4858104e-01   1.4508099e-01
   2.0323333e+03   1.5221309e-01   1.4861181e-01   1.4509546e-01
   2.0324167e+03   1.5227532e-01   1.4865607e-01   1.4512257e-01
   2.0325000e+03   1.5232235e-01   1.4868607e-01   1.4513631e-01
   2.0325833e+03   1.5235906e-01   1.4870636e-01   1.4514094e-01
   2.0326667e+03   1.5240300e-01   1.4873344e-01   1.4515195e-01
   2.0327500e+03   1.5246526e-01   1.4877772e-01   1.4517907e-01
   2.0328333e+03   1.5251271e-01   1.4880808e-01   1.4519316e-01
   2.0329167e+03   1.5250600e-01   1.4878762e-01   1.4515961e-01
   2.0330000e+03   1.5244950e-01   1.4872043e-01   1.4508229e-01
   2.0330833e+03   1.5237519e-01   1.4863654e-01   1.4498933e-01
   2.0331667e+03   1.5231674e-01   1.4856755e-01   1.4491036e-01
   2.0332500e+03   1.5230917e-01   1.4854631e-01   1.4487613e-01
   2.0333333e+03   1.5235738e-01   1.4857742e-01   1.4489095e-01
   2.0334167e+03   1.5241958e-01   1.4862165e-01   1.4491805e-01
   2.0335000e+03   1.5246628e-01   1.4865132e-01   1.4493152e-01
   2.0335833e+03   1.5250252e-01   1.4867118e-01   1.4493580e-01
   2.0336667e+03   1.5254608e-01   1.4869791e-01   1.4494652e-01
   2.0337500e+03   1.5260831e-01   1.4874215e-01   1.4497362e-01
   2.0338333e+03   1.5265613e-01   1.4877286e-01   1.4498807e-01
   2.0339167e+03   1.5265004e-01   1.4875303e-01   1.4495520e-01
   2.0340000e+03   1.5259423e-01   1.4868659e-01   1.4487871e-01
   2.0340833e+03   1.5252062e-01   1.4860348e-01   1.4478663e-01
   2.0341667e+03   1.5246286e-01   1.4853524e-01   1.4470850e-01
   2.0342500e+03   1.5245590e-01   1.4851464e-01   1.4467495e-01
   2.0343333e+03   1.5250448e-01   1.4854609e-01   1.4469013e-01
   2.0344167e+03   1.5256665e-01   1.4859028e-01   1.4471722e-01
   2.0345000e+03   1.5261301e-01   1.4861963e-01   1.4473044e-01
   2.0345833e+03   1.5264877e-01   1.4863906e-01   1.4473437e-01
   2.0346667e+03   1.5269194e-01   1.4866544e-01   1.4474479e-01
   2.0347500e+03   1.5275415e-01   1.4870963e-01   1.4477189e-01
   2.0348333e+03   1.5280234e-01   1.4874070e-01   1.4478671e-01
   2.0349167e+03   1.5279685e-01   1.4872149e-01   1.4475451e-01
   2.0350000e+03   1.5274173e-01   1.4865581e-01   1.4467886e-01
   2.0350833e+03   1.5266882e-01   1.4857348e-01   1.4458767e-01
   2.0351667e+03   1.5261176e-01   1.4850600e-01   1.4451038e-01
   2.0352500e+03   1.5260541e-01   1.4848602e-01   1.4447751e-01
   2.0353333e+03   1.5265435e-01   1.4851782e-01   1.4449306e-01
   2.0354167e+03   1.5271649e-01   1.4856197e-01   1.4452014e-01
   2.0355000e+03   1.5276250e-01   1.4859101e-01   1.4453310e-01
   2.0355833e+03   1.5279778e-01   1.4861001e-01   1.4453669e-01
   2.0356667e+03   1.5284056e-01   1.4863603e-01   1.4454683e-01
   2.0357500e+03   1.5290273e-01   1.4868019e-01   1.4457393e-01
   2.0358333e+03   1.5295129e-01   1.4871161e-01   1.4458912e-01
   2.0359167e+03   1.5294642e-01   1.4869304e-01   1.4455761e-01
   2.0360000e+03   1.5289199e-01   1.4862810e-01   1.4448280e-01
   2.0360833e+03   1.5281978e-01   1.4854656e-01   1.4439248e-01
   2.0361667e+03   1.5276340e-01   1.4847983e-01   1.4431604e-01
   2.0362500e+03   1.5275766e-01   1.4846049e-01   1.4428386e-01
   2.0363333e+03   1.5280697e-01   1.4849264e-01   1.4429977e-01
   2.0364167e+03   1.5286908e-01   1.4853675e-01   1.4432686e-01
   2.0365000e+03   1.5291472e-01   1.4856547e-01   1.4433957e-01
   2.0365833e+03   7.6474763e-02   7.4292022e-02   7.2171408e-02
   2.0366667e+03   7.6495957e-02   7.4304856e-02   7.2176342e-02
   2.0367500e+03   7.6527023e-02   7.4326919e-02   7.2189891e-02
   2.0368333e+03   7.6551484e-02   7.4342805e-02   7.2197675e-02
   2.0369167e+03   7.6549353e-02   7.4333835e-02   7.2182262e-02
   2.0370000e+03   7.6522481e-02   7.4301744e-02   7.2145278e-02
   2.0370833e+03   7.6486726e-02   7.4261360e-02   7.2100563e-02
   2.0371667e+03   7.6458881e-02   7.4228375e-02   7.2062762e-02
   2.0372500e+03   7.6456318e-02   7.4219022e-02   7.2047017e-02
   2.0373333e+03   7.6481151e-02   7.4235270e-02   7.2055161e-02
   2.0374167e+03   7.6512186e-02   7.4257311e-02   7.2068710e-02
   2.0375000e+03   7.6534830e-02   7.4271511e-02   7.2074944e-02
   2.0375833e+03   7.6551986e-02   7.4280585e-02   7.2076398e-02
   2.0376667e+03   7.6572979e-02   7.4293242e-02   7.2081195e-02
   2.0377500e+03   7.6604025e-02   7.4315287e-02   7.2094749e-02
   2.0378333e+03   7.6628669e-02   7.4331352e-02   7.2102725e-02
   2.0379167e+03   7.6626842e-02   7.4322699e-02   7.2087656e-02
   2.0380000e+03   7.6600312e-02   7.4290985e-02   7.2051093e-02
   2.0380833e+03   7.6564908e-02   7.4250991e-02   7.2006821e-02
   2.0381667e+03   7.6537406e-02   7.4218385e-02   7.1969443e-02
   2.0382500e+03   7.6535148e-02   7.4209350e-02   7.1954045e-02
   2.0383333e+03   7.6560160e-02   7.4225774e-02   7.1962379e-02
   2.0384167e+03   7.6591174e-02   7.4247799e-02   7.1975934e-02
   2.0385000e+03   7.6613636e-02   7.4261841e-02   7.1982049e-02
   2.0385833e+03   7.6630545e-02   7.4270700e-02   7.1983337e-02
   2.0386667e+03   7.6651335e-02   7.4283181e-02   7.1988001e-02
   2.0387500e+03   7.6682358e-02   7.4305209e-02   7.2001561e-02
   2.0388333e+03   7.6707184e-02   7.4321454e-02   7.2009732e-02
   2.0389167e+03   7.6705661e-02   7.4313118e-02   7.1995010e-02
   2.0390000e+03   7.6679474e-02   7.4281781e-02   7.1958869e-02
   2.0390833e+03   7.6644418e-02   7.4242179e-02   7.1915039e-02
   2.0391667e+03   7.6617260e-02   7.4209951e-02   7.1878085e-02
   2.0392500e+03   7.6615306e-02   7.4201235e-02   7.1863036e-02
   2.0393333e+03   7.6640496e-02   7.4217836e-02   7.1871564e-02
   2.0394167e+03   7.6671488e-02   7.4239846e-02   7.1885128e-02
   2.0395000e+03   7.6693765e-02   7.4253728e-02   7.1891126e-02
   2.0395833e+03   7.6710425e-02   7.4262374e-02   7.1892250e-02
   2.0396667e+03   7.6731008e-02   7.4274678e-02   7.1896782e-02
   2.0397500e+03   7.6762008e-02   7.4296691e-02   7.1910352e-02
   2.0398333e+03   7.6787014e-02   7.4313115e-02   7.1918721e-02
   2.0399167e+03   7.6785794e-02   7.4305099e-02   7.1904346e-02
   2.0400000e+03   7.6759950e-02   7.4274139e-02   7.1868629e-02
   2.0400833e+03   7.6725243e-02   7.4234928e-02   7.1825242e-02
   2.0401667e+03   7.6698427e-02   7.4203078e-02   7.1788714e-02
   2.0402500e+03   7.6696777e-02   7.4194683e-02   7.1774014e-02
   2.0403333e+03   7.6722145e-02   7.4211462e-02   7.1782737e-02
   2.0404167e+03   7.6753113e-02   7.4233457e-02   7.1796314e-02
   2.0405000e+03   7.6775203e-02   7.4247181e-02   7.1802197e-02
   2.0405833e+03   7.6791609e-02   7.4255612e-02   7.1803160e-02
   2.0406667e+03   7.6811984e-02   7.4267739e-02   7.1807562e-02
   2.0407500e+03   7.6842958e-02   7.4289737e-02   7.1821144e-02
   2.0408333e+03   7.6868144e-02   7.4306344e-02   7.1829714e-02
   2.0409167e+03   7.6867227e-02   7.4298646e-02   7.1815689e-02
   2.0410000e+03   7.6841725e-02   7.4268065e-02   7.1780396e-02
   2.0410833e+03   7.6807366e-02   7.4229245e-02   7.1737453e-02
   2.0411667e+03   7.6780893e-02   7.4197775e-02   7.1701351e-02
   2.0412500e+03   7.6779547e-02   7.4189700e-02   7.1687003e-02
   2.0413333e+03   7.6805091e-02   7.4206659e-02   7.1695925e-02
   2.0414167e+03   7.6836033e-02   7.4228640e-02   7.1709516e-02
   2.0415000e+03   7.6857933e-02   7.4242205e-02   7.1715288e-02
   2.0415833e+03   7.6874084e-02   7.4250422e-02   7.1716091e-02
   2.0416667e+03   7.6894247e-02   7.4262372e-02   7.1720366e-02
   2.0417500e+03   7.6925194e-02   7.4284356e-02   7.1733963e-02
   2.0418333e+03   7.6950559e-02   7.4301145e-02   7.1742736e-02
   2.0419167e+03   7.6949944e-02   7.4293768e-02   7.1729063e-02
   2.0420000e+03   7.6924784e-02   7.4263564e-02   7.1694195e-02
   2.0420833e+03   7.6890772e-02   7.4225136e-02   7.1651696e-02
   2.0421667e+03   7.6864642e-02   7.4194046e-02   7.1616021e-02
   2.0422500e+03   7.6863598e-02   7.4186293e-02   7.1602027e-02
   2.0423333e+03   7.6889318e-02   7.4203432e-02   7.1611150e-02
   2.0424167e+03   7.6920232e-02   7.4225399e-02   7.1624759e-02
   2.0425000e+03   7.6941940e-02   7.4238807e-02   7.1630421e-02
   2.0425833e+03   7.6957833e-02   7.4246808e-02   7.1631066e-02
   2.0426667e+03   7.6977782e-02   7.4258582e-02   7.1635216e-02
   2.0427500e+03   7.7008700e-02   7.4280552e-02   7.1648832e-02
   2.0428333e+03   7.7034242e-02   7.4297525e-02   7.1657810e-02
   2.0429167e+03   7.7033929e-02   7.4290469e-02   7.1644490e-02
   2.0430000e+03   7.7009111e-02   7.4260645e-02   7.1610048e-02
   2.0430833e+03   7.6975447e-02   7.4222608e-02   7.1567995e-02
   2.0431667e+03   7.6949658e-02   7.4191898e-02   7.1532748e-02
   2.0432500e+03   7.6948917e-02   7.4184468e-02   7.1519109e-02
   2.0433333e+03   7.6974812e-02   7.4201788e-02   7.1528437e-02
   2.0434167e+03   7.7005696e-02   7.4223743e-02   7.1542066e-02
   2.0435000e+03   7.7027209e-02   7.4236992e-02   7.1547620e-02
   2.0435833e+03   7.7042841e-02   7.4244778e-02   7.1548109e-02
   2.0436667e+03   7.7062573e-02   7.4256376e-02   7.1552137e-02
   2.0437500e+03   7.7093460e-02   7.4278333e-02   7.1565773e-02
   2.0438333e+03   7.7119180e-02   7.4295491e-02   7.1574960e-02
   2.0439167e+03   7.7119168e-02   7.4288757e-02   7.1561996e-02
   2.0440000e+03   7.7094691e-02   7.4259311e-02   7.1527981e-02
   2.0440833e+03   7.7061374e-02   7.4221668e-02   7.1486374e-02
   2.0441667e+03   7.7035926e-02   7.4191338e-02   7.1451556e-02
   2.0442500e+03   7.7035488e-02   7.4184231e-02   7.1438275e-02
   2.0443333e+03   7.7061556e-02   7.4201734e-02   7.1447809e-02
   2.0444167e+03   7.7092410e-02   7.4223677e-02   7.1461461e-02
   2.0445000e+03   7.7113725e-02   7.4236767e-02   7.1466909e-02
   2.0445833e+03   7.7129092e-02   7.4244339e-02   7.1467245e-02
   2.0446667e+03   7.7148605e-02   7.4255760e-02   7.1471152e-02
   2.0447500e+03   7.7179459e-02   7.4277704e-02   7.1484812e-02
   2.0448333e+03   7.7205355e-02   7.4295048e-02   7.1494210e-02
   2.0449167e+03   7.7205644e-02   7.4288637e-02   7.1481603e-02
   2.0450000e+03   7.7181507e-02   7.4259572e-02   7.1448016e-02
   2.0450833e+03   7.7148538e-02   7.4222321e-02   7.1406856e-02
   2.0451667e+03   7.7123431e-02   7.4192372e-02   7.1372468e-02
   2.0452500e+03   7.7123295e-02   7.4185590e-02   7.1359546e-02
   2.0453333e+03   7.7149536e-02   7.4203275e-02   7.1369290e-02
   2.0454167e+03   7.7180356e-02   7.4225208e-02   7.1382968e-02
   2.0455000e+03   7.7201471e-02   7.4238140e-02   7.1388313e-02
   2.0455833e+03   7.7216570e-02   7.4245496e-02   7.1388497e-02
   2.0456667e+03   7.7235862e-02   7.4256740e-02   7.1392285e-02
   2.0457500e+03   7.7266681e-02   7.4278673e-02   7.1405971e-02
   2.0458333e+03   7.7292752e-02   7.4296204e-02   7.1415583e-02
   2.0459167e+03   7.7293342e-02   7.4290116e-02   7.1403336e-02
   2.0460000e+03   7.7269546e-02   7.4261432e-02   7.1370178e-02
   2.0460833e+03   7.7236923e-02   7.4224574e-02   7.1329465e-02
   2.0461667e+03   7.7212157e-02   7.4195007e-02   7.1295509e-02
   2.0462500e+03   7.7212322e-02   7.4188550e-02   7.1282948e-02
   2.0463333e+03   7.7238735e-02   7.4206420e-02   7.1292904e-02
   2.0464167e+03   7.7269520e-02   7.4228342e-02   7.1306610e-02
   2.0465000e+03   7.7290432e-02   7.4241116e-02   7.1311854e-02
   2.0465833e+03   7.7305261e-02   7.4248256e-02   7.1311889e-02
   2.0466667e+03   7.7324328e-02   7.4259323e-02   7.1315560e-02
   2.0467500e+03   7.7355111e-02   7.4281245e-02   7.1329275e-02
   2.0468333e+03   7.7381356e-02   7.4298964e-02   7.1339104e-02
   2.0469167e+03   7.7382246e-02   7.4293202e-02   7.1327218e-02
   2.0470000e+03   7.7358790e-02   7.4264898e-02   7.1294491e-02
   2.0470833e+03   7.7326513e-02   7.4228434e-02   7.1254226e-02
   2.0471667e+03   7.7302088e-02   7.4199249e-02   7.1220702e-02
   2.0472500e+03   7.7302554e-02   7.4193118e-02   7.1208504e-02
   2.0473333e+03   7.7329138e-02   7.4211174e-02   7.1218675e-02
   2.0474167e+03   7.7359887e-02   7.4233086e-02   7.1232413e-02
   2.0475000e+03   7.7380593e-02   7.4245702e-02   7.1237558e-02
   2.0475833e+03   7.7395148e-02   7.4252625e-02   7.1237444e-02
   2.0476667e+03   7.7413987e-02   7.4263516e-02   7.1241001e-02
   2.0477500e+03   7.7444731e-02   7.4285428e-02   7.1254748e-02
   2.0478333e+03   7.7471150e-02   7.4303336e-02   7.1264796e-02
   2.0479167e+03   7.7472340e-02   7.4297900e-02   7.1253273e-02
   2.0480000e+03   7.7449224e-02   7.4269977e-02   7.1220978e-02
   2.0480833e+03   7.7417293e-02   7.4233907e-02   7.1181162e-02
   2.0481667e+03   7.7393208e-02   7.4205105e-02   7.1148072e-02
   2.0482500e+03   7.7393974e-02   7.4199302e-02   7.1136239e-02
   2.0483333e+03   7.7420729e-02   7.4217545e-02   7.1146628e-02
   2.0484167e+03   7.7451439e-02   7.4239448e-02   7.1160399e-02
   2.0485000e+03   7.7471937e-02   7.4251905e-02   7.1165447e-02
   2.0485833e+03   7.7486215e-02   7.4258612e-02   7.1165188e-02
   2.0486667e+03   7.7504823e-02   7.4269325e-02   7.1168632e-02
   2.0487500e+03   7.7535527e-02   7.4291227e-02   7.1182413e-02
   2.0488333e+03   7.7562119e-02   7.4309326e-02   7.1192684e-02
   2.0489167e+03   7.7563608e-02   7.4304217e-02   7.1181526e-02
   2.0490000e+03   7.7540831e-02   7.4276676e-02   7.1149663e-02
   2.0490833e+03   7.7509246e-02   7.4241001e-02   7.1110298e-02
   2.0491667e+03   7.7485502e-02   7.4212582e-02   7.1077642e-02
   2.0492500e+03   7.7486568e-02   7.4207107e-02   7.1066176e-02
   2.0493333e+03   7.7513492e-02   7.4225539e-02   7.1076786e-02
   2.0494167e+03   7.7544161e-02   7.4247433e-02   7.1090594e-02
   2.0495000e+03   7.7564448e-02   7.4259732e-02   7.1095547e-02
   2.0495833e+03   7.7578446e-02   7.4266222e-02   7.1095143e-02
   2.0496667e+03   7.7596821e-02   7.4276758e-02   7.1098477e-02
   2.0497500e+03   7.7627483e-02   7.4298651e-02   7.1112294e-02
   2.0498333e+03   7.7654246e-02   7.4316941e-02   7.1122790e-02
   2.0499167e+03   7.7656034e-02   7.4312159e-02   7.1112000e-02
   2.0500000e+03   7.7633597e-02   7.4285002e-02   7.1080571e-02
   2.0500833e+03   7.7602338e-02   7.4249704e-02   7.1041640e-02
   2.0501667e+03   7.7578897e-02   7.4221637e-02   7.1009389e-02
   2.0502500e+03   7.7580219e-02   7.4216450e-02   7.0998255e-02
   2.0503333e+03   7.7607285e-02   7.4235046e-02   7.1009065e-02
   2.0504167e+03   7.7637931e-02   7.4256950e-02   7.1022928e-02
   2.0505000e+03   7.7658075e-02   7.4269155e-02   7.1027847e-02
   2.0505833e+03   7.7671894e-02   7.4275522e-02   7.1027386e-02
   2.0506667e+03   7.7690134e-02   7.4285973e-02   7.1030696e-02
   2.0507500e+03   7.7720788e-02   7.4307890e-02   7.1044581e-02
   2.0508333e+03   7.7747654e-02   7.4326308e-02   7.1055243e-02
   2.0509167e+03   7.7749580e-02   7.4321705e-02   7.1044681e-02
   2.0510000e+03   7.7727266e-02   7.4294730e-02   7.1013500e-02
   2.0510833e+03   7.7696127e-02   7.4259617e-02   7.0974824e-02
   2.0511667e+03   7.7672808e-02   7.4231731e-02   7.0942820e-02
   2.0512500e+03   7.7674254e-02   7.4226709e-02   7.0931901e-02
   2.0513333e+03   7.7701408e-02   7.4245417e-02   7.0942860e-02
   2.0514167e+03   7.7732058e-02   7.4267354e-02   7.0956797e-02
   2.0515000e+03   7.7752128e-02   7.4279526e-02   7.0961737e-02
   2.0515833e+03   3.8882920e-02   3.7142918e-02   3.5480638e-02
   2.0516667e+03   3.8891998e-02   3.7148123e-02   3.5482300e-02
   2.0517500e+03   3.8907327e-02   3.7159097e-02   3.5489278e-02
   2.0518333e+03   3.8920804e-02   3.7168363e-02   3.5494683e-02
   2.0519167e+03   3.8921829e-02   3.7166142e-02   3.5489508e-02
   2.0520000e+03   3.8910734e-02   3.7152744e-02   3.5474038e-02
   2.0520833e+03   3.8895224e-02   3.7135279e-02   3.5454824e-02
   2.0521667e+03   3.8883626e-02   3.7121425e-02   3.5438943e-02
   2.0522500e+03   3.8884411e-02   3.7118995e-02   3.5433588e-02
   2.0523333e+03   3.8898032e-02   3.7128404e-02   3.5439140e-02
   2.0524167e+03   3.8913359e-02   3.7139387e-02   3.5446142e-02
   2.0525000e+03   3.8923357e-02   3.7145456e-02   3.5448619e-02
   2.0525833e+03   3.8930159e-02   3.7148579e-02   3.5448386e-02
   2.0526667e+03   3.8939195e-02   3.7153763e-02   3.5450051e-02
   2.0527500e+03   3.8954525e-02   3.7164751e-02   3.5457062e-02
   2.0528333e+03   3.8968047e-02   3.7174071e-02   3.5462538e-02
   2.0529167e+03   3.8969134e-02   3.7171930e-02   3.5457465e-02
   2.0530000e+03   3.8958100e-02   3.7158621e-02   3.5442113e-02
   2.0530833e+03   3.8942650e-02   3.7141244e-02   3.5423021e-02
   2.0531667e+03   3.8931114e-02   3.7127479e-02   3.5407258e-02
   2.0532500e+03   3.8931961e-02   3.7125128e-02   3.5402004e-02
   2.0533333e+03   3.8945625e-02   3.7134591e-02   3.5407625e-02
   2.0534167e+03   3.8960954e-02   3.7145587e-02   3.5414657e-02
   2.0535000e+03   3.8970915e-02   3.7151636e-02   3.5417139e-02
   2.0535833e+03   3.8977663e-02   3.7154728e-02   3.5416900e-02
   2.0536667e+03   3.8986656e-02   3.7159887e-02   3.5418566e-02
   2.0537500e+03   3.9001988e-02   3.7170887e-02   3.5425606e-02
   2.0538333e+03   3.9015554e-02   3.7180261e-02   3.5431151e-02
   2.0539167e+03   3.9016704e-02   3.7178199e-02   3.5426177e-02
   2.0540000e+03   3.9005731e-02   3.7164976e-02   3.5410939e-02
   2.0540833e+03   3.8990341e-02   3.7147688e-02   3.5391967e-02
   2.0541667e+03   3.8978866e-02   3.7134009e-02   3.5376318e-02
   2.0542500e+03   3.8979775e-02   3.7131736e-02   3.5371164e-02
   2.0543333e+03   3.8993484e-02   3.7141251e-02   3.5376850e-02
   2.0544167e+03   3.9008814e-02   3.7152258e-02   3.5383910e-02
   2.0545000e+03   3.9018737e-02   3.7158286e-02   3.5386393e-02
   2.0545833e+03   3.9025431e-02   3.7161344e-02   3.5386145e-02
   2.0546667e+03   3.9034381e-02   3.7166478e-02   3.5387809e-02
   2.0547500e+03   3.9049714e-02   3.7177489e-02   3.5394875e-02
   2.0548333e+03   3.9063325e-02   3.7186914e-02   3.5400485e-02
   2.0549167e+03   3.9064537e-02   3.7184929e-02   3.5395607e-02
   2.0550000e+03   3.9053626e-02   3.7171791e-02   3.5380482e-02
   2.0550833e+03   3.9038295e-02   3.7154590e-02   3.5361626e-02
   2.0551667e+03   3.9026882e-02   3.7140997e-02   3.5346090e-02
   2.0552500e+03   3.9027853e-02   3.7138801e-02   3.5341031e-02
   2.0553333e+03   3.9041606e-02   3.7148365e-02   3.5346780e-02
   2.0554167e+03   3.9056938e-02   3.7159382e-02   3.5353864e-02
   2.0555000e+03   3.9066822e-02   3.7165388e-02   3.5356345e-02
   2.0555833e+03   3.9073462e-02   3.7168410e-02   3.5356086e-02
   2.0556667e+03   3.9082368e-02   3.7173518e-02   3.5357744e-02
   2.0557500e+03   3.9097703e-02   3.7184538e-02   3.5364834e-02
   2.0558333e+03   3.9111359e-02   3.7194013e-02   3.5370505e-02
   2.0559167e+03   3.9112632e-02   3.7192103e-02   3.5365721e-02
   2.0560000e+03   3.9101784e-02   3.7179049e-02   3.5350705e-02
   2.0560833e+03   3.9086513e-02   3.7161934e-02   3.5331963e-02
   2.0561667e+03   3.9075160e-02   3.7148424e-02   3.5316536e-02
   2.0562500e+03   3.9076194e-02   3.7146303e-02   3.5311570e-02
   2.0563333e+03   3.9089991e-02   3.7155917e-02   3.5317379e-02
   2.0564167e+03   3.9105324e-02   3.7166942e-02   3.5324485e-02
   2.0565000e+03   3.9115171e-02   3.7172924e-02   3.5326961e-02
   2.0565833e+03   3.9121755e-02   3.7175908e-02   3.5326687e-02
   2.0566667e+03   3.9130618e-02   3.7180987e-02   3.5328336e-02
   2.0567500e+03   3.9145954e-02   3.7192014e-02   3.5335446e-02
   2.0568333e+03   3.9159654e-02   3.7201538e-02   3.5341176e-02
   2.0569167e+03   3.9160990e-02   3.7199702e-02   3.5336483e-02
   2.0570000e+03   3.9150203e-02   3.7186732e-02   3.5321574e-02
   2.0570833e+03   3.9134992e-02   3.7169700e-02   3.5302943e-02
   2.0571667e+03   3.9123701e-02   3.7156273e-02   3.5287623e-02
   2.0572500e+03   3.9124797e-02   3.7154226e-02   3.5282746e-02
   2.0573333e+03   3.9138638e-02   3.7163887e-02   3.5288612e-02
   2.0574167e+03   3.9153973e-02   3.7174918e-02   3.5295736e-02
   2.0575000e+03   3.9163781e-02   3.7180874e-02   3.5298204e-02
   2.0575833e+03   3.9170310e-02   3.7183820e-02   3.5297912e-02
   2.0576667e+03   3.9179129e-02   3.7188868e-02   3.5299550e-02
   2.0577500e+03   3.9194466e-02   3.7199901e-02   3.5306677e-02
   2.0578333e+03   3.9208211e-02   3.7209472e-02   3.5312463e-02
   2.0579167e+03   3.9209609e-02   3.7207709e-02   3.5307857e-02
   2.0580000e+03   3.9198884e-02   3.7194820e-02   3.5293053e-02
   2.0580833e+03   3.9183732e-02   3.7177871e-02   3.5274530e-02
   2.0581667e+03   3.9172503e-02   3.7164525e-02   3.5259314e-02
   2.0582500e+03   3.9173661e-02   3.7162550e-02   3.5254524e-02
   2.0583333e+03   3.9187547e-02   3.7172257e-02   3.5260444e-02
   2.0584167e+03   3.9202883e-02   3.7183293e-02   3.5267583e-02
   2.0585000e+03   3.9212651e-02   3.7189221e-02   3.5270040e-02
   2.0585833e+03   3.9219125e-02   3.7192126e-02   3.5269728e-02
   2.0586667e+03   3.9227900e-02   3.7197143e-02   3.5271351e-02
   2.0587500e+03   3.9243238e-02   3.7208180e-02   3.5278492e-02
   2.0588333e+03   3.9257027e-02   3.7217797e-02   3.5284331e-02
   2.0589167e+03   3.9258488e-02   3.7216105e-02   3.5279810e-02
   2.0590000e+03   3.9247824e-02   3.7203295e-02   3.5265106e-02
   2.0590833e+03   3.9232733e-02   3.7186428e-02   3.5246689e-02
   2.0591667e+03   3.9221565e-02   3.7173162e-02   3.5231575e-02
   2.0592500e+03   3.9222786e-02   3.7171258e-02   3.5226869e-02
   2.0593333e+03   3.9236715e-02   3.7181008e-02   3.5232840e-02
   2.0594167e+03   3.9252052e-02   3.7192048e-02   3.5239991e-02
   2.0595000e+03   3.9261782e-02   3.7197947e-02   3.5242434e-02
   2.0595833e+03   3.9268200e-02   3.7200810e-02   3.5242098e-02
   2.0596667e+03   3.9276930e-02   3.7205793e-02   3.5243703e-02
   2.0597500e+03   3.9292269e-02   3.7216833e-02   3.5250855e-02
   2.0598333e+03   3.9306103e-02   3.7226493e-02   3.5256744e-02
   2.0599167e+03   3.9307626e-02   3.7224871e-02   3.5252305e-02
   2.0600000e+03   3.9297024e-02   3.7212140e-02   3.5237700e-02
   2.0600833e+03   3.9281993e-02   3.7195353e-02   3.5219386e-02
   2.0601667e+03   3.9270887e-02   3.7182166e-02   3.5204370e-02
   2.0602500e+03   3.9272170e-02   3.7180331e-02   3.5199746e-02
   2.0603333e+03   3.9286144e-02   3.7190124e-02   3.5205764e-02
   2.0604167e+03   3.9301481e-02   3.7201165e-02   3.5212924e-02
   2.0605000e+03   3.9311172e-02   3.7207033e-02   3.5215350e-02
   2.0605833e+03   3.9317533e-02   3.7209852e-02   3.5214987e-02
   2.0606667e+03   3.9326218e-02   3.7214799e-02   3.5216573e-02
   2.0607500e+03   3.9341558e-02   3.7225840e-02   3.5223732e-02
   2.0608333e+03   3.9355437e-02   3.7235543e-02   3.5229668e-02
   2.0609167e+03   3.9357022e-02   3.7233989e-02   3.5225308e-02
   2.0610000e+03   3.9346482e-02   3.7221335e-02   3.5210799e-02
   2.0610833e+03   3.9331511e-02   3.7204627e-02   3.5192586e-02
   2.0611667e+03   3.9320467e-02   3.7191517e-02   3.5177666e-02
   2.0612500e+03   3.9321812e-02   3.7189750e-02   3.5173120e-02
   2.0613333e+03   3.9335830e-02   3.7199584e-02   3.5179182e-02
   2.0614167e+03   3.9351169e-02   3.7210626e-02   3.5186348e-02
   2.0615000e+03   3.9360819e-02   3.7216461e-02   3.5188754e-02
   2.0615833e+03   3.9367124e-02   3.7219234e-02   3.5188362e-02
   2.0616667e+03   3.9375764e-02   3.7224145e-02   3.5189924e-02
   2.0617500e+03   3.9391104e-02   3.7235185e-02   3.5197089e-02
   2.0618333e+03   3.9405028e-02   3.7244928e-02   3.5203068e-02
   2.0619167e+03   3.9406676e-02   3.7243441e-02   3.5198784e-02
   2.0620000e+03   3.9396198e-02   3.7230863e-02   3.5184368e-02
   2.0620833e+03   3.9381287e-02   3.7214233e-02   3.5166253e-02
   2.0621667e+03   3.9370305e-02   3.7201199e-02   3.5151426e-02
   2.0622500e+03   3.9371712e-02   3.7199499e-02   3.5146956e-02
   2.0623333e+03   3.9385775e-02   3.7209372e-02   3.5153060e-02
   2.0624167e+03   3.9401114e-02   3.7220412e-02   3.5160229e-02
   2.0625000e+03   3.9410724e-02   3.7226213e-02   3.5162612e-02
   2.0625833e+03   3.9416972e-02   3.7228939e-02   3.5162187e-02
   2.0626667e+03   3.9425567e-02   3.7233810e-02   3.5163723e-02
   2.0627500e+03   3.9440907e-02   3.7244848e-02   3.5170889e-02
   2.0628333e+03   3.9454876e-02   3.7254631e-02   3.5176909e-02
   2.0629167e+03   3.9456586e-02   3.7253208e-02   3.5172698e-02
   2.0630000e+03   3.9446170e-02   3.7240706e-02   3.5158374e-02
   2.0630833e+03   3.9431319e-02   3.7224152e-02   3.5140354e-02
   2.0631667e+03   3.9420399e-02   3.7211192e-02   3.5125618e-02
   2.0632500e+03   3.9421869e-02   3.7209557e-02   3.5121221e-02
   2.0633333e+03   3.9435976e-02   3.7219468e-02   3.5127363e-02
   2.0634167e+03   3.9451315e-02   3.7230504e-02   3.5134531e-02
   2.0635000e+03   3.9460886e-02   3.7236269e-02   3.5136889e-02
   2.0635833e+03   3.9467076e-02   3.7238946e-02   3.5136429e-02
   2.0636667e+03   3.9475625e-02   3.7243778e-02   3.5137935e-02
   2.0637500e+03   3.9490965e-02   3.7254811e-02   3.5145099e-02
   2.0638333e+03   3.9504979e-02   3.7264631e-02   3.5151157e-02
   2.0639167e+03   3.9506752e-02   3.7263273e-02   3.5147017e-02
   2.0640000e+03   3.9496398e-02   3.7250844e-02   3.5132780e-02
   2.0640833e+03   3.9481607e-02   3.7234365e-02   3.5114853e-02
   2.0641667e+03   3.9470749e-02   3.7221478e-02   3.5100205e-02
   2.0642500e+03   3.9472282e-02   3.7219907e-02   3.5095878e-02
   2.0643333e+03   3.9486433e-02   3.7229854e-02   3.5102056e-02
   2.0644167e+03   3.9501772e-02   3.7240886e-02   3.5109221e-02
   2.0645000e+03   3.9511302e-02   3.7246613e-02   3.5111549e-02
   2.0645833e+03   3.9517435e-02   3.7249239e-02   3.5111051e-02
   2.0646667e+03   3.9525938e-02   3.7254028e-02   3.5112525e-02
   2.0647500e+03   3.9541278e-02   3.7265056e-02   3.5119685e-02
   2.0648333e+03   3.9555336e-02   3.7274912e-02   3.5125777e-02
   2.0649167e+03   3.9557172e-02   3.7273617e-02   3.5121705e-02
   2.0650000e+03   3.9546881e-02   3.7261259e-02   3.5107554e-02
   2.0650833e+03   3.9532150e-02   3.7244854e-02   3.5089717e-02
   2.0651667e+03   3.9521353e-02   3.7232040e-02   3.5075154e-02
   2.0652500e+03   3.9522949e-02   3.7230530e-02   3.5070894e-02
   2.0653333e+03   3.9537144e-02   3.7240512e-02   3.5077104e-02
   2.0654167e+03   3.9552484e-02   3.7251537e-02   3.5084263e-02
   2.0655000e+03   3.9561973e-02   3.7257225e-02   3.5086560e-02
   2.0655833e+03   3.9568048e-02   3.7259799e-02   3.5086020e-02
   2.0656667e+03   3.9576504e-02   3.7264544e-02   3.5087459e-02
   2.0657500e+03   3.9591845e-02   3.7275565e-02   3.5094612e-02
   2.0658333e+03   3.9605948e-02   3.7285455e-02   3.5100735e-02
   2.0659167e+03   3.9607846e-02   3.7284220e-02   3.5096728e-02
   2.0660000e+03   3.9597617e-02   3.7271934e-02   3.5082659e-02
   2.0660833e+03   3.9582947e-02   3.7255601e-02   3.5064910e-02
   2.0661667e+03   3.9572212e-02   3.7242857e-02   3.5050431e-02
   2.0662500e+03   3.9573870e-02   3.7241408e-02   3.5046235e-02
   2.0663333e+03   3.9588110e-02   3.7251424e-02   3.5052475e-02
   2.0664167e+03   3.9603450e-02   3.7262440e-02   3.5059624e-02
   2.0665000e+03   3.9612898e-02   3.7268086e-02   3.5061886e-02
   2.0665833e+03   3.9618914e-02   3.7270606e-02   3.5061302e-02
   2.0666667e+03   3.9627324e-02   3.7275306e-02   3.5062703e-02
   2.0667500e+03   3.9642664e-02   3.7286318e-02   3.5069845e-02
   2.0668333e+03   3.9656812e-02   3.7296241e-02   3.5075996e-02
   2.0669167e+03   3.9658773e-02   3.7295066e-02   3.5072051e-02
   2.0670000e+03   3.9648606e-02   3.7282849e-02   3.5058063e-02
   2.0670833e+03   3.9633996e-02   3.7266587e-02   3.5040400e-02
   2.0671667e+03   3.9623323e-02   3.7253913e-02   3.5026001e-02
   2.0672500e+03   3.9625045e-02   3.7252523e-02   3.5021867e-02
   2.0673333e+03   3.9639329e-02   3.7262570e-02   3.5028132e-02
   2.0674167e+03   3.9654668e-02   3.7273576e-02   3.5035269e-02
   2.0675000e+03   3.9664075e-02   3.7279180e-02   3.5037493e-02
   2.0675833e+03   3.9670032e-02   3.7281644e-02   3.5036863e-02
   2.0676667e+03   3.9678395e-02   3.7286297e-02   3.5038222e-02
   2.0677500e+03   3.9693735e-02   3.7297297e-02   3.5045351e-02
   2.0678333e+03   3.9707927e-02   3.7307252e-02   3.5051527e-02
   2.0679167e+03   3.9709952e-02   3.7306135e-02   3.5047642e-02
   2.0680000e+03   3.9699847e-02   3.7293985e-02   3.5033732e-02
   2.0680833e+03   3.9685298e-02   3.7277794e-02   3.5016151e-02
   2.0681667e+03   3.9674687e-02   3.7265187e-02   3.5001830e-02
   2.0682500e+03   3.9676471e-02   3.7263856e-02   3.4997755e-02
   2.0683333e+03   3.9690799e-02   3.7273932e-02   3.5004043e-02
   2.0684167e+03   3.9706139e-02   3.7284926e-02   3.5011164e-02
   2.0685000e+03   3.9715504e-02   3.7290486e-02   3.5013348e-02
   2.0685833e+03   3.9721402e-02   3.7292893e-02   3.5012668e-02
   2.0686667e+03   3.9729717e-02   3.7297497e-02   3.5013983e-02
   2.0687500e+03   3.9745057e-02   3.7308485e-02   3.5021095e-02
   2.0688333e+03   3.9759294e-02   3.7318469e-02   3.5027294e-02
   2.0689167e+03   3.9761381e-02   3.7317409e-02   3.5023465e-02
   2.0690000e+03   3.9751339e-02   3.7305326e-02   3.5009630e-02
   2.0690833e+03   3.9736850e-02   3.7289203e-02   3.4992129e-02
   2.0691667e+03   3.9726301e-02   3.7276663e-02   3.4977884e-02
   2.0692500e+03   3.9728149e-02   3.7275388e-02   3.4973864e-02
   2.0693333e+03   3.9742521e-02   3.7285493e-02   3.4980173e-02
   2.0694167e+03   3.9757860e-02   3.7296473e-02   3.4987275e-02
   2.0695000e+03   3.9767183e-02   3.7301987e-02   3.4989416e-02
   2.0695833e+03   3.9773021e-02   3.7304334e-02   3.4988683e-02
   2.0696667e+03   3.9781289e-02   3.7308888e-02   3.4989951e-02
   2.0697500e+03   3.9796628e-02   3.7319862e-02   3.4997043e-02
   2.0698333e+03   3.9810910e-02   3.7329874e-02   3.5003262e-02
   2.0699167e+03   3.9813060e-02   3.7328869e-02   3.4999486e-02
   2.0700000e+03   3.9803081e-02   3.7316851e-02   3.4985724e-02
   2.0700833e+03   3.9788652e-02   3.7300796e-02   3.4968301e-02
   2.0701667e+03   3.9778166e-02   3.7288321e-02   3.4954129e-02
   2.0702500e+03   3.9780076e-02   3.7287101e-02   3.4950163e-02
   2.0703333e+03   3.9794493e-02   3.7297232e-02   3.4956488e-02
   2.0704167e+03   3.9809832e-02   3.7308198e-02   3.4963569e-02
   2.0705000e+03   3.9819112e-02   3.7313663e-02   3.4965663e-02
   2.0705833e+03   3.9824891e-02   3.7315950e-02   3.4964874e-02
   2.0706667e+03   3.9833111e-02   3.7320452e-02   3.4966093e-02
   2.0707500e+03   3.9848448e-02   3.7331409e-02   3.4973162e-02
   2.0708333e+03   3.9862775e-02   3.7341448e-02   3.4979397e-02
   2.0709167e+03   3.9864989e-02   3.7340496e-02   3.4975672e-02
   2.0710000e+03   3.9855072e-02   3.7328543e-02   3.4961980e-02
   2.0710833e+03   3.9840703e-02   3.7312554e-02   3.4944633e-02
   2.0711667e+03   3.9830279e-02   3.7300144e-02   3.4930531e-02
   2.0712500e+03   3.9832253e-02   3.7298977e-02   3.4926615e-02
   2.0713333e+03   3.9846714e-02   3.7309133e-02   3.4932954e-02
   2.0714167e+03   3.9862052e-02   3.7320081e-02   3.4940010e-02
   2.0715000e+03   3.9871290e-02   3.7325497e-02   3.4942055e-02
   2.0715833e+03   3.9877008e-02   3.7327722e-02   3.4941208e-02
   2.0716667e+03   3.9885180e-02   3.7332169e-02   3.4942374e-02
   2.0717500e+03   3.9900517e-02   3.7343109e-02   3.4949417e-02
   2.0718333e+03   3.9914888e-02   3.7353172e-02   3.4955665e-02
   2.0719167e+03   3.9917165e-02   3.7352273e-02   3.4951988e-02
   2.0720000e+03   3.9907311e-02   3.7340383e-02   3.4938364e-02
   2.0720833e+03   3.9893003e-02   3.7324458e-02   3.4921090e-02
   2.0721667e+03   3.9882641e-02   3.7312111e-02   3.4907056e-02
   2.0722500e+03   3.9884678e-02   3.7310996e-02   3.4903188e-02
   2.0723333e+03   3.9899183e-02   3.7321175e-02   3.4909538e-02
   2.0724167e+03   3.9914520e-02   3.7332105e-02   3.4916566e-02
   2.0725000e+03   3.9923715e-02   3.7337470e-02   3.4918558e-02
   2.0725833e+03   3.9929373e-02   3.7339630e-02   3.4917651e-02
   2.0726667e+03   3.9937496e-02   3.7344022e-02   3.4918761e-02
   2.0727500e+03   3.9952832e-02   3.7354943e-02   3.4925775e-02
   2.0728333e+03   3.9967248e-02   3.7365029e-02   3.4932033e-02
   2.0729167e+03   3.9969588e-02   3.7364181e-02   3.4928402e-02
   2.0730000e+03   3.9959797e-02   3.7352352e-02   3.4914843e-02
   2.0730833e+03   3.9945549e-02   3.7336491e-02   3.4897640e-02
   2.0731667e+03   3.9935250e-02   3.7324205e-02   3.4883671e-02
   2.0732500e+03   3.9937350e-02   3.7323141e-02   3.4879848e-02
   2.0733333e+03   3.9951900e-02   3.7333341e-02   3.4886206e-02
   2.0734167e+03   3.9967236e-02   3.7344251e-02   3.4893203e-02
   2.0735000e+03   3.9976388e-02   3.7349563e-02   3.4895140e-02
   2.0735833e+03   3.9981984e-02   3.7351657e-02   3.4894168e-02
   2.0736667e+03   3.9990058e-02   3.7355992e-02   3.4895220e-02
   2.0737500e+03   4.0005393e-02   3.7366891e-02   3.4902203e-02
   2.0738333e+03   4.0019854e-02   3.7376999e-02   3.4908467e-02
   2.0739167e+03   4.0022257e-02   3.7376200e-02   3.4904878e-02
   2.0740000e+03   4.0012529e-02   3.7364431e-02   3.4891382e-02
   2.0740833e+03   3.9998342e-02   3.7348633e-02   3.4874248e-02
   2.0741667e+03   3.9988105e-02   3.7336407e-02   3.4860342e-02
   2.0742500e+03   3.9990269e-02   3.7335392e-02   3.4856560e-02
   2.0743333e+03   4.0004863e-02   3.7345612e-02   3.4862923e-02
   2.0744167e+03   4.0020198e-02   3.7356500e-02   3.4869887e-02
   2.0745000e+03   4.0029306e-02   3.7361757e-02   3.4871765e-02
   2.0745833e+03   4.0034841e-02   3.7363784e-02   3.4870727e-02
   2.0746667e+03   4.0042865e-02   3.7368059e-02   3.4871718e-02
   2.0747500e+03   4.0058199e-02   3.7378936e-02   3.4878665e-02
   2.0748333e+03   4.0072705e-02   3.7389063e-02   3.4884934e-02
   2.0749167e+03   4.0075171e-02   3.7388312e-02   3.4881385e-02
   2.0750000e+03   4.0065506e-02   3.7376602e-02   3.4867948e-02
   2.0750833e+03   4.0051377e-02   3.7360863e-02   3.4850878e-02
   2.0751667e+03   4.0041199e-02   3.7348692e-02   3.4837029e-02
   2.0752500e+03   4.0043420e-02   3.7347720e-02   3.4833283e-02
   2.0753333e+03   4.0058056e-02   3.7357956e-02   3.4839645e-02
   2.0754167e+03   4.0073393e-02   3.7368822e-02   3.4846574e-02
   2.0755000e+03   4.0082466e-02   3.7374032e-02   3.4848400e-02
   2.0755833e+03   4.0087953e-02   3.7376002e-02   3.4847303e-02
   2.0756667e+03   4.0095943e-02   3.7380230e-02   3.4848241e-02
   2.0757500e+03   4.0111280e-02   3.7391087e-02   3.4855155e-02
   2.0758333e+03   4.0125824e-02   3.7401225e-02   3.4861418e-02
   2.0759167e+03   4.0128335e-02   3.7400503e-02   3.4857891e-02
   2.0760000e+03   4.0118706e-02   3.7388827e-02   3.4844491e-02
   2.0760833e+03   4.0104611e-02   3.7373123e-02   3.4827463e-02
   2.0761667e+03   4.0094469e-02   3.7360987e-02   3.4813650e-02
   2.0762500e+03   4.0096733e-02   3.7360042e-02   3.4809924e-02
   2.0763333e+03   4.0111405e-02   3.7370287e-02   3.4816278e-02
   2.0764167e+03   4.0126747e-02   3.7381135e-02   3.4823173e-02
   2.0765000e+03   4.0135796e-02   3.7386304e-02   3.4824951e-02
   2.0765833e+03   4.0141245e-02   3.7388225e-02   3.4823801e-02
   2.0766667e+03   4.0149205e-02   3.7392408e-02   3.4824689e-02
   2.0767500e+03   4.0164548e-02   3.7403246e-02   3.4831568e-02
   2.0768333e+03   4.0179128e-02   3.7413393e-02   3.4837822e-02
   2.0769167e+03   4.0181682e-02   3.7412697e-02   3.4834312e-02
   2.0770000e+03   4.0172090e-02   3.7401054e-02   3.4820947e-02
   2.0770833e+03   4.0158029e-02   3.7385384e-02   3.4803957e-02
   2.0771667e+03   4.0147923e-02   3.7373280e-02   3.4790179e-02
   2.0772500e+03   4.0150230e-02   3.7372362e-02   3.4786470e-02
   2.0773333e+03   4.0164938e-02   3.7382614e-02   3.4792813e-02
   2.0774167e+03   4.0180286e-02   3.7393441e-02   3.4799671e-02
   2.0775000e+03   4.0189310e-02   3.7398568e-02   3.4801398e-02
   2.0775833e+03   4.0194721e-02   3.7400438e-02   3.4800193e-02
   2.0776667e+03   4.0202651e-02   3.7404576e-02   3.4801028e-02
   2.0777500e+03   4.0218000e-02   3.7415393e-02   3.4807868e-02
   2.0778333e+03   4.0232616e-02   3.7425546e-02   3.4814110e-02
   2.0779167e+03   4.0235213e-02   3.7424875e-02   3.4810615e-02
   2.0780000e+03   4.0225658e-02   3.7413264e-02   3.4797282e-02
   2.0780833e+03   4.0211630e-02   3.7397627e-02   3.4780330e-02
   2.0781667e+03   4.0201561e-02   3.7385555e-02   3.4766584e-02
   2.0782500e+03   4.0203912e-02   3.7384661e-02   3.4762889e-02
   2.0783333e+03   4.0218655e-02   3.7394919e-02   3.4769217e-02
   2.0784167e+03   4.0234009e-02   3.7405724e-02   3.4776036e-02
   2.0785000e+03   4.0243008e-02   3.7410806e-02   3.4777709e-02
   2.0785833e+03   4.0248380e-02   3.7412624e-02   3.4776446e-02
   2.0786667e+03   4.0256281e-02   3.7416716e-02   3.4777225e-02
   2.0787500e+03   4.0271636e-02   3.7427509e-02   3.4784025e-02
   2.0788333e+03   4.0286288e-02   3.7437668e-02   3.4790251e-02
   2.0789167e+03   4.0288928e-02   3.7437021e-02   3.4786768e-02
   2.0790000e+03   4.0279410e-02   3.7425440e-02   3.4773464e-02
   2.0790833e+03   4.0265416e-02   3.7409835e-02   3.4756547e-02
   2.0791667e+03   4.0255384e-02   3.7397793e-02   3.4742831e-02
   2.0792500e+03   4.0257777e-02   3.7396922e-02   3.4739148e-02
   2.0793333e+03   4.0272556e-02   3.7407183e-02   3.4745459e-02
   2.0794167e+03   4.0287916e-02   3.7417964e-02   3.4752234e-02
   2.0795000e+03   4.0296890e-02   3.7423002e-02   3.4753851e-02
   2.0795833e+03   4.0302223e-02   3.7424765e-02   3.4752527e-02
   2.0796667e+03   4.0310095e-02   3.7428809e-02   3.4753249e-02
   2.0797500e+03   4.0325455e-02   3.7439578e-02   3.4760004e-02
   2.0798333e+03   4.0340144e-02   3.7449740e-02   3.4766212e-02
   2.0799167e+03   4.0342826e-02   3.7449114e-02   3.4762739e-02
   2.0800000e+03   4.0333346e-02   3.7437563e-02   3.4749462e-02
   2.0800833e+03   4.0319385e-02   3.7421988e-02   3.4732578e-02
   2.0801667e+03   4.0309389e-02   3.7409975e-02   3.4718890e-02
   2.0802500e+03   4.0311825e-02   3.7409126e-02   3.4715215e-02
   2.0803333e+03   4.0326641e-02   3.7419390e-02   3.4721506e-02
   2.0804167e+03   4.0342007e-02   3.7430145e-02   3.4728236e-02
   2.0805000e+03   4.0350955e-02   3.7435136e-02   3.4729793e-02
   2.0805833e+03   4.0356249e-02   3.7436844e-02   3.4728406e-02
   2.0806667e+03   4.0364091e-02   3.7440837e-02   3.4729066e-02
   2.0807500e+03   4.0379457e-02   3.7451580e-02   3.4735775e-02
   2.0808333e+03   4.0394182e-02   3.7461744e-02   3.4741962e-02
   2.0809167e+03   4.0396908e-02   3.7461139e-02   3.4738495e-02
   2.0810000e+03   4.0387464e-02   3.7449615e-02   3.4725243e-02
   2.0810833e+03   4.0373537e-02   3.7434070e-02   3.4708389e-02
   2.0811667e+03   4.0363578e-02   3.7422085e-02   3.4694726e-02
   2.0812500e+03   4.0366058e-02   3.7421256e-02   3.4691058e-02
   2.0813333e+03   4.0380909e-02   3.7431521e-02   3.4697326e-02
   2.0814167e+03   4.0396281e-02   3.7442249e-02   3.4704007e-02
   2.0815000e+03   4.0405204e-02   3.7447191e-02   3.4705502e-02
   2.0815833e+03   4.0410458e-02   3.7448842e-02   3.4704049e-02
   2.0816667e+03   4.0418270e-02   3.7452783e-02   3.4704645e-02
   2.0817500e+03   4.0433642e-02   3.7463498e-02   3.4711304e-02
   2.0818333e+03   4.0448403e-02   3.7473662e-02   3.4717467e-02
   2.0819167e+03   4.0451172e-02   3.7473076e-02   3.4714004e-02
   2.0820000e+03   4.0441766e-02   3.7461579e-02   3.4700775e-02
   2.0820833e+03   4.0427873e-02   3.7446062e-02   3.4683950e-02
   2.0821667e+03   4.0417951e-02   3.7434104e-02   3.4670310e-02
   2.0822500e+03   4.0420473e-02   3.7433294e-02   3.4666645e-02
   2.0823333e+03   4.0435360e-02   3.7443557e-02   3.4672887e-02
   2.0824167e+03   4.0450738e-02   3.7454257e-02   3.4679516e-02
   2.0825000e+03   4.0459635e-02   3.7459148e-02   3.4680947e-02
   2.0825833e+03   4.0464850e-02   3.7460740e-02   3.4679424e-02
   2.0826667e+03   4.0472632e-02   3.7464629e-02   3.4679954e-02
   2.0827500e+03   4.0488009e-02   3.7475314e-02   3.4686560e-02
   2.0828333e+03   4.0502807e-02   3.7485477e-02   3.4692696e-02
   2.0829167e+03   4.0505620e-02   3.7484908e-02   3.4689235e-02
   2.0830000e+03   4.0496251e-02   3.7473437e-02   3.4676026e-02
   2.0830833e+03   4.0482391e-02   3.7457947e-02   3.4659227e-02
   2.0831667e+03   4.0472506e-02   3.7446014e-02   3.4645607e-02
   2.0832500e+03   4.0475071e-02   3.7445221e-02   3.4641944e-02
   2.0833333e+03   4.0489995e-02   3.7455482e-02   3.4648157e-02
   2.0834167e+03   4.0505378e-02   3.7466150e-02   3.4654731e-02
   2.0835000e+03   4.0514249e-02   3.7470990e-02   3.4656094e-02
   2.0835833e+03   4.0519425e-02   3.7472522e-02   3.4654501e-02
   2.0836667e+03   4.0527176e-02   3.7476356e-02   3.4654961e-02
   2.0837500e+03   4.0542559e-02   3.7487010e-02   3.4661511e-02
   2.0838333e+03   4.0557393e-02   3.7497169e-02   3.4667616e-02
   2.0839167e+03   4.0560249e-02   3.7496617e-02   3.4664154e-02
   2.0840000e+03   4.0550917e-02   3.7485169e-02   3.4650964e-02
   2.0840833e+03   4.0537092e-02   3.7469706e-02   3.4634189e-02
   2.0841667e+03   4.0527244e-02   3.7457797e-02   3.4620588e-02
   2.0842500e+03   4.0529852e-02   3.7457020e-02   3.4616923e-02
   2.0843333e+03   4.0544812e-02   3.7467276e-02   3.4623103e-02
   2.0844167e+03   4.0560201e-02   3.7477912e-02   3.4629619e-02
   2.0845000e+03   4.0569046e-02   3.7482699e-02   3.4630913e-02
   2.0845833e+03   4.0574181e-02   3.7484169e-02   3.4629245e-02
   2.0846667e+03   4.0581903e-02   3.7487946e-02   3.4629634e-02
   2.0847500e+03   4.0597291e-02   3.7498567e-02   3.4636125e-02
   2.0848333e+03   4.0612162e-02   3.7508721e-02   3.4642197e-02
   2.0849167e+03   4.0615061e-02   3.7508184e-02   3.4638732e-02
   2.0850000e+03   4.0605767e-02   3.7496759e-02   3.4625557e-02
   2.0850833e+03   4.0591975e-02   3.7481321e-02   3.4608804e-02
   2.0851667e+03   4.0582164e-02   3.7469435e-02   3.4595219e-02
   2.0852500e+03   4.0584816e-02   3.7468672e-02   3.4591550e-02
   2.0853333e+03   4.0599812e-02   3.7478922e-02   3.4597695e-02
   2.0854167e+03   4.0615206e-02   3.7489525e-02   3.4604151e-02
   2.0855000e+03   4.0624025e-02   3.7494255e-02   3.4605371e-02
   2.0855833e+03   4.0629120e-02   3.7495662e-02   3.4603627e-02
   2.0856667e+03   4.0636811e-02   3.7499381e-02   3.4603941e-02
   2.0857500e+03   4.0652205e-02   3.7509968e-02   3.4610371e-02
   2.0858333e+03   4.0667112e-02   3.7520116e-02   3.4616406e-02
   2.0859167e+03   4.0670055e-02   3.7519592e-02   3.4612934e-02
   2.0860000e+03   4.0660798e-02   3.7508189e-02   3.4599773e-02
   2.0860833e+03   4.0647040e-02   3.7492773e-02   3.4583040e-02
   2.0861667e+03   4.0637266e-02   3.7480909e-02   3.4569469e-02
   2.0862500e+03   4.0639962e-02   3.7480160e-02   3.4565794e-02
   2.0863333e+03   4.0654994e-02   3.7490402e-02   3.4571901e-02
   2.0864167e+03   4.0670394e-02   3.7500968e-02   3.4578292e-02
   2.0865000e+03   4.0679186e-02   3.7505643e-02   3.4579437e-02
   2.0865833e+03   4.0684241e-02   3.7506984e-02   3.4577614e-02
   2.0866667e+03   4.0691901e-02   3.7510644e-02   3.4577851e-02
   2.0867500e+03   4.0707300e-02   3.7521194e-02   3.4584216e-02
   2.0868333e+03   4.0722244e-02   3.7531333e-02   3.4590212e-02
   2.0869167e+03   4.0725230e-02   3.7530821e-02   3.4586731e-02
   2.0870000e+03   4.0716011e-02   3.7519439e-02   3.4573581e-02
   2.0870833e+03   4.0702288e-02   3.7504046e-02   3.4556866e-02
   2.0871667e+03   4.0692550e-02   3.7492202e-02   3.4543307e-02
   2.0872500e+03   4.0695289e-02   3.7491464e-02   3.4539622e-02
   2.0873333e+03   4.0710358e-02   3.7501697e-02   3.4545688e-02
   2.0874167e+03   4.0725763e-02   3.7512226e-02   3.4552013e-02
   2.0875000e+03   4.0734529e-02   3.7516842e-02   3.4553079e-02
   2.0875833e+03   4.0739544e-02   3.7518117e-02   3.4551174e-02
   2.0876667e+03   4.0747173e-02   3.7521715e-02   3.4551332e-02
   2.0877500e+03   4.0762577e-02   3.7532227e-02   3.4557629e-02
   2.0878333e+03   4.0777557e-02   3.7542357e-02   3.4563583e-02
   2.0879167e+03   4.0780587e-02   3.7541855e-02   3.4560090e-02
   2.0880000e+03   4.0771406e-02   3.7530492e-02   3.4546950e-02
   2.0880833e+03   4.0757716e-02   3.7515120e-02   3.4530250e-02
   2.0881667e+03   4.0748016e-02   3.7503296e-02   3.4516701e-02
   2.0882500e+03   4.0750799e-02   3.7502568e-02   3.4513004e-02
   2.0883333e+03   4.0765904e-02   3.7512790e-02   3.4519025e-02
   2.0884167e+03   4.0781314e-02   3.7523279e-02   3.4525281e-02
   2.0885000e+03   4.0790053e-02   3.7527835e-02   3.4526266e-02
   2.0885833e+03   4.0795027e-02   3.7529042e-02   3.4524277e-02
   2.0886667e+03   4.0802625e-02   3.7532578e-02   3.4524352e-02
   2.0887500e+03   4.0818035e-02   3.7543049e-02   3.4530578e-02
   2.0888333e+03   4.0833052e-02   3.7553167e-02   3.4536487e-02
   2.0889167e+03   4.0836126e-02   3.7552674e-02   3.4532980e-02
   2.0890000e+03   4.0826982e-02   3.7541329e-02   3.4519847e-02
   2.0890833e+03   4.0813326e-02   3.7525978e-02   3.4503161e-02
   2.0891667e+03   4.0803663e-02   3.7514171e-02   3.4489619e-02
   2.0892500e+03   4.0806490e-02   3.7513452e-02   3.4485908e-02
   2.0893333e+03   4.0821631e-02   3.7523661e-02   3.4491882e-02
   2.0894167e+03   4.0837047e-02   3.7534110e-02   3.4498065e-02
   2.0895000e+03   4.0845759e-02   3.7538604e-02   3.4498966e-02
   2.0895833e+03   4.0850692e-02   3.7539741e-02   3.4496891e-02
   2.0896667e+03   4.0858259e-02   3.7543212e-02   3.4496880e-02
   2.0897500e+03   4.0873673e-02   3.7553642e-02   3.4503033e-02
   2.0898333e+03   4.0888727e-02   3.7563747e-02   3.4508893e-02
   2.0899167e+03   4.0891845e-02   3.7563261e-02   3.4505370e-02
   2.0900000e+03   4.0882738e-02   3.7551933e-02   3.4492241e-02
   2.0900833e+03   4.0869117e-02   3.7536601e-02   3.4475567e-02
   2.0901667e+03   4.0859492e-02   3.7524811e-02   3.4462031e-02
   2.0902500e+03   4.0862362e-02   3.7524099e-02   3.4458302e-02
   2.0903333e+03   4.0877539e-02   3.7534293e-02   3.4464226e-02
   2.0904167e+03   4.0892961e-02   3.7544699e-02   3.4470333e-02
   2.0905000e+03   4.0901646e-02   3.7549130e-02   3.4471149e-02
   2.0905833e+03   4.0906538e-02   3.7550196e-02   3.4468984e-02
   2.0906667e+03   4.0914073e-02   3.7553601e-02   3.4468886e-02
   2.0907500e+03   4.0929492e-02   3.7563988e-02   3.4474962e-02
   2.0908333e+03   4.0944583e-02   3.7574078e-02   3.4480771e-02
   2.0909167e+03   4.0947745e-02   3.7573598e-02   3.4477228e-02
   2.0910000e+03   4.0938676e-02   3.7562285e-02   3.4464102e-02
   2.0910833e+03   4.0925089e-02   3.7546970e-02   3.4447438e-02
   2.0911667e+03   4.0915501e-02   3.7535197e-02   3.4433905e-02
   2.0912500e+03   4.0918415e-02   3.7534490e-02   3.4430156e-02
   2.0913333e+03   4.0933629e-02   3.7544668e-02   3.4436027e-02
   2.0914167e+03   4.0949056e-02   3.7555029e-02   3.4442056e-02
   2.0915000e+03   4.0957713e-02   3.7559395e-02   3.4442782e-02
   2.0915833e+03   4.0962564e-02   3.7560389e-02   3.4440525e-02
   2.0916667e+03   4.0970067e-02   3.7563726e-02   3.4440337e-02
   2.0917500e+03   4.0985492e-02   3.7574068e-02   3.4446333e-02
   2.0918333e+03   4.1000619e-02   3.7584141e-02   3.4452088e-02
   2.0919167e+03   4.1003825e-02   3.7583665e-02   3.4448523e-02
   2.0920000e+03   4.0994794e-02   3.7572367e-02   3.4435398e-02
   2.0920833e+03   4.0981241e-02   3.7557069e-02   3.4418742e-02
   2.0921667e+03   4.0971691e-02   3.7545310e-02   3.4405209e-02
   2.0922500e+03   4.0974649e-02   3.7544607e-02   3.4401438e-02
   2.0923333e+03   4.0989899e-02   3.7554767e-02   3.4407253e-02
   2.0924167e+03   4.1005331e-02   3.7565082e-02   3.4413200e-02
   2.0925000e+03   4.1013961e-02   3.7569382e-02   3.4413835e-02
   2.0925833e+03   4.1018770e-02   3.7570301e-02   3.4411484e-02
   2.0926667e+03   4.1026242e-02   3.7573569e-02   3.4411203e-02
   2.0927500e+03   4.1041671e-02   3.7583864e-02   3.4417117e-02
   2.0928333e+03   4.1056836e-02   3.7593918e-02   3.4422815e-02
   2.0929167e+03   4.1060085e-02   3.7593445e-02   3.4419225e-02
   2.0930000e+03   4.1051092e-02   3.7582160e-02   3.4406098e-02
   2.0930833e+03   4.1037574e-02   3.7566878e-02   3.4389448e-02
   2.0931667e+03   4.1028061e-02   3.7555132e-02   3.4375914e-02
   2.0932500e+03   4.1031063e-02   3.7554432e-02   3.4372118e-02
   2.0933333e+03   4.1046350e-02   3.7564573e-02   3.4377874e-02
   2.0934167e+03   4.1061787e-02   3.7574839e-02   3.4383737e-02
   2.0935000e+03   4.1070389e-02   3.7579071e-02   3.4384277e-02
   2.0935833e+03   4.1075157e-02   3.7579914e-02   3.4381830e-02
   2.0936667e+03   4.1082596e-02   3.7583112e-02   3.4381453e-02
   2.0937500e+03   4.1098031e-02   3.7593357e-02   3.4387282e-02
   2.0938333e+03   4.1113232e-02   3.7603391e-02   3.4392919e-02
   2.0939167e+03   4.1116526e-02   3.7602920e-02   3.4389302e-02
   2.0940000e+03   4.1107571e-02   3.7591647e-02   3.4376172e-02
   2.0940833e+03   4.1094087e-02   3.7576379e-02   3.4359525e-02
   2.0941667e+03   4.1084611e-02   3.7564645e-02   3.4345989e-02
   2.0942500e+03   4.1087657e-02   3.7563947e-02   3.4342165e-02
   2.0943333e+03   4.1102981e-02   3.7574066e-02   3.4347859e-02
   2.0944167e+03   4.1118423e-02   3.7584283e-02   3.4353634e-02
   2.0945000e+03   4.1126998e-02   3.7588444e-02   3.4354078e-02
   2.0945833e+03   4.1131723e-02   3.7589210e-02   3.4351531e-02
   2.0946667e+03   4.1139130e-02   3.7592335e-02   3.4351057e-02
   2.0947500e+03   4.1154569e-02   3.7602530e-02   3.4356797e-02
   2.0948333e+03   4.1169807e-02   3.7612542e-02   3.4362371e-02
   2.0949167e+03   4.1173146e-02   3.7612071e-02   3.4358724e-02
   2.0950000e+03   4.1164229e-02   3.7600808e-02   3.4345588e-02
   2.0950833e+03   4.1150779e-02   3.7585555e-02   3.4328943e-02
   2.0951667e+03   4.1141341e-02   3.7573831e-02   3.4315402e-02
   2.0952500e+03   4.1144431e-02   3.7573133e-02   3.4311548e-02
   2.0953333e+03   4.1159792e-02   3.7583228e-02   3.4317177e-02
   2.0954167e+03   4.1175238e-02   3.7593394e-02   3.4322862e-02
   2.0955000e+03   4.1183785e-02   3.7597484e-02   3.4323206e-02
   2.0955833e+03   4.1188469e-02   3.7598171e-02   3.4320558e-02
   2.0956667e+03   4.1195843e-02   3.7601222e-02   3.4319983e-02
   2.0957500e+03   4.1211287e-02   3.7611365e-02   3.4325632e-02
   2.0958333e+03   4.1226562e-02   3.7621353e-02   3.4331140e-02
   2.0959167e+03   4.1229945e-02   3.7620880e-02   3.4327461e-02
   2.0960000e+03   4.1221066e-02   3.7609627e-02   3.4314317e-02
   2.0960833e+03   4.1207651e-02   3.7594385e-02   3.4297672e-02
   2.0961667e+03   4.1198250e-02   3.7582671e-02   3.4284123e-02
   2.0962500e+03   4.1201385e-02   3.7581971e-02   3.4280237e-02
   2.0963333e+03   4.1216782e-02   3.7592041e-02   3.4285797e-02
   2.0964167e+03   4.1232234e-02   3.7602154e-02   3.4291390e-02
   2.0965000e+03   4.1240753e-02   3.7606171e-02   3.4291632e-02
   2.0965833e+03   4.1245393e-02   3.7606778e-02   3.4288880e-02
   2.0966667e+03   4.1252735e-02   3.7609753e-02   3.4288201e-02
   2.0967500e+03   4.1268184e-02   3.7619842e-02   3.4293756e-02
   2.0968333e+03   4.1283496e-02   3.7629804e-02   3.4299195e-02
   2.0969167e+03   4.1286923e-02   3.7629329e-02   3.4295481e-02
   2.0970000e+03   4.1278082e-02   3.7618083e-02   3.4282327e-02
   2.0970833e+03   4.1264702e-02   3.7602853e-02   3.4265681e-02
   2.0971667e+03   4.1255339e-02   3.7591148e-02   3.4252122e-02
   2.0972500e+03   4.1258518e-02   3.7590444e-02   3.4248201e-02
   2.0973333e+03   4.1273952e-02   3.7600488e-02   3.4253690e-02
   2.0974167e+03   4.1289408e-02   3.7610545e-02   3.4259187e-02
   2.0975000e+03   4.1297899e-02   3.7614487e-02   3.4259324e-02
   2.0975833e+03   4.1302497e-02   3.7615012e-02   3.4256466e-02
   2.0976667e+03   4.1309806e-02   3.7617910e-02   3.4255682e-02
   2.0977500e+03   4.1325260e-02   3.7627943e-02   3.4261140e-02
   2.0978333e+03   4.1340609e-02   3.7637878e-02   3.4266507e-02
   2.0979167e+03   4.1344080e-02   3.7637398e-02   3.4262756e-02
   2.0980000e+03   4.1335278e-02   3.7626160e-02   3.4249589e-02
   2.0980833e+03   4.1321932e-02   3.7610940e-02   3.4232939e-02
   2.0981667e+03   4.1312607e-02   3.7599242e-02   3.4219369e-02
   2.0982500e+03   4.1315830e-02   3.7598534e-02   3.4215410e-02
   2.0983333e+03   4.1331301e-02   3.7608548e-02   3.4220826e-02
   2.0984167e+03   4.1346762e-02   3.7618549e-02   3.4226223e-02
   2.0985000e+03   4.1355224e-02   3.7622415e-02   3.4226254e-02
   2.0985833e+03   4.1359779e-02   3.7622856e-02   3.4223286e-02
   2.0986667e+03   4.1367056e-02   3.7625675e-02   3.4222394e-02
   2.0987500e+03   4.1382514e-02   3.7635651e-02   3.4227752e-02
   2.0988333e+03   4.1397900e-02   3.7645557e-02   3.4233044e-02
   2.0989167e+03   4.1401416e-02   3.7645071e-02   3.4229253e-02
   2.0990000e+03   4.1392652e-02   3.7633838e-02   3.4216073e-02
   2.0990833e+03   4.1379341e-02   3.7618627e-02   3.4199417e-02
   2.0991667e+03   4.1370053e-02   3.7606935e-02   3.4185834e-02
   2.0992500e+03   4.1373321e-02   3.7606221e-02   3.4181835e-02
   2.0993333e+03   4.1388828e-02   3.7616205e-02   3.4187173e-02
   2.0994167e+03   4.1404294e-02   3.7626147e-02   3.4192469e-02
   2.0995000e+03   4.1412728e-02   3.7629935e-02   3.4192390e-02
   2.0995833e+03   4.1417240e-02   3.7630291e-02   3.4189311e-02
   2.0996667e+03   4.1424483e-02   3.7633030e-02   3.4188309e-02
   2.0997500e+03   4.1439946e-02   3.7642946e-02   3.4193564e-02
   2.0998333e+03   4.1455369e-02   3.7652821e-02   3.4198778e-02
   2.0999167e+03   4.1458929e-02   3.7652328e-02   3.4194945e-02
   2.1000000e+03   4.1450204e-02   3.7641100e-02   3.4181748e-02
   2.1000833e+03   4.1436927e-02   3.7625897e-02   3.4165085e-02
   2.1001667e+03   4.1427678e-02   3.7614210e-02   3.4151486e-02
   2.1002500e+03   4.1430990e-02   3.7613488e-02   3.4147445e-02
   2.1003333e+03   4.1446535e-02   3.7623440e-02   3.4152703e-02
   2.1004167e+03   4.1462005e-02   3.7633321e-02   3.4157895e-02
   2.1005000e+03   4.1470410e-02   3.7637030e-02   3.4157703e-02
   2.1005833e+03   4.1474879e-02   3.7637299e-02   3.4154511e-02
   2.1006667e+03   4.1482088e-02   3.7639956e-02   3.4153395e-02
   2.1007500e+03   4.1497555e-02   3.7649811e-02   3.4158545e-02
   2.1008333e+03   4.1513016e-02   3.7659653e-02   3.4163679e-02
   2.1009167e+03   4.1516621e-02   3.7659151e-02   3.4159800e-02
