   2.0000000e+03   1.0000000e+00   1.0000000e+00   1.0000000e+00
   2.0000833e+03   1.0000000e+00   1.0000000e+00   1.0000000e+00
   2.0001667e+03   1.0000000e+00   1.0000000e+00   1.0000000e+00
   2.0002500e+03   1.0000000e+00   1.0000000e+00   1.0000000e+00
   2.0003333e+03   1.0000000e+00   1.0000000e+00   1.0000000e+00
   2.0004167e+03   1.0000000e+00   1.0000000e+00   1.0000000e+00
   2.0005000e+03   1.0000000e+00   1.0000000e+00   1.0000000e+00
   2.0005833e+03   1.0000000e+00   1.0000000e+00   1.0000000e+00
   2.0006667e+03   1.0000000e+00   1.0000000e+00   1.0000000e+00
   2.0007500e+03   1.0000000e+00   1.0000000e+00   1.0000000e+00
   2.0008333e+03   1.0000000e+00   1.0000000e+00   1.0000000e+00
   2.0009167e+03   1.0000000e+00   1.0000000e+00   1.0000000e+00
   2.0010000e+03   9.9942537e-01   9.9942493e-01   9.9942449e-01
   2.0010833e+03   9.9872783e-01   9.9872656e-01   9.9872529e-01
   2.0011667e+03   9.9814051e-01   9.9813792e-01   9.9813533e-01
   2.0012500e+03   9.9791614e-01   9.9791146e-01   9.9790678e-01
   2.0013333e+03   9.9813083e-01   9.9812303e-01   9.9811523e-01
   2.0014167e+03   9.9853821e-01   9.9852640e-01   9.9851458e-01
   2.0015000e+03   9.9891978e-01   9.9890332e-01   9.9888686e-01
   2.0015833e+03   9.9926219e-01   9.9924049e-01   9.9921878e-01
   2.0016667e+03   9.9963276e-01   9.9960510e-01   9.9957743e-01
   2.0017500e+03   1.0000411e+00   1.0000067e+00   9.9997233e-01
   2.0018333e+03   1.0002526e+00   1.0002114e+00   1.0001701e+00
   2.0019167e+03   1.0000404e+00   9.9999283e-01   9.9994524e-01
   2.0020000e+03   9.9947378e-01   9.9942042e-01   9.9936706e-01
   2.0020833e+03   9.9878442e-01   9.9872525e-01   9.9866608e-01
   2.0021667e+03   9.9820509e-01   9.9813931e-01   9.9807353e-01
   2.0022500e+03   9.9798774e-01   9.9791355e-01   9.9783938e-01
   2.0023333e+03   9.9820686e-01   9.9812201e-01   9.9803716e-01
   2.0024167e+03   9.9861500e-01   9.9851804e-01   9.9842108e-01
   2.0025000e+03   9.9899453e-01   9.9888490e-01   9.9877529e-01
   2.0025833e+03   5.9960028e-01   5.9952662e-01   5.9945296e-01
   2.0026667e+03   5.9982118e-01   5.9973914e-01   5.9965711e-01
   2.0027500e+03   6.0006662e-01   5.9997566e-01   5.9988472e-01
   2.0028333e+03   6.0019622e-01   6.0009658e-01   5.9999696e-01
   2.0029167e+03   6.0007310e-01   5.9996583e-01   5.9985858e-01
   2.0030000e+03   5.9973788e-01   5.9962393e-01   5.9951000e-01
   2.0030833e+03   5.9932915e-01   5.9920871e-01   5.9908831e-01
   2.0031667e+03   5.9898632e-01   5.9885873e-01   5.9873117e-01
   2.0032500e+03   5.9886010e-01   5.9872365e-01   5.9858723e-01
   2.0033333e+03   5.9899421e-01   5.9884678e-01   5.9869938e-01
   2.0034167e+03   5.9923953e-01   5.9907992e-01   5.9892035e-01
   2.0035000e+03   5.9946599e-01   5.9929393e-01   5.9912193e-01
   2.0035833e+03   5.9966763e-01   5.9948291e-01   5.9929824e-01
   2.0036667e+03   5.9988705e-01   5.9968912e-01   5.9949125e-01
   2.0037500e+03   6.0013290e-01   5.9992112e-01   5.9970942e-01
   2.0038333e+03   6.0026518e-01   6.0004010e-01   5.9981511e-01
   2.0039167e+03   6.0014622e-01   5.9990965e-01   5.9967317e-01
   2.0040000e+03   5.9981575e-01   5.9956927e-01   5.9932289e-01
   2.0040833e+03   5.9941188e-01   5.9915590e-01   5.9890003e-01
   2.0041667e+03   5.9907380e-01   5.9880746e-01   5.9854124e-01
   2.0042500e+03   5.9895175e-01   5.9867269e-01   5.9839376e-01
   2.0043333e+03   5.9908848e-01   5.9879380e-01   5.9849927e-01
   2.0044167e+03   5.9933420e-01   5.9902239e-01   5.9871075e-01
   2.0045000e+03   5.9955937e-01   5.9923023e-01   5.9890127e-01
   2.0045833e+03   5.9975906e-01   5.9941244e-01   5.9906602e-01
   2.0046667e+03   5.9997697e-01   5.9961227e-01   5.9924779e-01
   2.0047500e+03   6.0022320e-01   5.9983968e-01   5.9945640e-01
   2.0048333e+03   6.0035812e-01   5.9995664e-01   5.9955543e-01
   2.0049167e+03   6.0024331e-01   5.9982644e-01   5.9940985e-01
   2.0050000e+03   5.9991757e-01   5.9948753e-01   5.9905779e-01
   2.0050833e+03   5.9951854e-01   5.9907598e-01   5.9863374e-01
   2.0051667e+03   5.9918519e-01   5.9872905e-01   5.9827324e-01
   2.0052500e+03   5.9906728e-01   5.9859453e-01   5.9812214e-01
   2.0053333e+03   5.9920662e-01   5.9871355e-01   5.9822089e-01
   2.0054167e+03   5.9945271e-01   5.9893752e-01   5.9842275e-01
   2.0055000e+03   5.9967656e-01   5.9913911e-01   5.9860212e-01
   2.0055833e+03   5.9987425e-01   5.9931449e-01   5.9875523e-01
   2.0056667e+03   6.0009062e-01   5.9950787e-01   5.9892566e-01
   2.0057500e+03   6.0033722e-01   5.9973061e-01   5.9912460e-01
   2.0058333e+03   6.0047476e-01   5.9984548e-01   5.9921685e-01
   2.0059167e+03   6.0036408e-01   5.9971547e-01   5.9906755e-01
   2.0060000e+03   6.0004304e-01   5.9937799e-01   5.9871367e-01
   2.0060833e+03   5.9964883e-01   5.9896823e-01   5.9828838e-01
   2.0061667e+03   5.9932019e-01   5.9862276e-01   5.9792612e-01
   2.0062500e+03   5.9920641e-01   5.9848844e-01   5.9777131e-01
   2.0063333e+03   5.9934833e-01   5.9860531e-01   5.9786319e-01
   2.0064167e+03   5.9959477e-01   5.9882457e-01   5.9805533e-01
   2.0065000e+03   5.9981726e-01   5.9901984e-01   5.9822346e-01
   2.0065833e+03   6.0001293e-01   5.9918833e-01   5.9836484e-01
   2.0066667e+03   6.0022771e-01   5.9937519e-01   5.9852385e-01
   2.0067500e+03   6.0047464e-01   5.9959319e-01   5.9871300e-01
   2.0068333e+03   6.0061479e-01   5.9970590e-01   5.9879837e-01
   2.0069167e+03   6.0050822e-01   5.9957603e-01   5.9864525e-01
   2.0070000e+03   6.0019186e-01   5.9923994e-01   5.9828950e-01
   2.0070833e+03   5.9980245e-01   5.9883192e-01   5.9786293e-01
   2.0071667e+03   5.9947849e-01   5.9848787e-01   5.9749886e-01
   2.0072500e+03   5.9936883e-01   5.9835370e-01   5.9734027e-01
   2.0073333e+03   5.9951331e-01   5.9846834e-01   5.9742516e-01
   2.0074167e+03   5.9976008e-01   5.9868282e-01   5.9760747e-01
   2.0075000e+03   5.9998117e-01   5.9887171e-01   5.9776427e-01
   2.0075833e+03   6.0017477e-01   5.9903324e-01   5.9789385e-01
   2.0076667e+03   6.0038794e-01   5.9921351e-01   5.9804135e-01
   2.0077500e+03   6.0063517e-01   5.9942670e-01   5.9822061e-01
   2.0078333e+03   6.0077791e-01   5.9953718e-01   5.9829898e-01
   2.0079167e+03   6.0067543e-01   5.9940739e-01   5.9814197e-01
   2.0080000e+03   6.0036374e-01   5.9907265e-01   5.9778430e-01
   2.0080833e+03   5.9997910e-01   5.9866634e-01   5.9735642e-01
   2.0081667e+03   5.9965981e-01   5.9832368e-01   5.9699049e-01
   2.0082500e+03   5.9955424e-01   5.9818960e-01   5.9682802e-01
   2.0083333e+03   5.9970126e-01   5.9830194e-01   5.9690584e-01
   2.0084167e+03   5.9994832e-01   5.9851157e-01   5.9707821e-01
   2.0085000e+03   6.0016799e-01   5.9869401e-01   5.9722360e-01
   2.0085833e+03   6.0035948e-01   5.9884852e-01   5.9734130e-01
   2.0086667e+03   6.0057100e-01   5.9902214e-01   5.9747721e-01
   2.0087500e+03   6.0081851e-01   5.9923043e-01   5.9764649e-01
   2.0088333e+03   6.0096381e-01   5.9933862e-01   5.9771776e-01
   2.0089167e+03   6.0086541e-01   5.9920884e-01   5.9755678e-01
   2.0090000e+03   6.0055836e-01   5.9887542e-01   5.9719713e-01
   2.0090833e+03   6.0017847e-01   5.9847079e-01   5.9676790e-01
   2.0091667e+03   5.9986384e-01   5.9812947e-01   5.9640006e-01
   2.0092500e+03   5.9976235e-01   5.9799543e-01   5.9623365e-01
   2.0093333e+03   5.9991188e-01   5.9810539e-01   5.9630427e-01
   2.0094167e+03   6.0015922e-01   5.9831010e-01   5.9646661e-01
   2.0095000e+03   6.0037742e-01   5.9848602e-01   5.9660051e-01
   2.0095833e+03   6.0056676e-01   5.9863344e-01   5.9670627e-01
   2.0096667e+03   6.0077659e-01   5.9880035e-01   5.9683053e-01
   2.0097500e+03   6.0102435e-01   5.9900368e-01   5.9698972e-01
   2.0098333e+03   6.0117220e-01   5.9910950e-01   5.9705378e-01
   2.0099167e+03   6.0107785e-01   5.9897969e-01   5.9688875e-01
   2.0100000e+03   6.0077543e-01   5.9864754e-01   5.9652709e-01
   2.0100833e+03   6.0040028e-01   5.9824455e-01   5.9609646e-01
   2.0101667e+03   6.0009027e-01   5.9790454e-01   5.9572667e-01
   2.0102500e+03   5.9999284e-01   5.9777048e-01   5.9555624e-01
   2.0103333e+03   6.0014488e-01   5.9787799e-01   5.9561957e-01
   2.0104167e+03   6.0039245e-01   5.9807771e-01   5.9577178e-01
   2.0105000e+03   6.0060916e-01   5.9824705e-01   5.9589412e-01
   2.0105833e+03   6.0079631e-01   5.9838732e-01   5.9598788e-01
   2.0106667e+03   6.0100441e-01   5.9854745e-01   5.9610041e-01
   2.0107500e+03   6.0125240e-01   5.9874575e-01   5.9624943e-01
   2.0108333e+03   6.0140277e-01   5.9884912e-01   5.9630619e-01
   2.0109167e+03   6.0131247e-01   5.9871922e-01   5.9613704e-01
   2.0110000e+03   6.0101465e-01   5.9838830e-01   5.9577330e-01
   2.0110833e+03   6.0064422e-01   5.9798693e-01   5.9534126e-01
   2.0111667e+03   6.0033883e-01   5.9764818e-01   5.9496946e-01
   2.0112500e+03   6.0024544e-01   5.9751404e-01   5.9479494e-01
   2.0113333e+03   6.0039995e-01   5.9761904e-01   5.9485087e-01
   2.0114167e+03   6.0064774e-01   5.9781369e-01   5.9499287e-01
   2.0115000e+03   6.0086291e-01   5.9797639e-01   5.9510359e-01
   2.0115833e+03   3.0052392e-01   2.9905473e-01   2.9759265e-01
   2.0116667e+03   3.0062709e-01   2.9913137e-01   2.9764302e-01
   2.0117500e+03   3.0075118e-01   2.9922797e-01   2.9771239e-01
   2.0118333e+03   3.0082762e-01   2.9927840e-01   2.9773708e-01
   2.0119167e+03   3.0078447e-01   2.9921338e-01   2.9765040e-01
   2.0120000e+03   3.0063786e-01   2.9904851e-01   2.9746748e-01
   2.0120833e+03   3.0045500e-01   2.9884861e-01   2.9725073e-01
   2.0121667e+03   3.0030460e-01   2.9867985e-01   2.9706381e-01
   2.0122500e+03   3.0025991e-01   2.9861272e-01   2.9697447e-01
   2.0123333e+03   3.0033840e-01   2.9866392e-01   2.9699869e-01
   2.0124167e+03   3.0046239e-01   2.9875868e-01   2.9706454e-01
   2.0125000e+03   3.0056919e-01   2.9883668e-01   2.9711405e-01
   2.0125833e+03   3.0066052e-01   2.9889958e-01   2.9714886e-01
   2.0126667e+03   3.0076278e-01   2.9897277e-01   2.9719331e-01
   2.0127500e+03   3.0088696e-01   2.9906678e-01   2.9725751e-01
   2.0128333e+03   3.0096464e-01   2.9911592e-01   2.9727845e-01
   2.0129167e+03   3.0092350e-01   2.9905080e-01   2.9718964e-01
   2.0130000e+03   3.0077917e-01   2.9888651e-01   2.9700565e-01
   2.0130833e+03   3.0059865e-01   2.9868738e-01   2.9678815e-01
   2.0131667e+03   3.0045054e-01   2.9851921e-01   2.9660019e-01
   2.0132500e+03   3.0040786e-01   2.9845198e-01   2.9650873e-01
   2.0133333e+03   3.0048757e-01   2.9850186e-01   2.9652916e-01
   2.0134167e+03   3.0061164e-01   2.9859402e-01   2.9658982e-01
   2.0135000e+03   3.0071763e-01   2.9866863e-01   2.9663347e-01
   2.0135833e+03   3.0080780e-01   2.9872787e-01   2.9666220e-01
   2.0136667e+03   3.0090915e-01   2.9879759e-01   2.9670071e-01
   2.0137500e+03   3.0103339e-01   2.9888897e-01   2.9675970e-01
   2.0138333e+03   3.0111231e-01   2.9893679e-01   2.9677684e-01
   2.0139167e+03   3.0107316e-01   2.9887154e-01   2.9668587e-01
   2.0140000e+03   3.0093111e-01   2.9870780e-01   2.9650078e-01
   2.0140833e+03   3.0075292e-01   2.9850942e-01   2.9628252e-01
   2.0141667e+03   3.0060709e-01   2.9834183e-01   2.9609350e-01
   2.0142500e+03   3.0056641e-01   2.9827448e-01   2.9599988e-01
   2.0143333e+03   3.0064733e-01   2.9832300e-01   2.9601649e-01
   2.0144167e+03   3.0077146e-01   2.9841252e-01   2.9607192e-01
   2.0145000e+03   3.0087662e-01   2.9848371e-01   2.9610967e-01
   2.0145833e+03   3.0096563e-01   2.9853927e-01   2.9613232e-01
   2.0146667e+03   3.0106603e-01   2.9860548e-01   2.9616486e-01
   2.0147500e+03   3.0119033e-01   2.9869421e-01   2.9621860e-01
   2.0148333e+03   3.0127047e-01   2.9874066e-01   2.9623192e-01
   2.0149167e+03   3.0123331e-01   2.9867526e-01   2.9613875e-01
   2.0150000e+03   3.0109353e-01   2.9851206e-01   2.9595254e-01
   2.0150833e+03   3.0091767e-01   2.9831441e-01   2.9573350e-01
   2.0151667e+03   3.0077411e-01   2.9814737e-01   2.9554340e-01
   2.0152500e+03   3.0073541e-01   2.9807988e-01   2.9544760e-01
   2.0153333e+03   3.0081753e-01   2.9812699e-01   2.9546034e-01
   2.0154167e+03   3.0094171e-01   2.9821384e-01   2.9551050e-01
   2.0155000e+03   3.0104603e-01   2.9828159e-01   2.9554234e-01
   2.0155833e+03   3.0113384e-01   2.9833344e-01   2.9555889e-01
   2.0156667e+03   3.0123328e-01   2.9839611e-01   2.9558545e-01
   2.0157500e+03   3.0135762e-01   2.9848215e-01   2.9563391e-01
   2.0158333e+03   3.0143897e-01   2.9852721e-01   2.9564335e-01
   2.0159167e+03   3.0140379e-01   2.9846162e-01   2.9554795e-01
   2.0160000e+03   3.0126628e-01   2.9829893e-01   2.9536060e-01
   2.0160833e+03   3.0109273e-01   2.9810201e-01   2.9514078e-01
   2.0161667e+03   3.0095143e-01   2.9793551e-01   2.9494958e-01
   2.0162500e+03   3.0091472e-01   2.9786783e-01   2.9485157e-01
   2.0163333e+03   3.0099803e-01   2.9791352e-01   2.9486039e-01
   2.0164167e+03   3.0112224e-01   2.9799766e-01   2.9490527e-01
   2.0165000e+03   3.0122570e-01   2.9806194e-01   2.9493117e-01
   2.0165833e+03   3.0131229e-01   2.9811005e-01   2.9494160e-01
   2.0166667e+03   3.0141075e-01   2.9816916e-01   2.9496217e-01
   2.0167500e+03   3.0153512e-01   2.9825248e-01   2.9500532e-01
   2.0168333e+03   3.0161767e-01   2.9829610e-01   2.9501085e-01
   2.0169167e+03   3.0158446e-01   2.9823031e-01   2.9491319e-01
   2.0170000e+03   3.0144920e-01   2.9806811e-01   2.9472468e-01
   2.0170833e+03   3.0127796e-01   2.9787189e-01   2.9450406e-01
   2.0171667e+03   3.0113892e-01   2.9770590e-01   2.9431174e-01
   2.0172500e+03   3.0110418e-01   2.9763802e-01   2.9421149e-01
   2.0173333e+03   3.0118867e-01   2.9768225e-01   2.9421636e-01
   2.0174167e+03   3.0131291e-01   2.9776365e-01   2.9425592e-01
   2.0175000e+03   3.0141548e-01   2.9782443e-01   2.9427588e-01
   2.0175833e+03   3.0150083e-01   2.9786878e-01   2.9428019e-01
   2.0176667e+03   3.0159829e-01   2.9792429e-01   2.9429475e-01
   2.0177500e+03   3.0172266e-01   2.9800486e-01   2.9433255e-01
   2.0178333e+03   3.0180641e-01   2.9804702e-01   2.9433414e-01
   2.0179167e+03   3.0177517e-01   2.9798099e-01   2.9423419e-01
   2.0180000e+03   3.0164215e-01   2.9781927e-01   2.9404452e-01
   2.0180833e+03   3.0147322e-01   2.9762373e-01   2.9382308e-01
   2.0181667e+03   3.0133643e-01   2.9745823e-01   2.9362963e-01
   2.0182500e+03   3.0130365e-01   2.9739013e-01   2.9352711e-01
   2.0183333e+03   3.0138931e-01   2.9743285e-01   2.9352799e-01
   2.0184167e+03   3.0151355e-01   2.9751149e-01   2.9356220e-01
   2.0185000e+03   3.0161522e-01   2.9756874e-01   2.9357620e-01
   2.0185833e+03   3.0169931e-01   2.9760930e-01   2.9357439e-01
   2.0186667e+03   3.0179575e-01   2.9766120e-01   2.9358293e-01
   2.0187500e+03   3.0192012e-01   2.9773898e-01   2.9361537e-01
   2.0188333e+03   3.0200505e-01   2.9777965e-01   2.9361298e-01
   2.0189167e+03   3.0197576e-01   2.9771334e-01   2.9351072e-01
   2.0190000e+03   3.0184498e-01   2.9755208e-01   2.9331986e-01
   2.0190833e+03   3.0167834e-01   2.9735721e-01   2.9309759e-01
   2.0191667e+03   3.0154380e-01   2.9719219e-01   2.9290300e-01
   2.0192500e+03   3.0151297e-01   2.9712383e-01   2.9279818e-01
   2.0193333e+03   3.0159980e-01   2.9716502e-01   2.9279505e-01
   2.0194167e+03   3.0172402e-01   2.9724085e-01   2.9282389e-01
   2.0195000e+03   3.0182477e-01   2.9729456e-01   2.9283192e-01
   2.0195833e+03   3.0190758e-01   2.9733131e-01   2.9282399e-01
   2.0196667e+03   3.0200298e-01   2.9737956e-01   2.9282650e-01
   2.0197500e+03   3.0212732e-01   2.9745452e-01   2.9285356e-01
   2.0198333e+03   3.0221343e-01   2.9749366e-01   2.9284716e-01
   2.0199167e+03   3.0218608e-01   2.9742707e-01   2.9274256e-01
   2.0200000e+03   3.0205754e-01   2.9726624e-01   2.9255049e-01
   2.0200833e+03   3.0189319e-01   2.9707202e-01   2.9232739e-01
   2.0201667e+03   3.0176088e-01   2.9690745e-01   2.9213163e-01
   2.0202500e+03   3.0173201e-01   2.9683881e-01   2.9202450e-01
   2.0203333e+03   3.0181998e-01   2.9687843e-01   2.9201732e-01
   2.0204167e+03   3.0194418e-01   2.9695143e-01   2.9204076e-01
   2.0205000e+03   3.0204399e-01   2.9700156e-01   2.9204283e-01
   2.0205833e+03   1.5106274e-01   1.4851724e-01   1.4601439e-01
   2.0206667e+03   1.5110991e-01   1.4853954e-01   1.4601263e-01
   2.0207500e+03   1.5117206e-01   1.4857559e-01   1.4602346e-01
   2.0208333e+03   1.5121570e-01   1.4859438e-01   1.4601824e-01
   2.0209167e+03   1.5120300e-01   1.4856092e-01   1.4596476e-01
   2.0210000e+03   1.5113984e-01   1.4848072e-01   1.4586812e-01
   2.0210833e+03   1.5105880e-01   1.4838392e-01   1.4575614e-01
   2.0211667e+03   1.5099376e-01   1.4830186e-01   1.4565768e-01
   2.0212500e+03   1.5098030e-01   1.4826738e-01   1.4560294e-01
   2.0213333e+03   1.5102485e-01   1.4828639e-01   1.4559731e-01
   2.0214167e+03   1.5108694e-01   1.4832146e-01   1.4560633e-01
   2.0215000e+03   1.5113636e-01   1.4834473e-01   1.4560438e-01
   2.0215833e+03   1.5117644e-01   1.4835926e-01   1.4559429e-01
   2.0216667e+03   1.5122306e-01   1.4837971e-01   1.4558953e-01
   2.0217500e+03   1.5128519e-01   1.4841433e-01   1.4559765e-01
   2.0218333e+03   1.5132940e-01   1.4843232e-01   1.4559039e-01
   2.0219167e+03   1.5131767e-01   1.4839869e-01   1.4553571e-01
   2.0220000e+03   1.5125562e-01   1.4831868e-01   1.4543846e-01
   2.0220833e+03   1.5117572e-01   1.4822219e-01   1.4532606e-01
   2.0221667e+03   1.5111179e-01   1.4814034e-01   1.4522701e-01
   2.0222500e+03   1.5109929e-01   1.4810569e-01   1.4517108e-01
   2.0223333e+03   1.5114442e-01   1.4812389e-01   1.4516340e-01
   2.0224167e+03   1.5120647e-01   1.4815751e-01   1.4516971e-01
   2.0225000e+03   1.5125540e-01   1.4817896e-01   1.4516478e-01
   2.0225833e+03   1.5129480e-01   1.4819156e-01   1.4515164e-01
   2.0226667e+03   1.5134087e-01   1.4821016e-01   1.4514387e-01
   2.0227500e+03   1.5140297e-01   1.4824332e-01   1.4514927e-01
   2.0228333e+03   1.5144775e-01   1.4826050e-01   1.4513997e-01
   2.0229167e+03   1.5143698e-01   1.4822668e-01   1.4508409e-01
   2.0230000e+03   1.5137604e-01   1.4814686e-01   1.4498622e-01
   2.0230833e+03   1.5129727e-01   1.4805067e-01   1.4487339e-01
   2.0231667e+03   1.5123445e-01   1.4796902e-01   1.4477373e-01
   2.0232500e+03   1.5122292e-01   1.4793419e-01   1.4471662e-01
   2.0233333e+03   1.5126860e-01   1.4795155e-01   1.4470688e-01
   2.0234167e+03   1.5133062e-01   1.4798372e-01   1.4471047e-01
   2.0235000e+03   1.5137904e-01   1.4800335e-01   1.4470255e-01
   2.0235833e+03   1.5141776e-01   1.4801400e-01   1.4468637e-01
   2.0236667e+03   1.5146327e-01   1.4803073e-01   1.4467560e-01
   2.0237500e+03   1.5152532e-01   1.4806242e-01   1.4467828e-01
   2.0238333e+03   1.5157067e-01   1.4807877e-01   1.4466692e-01
   2.0239167e+03   1.5156086e-01   1.4804475e-01   1.4460983e-01
   2.0240000e+03   1.5150102e-01   1.4796511e-01   1.4451133e-01
   2.0240833e+03   1.5142339e-01   1.4786922e-01   1.4439807e-01
   2.0241667e+03   1.5136167e-01   1.4778775e-01   1.4429781e-01
   2.0242500e+03   1.5135110e-01   1.4775272e-01   1.4423949e-01
   2.0243333e+03   1.5139734e-01   1.4776924e-01   1.4422768e-01
   2.0244167e+03   1.5145931e-01   1.4779993e-01   1.4422855e-01
   2.0245000e+03   1.5150722e-01   1.4781773e-01   1.4421766e-01
   2.0245833e+03   1.5154523e-01   1.4782643e-01   1.4419844e-01
   2.0246667e+03   1.5159016e-01   1.4784128e-01   1.4418467e-01
   2.0247500e+03   1.5165217e-01   1.4787149e-01   1.4418463e-01
   2.0248333e+03   1.5169808e-01   1.4788700e-01   1.4417121e-01
   2.0249167e+03   1.5168922e-01   1.4785277e-01   1.4411289e-01
   2.0250000e+03   1.5163048e-01   1.4777329e-01   1.4401377e-01
   2.0250833e+03   1.5155402e-01   1.4767772e-01   1.4390010e-01
   2.0251667e+03   1.5149348e-01   1.4759650e-01   1.4379930e-01
   2.0252500e+03   1.5148396e-01   1.4756135e-01   1.4373984e-01
   2.0253333e+03   1.5153081e-01   1.4757706e-01   1.4372600e-01
   2.0254167e+03   1.5159271e-01   1.4760625e-01   1.4372414e-01
   2.0255000e+03   1.5163998e-01   1.4762210e-01   1.4371018e-01
   2.0255833e+03   1.5167712e-01   1.4762867e-01   1.4368780e-01
   2.0256667e+03   1.5172130e-01   1.4764149e-01   1.4367090e-01
   2.0257500e+03   1.5178321e-01   1.4767017e-01   1.4366809e-01
   2.0258333e+03   1.5182984e-01   1.4768496e-01   1.4365272e-01
   2.0259167e+03   1.5182227e-01   1.4765081e-01   1.4359344e-01
   2.0260000e+03   1.5176508e-01   1.4757188e-01   1.4349403e-01
   2.0260833e+03   1.5169020e-01   1.4747699e-01   1.4338029e-01
   2.0261667e+03   1.5163120e-01   1.4739633e-01   1.4327922e-01
   2.0262500e+03   1.5162301e-01   1.4736129e-01   1.4321883e-01
   2.0263333e+03   1.5167060e-01   1.4737629e-01   1.4320303e-01
   2.0264167e+03   1.5173239e-01   1.4740391e-01   1.4319838e-01
   2.0265000e+03   1.5177889e-01   1.4741769e-01   1.4318125e-01
   2.0265833e+03   1.5181500e-01   1.4742201e-01   1.4315559e-01
   2.0266667e+03   1.5185833e-01   1.4743269e-01   1.4313548e-01
   2.0267500e+03   1.5192012e-01   1.4745980e-01   1.4312987e-01
   2.0268333e+03   1.5196750e-01   1.4747387e-01   1.4311254e-01
   2.0269167e+03   1.5196125e-01   1.4743979e-01   1.4305228e-01
   2.0270000e+03   1.5190559e-01   1.4736139e-01   1.4295255e-01
   2.0270833e+03   1.5183229e-01   1.4726716e-01   1.4283870e-01
   2.0271667e+03   1.5177483e-01   1.4718704e-01   1.4273733e-01
   2.0272500e+03   1.5176795e-01   1.4715206e-01   1.4267597e-01
   2.0273333e+03   1.5181627e-01   1.4716631e-01   1.4265817e-01
   2.0274167e+03   1.5187793e-01   1.4719234e-01   1.4265070e-01
   2.0275000e+03   1.5192365e-01   1.4720402e-01   1.4263039e-01
   2.0275833e+03   1.5195871e-01   1.4720606e-01   1.4260144e-01
   2.0276667e+03   1.5200116e-01   1.4721458e-01   1.4257810e-01
   2.0277500e+03   1.5206281e-01   1.4724008e-01   1.4256967e-01
   2.0278333e+03   1.5211092e-01   1.4725339e-01   1.4255033e-01
   2.0279167e+03   1.5210598e-01   1.4721935e-01   1.4248906e-01
   2.0280000e+03   1.5205185e-01   1.4714145e-01   1.4238898e-01
   2.0280833e+03   1.5198013e-01   1.4704785e-01   1.4227499e-01
   2.0281667e+03   1.5192421e-01   1.4696825e-01   1.4217329e-01
   2.0282500e+03   1.5191864e-01   1.4693331e-01   1.4211092e-01
   2.0283333e+03   1.5196767e-01   1.4694677e-01   1.4209108e-01
   2.0284167e+03   1.5202918e-01   1.4697118e-01   1.4208077e-01
   2.0285000e+03   1.5207409e-01   1.4698072e-01   1.4205725e-01
   2.0285833e+03   1.5210808e-01   1.4698046e-01   1.4202500e-01
   2.0286667e+03   1.5214964e-01   1.4698679e-01   1.4199842e-01
   2.0287500e+03   1.5221113e-01   1.4701065e-01   1.4198714e-01
   2.0288333e+03   1.5225996e-01   1.4702317e-01   1.4196576e-01
   2.0289167e+03   1.5225632e-01   1.4698913e-01   1.4190343e-01
   2.0290000e+03   1.5220372e-01   1.4691171e-01   1.4180298e-01
   2.0290833e+03   1.5213357e-01   1.4681872e-01   1.4168883e-01
   2.0291667e+03   1.5207917e-01   1.4673960e-01   1.4158677e-01
   2.0292500e+03   1.5207491e-01   1.4670467e-01   1.4152334e-01
   2.0293333e+03   1.5212464e-01   1.4671731e-01   1.4150143e-01
   2.0294167e+03   1.5218599e-01   1.4674006e-01   1.4148825e-01
   2.0295000e+03   1.5223007e-01   1.4674745e-01   1.4146152e-01
   2.0295833e+03   7.6131481e-02   7.3372428e-02   7.0712978e-02
   2.0296667e+03   7.6151798e-02   7.3374481e-02   7.0698065e-02
   2.0297500e+03   7.6182459e-02   7.3385577e-02   7.0690982e-02
   2.0298333e+03   7.6207230e-02   7.3391422e-02   7.0679257e-02
   2.0299167e+03   7.6206055e-02   7.3374394e-02   7.0647549e-02
   2.0300000e+03   7.6180513e-02   7.3335908e-02   7.0597118e-02
   2.0300833e+03   7.6146229e-02   7.3289714e-02   7.0539950e-02
   2.0301667e+03   7.6119810e-02   7.3250396e-02   7.0488738e-02
   2.0302500e+03   7.6118343e-02   7.3232938e-02   7.0456498e-02
   2.0303333e+03   7.6143568e-02   7.3238838e-02   7.0444502e-02
   2.0304167e+03   7.6174147e-02   7.3249365e-02   7.0436462e-02
   2.0305000e+03   7.6195731e-02   7.3251945e-02   7.0421465e-02
   2.0305833e+03   7.6211577e-02   7.3249438e-02   7.0402000e-02
   2.0306667e+03   7.6231383e-02   7.3250338e-02   7.0385433e-02
   2.0307500e+03   7.6261938e-02   7.3260574e-02   7.0376895e-02
   2.0308333e+03   7.6287088e-02   7.3266019e-02   7.0364146e-02
   2.0309167e+03   7.6286625e-02   7.3249027e-02   7.0331935e-02
   2.0310000e+03   7.6261930e-02   7.3210834e-02   7.0281359e-02
   2.0310833e+03   7.6228522e-02   7.3165007e-02   7.0224160e-02
   2.0311667e+03   7.6202952e-02   7.3125989e-02   7.0172815e-02
   2.0312500e+03   7.6202205e-02   7.3108575e-02   7.0140083e-02
   2.0313333e+03   7.6227805e-02   7.3114067e-02   7.0127058e-02
   2.0314167e+03   7.6258268e-02   7.3123727e-02   7.0117564e-02
   2.0315000e+03   7.6279358e-02   7.3125163e-02   7.0100925e-02
   2.0315833e+03   7.6294560e-02   7.3121415e-02   7.0079769e-02
   2.0316667e+03   7.6313822e-02   7.3121138e-02   7.0061545e-02
   2.0317500e+03   7.6344255e-02   7.3130504e-02   7.0051553e-02
   2.0318333e+03   7.6369784e-02   7.3135543e-02   7.0037782e-02
   2.0319167e+03   7.6370033e-02   7.3118582e-02   7.0005068e-02
   2.0320000e+03   7.6346183e-02   7.3080674e-02   6.9954343e-02
   2.0320833e+03   7.6313648e-02   7.3035206e-02   6.9897108e-02
   2.0321667e+03   7.6288925e-02   7.2996479e-02   6.9845627e-02
   2.0322500e+03   7.6288891e-02   7.2979099e-02   6.9812398e-02
   2.0323333e+03   7.6314860e-02   7.2984173e-02   6.9798342e-02
   2.0324167e+03   7.6345195e-02   7.2992958e-02   6.9787400e-02
   2.0325000e+03   7.6365776e-02   7.2993243e-02   6.9769131e-02
   2.0325833e+03   7.6380319e-02   7.2988249e-02   6.9746298e-02
   2.0326667e+03   7.6399022e-02   7.2986790e-02   6.9726430e-02
   2.0327500e+03   7.6429321e-02   7.2995275e-02   6.9714991e-02
   2.0328333e+03   7.6455221e-02   7.2999898e-02   6.9700196e-02
   2.0329167e+03   7.6456179e-02   7.2982959e-02   6.9666975e-02
   2.0330000e+03   7.6433170e-02   7.2945327e-02   6.9616097e-02
   2.0330833e+03   7.6401505e-02   7.2900210e-02   6.9558823e-02
   2.0331667e+03   7.6377625e-02   7.2861766e-02   6.9507200e-02
   2.0332500e+03   7.6378302e-02   7.2844410e-02   6.9473470e-02
   2.0333333e+03   7.6404630e-02   7.2849055e-02   6.9458382e-02
   2.0334167e+03   7.6434826e-02   7.2856956e-02   6.9445998e-02
   2.0335000e+03   7.6454884e-02   7.2856085e-02   6.9426113e-02
   2.0335833e+03   7.6468752e-02   7.2849841e-02   6.9401619e-02
   2.0336667e+03   7.6486880e-02   7.2847193e-02   6.9380121e-02
   2.0337500e+03   7.6517034e-02   7.2854790e-02   6.9367242e-02
   2.0338333e+03   7.6543297e-02   7.2858987e-02   6.9351423e-02
   2.0339167e+03   7.6544959e-02   7.2842058e-02   6.9317691e-02
   2.0340000e+03   7.6522788e-02   7.2804694e-02   6.9266656e-02
   2.0340833e+03   7.6491990e-02   7.2759921e-02   6.9209339e-02
   2.0341667e+03   7.6468951e-02   7.2721752e-02   6.9157571e-02
   2.0342500e+03   7.6470333e-02   7.2704410e-02   6.9123337e-02
   2.0343333e+03   7.6497013e-02   7.2708615e-02   6.9107217e-02
   2.0344167e+03   7.6527058e-02   7.2715624e-02   6.9093399e-02
   2.0345000e+03   7.6546578e-02   7.2713591e-02   6.9071911e-02
   2.0345833e+03   7.6559755e-02   7.2706092e-02   6.9045774e-02
   2.0346667e+03   7.6577293e-02   7.2702251e-02   6.9022661e-02
   2.0347500e+03   7.6607290e-02   7.2708953e-02   6.9008349e-02
   2.0348333e+03   7.6633908e-02   7.2712712e-02   6.8991506e-02
   2.0349167e+03   7.6636269e-02   7.2695785e-02   6.8957261e-02
   2.0350000e+03   7.6614934e-02   7.2658680e-02   6.8906065e-02
   2.0350833e+03   7.6585000e-02   7.2614243e-02   6.8848702e-02
   2.0351667e+03   7.6562798e-02   7.2576341e-02   6.8796787e-02
   2.0352500e+03   7.6564880e-02   7.2559002e-02   6.8762045e-02
   2.0353333e+03   7.6591905e-02   7.2562759e-02   6.8744894e-02
   2.0354167e+03   7.6621787e-02   7.2568868e-02   6.8729649e-02
   2.0355000e+03   7.6640753e-02   7.2565667e-02   6.8706574e-02
   2.0355833e+03   3.8326611e-02   3.6278455e-02   3.4339406e-02
   2.0356667e+03   3.8335078e-02   3.6275936e-02   3.4327050e-02
   2.0357500e+03   3.8349992e-02   3.6278834e-02   3.4319182e-02
   2.0358333e+03   3.8363475e-02   3.6280491e-02   3.4310250e-02
   2.0359167e+03   3.8365002e-02   3.6272023e-02   3.4292869e-02
   2.0360000e+03   3.8354751e-02   3.6253596e-02   3.4267189e-02
   2.0360833e+03   3.8340215e-02   3.6231541e-02   3.4238483e-02
   2.0361667e+03   3.8329531e-02   3.6212719e-02   3.4212451e-02
   2.0362500e+03   3.8330920e-02   3.6204048e-02   3.4194825e-02
   2.0363333e+03   3.8344601e-02   3.6205696e-02   3.4185735e-02
   2.0364167e+03   3.8359454e-02   3.6208297e-02   3.4177404e-02
   2.0365000e+03   3.8368653e-02   3.6206111e-02   3.4165081e-02
   2.0365833e+03   3.8374526e-02   3.6201101e-02   3.4150397e-02
   2.0366667e+03   3.8382682e-02   3.6197981e-02   3.4137251e-02
   2.0367500e+03   3.8397505e-02   3.6200424e-02   3.4128677e-02
   2.0368333e+03   3.8411157e-02   3.6201852e-02   3.4119234e-02
   2.0369167e+03   3.8413029e-02   3.6193375e-02   3.4101593e-02
   2.0370000e+03   3.8403192e-02   3.6175070e-02   3.4075831e-02
   2.0370833e+03   3.8389086e-02   3.6153175e-02   3.4047100e-02
   2.0371667e+03   3.8378818e-02   3.6134478e-02   3.4020990e-02
   2.0372500e+03   3.8380553e-02   3.6125799e-02   3.4003109e-02
   2.0373333e+03   3.8394398e-02   3.6127212e-02   3.3993505e-02
   2.0374167e+03   3.8409157e-02   3.6129356e-02   3.3984471e-02
   2.0375000e+03   3.8418064e-02   3.6126582e-02   3.3971372e-02
   2.0375833e+03   3.8423566e-02   3.6120940e-02   3.3955895e-02
   2.0376667e+03   3.8431404e-02   3.6117217e-02   3.3941969e-02
   2.0377500e+03   3.8446130e-02   3.6119201e-02   3.3932693e-02
   2.0378333e+03   3.8459948e-02   3.6120395e-02   3.3922741e-02
   2.0379167e+03   3.8462162e-02   3.6111905e-02   3.3904841e-02
   2.0380000e+03   3.8452738e-02   3.6093717e-02   3.3878994e-02
   2.0380833e+03   3.8439061e-02   3.6071979e-02   3.3850237e-02
   2.0381667e+03   3.8429207e-02   3.6053403e-02   3.3824050e-02
   2.0382500e+03   3.8431285e-02   3.6044711e-02   3.3805912e-02
   2.0383333e+03   3.8445290e-02   3.6045885e-02   3.3795796e-02
   2.0384167e+03   3.8459949e-02   3.6047568e-02   3.3786065e-02
   2.0385000e+03   3.8468556e-02   3.6044204e-02   3.3772199e-02
   2.0385833e+03   3.8473679e-02   3.6037928e-02   3.3755940e-02
   2.0386667e+03   3.8481191e-02   3.6033601e-02   3.3741243e-02
   2.0387500e+03   3.8495813e-02   3.6035122e-02   3.3731271e-02
   2.0388333e+03   3.8509793e-02   3.6036079e-02   3.3720813e-02
   2.0389167e+03   3.8512347e-02   3.6027570e-02   3.3702652e-02
   2.0390000e+03   3.8503335e-02   3.6009495e-02   3.3676721e-02
   2.0390833e+03   3.8490084e-02   3.5987910e-02   3.3647936e-02
   2.0391667e+03   3.8480644e-02   3.5969450e-02   3.3621671e-02
   2.0392500e+03   3.8483062e-02   3.5960741e-02   3.3603277e-02
   2.0393333e+03   3.8497223e-02   3.5961672e-02   3.3592651e-02
   2.0394167e+03   3.8511776e-02   3.5962891e-02   3.3582229e-02
   2.0395000e+03   3.8520075e-02   3.5958935e-02   3.3567606e-02
   2.0395833e+03   3.8524811e-02   3.5952025e-02   3.3550577e-02
   2.0396667e+03   3.8531987e-02   3.5947091e-02   3.3535119e-02
   2.0397500e+03   3.8546500e-02   3.5948148e-02   3.3524459e-02
   2.0398333e+03   3.8560637e-02   3.5948862e-02   3.3513496e-02
   2.0399167e+03   3.8563529e-02   3.5940330e-02   3.3495075e-02
   2.0400000e+03   3.8554926e-02   3.5922364e-02   3.3469058e-02
   2.0400833e+03   3.8542102e-02   3.5900927e-02   3.3440246e-02
   2.0401667e+03   3.8533073e-02   3.5882580e-02   3.3413902e-02
   2.0402500e+03   3.8535830e-02   3.5873850e-02   3.3395251e-02
   2.0403333e+03   3.8550143e-02   3.5874532e-02   3.3384118e-02
   2.0404167e+03   3.8564582e-02   3.5875283e-02   3.3373012e-02
   2.0405000e+03   3.8572565e-02   3.5870735e-02   3.3357642e-02
   2.0405833e+03   3.8576905e-02   3.5863189e-02   3.3339854e-02
   2.0406667e+03   3.8583738e-02   3.5857649e-02   3.3323647e-02
   2.0407500e+03   3.8598135e-02   3.5858236e-02   3.3312305e-02
   2.0408333e+03   3.8612425e-02   3.5858704e-02   3.3300840e-02
   2.0409167e+03   3.8615652e-02   3.5850144e-02   3.3282159e-02
   2.0410000e+03   3.8607458e-02   3.5832283e-02   3.3256058e-02
   2.0410833e+03   3.8595058e-02   3.5810991e-02   3.3227216e-02
   2.0411667e+03   3.8586439e-02   3.5792753e-02   3.3200793e-02
   2.0412500e+03   3.8589532e-02   3.5783996e-02   3.3181887e-02
   2.0413333e+03   3.8603992e-02   3.5784425e-02   3.3170249e-02
   2.0414167e+03   3.8618312e-02   3.5784707e-02   3.3158467e-02
   2.0415000e+03   3.8625971e-02   3.5779565e-02   3.3142361e-02
   2.0415833e+03   3.8629906e-02   3.5771383e-02   3.3123827e-02
   2.0416667e+03   3.8636388e-02   3.5765235e-02   3.3106882e-02
   2.0417500e+03   3.8650662e-02   3.5765351e-02   3.3094867e-02
   2.0418333e+03   3.8665101e-02   3.5765567e-02   3.3082903e-02
   2.0419167e+03   3.8668660e-02   3.5756975e-02   3.3063962e-02
   2.0420000e+03   3.8660873e-02   3.5739214e-02   3.3037775e-02
   2.0420833e+03   3.8648897e-02   3.5718064e-02   3.3008905e-02
   2.0421667e+03   3.8640687e-02   3.5699931e-02   3.2982403e-02
   2.0422500e+03   3.8644114e-02   3.5691144e-02   3.2963240e-02
   2.0423333e+03   3.8658716e-02   3.5691315e-02   3.2951102e-02
   2.0424167e+03   3.8672910e-02   3.5691125e-02   3.2938651e-02
   2.0425000e+03   3.8680236e-02   3.5685387e-02   3.2921821e-02
   2.0425833e+03   3.8683757e-02   3.5676569e-02   3.2902554e-02
   2.0426667e+03   3.8689880e-02   3.5669813e-02   3.2884884e-02
   2.0427500e+03   3.8704024e-02   3.5669455e-02   3.2872202e-02
   2.0428333e+03   3.8718608e-02   3.5669415e-02   3.2859743e-02
   2.0429167e+03   3.8722497e-02   3.5660786e-02   3.2840544e-02
   2.0430000e+03   3.8715116e-02   3.5643123e-02   3.2814271e-02
   2.0430833e+03   3.8703562e-02   3.5622110e-02   3.2785373e-02
   2.0431667e+03   3.8695758e-02   3.5604078e-02   3.2758791e-02
   2.0432500e+03   3.8699516e-02   3.5595255e-02   3.2739375e-02
   2.0433333e+03   3.8714258e-02   3.5595165e-02   3.2726739e-02
   2.0434167e+03   3.8728319e-02   3.5594500e-02   3.2713628e-02
   2.0435000e+03   3.8735304e-02   3.5588166e-02   3.2696086e-02
   2.0435833e+03   3.8738402e-02   3.5578713e-02   3.2676100e-02
   2.0436667e+03   3.8744157e-02   3.5571347e-02   3.2657717e-02
   2.0437500e+03   3.8758165e-02   3.5570513e-02   3.2644378e-02
   2.0438333e+03   3.8772888e-02   3.5570214e-02   3.2631427e-02
   2.0439167e+03   3.8777105e-02   3.5561543e-02   3.2611971e-02
   2.0440000e+03   3.8770127e-02   3.5543973e-02   3.2585613e-02
   2.0440833e+03   3.8758995e-02   3.5523094e-02   3.2556687e-02
   2.0441667e+03   3.8751597e-02   3.5505159e-02   3.2530026e-02
   2.0442500e+03   3.8755684e-02   3.5496296e-02   3.2510356e-02
   2.0443333e+03   3.8770559e-02   3.5495941e-02   3.2497227e-02
   2.0444167e+03   3.8784481e-02   3.5494798e-02   3.2483465e-02
   2.0445000e+03   3.8791116e-02   3.5487868e-02   3.2465224e-02
   2.0445833e+03   3.8793783e-02   3.5477779e-02   3.2444533e-02
   2.0446667e+03   3.8799160e-02   3.5469804e-02   3.2425449e-02
   2.0447500e+03   3.8813025e-02   3.5468492e-02   3.2411462e-02
   2.0448333e+03   3.8827884e-02   3.5467929e-02   3.2398025e-02
   2.0449167e+03   3.8832425e-02   3.5459213e-02   3.2378313e-02
   2.0450000e+03   3.8825851e-02   3.5441732e-02   3.2351870e-02
   2.0450833e+03   3.8815138e-02   3.5420983e-02   3.2322916e-02
   2.0451667e+03   3.8808144e-02   3.5403141e-02   3.2296177e-02
   2.0452500e+03   3.8812557e-02   3.5394235e-02   3.2276256e-02
   2.0453333e+03   3.8827562e-02   3.5393610e-02   3.2262639e-02
   2.0454167e+03   3.8841337e-02   3.5391987e-02   3.2248235e-02
   2.0455000e+03   3.8847615e-02   3.5384461e-02   3.2229307e-02
   2.0455833e+03   3.8849840e-02   3.5373737e-02   3.2207925e-02
   2.0456667e+03   3.8854832e-02   3.5365153e-02   3.2188156e-02
   2.0457500e+03   3.8868547e-02   3.5363360e-02   3.2173530e-02
   2.0458333e+03   3.8883537e-02   3.5362530e-02   3.2159611e-02
   2.0459167e+03   3.8888400e-02   3.5353764e-02   3.2139646e-02
   2.0460000e+03   3.8882226e-02   3.5336368e-02   3.2113119e-02
   2.0460833e+03   3.8871933e-02   3.5315746e-02   3.2084137e-02
   2.0461667e+03   3.8865342e-02   3.5297993e-02   3.2057321e-02
   2.0462500e+03   3.8870078e-02   3.5289039e-02   3.2037150e-02
   2.0463333e+03   3.8885208e-02   3.5288141e-02   3.2023050e-02
   2.0464167e+03   3.8898829e-02   3.5286037e-02   3.2008014e-02
   2.0465000e+03   3.8904740e-02   3.5277914e-02   3.1988413e-02
   2.0465833e+03   3.8906515e-02   3.5266556e-02   3.1966356e-02
   2.0466667e+03   3.8911112e-02   3.5257364e-02   3.1945915e-02
   2.0467500e+03   3.8924670e-02   3.5255088e-02   3.1930661e-02
   2.0468333e+03   3.8939786e-02   3.5253987e-02   3.1916266e-02
   2.0469167e+03   3.8944969e-02   3.5245168e-02   3.1896048e-02
   2.0470000e+03   3.8939195e-02   3.5227853e-02   3.1869438e-02
   2.0470833e+03   3.8929319e-02   3.5207353e-02   3.1840431e-02
   2.0471667e+03   3.8923129e-02   3.5189686e-02   3.1813538e-02
   2.0472500e+03   3.8928186e-02   3.5180679e-02   3.1793120e-02
   2.0473333e+03   3.8943436e-02   3.5179505e-02   3.1778542e-02
   2.0474167e+03   3.8956897e-02   3.5176918e-02   3.1762884e-02
   2.0475000e+03   3.8962432e-02   3.5168199e-02   3.1742625e-02
   2.0475833e+03   3.8963748e-02   3.5156208e-02   3.1719908e-02
   2.0476667e+03   3.8967942e-02   3.5146408e-02   3.1698809e-02
   2.0477500e+03   3.8981335e-02   3.5143649e-02   3.1682937e-02
   2.0478333e+03   3.8996573e-02   3.5142273e-02   3.1668071e-02
   2.0479167e+03   3.9002073e-02   3.5133395e-02   3.1647605e-02
   2.0480000e+03   3.8996696e-02   3.5116158e-02   3.1620913e-02
   2.0480833e+03   3.8987237e-02   3.5095777e-02   3.1591881e-02
   2.0481667e+03   3.8981446e-02   3.5078192e-02   3.1564913e-02
   2.0482500e+03   3.8986822e-02   3.5069129e-02   3.1544250e-02
   2.0483333e+03   3.9002187e-02   3.5067675e-02   3.1529201e-02
   2.0484167e+03   3.9015480e-02   3.5064603e-02   3.1512932e-02
   2.0485000e+03   3.9020631e-02   3.5055288e-02   3.1492029e-02
   2.0485833e+03   3.9021478e-02   3.5042666e-02   3.1468668e-02
   2.0486667e+03   3.9025259e-02   3.5032259e-02   3.1446927e-02
   2.0487500e+03   3.9038481e-02   3.5029015e-02   3.1430448e-02
   2.0488333e+03   3.9053835e-02   3.5027361e-02   3.1415117e-02
   2.0489167e+03   3.9059649e-02   3.5018421e-02   3.1394405e-02
   2.0490000e+03   3.9054669e-02   3.5001257e-02   3.1367633e-02
   2.0490833e+03   3.9045624e-02   3.4980993e-02   3.1338576e-02
   2.0491667e+03   3.9040232e-02   3.4963486e-02   3.1311535e-02
   2.0492500e+03   3.9045923e-02   3.4954362e-02   3.1290630e-02
   2.0493333e+03   3.9061399e-02   3.4952624e-02   3.1275116e-02
   2.0494167e+03   3.9074516e-02   3.4949067e-02   3.1258248e-02
   2.0495000e+03   3.9079275e-02   3.4939158e-02   3.1236715e-02
   2.0495833e+03   3.9079643e-02   3.4925906e-02   3.1212727e-02
   2.0496667e+03   3.9083002e-02   3.4914893e-02   3.1190359e-02
   2.0497500e+03   3.9096045e-02   3.4911163e-02   3.1173285e-02
   2.0498333e+03   3.9111512e-02   3.4909227e-02   3.1157496e-02
   2.0499167e+03   3.9117637e-02   3.4900221e-02   3.1136541e-02
   2.0500000e+03   3.9113051e-02   3.4883128e-02   3.1109691e-02
   2.0500833e+03   3.9104419e-02   3.4862974e-02   3.1080610e-02
   2.0501667e+03   3.9099419e-02   3.4845539e-02   3.1053495e-02
   2.0502500e+03   3.9105418e-02   3.4836348e-02   3.1032349e-02
   2.0503333e+03   3.9120998e-02   3.4834322e-02   3.1016377e-02
   2.0504167e+03   3.9133938e-02   3.4830282e-02   3.0998923e-02
   2.0505000e+03   3.9138307e-02   3.4819788e-02   3.0976784e-02
   2.0505833e+03   3.9138203e-02   3.4805922e-02   3.0952195e-02
   2.0506667e+03   3.9141149e-02   3.4794318e-02   3.0929226e-02
   2.0507500e+03   3.9154016e-02   3.4790108e-02   3.0911575e-02
   2.0508333e+03   3.9169585e-02   3.4787886e-02   3.0895334e-02
   2.0509167e+03   3.9176002e-02   3.4778799e-02   3.0874131e-02
   2.0510000e+03   3.9171786e-02   3.4761755e-02   3.0847194e-02
   2.0510833e+03   3.9163541e-02   3.4741692e-02   3.0818080e-02
   2.0511667e+03   3.9158913e-02   3.4724310e-02   3.0790884e-02
   2.0512500e+03   3.9165204e-02   3.4715039e-02   3.0769495e-02
   2.0513333e+03   3.9180880e-02   3.4712722e-02   3.0753071e-02
   2.0514167e+03   3.9193642e-02   3.4708205e-02   3.0735052e-02
   2.0515000e+03   3.9197625e-02   3.4697140e-02   3.0712331e-02
   2.0515833e+03   3.9197054e-02   3.4682672e-02   3.0687167e-02
   2.0516667e+03   3.9199587e-02   3.4670487e-02   3.0663621e-02
   2.0517500e+03   3.9212273e-02   3.4665801e-02   3.0645408e-02
   2.0518333e+03   3.9227939e-02   3.4663290e-02   3.0628725e-02
   2.0519167e+03   3.9234645e-02   3.4654119e-02   3.0607281e-02
   2.0520000e+03   3.9230797e-02   3.4637122e-02   3.0580261e-02
   2.0520833e+03   3.9222938e-02   3.4617149e-02   3.0551118e-02
   2.0521667e+03   3.9218679e-02   3.4599819e-02   3.0523847e-02
   2.0522500e+03   3.9225260e-02   3.4590466e-02   3.0502222e-02
   2.0523333e+03   3.9241028e-02   3.4587856e-02   3.0485358e-02
   2.0524167e+03   3.9253607e-02   3.4582865e-02   3.0466788e-02
   2.0525000e+03   3.9257196e-02   3.4571231e-02   3.0443503e-02
   2.0525833e+03   3.9256148e-02   3.4556166e-02   3.0417784e-02
   2.0526667e+03   3.9258259e-02   3.4543403e-02   3.0393680e-02
   2.0527500e+03   3.9270758e-02   3.4538243e-02   3.0374922e-02
   2.0528333e+03   3.9286517e-02   3.4535443e-02   3.0357807e-02
   2.0529167e+03   3.9293509e-02   3.4526185e-02   3.0336129e-02
   2.0530000e+03   3.9290027e-02   3.4509235e-02   3.0309031e-02
   2.0530833e+03   3.9282553e-02   3.4489349e-02   3.0279864e-02
   2.0531667e+03   3.9278663e-02   3.4472069e-02   3.0252522e-02
   2.0532500e+03   3.9285531e-02   3.4462632e-02   3.0230669e-02
   2.0533333e+03   3.9301386e-02   3.4459729e-02   3.0213375e-02
   2.0534167e+03   3.9313774e-02   3.4454265e-02   3.0194269e-02
   2.0535000e+03   3.9316960e-02   3.4442065e-02   3.0170440e-02
   2.0535833e+03   3.9315427e-02   3.4426408e-02   3.0144186e-02
   2.0536667e+03   3.9317108e-02   3.4413072e-02   3.0119542e-02
   2.0537500e+03   3.9329413e-02   3.4407438e-02   3.0100254e-02
   2.0538333e+03   3.9345261e-02   3.4404348e-02   3.0082719e-02
   2.0539167e+03   3.9352536e-02   3.4395003e-02   3.0060814e-02
   2.0540000e+03   3.9349419e-02   3.4378097e-02   3.0033644e-02
   2.0540833e+03   3.9342329e-02   3.4358297e-02   3.0004459e-02
   2.0541667e+03   3.9338806e-02   3.4341066e-02   2.9977051e-02
   2.0542500e+03   3.9345959e-02   3.4331544e-02   2.9954976e-02
   2.0543333e+03   3.9361897e-02   3.4328347e-02   2.9937265e-02
   2.0544167e+03   3.9374087e-02   3.4322411e-02   2.9917639e-02
   2.0545000e+03   3.9376863e-02   3.4309650e-02   2.9893284e-02
   2.0545833e+03   3.9374835e-02   3.4293405e-02   2.9866515e-02
   2.0546667e+03   3.9376078e-02   3.4279499e-02   2.9841351e-02
   2.0547500e+03   3.9388181e-02   3.4273394e-02   2.9821549e-02
   2.0548333e+03   3.9404113e-02   3.4270014e-02   2.9803605e-02
   2.0549167e+03   3.9411668e-02   3.4260580e-02   2.9781481e-02
   2.0550000e+03   3.9408915e-02   3.4243716e-02   2.9754244e-02
   2.0550833e+03   3.9402209e-02   3.4224000e-02   2.9725044e-02
   2.0551667e+03   3.9399051e-02   3.4206816e-02   2.9697577e-02
   2.0552500e+03   3.9406486e-02   3.4197207e-02   2.9675288e-02
   2.0553333e+03   3.9422501e-02   3.4193717e-02   2.9657170e-02
   2.0554167e+03   3.9434487e-02   3.4187310e-02   2.9637040e-02
   2.0555000e+03   3.9436843e-02   3.4173993e-02   2.9612179e-02
   2.0555833e+03   3.9434313e-02   3.4157164e-02   2.9584915e-02
   2.0556667e+03   3.9435108e-02   3.4142694e-02   2.9559251e-02
   2.0557500e+03   3.9447004e-02   3.4136120e-02   2.9538952e-02
   2.0558333e+03   3.9463015e-02   3.4132449e-02   2.9520610e-02
   2.0559167e+03   3.9470848e-02   3.4122924e-02   2.9498273e-02
   2.0560000e+03   3.9468456e-02   3.4106101e-02   2.9470975e-02
   2.0560833e+03   3.9462132e-02   3.4086468e-02   2.9441767e-02
   2.0561667e+03   3.9459339e-02   3.4069330e-02   2.9414246e-02
   2.0562500e+03   3.9467053e-02   3.4059632e-02   2.9391750e-02
   2.0563333e+03   3.9483141e-02   3.4055847e-02   2.9373237e-02
   2.0564167e+03   3.9494915e-02   3.4048973e-02   2.9352620e-02
   2.0565000e+03   3.9496844e-02   3.4035103e-02   2.9327272e-02
   2.0565833e+03   3.9493801e-02   3.4017697e-02   2.9299534e-02
   2.0566667e+03   3.9494141e-02   3.4002666e-02   2.9273390e-02
   2.0567500e+03   3.9505822e-02   3.3995625e-02   2.9252609e-02
   2.0568333e+03   3.9521907e-02   3.3991664e-02   2.9233881e-02
   2.0569167e+03   3.9530015e-02   3.3982046e-02   2.9211341e-02
   2.0570000e+03   3.9527983e-02   3.3965263e-02   2.9183988e-02
   2.0570833e+03   3.9522040e-02   3.3945710e-02   2.9154776e-02
   2.0571667e+03   3.9519609e-02   3.3928616e-02   2.9127206e-02
   2.0572500e+03   3.9527600e-02   3.3918829e-02   2.9104512e-02
   2.0573333e+03   3.9543756e-02   3.3914750e-02   2.9085616e-02
   2.0574167e+03   3.9555311e-02   3.3907411e-02   2.9064528e-02
   2.0575000e+03   3.9556805e-02   3.3892992e-02   2.9038712e-02
   2.0575833e+03   3.9553240e-02   3.3875013e-02   2.9010521e-02
   2.0576667e+03   3.9553116e-02   3.3859427e-02   2.8983917e-02
   2.0577500e+03   3.9564575e-02   3.3851922e-02   2.8962671e-02
   2.0578333e+03   3.9580730e-02   3.3847670e-02   2.8943569e-02
   2.0579167e+03   3.9589109e-02   3.3837958e-02   2.8920833e-02
   2.0580000e+03   3.9587437e-02   3.3821213e-02   2.8893430e-02
   2.0580833e+03   3.9581873e-02   3.3801740e-02   2.8864221e-02
   2.0581667e+03   3.9579803e-02   3.3784688e-02   2.8836608e-02
   2.0582500e+03   3.9588067e-02   3.3774810e-02   2.8813723e-02
   2.0583333e+03   3.9604287e-02   3.3770437e-02   2.8794456e-02
   2.0584167e+03   3.9615616e-02   3.3762635e-02   2.8772915e-02
   2.0585000e+03   3.9616665e-02   3.3747673e-02   2.8746651e-02
   2.0585833e+03   3.9612570e-02   3.3729127e-02   2.8718027e-02
   2.0586667e+03   3.9611973e-02   3.3712990e-02   2.8690982e-02
   2.0587500e+03   3.9623202e-02   3.3705024e-02   2.8669289e-02
   2.0588333e+03   3.9639422e-02   3.3700481e-02   2.8649825e-02
   2.0589167e+03   3.9648070e-02   3.3690675e-02   2.8626901e-02
   2.0590000e+03   3.9646755e-02   3.3673966e-02   2.8599456e-02
   2.0590833e+03   3.9641569e-02   3.3654571e-02   2.8570253e-02
   2.0591667e+03   3.9639859e-02   3.3637561e-02   2.8542603e-02
   2.0592500e+03   3.9648395e-02   3.3627590e-02   2.8519537e-02
   2.0593333e+03   3.9664672e-02   3.3622922e-02   2.8499911e-02
   2.0594167e+03   3.9675768e-02   3.3614661e-02   2.8477932e-02
   2.0595000e+03   3.9676364e-02   3.3599160e-02   2.8451241e-02
   2.0595833e+03   3.9671729e-02   3.3580053e-02   2.8422206e-02
   2.0596667e+03   3.9670650e-02   3.3563372e-02   2.8394740e-02
   2.0597500e+03   3.9681643e-02   3.3554947e-02   2.8372616e-02
   2.0598333e+03   3.9697922e-02   3.3550113e-02   2.8352803e-02
   2.0599167e+03   3.9706837e-02   3.3540211e-02   2.8329700e-02
   2.0600000e+03   3.9705877e-02   3.3523537e-02   2.8302217e-02
   2.0600833e+03   3.9701068e-02   3.3504220e-02   2.8273027e-02
   2.0601667e+03   3.9699716e-02   3.3487248e-02   2.8245347e-02
   2.0602500e+03   3.9708519e-02   3.3477184e-02   2.8222107e-02
   2.0603333e+03   3.9724850e-02   3.3472223e-02   2.8202135e-02
   2.0604167e+03   3.9735706e-02   3.3463504e-02   2.8179736e-02
   2.0605000e+03   3.9735839e-02   3.3447470e-02   2.8152637e-02
   2.0605833e+03   3.9730656e-02   3.3427809e-02   2.8123211e-02
   2.0606667e+03   3.9729086e-02   3.3410588e-02   2.8095346e-02
   2.0607500e+03   3.9739835e-02   3.3401707e-02   2.8072808e-02
   2.0608333e+03   3.9756168e-02   3.3396583e-02   2.8052657e-02
   2.0609167e+03   3.9765347e-02   3.3386584e-02   2.8029384e-02
   2.0610000e+03   3.9764741e-02   3.3369944e-02   2.8001870e-02
   2.0610833e+03   3.9760308e-02   3.3350702e-02   2.7972699e-02
   2.0611667e+03   3.9759312e-02   3.3333769e-02   2.7944995e-02
   2.0612500e+03   3.9768380e-02   3.3323611e-02   2.7921589e-02
   2.0613333e+03   3.9784759e-02   3.3318356e-02   2.7901284e-02
   2.0614167e+03   3.9795367e-02   3.3309184e-02   2.7878483e-02
   2.0615000e+03   3.9795029e-02   3.3292622e-02   2.7850995e-02
   2.0615833e+03   3.9789288e-02   3.3272411e-02   2.7821199e-02
   2.0616667e+03   3.9787218e-02   3.3254657e-02   2.7792955e-02
   2.0617500e+03   3.9797716e-02   3.3245323e-02   2.7770021e-02
   2.0618333e+03   3.9814098e-02   3.3239910e-02   2.7749546e-02
   2.0619167e+03   3.9823537e-02   3.3229814e-02   2.7726110e-02
   2.0620000e+03   3.9823283e-02   3.3213206e-02   2.7698573e-02
   2.0620833e+03   3.9819224e-02   3.3194038e-02   2.7669425e-02
   2.0621667e+03   3.9818582e-02   3.3177142e-02   2.7641703e-02
   2.0622500e+03   3.9827913e-02   3.3166889e-02   2.7618141e-02
   2.0623333e+03   3.9844334e-02   3.3161342e-02   2.7597515e-02
   2.0624167e+03   3.9854687e-02   3.3151719e-02   2.7574328e-02
   2.0625000e+03   3.9853869e-02   3.3134634e-02   2.7546473e-02
   2.0625833e+03   3.9847561e-02   3.3113882e-02   2.7516329e-02
   2.0626667e+03   3.9844982e-02   3.3095599e-02   2.7487725e-02
   2.0627500e+03   3.9855222e-02   3.3085817e-02   2.7464412e-02
   2.0628333e+03   3.9871648e-02   3.3080115e-02   2.7443626e-02
   2.0629167e+03   3.9881344e-02   3.3069920e-02   2.7420037e-02
   2.0630000e+03   3.9881440e-02   3.3053344e-02   2.7392482e-02
   2.0630833e+03   3.9877754e-02   3.3034249e-02   2.7363365e-02
   2.0631667e+03   3.9877465e-02   3.3017389e-02   2.7335631e-02
   2.0632500e+03   3.9887054e-02   3.3007039e-02   2.7311921e-02
   2.0633333e+03   3.9903513e-02   3.3001200e-02   2.7290988e-02
   2.0634167e+03   3.9913603e-02   3.2991131e-02   2.7267433e-02
   2.0635000e+03   3.9912297e-02   3.2973529e-02   2.7239230e-02
   2.0635833e+03   3.9905412e-02   3.2952242e-02   2.7208758e-02
   2.0636667e+03   3.9902316e-02   3.2933438e-02   2.7179816e-02
   2.0637500e+03   3.9912289e-02   3.2923210e-02   2.7156141e-02
   2.0638333e+03   3.9928754e-02   3.2917220e-02   2.7135056e-02
   2.0639167e+03   3.9938703e-02   3.2906926e-02   2.7111323e-02
   2.0640000e+03   3.9939148e-02   3.2890380e-02   2.7083757e-02
   2.0640833e+03   3.9935833e-02   3.2871357e-02   2.7054676e-02
   2.0641667e+03   3.9935895e-02   3.2854531e-02   2.7026937e-02
   2.0642500e+03   3.9945740e-02   3.2844085e-02   2.7003088e-02
   2.0643333e+03   3.9962231e-02   3.2837955e-02   2.6981861e-02
   2.0644167e+03   3.9972051e-02   3.2827443e-02   2.6957955e-02
   2.0645000e+03   3.9970247e-02   3.2809331e-02   2.6929425e-02
   2.0645833e+03   3.9962776e-02   3.2787515e-02   2.6898646e-02
   2.0646667e+03   3.9959153e-02   3.2768196e-02   2.6869386e-02
   2.0647500e+03   3.9968853e-02   3.2757527e-02   2.6845367e-02
   2.0648333e+03   3.9985351e-02   3.2751250e-02   2.6823997e-02
   2.0649167e+03   3.9995551e-02   3.2740856e-02   2.6800129e-02
   2.0650000e+03   3.9996342e-02   3.2724338e-02   2.6772558e-02
   2.0650833e+03   3.9993397e-02   3.2705386e-02   2.6743519e-02
   2.0651667e+03   3.9993808e-02   3.2688594e-02   2.6715782e-02
   2.0652500e+03   4.0003905e-02   3.2678051e-02   2.6691803e-02
   2.0653333e+03   4.0020423e-02   3.2671631e-02   2.6670295e-02
   2.0654167e+03   4.0029964e-02   3.2660679e-02   2.6646056e-02
   2.0655000e+03   4.0027654e-02   3.2642063e-02   2.6617218e-02
   2.0655833e+03   4.0019588e-02   3.2619727e-02   2.6586155e-02
   2.0656667e+03   4.0015429e-02   3.2599899e-02   2.6556597e-02
   2.0657500e+03   4.0024848e-02   3.2588792e-02   2.6532251e-02
   2.0658333e+03   4.0041373e-02   3.2582230e-02   2.6510610e-02
   2.0659167e+03   4.0051820e-02   3.2571735e-02   2.6486615e-02
   2.0660000e+03   4.0052956e-02   3.2555245e-02   2.6459046e-02
   2.0660833e+03   4.0050379e-02   3.2536363e-02   2.6430055e-02
   2.0661667e+03   4.0051138e-02   3.2519604e-02   2.6402327e-02
   2.0662500e+03   4.0061484e-02   3.2508962e-02   2.6378227e-02
   2.0663333e+03   4.0078022e-02   3.2502254e-02   2.6356451e-02
   2.0664167e+03   4.0087278e-02   3.2490868e-02   2.6331897e-02
   2.0665000e+03   4.0084453e-02   3.2471754e-02   2.6302772e-02
   2.0665833e+03   4.0075781e-02   3.2448904e-02   2.6271444e-02
   2.0666667e+03   4.0071078e-02   3.2428574e-02   2.6241608e-02
   2.0667500e+03   4.0080207e-02   3.2417034e-02   2.6216954e-02
   2.0668333e+03   4.0096755e-02   3.2410187e-02   2.6195054e-02
   2.0669167e+03   4.0107446e-02   3.2399591e-02   2.6170943e-02
   2.0670000e+03   4.0108923e-02   3.2383129e-02   2.6143383e-02
   2.0670833e+03   4.0106714e-02   3.2364315e-02   2.6114446e-02
   2.0671667e+03   4.0107817e-02   3.2347588e-02   2.6086733e-02
   2.0672500e+03   4.0118410e-02   3.2336848e-02   2.6062522e-02
   2.0673333e+03   4.0134963e-02   3.2329853e-02   2.6040492e-02
   2.0674167e+03   4.0143925e-02   3.2318035e-02   2.6015640e-02
   2.0675000e+03   4.0140575e-02   3.2298430e-02   2.5986247e-02
   2.0675833e+03   4.0131290e-02   3.2275075e-02   2.5954676e-02
   2.0676667e+03   4.0126032e-02   3.2254250e-02   2.5924583e-02
   2.0677500e+03   4.0134865e-02   3.2242281e-02   2.5899637e-02
   2.0678333e+03   4.0151429e-02   3.2235151e-02   2.5877493e-02
   2.0679167e+03   4.0162360e-02   3.2224455e-02   2.5853274e-02
   2.0680000e+03   4.0164178e-02   3.2208018e-02   2.5825730e-02
   2.0680833e+03   4.0162334e-02   3.2189272e-02   2.5796853e-02
   2.0681667e+03   4.0163780e-02   3.2172575e-02   2.5769162e-02
   2.0682500e+03   4.0174615e-02   3.2161737e-02   2.5744849e-02
   2.0683333e+03   4.0191178e-02   3.2154456e-02   2.5722578e-02
   2.0684167e+03   4.0199839e-02   3.2142213e-02   2.5697446e-02
   2.0685000e+03   4.0195955e-02   3.2122123e-02   2.5667806e-02
   2.0685833e+03   4.0186046e-02   3.2098270e-02   2.5636012e-02
   2.0686667e+03   4.0180225e-02   3.2076957e-02   2.5605683e-02
   2.0687500e+03   4.0188753e-02   3.2064565e-02   2.5580463e-02
   2.0688333e+03   4.0205328e-02   3.2057153e-02   2.5558087e-02
   2.0689167e+03   4.0216496e-02   3.2046355e-02   2.5533770e-02
   2.0690000e+03   4.0218652e-02   3.2029944e-02   2.5506249e-02
   2.0690833e+03   4.0217172e-02   3.2011265e-02   2.5477439e-02
   2.0691667e+03   4.0218959e-02   3.1994598e-02   2.5449776e-02
   2.0692500e+03   4.0230032e-02   3.1983661e-02   2.5425370e-02
   2.0693333e+03   4.0246599e-02   3.1976096e-02   2.5402873e-02
   2.0694167e+03   4.0254951e-02   3.1963431e-02   2.5377478e-02
   2.0695000e+03   4.0250525e-02   3.1942865e-02   2.5347611e-02
   2.0695833e+03   4.0239982e-02   3.1918521e-02   2.5315615e-02
   2.0696667e+03   4.0233589e-02   3.1896729e-02   2.5285069e-02
   2.0697500e+03   4.0241805e-02   3.1883916e-02   2.5259593e-02
   2.0698333e+03   4.0258384e-02   3.1876225e-02   2.5236999e-02
   2.0699167e+03   4.0269785e-02   3.1865326e-02   2.5212594e-02
   2.0700000e+03   4.0272277e-02   3.1848939e-02   2.5185103e-02
   2.0700833e+03   4.0271158e-02   3.1830326e-02   2.5156364e-02
   2.0701667e+03   4.0273284e-02   3.1813688e-02   2.5128737e-02
   2.0702500e+03   4.0284593e-02   3.1802652e-02   2.5104248e-02
   2.0703333e+03   4.0301157e-02   3.1794805e-02   2.5081537e-02
   2.0704167e+03   4.0309192e-02   3.1781724e-02   2.5055898e-02
   2.0705000e+03   4.0304214e-02   3.1760687e-02   2.5025823e-02
   2.0705833e+03   4.0293029e-02   3.1735862e-02   2.4993645e-02
   2.0706667e+03   4.0286055e-02   3.1713597e-02   2.4962903e-02
   2.0707500e+03   4.0293950e-02   3.1700371e-02   2.4937188e-02
   2.0708333e+03   4.0310529e-02   3.1692401e-02   2.4914390e-02
   2.0709167e+03   4.0322159e-02   3.1681400e-02   2.4889906e-02
   2.0710000e+03   4.0324984e-02   3.1665038e-02   2.4862451e-02
   2.0710833e+03   4.0324225e-02   3.1646489e-02   2.4833792e-02
   2.0711667e+03   4.0326688e-02   3.1629880e-02   2.4806207e-02
   2.0712500e+03   4.0338228e-02   3.1618745e-02   2.4781644e-02
   2.0713333e+03   4.0354784e-02   3.1610619e-02   2.4758734e-02
   2.0714167e+03   4.0362494e-02   3.1597125e-02   2.4732867e-02
   2.0715000e+03   4.0356955e-02   3.1575627e-02   2.4702605e-02
   2.0715833e+03   4.0345118e-02   3.1550328e-02   2.4670266e-02
   2.0716667e+03   4.0337553e-02   3.1527599e-02   2.4639346e-02
   2.0717500e+03   4.0345119e-02   3.1513963e-02   2.4613411e-02
   2.0718333e+03   4.0361691e-02   3.1505718e-02   2.4590422e-02
   2.0719167e+03   4.0373547e-02   3.1494616e-02   2.4565868e-02
   2.0720000e+03   4.0376704e-02   3.1478276e-02   2.4538458e-02
   2.0720833e+03   4.0376303e-02   3.1459792e-02   2.4509883e-02
   2.0721667e+03   4.0379100e-02   3.1443210e-02   2.4482348e-02
   2.0722500e+03   4.0390867e-02   3.1431977e-02   2.4457720e-02
   2.0723333e+03   4.0407410e-02   3.1423572e-02   2.4434624e-02
   2.0724167e+03   4.0414786e-02   3.1409673e-02   2.4408547e-02
   2.0725000e+03   4.0408678e-02   3.1387720e-02   2.4378117e-02
   2.0725833e+03   4.0396179e-02   3.1361956e-02   2.4345637e-02
   2.0726667e+03   4.0388014e-02   3.1338770e-02   2.4314560e-02
   2.0727500e+03   4.0395244e-02   3.1324730e-02   2.4288422e-02
   2.0728333e+03   4.0411803e-02   3.1316212e-02   2.4265255e-02
   2.0729167e+03   4.0423880e-02   3.1305008e-02   2.4240641e-02
   2.0730000e+03   4.0427366e-02   3.1288691e-02   2.4213282e-02
   2.0730833e+03   4.0427321e-02   3.1270271e-02   2.4184798e-02
   2.0731667e+03   4.0430450e-02   3.1253716e-02   2.4157320e-02
   2.0732500e+03   4.0442441e-02   3.1242384e-02   2.4132637e-02
   2.0733333e+03   4.0458963e-02   3.1233704e-02   2.4109368e-02
   2.0734167e+03   4.0465998e-02   3.1219404e-02   2.4083099e-02
   2.0735000e+03   4.0459311e-02   3.1197004e-02   2.4052520e-02
   2.0735833e+03   4.0446141e-02   3.1170784e-02   2.4019919e-02
   2.0736667e+03   4.0437367e-02   3.1147150e-02   2.3988705e-02
   2.0737500e+03   4.0444252e-02   3.1132712e-02   2.3962380e-02
   2.0738333e+03   4.0460792e-02   3.1123922e-02   2.3939051e-02
   2.0739167e+03   4.0473087e-02   3.1112618e-02   2.3914386e-02
   2.0740000e+03   4.0476899e-02   3.1096323e-02   2.3887085e-02
   2.0740833e+03   4.0477208e-02   3.1077965e-02   2.3858699e-02
   2.0741667e+03   4.0480666e-02   3.1061437e-02   2.3831283e-02
   2.0742500e+03   4.0492878e-02   3.1050007e-02   2.3806555e-02
   2.0743333e+03   4.0509374e-02   3.1041054e-02   2.3783128e-02
   2.0744167e+03   4.0516059e-02   3.1026358e-02   2.3756684e-02
   2.0745000e+03   4.0508784e-02   3.1003520e-02   2.3725974e-02
   2.0745833e+03   4.0494934e-02   3.0976853e-02   2.3693273e-02
   2.0746667e+03   4.0485541e-02   3.0952778e-02   2.3661940e-02
   2.0747500e+03   4.0492074e-02   3.0937947e-02   2.3635447e-02
   2.0748333e+03   4.0508589e-02   3.0928889e-02   2.3611967e-02
   2.0749167e+03   4.0521097e-02   3.0917484e-02   2.3587262e-02
   2.0750000e+03   4.0525233e-02   3.0901211e-02   2.3560025e-02
   2.0750833e+03   4.0525892e-02   3.0882915e-02   2.3531742e-02
   2.0751667e+03   4.0529673e-02   3.0866411e-02   2.3504396e-02
   2.0752500e+03   4.0542097e-02   3.0854881e-02   2.3479631e-02
   2.0753333e+03   4.0558562e-02   3.0845658e-02   2.3456059e-02
   2.0754167e+03   4.0564900e-02   3.0830579e-02   2.3429460e-02
   2.0755000e+03   4.0557047e-02   3.0807321e-02   2.3398646e-02
   2.0755833e+03   4.0542534e-02   3.0780232e-02   2.3365870e-02
   2.0756667e+03   4.0532541e-02   3.0755741e-02   2.3334447e-02
   2.0757500e+03   4.0538732e-02   3.0740534e-02   2.3307807e-02
   2.0758333e+03   4.0555218e-02   3.0731212e-02   2.3284192e-02
   2.0759167e+03   4.0567924e-02   3.0719700e-02   2.3259452e-02
   2.0760000e+03   4.0572360e-02   3.0703436e-02   2.3232281e-02
   2.0760833e+03   4.0573345e-02   3.0685188e-02   2.3204101e-02
   2.0761667e+03   4.0577430e-02   3.0668698e-02   2.3176826e-02
   2.0762500e+03   4.0590053e-02   3.0657063e-02   2.3152030e-02
   2.0763333e+03   4.0606482e-02   3.0647575e-02   2.3128328e-02
   2.0764167e+03   4.0612481e-02   3.0632126e-02   2.3101596e-02
   2.0765000e+03   4.0604062e-02   3.0608469e-02   2.3070701e-02
   2.0765833e+03   4.0588895e-02   3.0580978e-02   2.3037876e-02
   2.0766667e+03   4.0578308e-02   3.0556088e-02   2.3006385e-02
   2.0767500e+03   4.0584156e-02   3.0540514e-02   2.2979618e-02
   2.0768333e+03   4.0600609e-02   3.0530931e-02   2.2955880e-02
   2.0769167e+03   4.0613508e-02   3.0519312e-02   2.2931115e-02
   2.0770000e+03   4.0618241e-02   3.0503058e-02   2.2904017e-02
   2.0770833e+03   4.0619551e-02   3.0484859e-02   2.2875947e-02
   2.0771667e+03   4.0623937e-02   3.0468383e-02   2.2848750e-02
   2.0772500e+03   4.0636754e-02   3.0456644e-02   2.2823934e-02
   2.0773333e+03   4.0653144e-02   3.0446894e-02   2.2800116e-02
   2.0774167e+03   4.0658794e-02   3.0431082e-02   2.2773266e-02
   2.0775000e+03   4.0649802e-02   3.0407034e-02   2.2742309e-02
   2.0775833e+03   4.0633974e-02   3.0379150e-02   2.2709454e-02
   2.0776667e+03   4.0622784e-02   3.0353870e-02   2.2677913e-02
   2.0777500e+03   4.0628282e-02   3.0337936e-02   2.2651034e-02
   2.0778333e+03   4.0644696e-02   3.0328095e-02   2.2627188e-02
   2.0779167e+03   4.0657784e-02   3.0316371e-02   2.2602408e-02
   2.0780000e+03   4.0662813e-02   3.0300127e-02   2.2575391e-02
   2.0780833e+03   4.0664445e-02   3.0281976e-02   2.2547436e-02
   2.0781667e+03   4.0669129e-02   3.0265514e-02   2.2520325e-02
   2.0782500e+03   4.0682138e-02   3.0253672e-02   2.2495499e-02
   2.0783333e+03   4.0698482e-02   3.0243663e-02   2.2471577e-02
   2.0784167e+03   4.0703778e-02   3.0227495e-02   2.2444627e-02
   2.0785000e+03   4.0694203e-02   3.0203065e-02   2.2413626e-02
   2.0785833e+03   4.0677706e-02   3.0174798e-02   2.2380758e-02
   2.0786667e+03   4.0665906e-02   3.0149137e-02   2.2349185e-02
   2.0787500e+03   4.0671046e-02   3.0132849e-02   2.2322212e-02
   2.0788333e+03   4.0687415e-02   3.0122754e-02   2.2298271e-02
   2.0789167e+03   4.0700689e-02   3.0110926e-02   2.2273485e-02
   2.0790000e+03   4.0706010e-02   3.0094691e-02   2.2246556e-02
   2.0790833e+03   4.0707963e-02   3.0076589e-02   2.2218724e-02
   2.0791667e+03   4.0712944e-02   3.0060141e-02   2.2191706e-02
   2.0792500e+03   4.0726140e-02   3.0048198e-02   2.2166879e-02
   2.0793333e+03   4.0742432e-02   3.0037934e-02   2.2142868e-02
   2.0794167e+03   4.0747365e-02   3.0021416e-02   2.2115833e-02
   2.0795000e+03   4.0737201e-02   2.9996612e-02   2.2084806e-02
   2.0795833e+03   4.0720026e-02   2.9967971e-02   2.2051943e-02
   2.0796667e+03   4.0707608e-02   2.9941939e-02   2.2020356e-02
   2.0797500e+03   4.0712383e-02   2.9925304e-02   2.1993305e-02
   2.0798333e+03   4.0728702e-02   2.9914958e-02   2.1969282e-02
   2.0799167e+03   4.0742157e-02   2.9903027e-02   2.1944500e-02
   2.0800000e+03   4.0747769e-02   2.9886803e-02   2.1917665e-02
   2.0800833e+03   4.0750041e-02   2.9868749e-02   2.1889963e-02
   2.0801667e+03   4.0755314e-02   2.9852316e-02   2.1863045e-02
   2.0802500e+03   4.0768695e-02   2.9840273e-02   2.1838227e-02
   2.0803333e+03   4.0784929e-02   2.9829757e-02   2.1814139e-02
   2.0804167e+03   4.0789493e-02   2.9812896e-02   2.1787037e-02
   2.0805000e+03   4.0778731e-02   2.9787728e-02   2.1756000e-02
   2.0805833e+03   4.0760871e-02   2.9758723e-02   2.1723161e-02
   2.0806667e+03   4.0747826e-02   2.9732328e-02   2.1691576e-02
   2.0807500e+03   4.0752230e-02   2.9715352e-02   2.1664463e-02
   2.0808333e+03   4.0768492e-02   2.9704759e-02   2.1640371e-02
   2.0809167e+03   4.0782125e-02   2.9692727e-02   2.1615603e-02
   2.0810000e+03   4.0788024e-02   2.9676514e-02   2.1588871e-02
   2.0810833e+03   4.0790612e-02   2.9658508e-02   2.1561305e-02
   2.0811667e+03   4.0796177e-02   2.9642091e-02   2.1534493e-02
   2.0812500e+03   4.0809737e-02   2.9629949e-02   2.1509694e-02
   2.0813333e+03   4.0825908e-02   2.9619185e-02   2.1485542e-02
   2.0814167e+03   4.0830095e-02   2.9601987e-02   2.1458388e-02
   2.0815000e+03   4.0818728e-02   2.9576464e-02   2.1427359e-02
   2.0815833e+03   4.0800174e-02   2.9547106e-02   2.1394560e-02
   2.0816667e+03   4.0786495e-02   2.9520357e-02   2.1362996e-02
   2.0817500e+03   4.0790519e-02   2.9503048e-02   2.1335837e-02
   2.0818333e+03   4.0806720e-02   2.9492212e-02   2.1311689e-02
   2.0819167e+03   4.0820526e-02   2.9480079e-02   2.1286944e-02
   2.0820000e+03   4.0826710e-02   2.9463877e-02   2.1260322e-02
   2.0820833e+03   4.0829612e-02   2.9445921e-02   2.1232897e-02
   2.0821667e+03   4.0835465e-02   2.9429520e-02   2.1206200e-02
   2.0822500e+03   4.0849201e-02   2.9417281e-02   2.1181428e-02
   2.0823333e+03   4.0865302e-02   2.9406272e-02   2.1157226e-02
   2.0824167e+03   4.0869107e-02   2.9388745e-02   2.1130035e-02
   2.0825000e+03   4.0857125e-02   2.9362876e-02   2.1099031e-02
   2.0825833e+03   4.0837870e-02   2.9333174e-02   2.1066290e-02
   2.0826667e+03   4.0823550e-02   2.9306082e-02   2.1034763e-02
   2.0827500e+03   4.0827187e-02   2.9288446e-02   2.1007572e-02
   2.0828333e+03   4.0843320e-02   2.9277370e-02   2.0983382e-02
   2.0829167e+03   4.0857295e-02   2.9265139e-02   2.0958670e-02
   2.0830000e+03   4.0863761e-02   2.9248949e-02   2.0932164e-02
   2.0830833e+03   4.0866975e-02   2.9231042e-02   2.0904887e-02
   2.0831667e+03   4.0873114e-02   2.9214657e-02   2.0878311e-02
   2.0832500e+03   4.0887022e-02   2.9202322e-02   2.0853576e-02
   2.0833333e+03   4.0903048e-02   2.9191073e-02   2.0829337e-02
   2.0834167e+03   4.0906461e-02   2.9173223e-02   2.0802125e-02
   2.0835000e+03   4.0893858e-02   2.9147017e-02   2.0771161e-02
   2.0835833e+03   4.0873893e-02   2.9116982e-02   2.0738494e-02
   2.0836667e+03   4.0858923e-02   2.9089556e-02   2.0707021e-02
   2.0837500e+03   4.0862167e-02   2.9071601e-02   2.0679815e-02
   2.0838333e+03   4.0878226e-02   2.9060289e-02   2.0655595e-02
   2.0839167e+03   4.0892366e-02   2.9047961e-02   2.0630925e-02
   2.0840000e+03   4.0899112e-02   2.9031784e-02   2.0604542e-02
   2.0840833e+03   4.0902635e-02   2.9013927e-02   2.0577419e-02
   2.0841667e+03   4.0909056e-02   2.8997558e-02   2.0550971e-02
   2.0842500e+03   4.0923132e-02   2.8985129e-02   2.0526283e-02
   2.0843333e+03   4.0939077e-02   2.8973644e-02   2.0502019e-02
   2.0844167e+03   4.0942091e-02   2.8955479e-02   2.0474801e-02
   2.0845000e+03   4.0928860e-02   2.8928946e-02   2.0443894e-02
   2.0845833e+03   4.0908178e-02   2.8898588e-02   2.0411318e-02
   2.0846667e+03   4.0892550e-02   2.8870837e-02   2.0379913e-02
   2.0847500e+03   4.0895393e-02   2.8852569e-02   2.0352707e-02
   2.0848333e+03   4.0911372e-02   2.8841026e-02   2.0328469e-02
   2.0849167e+03   4.0925673e-02   2.8828603e-02   2.0303850e-02
   2.0850000e+03   4.0932695e-02   2.8812439e-02   2.0277597e-02
   2.0850833e+03   4.0936526e-02   2.8794632e-02   2.0250636e-02
   2.0851667e+03   4.0943227e-02   2.8778280e-02   2.0224322e-02
   2.0852500e+03   4.0957465e-02   2.8765759e-02   2.0199689e-02
   2.0853333e+03   4.0973323e-02   2.8754042e-02   2.0175413e-02
   2.0854167e+03   4.0975932e-02   2.8735568e-02   2.0148204e-02
   2.0855000e+03   4.0962064e-02   2.8708718e-02   2.0117370e-02
   2.0855833e+03   4.0940657e-02   2.8678047e-02   2.0084899e-02
   2.0856667e+03   4.0924364e-02   2.8649982e-02   2.0053580e-02
   2.0857500e+03   4.0926799e-02   2.8631410e-02   2.0026388e-02
   2.0858333e+03   4.0942691e-02   2.8619639e-02   2.0002145e-02
   2.0859167e+03   4.0957150e-02   2.8607123e-02   1.9977587e-02
   2.0860000e+03   4.0964445e-02   2.8590972e-02   1.9951471e-02
   2.0860833e+03   4.0968580e-02   2.8573215e-02   1.9924675e-02
   2.0861667e+03   4.0975558e-02   2.8556882e-02   1.9898502e-02
   2.0862500e+03   4.0989955e-02   2.8544270e-02   1.9873934e-02
   2.0863333e+03   4.1005719e-02   2.8532325e-02   1.9849659e-02
   2.0864167e+03   4.1007915e-02   2.8513551e-02   1.9822473e-02
   2.0865000e+03   4.0993403e-02   2.8486392e-02   1.9791727e-02
   2.0865833e+03   4.0971263e-02   2.8455420e-02   1.9759378e-02
   2.0866667e+03   4.0954298e-02   2.8427050e-02   1.9728160e-02
   2.0867500e+03   4.0956317e-02   2.8408180e-02   1.9700996e-02
   2.0868333e+03   4.0972118e-02   2.8396186e-02   1.9676760e-02
   2.0869167e+03   4.0986729e-02   2.8383578e-02   1.9652271e-02
   2.0870000e+03   4.0994294e-02   2.8367442e-02   1.9626298e-02
   2.0870833e+03   4.0998731e-02   2.8349737e-02   1.9599675e-02
   2.0871667e+03   4.1005983e-02   2.8333422e-02   1.9573650e-02
   2.0872500e+03   4.1020535e-02   2.8320721e-02   1.9549155e-02
   2.0873333e+03   4.1036199e-02   2.8308553e-02   1.9524891e-02
   2.0874167e+03   4.1037975e-02   2.8289486e-02   1.9497744e-02
   2.0875000e+03   4.1022811e-02   2.8262028e-02   1.9467100e-02
   2.0875833e+03   4.0999931e-02   2.8230765e-02   1.9434888e-02
   2.0876667e+03   4.0982285e-02   2.8202100e-02   1.9403785e-02
   2.0877500e+03   4.0983882e-02   2.8182940e-02   1.9376664e-02
   2.0878333e+03   4.0999585e-02   2.8170727e-02   1.9352447e-02
   2.0879167e+03   4.1014343e-02   2.8158030e-02   1.9328036e-02
   2.0880000e+03   4.1022176e-02   2.8141909e-02   1.9302214e-02
   2.0880833e+03   4.1026911e-02   2.8124255e-02   1.9275768e-02
   2.0881667e+03   4.1034434e-02   2.8107960e-02   1.9249897e-02
   2.0882500e+03   4.1049137e-02   2.8095173e-02   1.9225485e-02
   2.0883333e+03   4.1064695e-02   2.8082786e-02   1.9201245e-02
   2.0884167e+03   4.1066043e-02   2.8063432e-02   1.9174149e-02
   2.0885000e+03   4.1050220e-02   2.8035687e-02   1.9143623e-02
   2.0885833e+03   4.1026593e-02   2.8004142e-02   1.9111563e-02
   2.0886667e+03   4.1008259e-02   2.7975193e-02   1.9080590e-02
   2.0887500e+03   4.1009426e-02   2.7955751e-02   1.9053526e-02
   2.0888333e+03   4.1025024e-02   2.7943324e-02   1.9029339e-02
   2.0889167e+03   4.1039926e-02   2.7930539e-02   1.9005015e-02
   2.0890000e+03   4.1048022e-02   2.7914434e-02   1.8979349e-02
   2.0890833e+03   4.1053054e-02   2.7896833e-02   1.8953087e-02
   2.0891667e+03   4.1060845e-02   2.7880558e-02   1.8927376e-02
   2.0892500e+03   4.1075693e-02   2.7867685e-02   1.8903054e-02
   2.0893333e+03   4.1091139e-02   2.7855084e-02   1.8878850e-02
   2.0894167e+03   4.1092053e-02   2.7835453e-02   1.8851820e-02
   2.0895000e+03   4.1075563e-02   2.7807428e-02   1.8821426e-02
   2.0895833e+03   4.1051181e-02   2.7775614e-02   1.8789530e-02
   2.0896667e+03   4.1032153e-02   2.7746390e-02   1.8758702e-02
   2.0897500e+03   4.1032883e-02   2.7726673e-02   1.8731708e-02
   2.0898333e+03   4.1048370e-02   2.7714036e-02   1.8707563e-02
   2.0899167e+03   4.1063410e-02   2.7701167e-02   1.8683334e-02
   2.0900000e+03   4.1071767e-02   2.7685079e-02   1.8657831e-02
   2.0900833e+03   4.1077092e-02   2.7667530e-02   1.8631758e-02
   2.0901667e+03   4.1085147e-02   2.7651276e-02   1.8606213e-02
   2.0902500e+03   4.1100136e-02   2.7638321e-02   1.8581991e-02
   2.0903333e+03   4.1115464e-02   2.7625510e-02   1.8557834e-02
   2.0904167e+03   4.1115936e-02   2.7605608e-02   1.8530883e-02
   2.0905000e+03   4.1098773e-02   2.7577316e-02   1.8500634e-02
   2.0905833e+03   4.1073628e-02   2.7545241e-02   1.8468918e-02
   2.0906667e+03   4.1053898e-02   2.7515754e-02   1.8438247e-02
   2.0907500e+03   4.1054184e-02   2.7495770e-02   1.8411337e-02
   2.0908333e+03   4.1069554e-02   2.7482928e-02   1.8387245e-02
   2.0909167e+03   4.1084728e-02   2.7469975e-02   1.8363120e-02
   2.0910000e+03   4.1093342e-02   2.7453906e-02   1.8337785e-02
   2.0910833e+03   4.1098958e-02   2.7436410e-02   1.8311907e-02
   2.0911667e+03   4.1107274e-02   2.7420178e-02   1.8286535e-02
   2.0912500e+03   4.1122399e-02   2.7407143e-02   1.8262419e-02
   2.0913333e+03   4.1137603e-02   2.7394127e-02   1.8238321e-02
   2.0914167e+03   4.1137626e-02   2.7373963e-02   1.8211462e-02
   2.0915000e+03   4.1119781e-02   2.7345411e-02   1.8181372e-02
   2.0915833e+03   4.1093867e-02   2.7313089e-02   1.8149849e-02
   2.0916667e+03   4.1073427e-02   2.7283347e-02   1.8119349e-02
   2.0917500e+03   4.1073262e-02   2.7263104e-02   1.8092535e-02
   2.0918333e+03   4.1088509e-02   2.7250062e-02   1.8068508e-02
   2.0919167e+03   4.1103812e-02   2.7237028e-02   1.8044495e-02
   2.0920000e+03   4.1112680e-02   2.7220978e-02   1.8019335e-02
   2.0920833e+03   4.1118584e-02   2.7203536e-02   1.7993655e-02
   2.0921667e+03   4.1127157e-02   2.7187328e-02   1.7968462e-02
   2.0922500e+03   4.1142414e-02   2.7174214e-02   1.7944462e-02
   2.0923333e+03   4.1157486e-02   2.7160998e-02   1.7920433e-02
   2.0924167e+03   4.1157053e-02   2.7140579e-02   1.7893678e-02
   2.0925000e+03   4.1138520e-02   2.7111779e-02   1.7863760e-02
   2.0925833e+03   4.1111830e-02   2.7079219e-02   1.7832443e-02
   2.0926667e+03   4.1090674e-02   2.7049234e-02   1.7802127e-02
   2.0927500e+03   4.1090051e-02   2.7028740e-02   1.7775422e-02
   2.0928333e+03   4.1105168e-02   2.7015502e-02   1.7751470e-02
   2.0929167e+03   4.1120595e-02   2.7002390e-02   1.7727576e-02
   2.0930000e+03   4.1129713e-02   2.6986360e-02   1.7702597e-02
   2.0930833e+03   4.1135901e-02   2.6968972e-02   1.7677122e-02
   2.0931667e+03   4.1144729e-02   2.6952788e-02   1.7652113e-02
   2.0932500e+03   4.1160112e-02   2.6939599e-02   1.7628236e-02
   2.0933333e+03   4.1175047e-02   2.6926187e-02   1.7604288e-02
   2.0934167e+03   4.1174151e-02   2.6905522e-02   1.7577649e-02
   2.0935000e+03   4.1154922e-02   2.6876483e-02   1.7547916e-02
   2.0935833e+03   4.1127449e-02   2.6843697e-02   1.7516816e-02
   2.0936667e+03   4.1105570e-02   2.6813478e-02   1.7486697e-02
   2.0937500e+03   4.1104482e-02   2.6792742e-02   1.7460113e-02
   2.0938333e+03   4.1119464e-02   2.6779313e-02   1.7436247e-02
   2.0939167e+03   4.1135010e-02   2.6766125e-02   1.7412481e-02
   2.0940000e+03   4.1144374e-02   2.6750116e-02   1.7387688e-02
   2.0940833e+03   4.1150843e-02   2.6732784e-02   1.7362422e-02
   2.0941667e+03   4.1159921e-02   2.6716625e-02   1.7337603e-02
   2.0942500e+03   4.1175426e-02   2.6703362e-02   1.7313857e-02
   2.0943333e+03   4.1190217e-02   2.6689760e-02   1.7289999e-02
   2.0944167e+03   4.1188851e-02   2.6668856e-02   1.7263489e-02
   2.0945000e+03   4.1168920e-02   2.6639590e-02   1.7233953e-02
   2.0945833e+03   4.1140657e-02   2.6606587e-02   1.7203084e-02
   2.0946667e+03   4.1118048e-02   2.6576146e-02   1.7173173e-02
   2.0947500e+03   4.1116488e-02   2.6555175e-02   1.7146722e-02
   2.0948333e+03   4.1131328e-02   2.6541560e-02   1.7122952e-02
   2.0949167e+03   4.1146988e-02   2.6528299e-02   1.7099321e-02
   2.0950000e+03   4.1156595e-02   2.6512312e-02   1.7074719e-02
   2.0950833e+03   4.1163342e-02   2.6495036e-02   1.7049668e-02
   2.0951667e+03   4.1172667e-02   2.6478904e-02   1.7025043e-02
   2.0952500e+03   4.1188289e-02   2.6465569e-02   1.7001436e-02
   2.0953333e+03   4.1202929e-02   2.6451782e-02   1.6977679e-02
   2.0954167e+03   4.1201086e-02   2.6430648e-02   1.6951310e-02
   2.0955000e+03   4.1180446e-02   2.6401164e-02   1.6921982e-02
   2.0955833e+03   4.1151387e-02   2.6367957e-02   1.6891354e-02
   2.0956667e+03   4.1128042e-02   2.6337303e-02   1.6861664e-02
   2.0957500e+03   4.1126002e-02   2.6316105e-02   1.6835357e-02
   2.0958333e+03   4.1140693e-02   2.6302310e-02   1.6811693e-02
   2.0959167e+03   4.1156462e-02   2.6288977e-02   1.6788205e-02
   2.0960000e+03   4.1166308e-02   2.6273014e-02   1.6763800e-02
   2.0960833e+03   4.1173330e-02   2.6255795e-02   1.6738968e-02
   2.0961667e+03   4.1182898e-02   2.6239691e-02   1.6714544e-02
   2.0962500e+03   4.1198631e-02   2.6226288e-02   1.6691083e-02
   2.0963333e+03   4.1213115e-02   2.6212320e-02   1.6667436e-02
   2.0964167e+03   4.1210787e-02   2.6190964e-02   1.6641218e-02
   2.0965000e+03   4.1189433e-02   2.6161272e-02   1.6612110e-02
   2.0965833e+03   4.1159570e-02   2.6127871e-02   1.6581735e-02
   2.0966667e+03   4.1135482e-02   2.6097016e-02   1.6552276e-02
   2.0967500e+03   4.1132957e-02   2.6075600e-02   1.6526125e-02
   2.0968333e+03   4.1147492e-02   2.6061629e-02   1.6502576e-02
   2.0969167e+03   4.1163366e-02   2.6048227e-02   1.6479238e-02
   2.0970000e+03   4.1173447e-02   2.6032289e-02   1.6455036e-02
   2.0970833e+03   4.1180739e-02   2.6015128e-02   1.6430427e-02
   2.0971667e+03   4.1190546e-02   2.5999053e-02   1.6406208e-02
   2.0972500e+03   4.1206386e-02   2.5985583e-02   1.6382900e-02
   2.0973333e+03   4.1220707e-02   2.5971441e-02   1.6359374e-02
   2.0974167e+03   4.1217888e-02   2.5949871e-02   1.6333319e-02
   2.0975000e+03   4.1195812e-02   2.5919981e-02   1.6304441e-02
   2.0975833e+03   4.1165141e-02   2.5886398e-02   1.6274330e-02
   2.0976667e+03   4.1140303e-02   2.5855352e-02   1.6245113e-02
   2.0977500e+03   4.1137285e-02   2.5833725e-02   1.6219128e-02
   2.0978333e+03   4.1151659e-02   2.5819584e-02   1.6195704e-02
   2.0979167e+03   4.1167631e-02   2.5806116e-02   1.6172523e-02
   2.0980000e+03   4.1177943e-02   2.5790204e-02   1.6148528e-02
   2.0980833e+03   4.1185503e-02   2.5773102e-02   1.6124147e-02
   2.0981667e+03   4.1195545e-02   2.5757057e-02   1.6100138e-02
   2.0982500e+03   4.1211486e-02   2.5743524e-02   1.6076990e-02
   2.0983333e+03   4.1225637e-02   2.5729212e-02   1.6053593e-02
   2.0984167e+03   4.1222321e-02   2.5707436e-02   1.6027711e-02
   2.0985000e+03   4.1199516e-02   2.5677359e-02   1.5999074e-02
   2.0985833e+03   4.1168030e-02   2.5643604e-02   1.5969237e-02
   2.0986667e+03   4.1142437e-02   2.5612378e-02   1.5940273e-02
   2.0987500e+03   4.1138920e-02   2.5590549e-02   1.5914464e-02
   2.0988333e+03   4.1153125e-02   2.5576243e-02   1.5891175e-02
   2.0989167e+03   4.1169191e-02   2.5562712e-02   1.5868157e-02
   2.0990000e+03   4.1179730e-02   2.5546827e-02   1.5844374e-02
   2.0990833e+03   4.1187553e-02   2.5529785e-02   1.5820225e-02
   2.0991667e+03   4.1197827e-02   2.5513771e-02   1.5796431e-02
   2.0992500e+03   4.1213864e-02   2.5500177e-02   1.5773450e-02
   2.0993333e+03   4.1227838e-02   2.5485701e-02   1.5750192e-02
   2.0994167e+03   4.1224018e-02   2.5463728e-02   1.5724493e-02
   2.0995000e+03   4.1200479e-02   2.5433474e-02   1.5696107e-02
   2.0995833e+03   4.1168172e-02   2.5399559e-02   1.5666554e-02
   2.0996667e+03   4.1141817e-02   2.5368162e-02   1.5637852e-02
   2.0997500e+03   4.1137794e-02   2.5346139e-02   1.5612230e-02
   2.0998333e+03   4.1151825e-02   2.5331673e-02   1.5589084e-02
   2.0999167e+03   4.1167979e-02   2.5318082e-02   1.5566236e-02
   2.1000000e+03   4.1178740e-02   2.5302226e-02   1.5542670e-02
   2.1000833e+03   4.1186824e-02   2.5285245e-02   1.5518757e-02
   2.1001667e+03   4.1197325e-02   2.5269263e-02   1.5495182e-02
   2.1002500e+03   4.1213453e-02   2.5255612e-02   1.5472374e-02
   2.1003333e+03   4.1227244e-02   2.5240976e-02   1.5449264e-02
   2.1004167e+03   4.1222913e-02   2.5218814e-02   1.5423758e-02
   2.1005000e+03   4.1198633e-02   2.5188394e-02   1.5395633e-02
   2.1005833e+03   4.1165500e-02   2.5154329e-02   1.5366372e-02
   2.1006667e+03   4.1138377e-02   2.5122773e-02   1.5337942e-02
   2.1007500e+03   4.1133842e-02   2.5100565e-02   1.5312516e-02
   2.1008333e+03   4.1147692e-02   2.5085944e-02   1.5289522e-02
   2.1009167e+03   4.1163928e-02   2.5072295e-02   1.5266851e-02
