   2.0000000e+03   1.0000000e+00   1.0000000e+00   1.0000000e+00
   2.0000833e+03   1.0000000e+00   1.0000000e+00   1.0000000e+00
   2.0001667e+03   1.0000000e+00   1.0000000e+00   1.0000000e+00
   2.0002500e+03   1.0000000e+00   1.0000000e+00   1.0000000e+00
   2.0003333e+03   1.0000000e+00   1.0000000e+00   1.0000000e+00
   2.0004167e+03   1.0000000e+00   1.0000000e+00   1.0000000e+00
   2.0005000e+03   1.0000000e+00   1.0000000e+00   1.0000000e+00
   2.0005833e+03   1.0000000e+00   1.0000000e+00   1.0000000e+00
   2.0006667e+03   1.0000000e+00   1.0000000e+00   1.0000000e+00
   2.0007500e+03   1.0000000e+00   1.0000000e+00   1.0000000e+00
   2.0008333e+03   1.0000000e+00   1.0000000e+00   1.0000000e+00
   2.0009167e+03   1.0000000e+00   1.0000000e+00   1.0000000e+00
   2.0010000e+03   9.9942366e-01   9.9942322e-01   9.9942277e-01
   2.0010833e+03   9.9872427e-01   9.9872299e-01   9.9872171e-01
   2.0011667e+03   9.9813517e-01   9.9813256e-01   9.9812994e-01
   2.0012500e+03   9.9790943e-01   9.9790471e-01   9.9789999e-01
   2.0013333e+03   9.9812373e-01   9.9811586e-01   9.9810798e-01
   2.0014167e+03   9.9853196e-01   9.9852003e-01   9.9850810e-01
   2.0015000e+03   9.9891528e-01   9.9889866e-01   9.9888204e-01
   2.0015833e+03   9.9925980e-01   9.9923788e-01   9.9921596e-01
   2.0016667e+03   9.9963225e-01   9.9960431e-01   9.9957637e-01
   2.0017500e+03   1.0000414e+00   1.0000067e+00   9.9997198e-01
   2.0018333e+03   1.0002525e+00   1.0002108e+00   1.0001691e+00
   2.0019167e+03   1.0000387e+00   9.9999064e-01   9.9994258e-01
   2.0020000e+03   9.9946999e-01   9.9941611e-01   9.9936223e-01
   2.0020833e+03   9.9877841e-01   9.9871867e-01   9.9865894e-01
   2.0021667e+03   9.9819694e-01   9.9813054e-01   9.9806414e-01
   2.0022500e+03   9.9797791e-01   9.9790304e-01   9.9782816e-01
   2.0023333e+03   9.9819646e-01   9.9811081e-01   9.9802516e-01
   2.0024167e+03   9.9860543e-01   9.9850755e-01   9.9840968e-01
   2.0025000e+03   9.9898683e-01   9.9887615e-01   9.9876549e-01
   2.0025833e+03   5.9959702e-01   5.9952264e-01   5.9944827e-01
   2.0026667e+03   5.9981913e-01   5.9973629e-01   5.9965346e-01
   2.0027500e+03   6.0006507e-01   5.9997323e-01   5.9988140e-01
   2.0028333e+03   6.0019426e-01   6.0009365e-01   5.9999305e-01
   2.0029167e+03   6.0007001e-01   5.9996171e-01   5.9985342e-01
   2.0030000e+03   5.9973334e-01   5.9961830e-01   5.9950328e-01
   2.0030833e+03   5.9932306e-01   5.9920148e-01   5.9907993e-01
   2.0031667e+03   5.9897874e-01   5.9884995e-01   5.9872118e-01
   2.0032500e+03   5.9885133e-01   5.9871360e-01   5.9857590e-01
   2.0033333e+03   5.9898499e-01   5.9883617e-01   5.9868738e-01
   2.0034167e+03   5.9923080e-01   5.9906968e-01   5.9890861e-01
   2.0035000e+03   5.9945845e-01   5.9928476e-01   5.9911112e-01
   2.0035833e+03   5.9966156e-01   5.9947507e-01   5.9928863e-01
   2.0036667e+03   5.9988228e-01   5.9968244e-01   5.9948265e-01
   2.0037500e+03   6.0012863e-01   5.9991480e-01   5.9970105e-01
   2.0038333e+03   6.0026037e-01   6.0003313e-01   5.9980596e-01
   2.0039167e+03   6.0014011e-01   5.9990127e-01   5.9966253e-01
   2.0040000e+03   5.9980798e-01   5.9955915e-01   5.9931041e-01
   2.0040833e+03   5.9940234e-01   5.9914394e-01   5.9888564e-01
   2.0041667e+03   5.9906256e-01   5.9879371e-01   5.9852498e-01
   2.0042500e+03   5.9893913e-01   5.9865746e-01   5.9837591e-01
   2.0043333e+03   5.9907530e-01   5.9877786e-01   5.9848056e-01
   2.0044167e+03   5.9932151e-01   5.9900677e-01   5.9869219e-01
   2.0045000e+03   5.9954795e-01   5.9921570e-01   5.9888362e-01
   2.0045833e+03   5.9974921e-01   5.9939930e-01   5.9904958e-01
   2.0046667e+03   5.9996851e-01   5.9960032e-01   5.9923235e-01
   2.0047500e+03   6.0021524e-01   5.9982804e-01   5.9944109e-01
   2.0048333e+03   6.0034952e-01   5.9994420e-01   5.9953914e-01
   2.0049167e+03   6.0023323e-01   5.9981238e-01   5.9939182e-01
   2.0050000e+03   5.9990561e-01   5.9947150e-01   5.9903768e-01
   2.0050833e+03   5.9950460e-01   5.9905787e-01   5.9861146e-01
   2.0051667e+03   5.9916933e-01   5.9870891e-01   5.9824883e-01
   2.0052500e+03   5.9904988e-01   5.9857271e-01   5.9809590e-01
   2.0053333e+03   5.9918854e-01   5.9869087e-01   5.9819361e-01
   2.0054167e+03   5.9943513e-01   5.9891511e-01   5.9839553e-01
   2.0055000e+03   5.9966033e-01   5.9911781e-01   5.9857578e-01
   2.0055833e+03   5.9985971e-01   5.9929465e-01   5.9873010e-01
   2.0056667e+03   6.0007755e-01   5.9948925e-01   5.9890152e-01
   2.0057500e+03   6.0032464e-01   5.9971226e-01   5.9910048e-01
   2.0058333e+03   6.0046144e-01   5.9982618e-01   5.9919158e-01
   2.0059167e+03   6.0034910e-01   5.9969435e-01   5.9904029e-01
   2.0060000e+03   6.0002598e-01   5.9935466e-01   5.9868408e-01
   2.0060833e+03   5.9962957e-01   5.9894258e-01   5.9825637e-01
   2.0061667e+03   5.9929880e-01   5.9859486e-01   5.9789173e-01
   2.0062500e+03   5.9918330e-01   5.9845865e-01   5.9773485e-01
   2.0063333e+03   5.9932444e-01   5.9857451e-01   5.9782550e-01
   2.0064167e+03   5.9957138e-01   5.9879400e-01   5.9801760e-01
   2.0065000e+03   5.9979530e-01   5.9899042e-01   5.9818659e-01
   2.0065833e+03   5.9999277e-01   5.9916041e-01   5.9832919e-01
   2.0066667e+03   6.0020912e-01   5.9934854e-01   5.9848917e-01
   2.0067500e+03   6.0045655e-01   5.9956676e-01   5.9867826e-01
   2.0068333e+03   6.0059585e-01   5.9967838e-01   5.9876228e-01
   2.0069167e+03   6.0048744e-01   5.9954647e-01   5.9860695e-01
   2.0070000e+03   6.0016880e-01   5.9920795e-01   5.9824862e-01
   2.0070833e+03   5.9977697e-01   5.9879739e-01   5.9781938e-01
   2.0071667e+03   5.9945068e-01   5.9845086e-01   5.9745268e-01
   2.0072500e+03   5.9933912e-01   5.9831459e-01   5.9729179e-01
   2.0073333e+03   5.9948271e-01   5.9842808e-01   5.9737528e-01
   2.0074167e+03   5.9972998e-01   5.9864275e-01   5.9755745e-01
   2.0075000e+03   5.9995260e-01   5.9883282e-01   5.9771510e-01
   2.0075833e+03   6.0014812e-01   5.9899592e-01   5.9784590e-01
   2.0076667e+03   6.0036295e-01   5.9917751e-01   5.9799436e-01
   2.0077500e+03   6.0061069e-01   5.9939086e-01   5.9817347e-01
   2.0078333e+03   6.0075248e-01   5.9950012e-01   5.9825032e-01
   2.0079167e+03   6.0064799e-01   5.9936808e-01   5.9809086e-01
   2.0080000e+03   6.0033380e-01   5.9903069e-01   5.9773036e-01
   2.0080833e+03   5.9994654e-01   5.9862161e-01   5.9729957e-01
   2.0081667e+03   5.9962471e-01   5.9827625e-01   5.9693077e-01
   2.0082500e+03   5.9951706e-01   5.9813986e-01   5.9676578e-01
   2.0083333e+03   5.9966310e-01   5.9825091e-01   5.9684200e-01
   2.0084167e+03   5.9991068e-01   5.9846069e-01   5.9701415e-01
   2.0085000e+03   6.0013195e-01   5.9864434e-01   5.9716037e-01
   2.0085833e+03   6.0032549e-01   5.9880049e-01   5.9727931e-01
   2.0086667e+03   6.0053877e-01   5.9897547e-01   5.9741618e-01
   2.0087500e+03   6.0078680e-01   5.9918390e-01   5.9758521e-01
   2.0088333e+03   6.0093105e-01   5.9929071e-01   5.9765478e-01
   2.0089167e+03   6.0083046e-01   5.9915850e-01   5.9749112e-01
   2.0090000e+03   6.0052071e-01   5.9882220e-01   5.9712842e-01
   2.0090833e+03   6.0013799e-01   5.9841457e-01   5.9669603e-01
   2.0091667e+03   5.9982061e-01   5.9807033e-01   5.9632508e-01
   2.0092500e+03   5.9971686e-01   5.9793378e-01   5.9615592e-01
   2.0093333e+03   5.9986532e-01   5.9804232e-01   5.9622478e-01
   2.0094167e+03   6.0011318e-01   5.9824713e-01   5.9638681e-01
   2.0095000e+03   6.0033309e-01   5.9842431e-01   5.9652152e-01
   2.0095833e+03   6.0052460e-01   5.9857344e-01   5.9662854e-01
   2.0096667e+03   6.0073630e-01   5.9874176e-01   5.9675375e-01
   2.0097500e+03   6.0098460e-01   5.9894519e-01   5.9691261e-01
   2.0098333e+03   6.0113130e-01   5.9904949e-01   5.9697480e-01
   2.0099167e+03   6.0103459e-01   5.9891705e-01   5.9680687e-01
   2.0100000e+03   6.0072926e-01   5.9858180e-01   5.9644191e-01
   2.0100833e+03   6.0035107e-01   5.9817559e-01   5.9600790e-01
   2.0101667e+03   6.0003811e-01   5.9783244e-01   5.9563477e-01
   2.0102500e+03   5.9993825e-01   5.9769567e-01   5.9546137e-01
   2.0103333e+03   6.0008911e-01   5.9780163e-01   5.9552276e-01
   2.0104167e+03   6.0033723e-01   5.9800141e-01   5.9567458e-01
   2.0105000e+03   6.0055574e-01   5.9817205e-01   5.9579772e-01
   2.0105833e+03   6.0074519e-01   5.9831412e-01   5.9589276e-01
   2.0106667e+03   6.0095528e-01   5.9847571e-01   5.9600625e-01
   2.0107500e+03   6.0120381e-01   5.9867406e-01   5.9615484e-01
   2.0108333e+03   6.0135294e-01   5.9877579e-01   5.9620956e-01
   2.0109167e+03   6.0126010e-01   5.9864307e-01   5.9603729e-01
   2.0110000e+03   6.0095918e-01   5.9830883e-01   5.9567004e-01
   2.0110833e+03   6.0058550e-01   5.9790402e-01   5.9523437e-01
   2.0111667e+03   6.0027695e-01   5.9756191e-01   5.9485902e-01
   2.0112500e+03   6.0018095e-01   5.9742487e-01   5.9468131e-01
   2.0113333e+03   6.0033421e-01   5.9752819e-01   5.9473514e-01
   2.0114167e+03   6.0058255e-01   5.9772287e-01   5.9487666e-01
   2.0115000e+03   6.0079962e-01   5.9788691e-01   5.9498817e-01
   2.0115833e+03   6.0098699e-01   5.9802185e-01   5.9507117e-01
   2.0116667e+03   6.0119542e-01   5.9817665e-01   5.9517288e-01
   2.0117500e+03   6.0144417e-01   5.9836987e-01   5.9531112e-01
   2.0118333e+03   6.0159572e-01   5.9846896e-01   5.9535828e-01
   2.0119167e+03   6.0150673e-01   5.9833590e-01   5.9518161e-01
   2.0120000e+03   6.0121019e-01   5.9800264e-01   5.9481202e-01
   2.0120833e+03   6.0084100e-01   5.9759918e-01   5.9437467e-01
   2.0121667e+03   6.0053684e-01   5.9725809e-01   5.9399705e-01
   2.0122500e+03   6.0044470e-01   5.9712073e-01   5.9381497e-01
   2.0123333e+03   6.0060033e-01   5.9722133e-01   5.9386115e-01
   2.0124167e+03   6.0084888e-01   5.9741085e-01   5.9399229e-01
   2.0125000e+03   6.0106448e-01   5.9756823e-01   5.9409211e-01
   2.0125833e+03   3.0062486e-01   2.9884799e-01   2.9708152e-01
   2.0126667e+03   3.0072823e-01   2.9892197e-01   2.9712645e-01
   2.0127500e+03   3.0085270e-01   2.9901598e-01   2.9719036e-01
   2.0128333e+03   3.0092967e-01   2.9906417e-01   2.9721011e-01
   2.0129167e+03   3.0088710e-01   2.9899744e-01   2.9711954e-01
   2.0130000e+03   3.0074101e-01   2.9883128e-01   2.9693356e-01
   2.0130833e+03   3.0055866e-01   2.9863022e-01   2.9671404e-01
   2.0131667e+03   3.0040877e-01   2.9846016e-01   2.9652407e-01
   2.0132500e+03   3.0036461e-01   2.9839129e-01   2.9643081e-01
   2.0133333e+03   3.0044360e-01   2.9844020e-01   2.9645004e-01
   2.0134167e+03   3.0056797e-01   2.9853234e-01   2.9651038e-01
   2.0135000e+03   3.0067502e-01   2.9860768e-01   2.9655442e-01
   2.0135833e+03   3.0076656e-01   2.9866794e-01   2.9658382e-01
   2.0136667e+03   3.0086907e-01   2.9873847e-01   2.9662282e-01
   2.0137500e+03   3.0099362e-01   2.9882984e-01   2.9668148e-01
   2.0138333e+03   3.0107178e-01   2.9887664e-01   2.9669736e-01
   2.0139167e+03   3.0103111e-01   2.9880969e-01   2.9660452e-01
   2.0140000e+03   3.0088721e-01   2.9864399e-01   2.9641734e-01
   2.0140833e+03   3.0070708e-01   2.9844357e-01   2.9619694e-01
   2.0141667e+03   3.0055937e-01   2.9827398e-01   2.9600582e-01
   2.0142500e+03   3.0051713e-01   2.9820490e-01   2.9591030e-01
   2.0143333e+03   3.0059729e-01   2.9825238e-01   2.9592562e-01
   2.0144167e+03   3.0072173e-01   2.9834188e-01   2.9598070e-01
   2.0145000e+03   3.0082802e-01   2.9841382e-01   2.9601884e-01
   2.0145833e+03   3.0091845e-01   2.9847044e-01   2.9604218e-01
   2.0146667e+03   3.0102009e-01   2.9853750e-01   2.9607521e-01
   2.0147500e+03   3.0114471e-01   2.9862620e-01   2.9612859e-01
   2.0148333e+03   3.0122405e-01   2.9867158e-01   2.9614056e-01
   2.0149167e+03   3.0118528e-01   2.9860439e-01   2.9604543e-01
   2.0150000e+03   3.0104355e-01   2.9843911e-01   2.9585702e-01
   2.0150833e+03   3.0086564e-01   2.9823932e-01   2.9563575e-01
   2.0151667e+03   3.0072011e-01   2.9807019e-01   2.9544344e-01
   2.0152500e+03   3.0067977e-01   2.9800087e-01   2.9534564e-01
   2.0153333e+03   3.0076108e-01   2.9804690e-01   2.9535701e-01
   2.0154167e+03   3.0088559e-01   2.9813371e-01   2.9540680e-01
   2.0155000e+03   3.0099109e-01   2.9820224e-01   2.9543903e-01
   2.0155833e+03   3.0108041e-01   2.9825519e-01   2.9545627e-01
   2.0156667e+03   3.0118115e-01   2.9831874e-01   2.9548333e-01
   2.0157500e+03   3.0130583e-01   2.9840475e-01   2.9553139e-01
   2.0158333e+03   3.0138634e-01   2.9844867e-01   2.9553942e-01
   2.0159167e+03   3.0134947e-01   2.9838120e-01   2.9544196e-01
   2.0160000e+03   3.0120989e-01   2.9821634e-01   2.9525231e-01
   2.0160833e+03   3.0103420e-01   2.9801717e-01   2.9503015e-01
   2.0161667e+03   3.0089083e-01   2.9784847e-01   2.9483664e-01
   2.0162500e+03   3.0085239e-01   2.9777888e-01   2.9473654e-01
   2.0163333e+03   3.0093486e-01   2.9782342e-01   2.9474392e-01
   2.0164167e+03   3.0105942e-01   2.9790752e-01   2.9478838e-01
   2.0165000e+03   3.0116411e-01   2.9797261e-01   2.9481468e-01
   2.0165833e+03   3.0125229e-01   2.9802187e-01   2.9482583e-01
   2.0166667e+03   3.0135212e-01   2.9808189e-01   2.9484690e-01
   2.0167500e+03   3.0147684e-01   2.9816517e-01   2.9488962e-01
   2.0168333e+03   3.0155851e-01   2.9820760e-01   2.9489367e-01
   2.0169167e+03   3.0152353e-01   2.9813984e-01   2.9479385e-01
   2.0170000e+03   3.0138611e-01   2.9797537e-01   2.9460296e-01
   2.0170833e+03   3.0121263e-01   2.9777680e-01   2.9437989e-01
   2.0171667e+03   3.0107141e-01   2.9760851e-01   2.9418517e-01
   2.0172500e+03   3.0103486e-01   2.9753864e-01   2.9408273e-01
   2.0173333e+03   3.0111847e-01   2.9758165e-01   2.9408610e-01
   2.0174167e+03   3.0124307e-01   2.9766301e-01   2.9412520e-01
   2.0175000e+03   3.0134695e-01   2.9772463e-01   2.9414556e-01
   2.0175833e+03   3.0143396e-01   2.9777017e-01   2.9415061e-01
   2.0176667e+03   3.0153286e-01   2.9782664e-01   2.9416567e-01
   2.0177500e+03   3.0165761e-01   2.9790716e-01   2.9420303e-01
   2.0178333e+03   3.0174043e-01   2.9794807e-01   2.9420306e-01
   2.0179167e+03   3.0170733e-01   2.9787998e-01   2.9410086e-01
   2.0180000e+03   3.0157207e-01   2.9771589e-01   2.9390870e-01
   2.0180833e+03   3.0140078e-01   2.9751791e-01   2.9368473e-01
   2.0181667e+03   3.0126172e-01   2.9735002e-01   2.9348878e-01
   2.0182500e+03   3.0122705e-01   2.9727982e-01   2.9338398e-01
   2.0183333e+03   3.0131179e-01   2.9732129e-01   2.9338330e-01
   2.0184167e+03   3.0143642e-01   2.9739987e-01   2.9341703e-01
   2.0185000e+03   3.0153946e-01   2.9745800e-01   2.9343143e-01
   2.0185833e+03   3.0162529e-01   2.9749980e-01   2.9343038e-01
   2.0186667e+03   3.0172324e-01   2.9755270e-01   2.9343943e-01
   2.0187500e+03   3.0184800e-01   2.9763042e-01   2.9347139e-01
   2.0188333e+03   3.0193197e-01   2.9766978e-01   2.9346738e-01
   2.0189167e+03   3.0190075e-01   2.9760134e-01   2.9336278e-01
   2.0190000e+03   3.0176762e-01   2.9743761e-01   2.9316934e-01
   2.0190833e+03   3.0159853e-01   2.9724020e-01   2.9294445e-01
   2.0191667e+03   3.0146161e-01   2.9707269e-01   2.9274726e-01
   2.0192500e+03   3.0142882e-01   2.9700215e-01   2.9264008e-01
   2.0193333e+03   3.0151468e-01   2.9704203e-01   2.9263531e-01
   2.0194167e+03   3.0163932e-01   2.9711780e-01   2.9266365e-01
   2.0195000e+03   3.0174150e-01   2.9717242e-01   2.9267209e-01
   2.0195833e+03   3.0182614e-01   2.9721046e-01   2.9266493e-01
   2.0196667e+03   3.0192312e-01   2.9725975e-01   2.9266798e-01
   2.0197500e+03   3.0204789e-01   2.9733465e-01   2.9269453e-01
   2.0198333e+03   3.0213299e-01   2.9737243e-01   2.9268644e-01
   2.0199167e+03   3.0210363e-01   2.9730362e-01   2.9257941e-01
   2.0200000e+03   3.0197264e-01   2.9714023e-01   2.9238468e-01
   2.0200833e+03   3.0180574e-01   2.9694336e-01   2.9215887e-01
   2.0201667e+03   3.0167096e-01   2.9677622e-01   2.9196043e-01
   2.0202500e+03   3.0164004e-01   2.9670531e-01   2.9185084e-01
   2.0203333e+03   3.0172701e-01   2.9674357e-01   2.9184196e-01
   2.0204167e+03   3.0185165e-01   2.9681651e-01   2.9186488e-01
   2.0205000e+03   3.0195296e-01   2.9686759e-01   2.9186737e-01
   2.0205833e+03   3.0203638e-01   2.9690185e-01   2.9185411e-01
   2.0206667e+03   3.0213236e-01   2.9694752e-01   2.9185114e-01
   2.0207500e+03   3.0225712e-01   2.9701957e-01   2.9187226e-01
   2.0208333e+03   3.0234335e-01   2.9705574e-01   2.9186007e-01
   2.0209167e+03   3.0231585e-01   2.9698652e-01   2.9175060e-01
   2.0210000e+03   3.0218699e-01   2.9682345e-01   2.9155457e-01
   2.0210833e+03   3.0202227e-01   2.9662713e-01   2.9132783e-01
   2.0211667e+03   3.0188962e-01   2.9646032e-01   2.9112813e-01
   2.0212500e+03   3.0186056e-01   2.9638903e-01   2.9101612e-01
   2.0213333e+03   3.0194864e-01   2.9642564e-01   2.9100310e-01
   2.0214167e+03   3.0207326e-01   2.9649572e-01   2.9102059e-01
   2.0215000e+03   3.0217368e-01   2.9654323e-01   2.9101712e-01
   2.0215833e+03   3.0225586e-01   2.9657369e-01   2.9099777e-01
   2.0216667e+03   3.0235084e-01   2.9661572e-01   2.9098879e-01
   2.0217500e+03   3.0247557e-01   2.9668489e-01   2.9100447e-01
   2.0218333e+03   3.0256292e-01   2.9671941e-01   2.9098815e-01
   2.0219167e+03   3.0253728e-01   2.9664976e-01   2.9087621e-01
   2.0220000e+03   3.0241054e-01   2.9648700e-01   2.9067887e-01
   2.0220833e+03   3.0224799e-01   2.9629120e-01   2.9045119e-01
   2.0221667e+03   3.0211746e-01   2.9612472e-01   2.9025023e-01
   2.0222500e+03   3.0209026e-01   2.9605301e-01   2.9013577e-01
   2.0223333e+03   3.0217944e-01   2.9608794e-01   2.9011859e-01
   2.0224167e+03   3.0230403e-01   2.9615513e-01   2.9013064e-01
   2.0225000e+03   3.0240354e-01   2.9619906e-01   2.9012121e-01
   2.0225833e+03   1.5124223e-01   1.4811285e-01   1.4504789e-01
   2.0226667e+03   1.5128920e-01   1.4813203e-01   1.4504040e-01
   2.0227500e+03   1.5135155e-01   1.4816516e-01   1.4504552e-01
   2.0228333e+03   1.5139578e-01   1.4818159e-01   1.4503528e-01
   2.0229167e+03   1.5138388e-01   1.4814654e-01   1.4497807e-01
   2.0230000e+03   1.5132157e-01   1.4806530e-01   1.4487874e-01
   2.0230833e+03   1.5124138e-01   1.4796765e-01   1.4476443e-01
   2.0231667e+03   1.5117718e-01   1.4788457e-01   1.4466331e-01
   2.0232500e+03   1.5116450e-01   1.4784849e-01   1.4460485e-01
   2.0233333e+03   1.5120963e-01   1.4786510e-01   1.4459418e-01
   2.0234167e+03   1.5127191e-01   1.4789724e-01   1.4459748e-01
   2.0235000e+03   1.5132119e-01   1.4791740e-01   1.4458978e-01
   2.0235833e+03   1.5136101e-01   1.4792880e-01   1.4457404e-01
   2.0236667e+03   1.5140747e-01   1.4794614e-01   1.4456355e-01
   2.0237500e+03   1.5146978e-01   1.4797781e-01   1.4456594e-01
   2.0238333e+03   1.5151456e-01   1.4799338e-01   1.4455362e-01
   2.0239167e+03   1.5150359e-01   1.4795809e-01   1.4449516e-01
   2.0240000e+03   1.5144233e-01   1.4787699e-01   1.4439517e-01
   2.0240833e+03   1.5136322e-01   1.4777959e-01   1.4428039e-01
   2.0241667e+03   1.5130008e-01   1.4769665e-01   1.4417863e-01
   2.0242500e+03   1.5128832e-01   1.4766033e-01   1.4411893e-01
   2.0243333e+03   1.5133400e-01   1.4767608e-01   1.4410615e-01
   2.0244167e+03   1.5139624e-01   1.4770674e-01   1.4410672e-01
   2.0245000e+03   1.5144505e-01   1.4772509e-01   1.4409607e-01
   2.0245833e+03   1.5148422e-01   1.4773457e-01   1.4407730e-01
   2.0246667e+03   1.5153014e-01   1.4775005e-01   1.4406382e-01
   2.0247500e+03   1.5159242e-01   1.4778024e-01   1.4406348e-01
   2.0248333e+03   1.5163775e-01   1.4779494e-01   1.4404907e-01
   2.0249167e+03   1.5162769e-01   1.4775940e-01   1.4398935e-01
   2.0250000e+03   1.5156748e-01   1.4767843e-01   1.4388869e-01
   2.0250833e+03   1.5148949e-01   1.4758130e-01   1.4377347e-01
   2.0251667e+03   1.5142747e-01   1.4749857e-01   1.4367113e-01
   2.0252500e+03   1.5141673e-01   1.4746209e-01   1.4361026e-01
   2.0253333e+03   1.5146300e-01   1.4747701e-01   1.4359543e-01
   2.0254167e+03   1.5152519e-01   1.4750617e-01   1.4359325e-01
   2.0255000e+03   1.5157342e-01   1.4752260e-01   1.4357954e-01
   2.0255833e+03   1.5161176e-01   1.4752999e-01   1.4355763e-01
   2.0256667e+03   1.5165698e-01   1.4754347e-01   1.4354104e-01
   2.0257500e+03   1.5171919e-01   1.4757214e-01   1.4353793e-01
   2.0258333e+03   1.5176522e-01   1.4758610e-01   1.4352155e-01
   2.0259167e+03   1.5175641e-01   1.4755060e-01   1.4346083e-01
   2.0260000e+03   1.5169770e-01   1.4747013e-01   1.4335984e-01
   2.0260833e+03   1.5162123e-01   1.4737364e-01   1.4324450e-01
   2.0261667e+03   1.5156071e-01   1.4729142e-01   1.4314185e-01
   2.0262500e+03   1.5155125e-01   1.4725500e-01   1.4308001e-01
   2.0263333e+03   1.5159824e-01   1.4726918e-01   1.4306320e-01
   2.0264167e+03   1.5166035e-01   1.4729679e-01   1.4305824e-01
   2.0265000e+03   1.5170786e-01   1.4731118e-01   1.4304137e-01
   2.0265833e+03   1.5174523e-01   1.4731637e-01   1.4301620e-01
   2.0266667e+03   1.5178966e-01   1.4732774e-01   1.4299642e-01
   2.0267500e+03   1.5185177e-01   1.4735484e-01   1.4299051e-01
   2.0268333e+03   1.5189854e-01   1.4736807e-01   1.4297214e-01
   2.0269167e+03   1.5189100e-01   1.4733259e-01   1.4291040e-01
   2.0270000e+03   1.5183377e-01   1.4725260e-01   1.4280907e-01
   2.0270833e+03   1.5175883e-01   1.4715672e-01   1.4269358e-01
   2.0271667e+03   1.5169979e-01   1.4707499e-01   1.4259059e-01
   2.0272500e+03   1.5169161e-01   1.4703861e-01   1.4252774e-01
   2.0273333e+03   1.5173932e-01   1.4705202e-01   1.4250890e-01
   2.0274167e+03   1.5180132e-01   1.4707805e-01   1.4250112e-01
   2.0275000e+03   1.5184809e-01   1.4709037e-01   1.4248109e-01
   2.0275833e+03   1.5188449e-01   1.4709331e-01   1.4245265e-01
   2.0276667e+03   1.5192809e-01   1.4710256e-01   1.4242966e-01
   2.0277500e+03   1.5199010e-01   1.4712806e-01   1.4242092e-01
   2.0278333e+03   1.5203758e-01   1.4714051e-01   1.4240052e-01
   2.0279167e+03   1.5203131e-01   1.4710504e-01   1.4233774e-01
   2.0280000e+03   1.5197556e-01   1.4702550e-01   1.4223601e-01
   2.0280833e+03   1.5190214e-01   1.4693021e-01   1.4212035e-01
   2.0281667e+03   1.5184459e-01   1.4684895e-01   1.4201700e-01
   2.0282500e+03   1.5183767e-01   1.4681257e-01   1.4195310e-01
   2.0283333e+03   1.5188609e-01   1.4682517e-01   1.4193221e-01
   2.0284167e+03   1.5194797e-01   1.4684958e-01   1.4192158e-01
   2.0285000e+03   1.5199399e-01   1.4685981e-01   1.4189836e-01
   2.0285833e+03   1.5202938e-01   1.4686049e-01   1.4186664e-01
   2.0286667e+03   1.5207214e-01   1.4686758e-01   1.4184043e-01
   2.0287500e+03   1.5213402e-01   1.4689146e-01   1.4182883e-01
   2.0288333e+03   1.5218221e-01   1.4690309e-01   1.4180638e-01
   2.0289167e+03   1.5217721e-01   1.4686760e-01   1.4174251e-01
   2.0290000e+03   1.5212293e-01   1.4678849e-01   1.4164037e-01
   2.0290833e+03   1.5205103e-01   1.4669376e-01   1.4152450e-01
   2.0291667e+03   1.5199494e-01   1.4661293e-01   1.4142075e-01
   2.0292500e+03   1.5198929e-01   1.4657653e-01   1.4135577e-01
   2.0293333e+03   1.5203840e-01   1.4658829e-01   1.4133278e-01
   2.0294167e+03   1.5210015e-01   1.4661106e-01   1.4131929e-01
   2.0295000e+03   1.5214539e-01   1.4661915e-01   1.4129286e-01
   2.0295833e+03   1.5217975e-01   1.4661755e-01   1.4125786e-01
   2.0296667e+03   1.5222166e-01   1.4662246e-01   1.4122843e-01
   2.0297500e+03   1.5228339e-01   1.4664468e-01   1.4121394e-01
   2.0298333e+03   1.5233228e-01   1.4665547e-01   1.4118939e-01
   2.0299167e+03   1.5232853e-01   1.4661991e-01   1.4112440e-01
   2.0300000e+03   1.5227572e-01   1.4654120e-01   1.4102182e-01
   2.0300833e+03   1.5220535e-01   1.4644703e-01   1.4090574e-01
   2.0301667e+03   1.5215076e-01   1.4636665e-01   1.4080158e-01
   2.0302500e+03   1.5214641e-01   1.4633021e-01   1.4073551e-01
   2.0303333e+03   1.5219622e-01   1.4634112e-01   1.4071042e-01
   2.0304167e+03   1.5225780e-01   1.4636220e-01   1.4069403e-01
   2.0305000e+03   1.5230220e-01   1.4636811e-01   1.4066436e-01
   2.0305833e+03   7.6167722e-02   7.3182069e-02   7.0313013e-02
   2.0306667e+03   7.6188201e-02   7.3183394e-02   7.0296654e-02
   2.0307500e+03   7.6218978e-02   7.3193650e-02   7.0287960e-02
   2.0308333e+03   7.6243798e-02   7.3198636e-02   7.0274648e-02
   2.0309167e+03   7.6242610e-02   7.3180871e-02   7.0241631e-02
   2.0310000e+03   7.6217020e-02   7.3141783e-02   7.0190172e-02
   2.0310833e+03   7.6182673e-02   7.3095034e-02   7.0132078e-02
   2.0311667e+03   7.6156198e-02   7.3055114e-02   7.0079847e-02
   2.0312500e+03   7.6154714e-02   7.3036918e-02   7.0046301e-02
   2.0313333e+03   7.6179989e-02   7.3041955e-02   7.0032715e-02
   2.0314167e+03   7.6210684e-02   7.3051639e-02   7.0023067e-02
   2.0315000e+03   7.6232427e-02   7.3053474e-02   7.0006607e-02
   2.0315833e+03   7.6248448e-02   7.3050275e-02   6.9985764e-02
   2.0316667e+03   7.6268421e-02   7.3050448e-02   6.9967763e-02
   2.0317500e+03   7.6299096e-02   7.3059843e-02   6.9957619e-02
   2.0318333e+03   7.6324288e-02   7.3064414e-02   6.9943275e-02
   2.0319167e+03   7.6323789e-02   7.3046658e-02   6.9909737e-02
   2.0320000e+03   7.6299011e-02   7.3007828e-02   6.9858108e-02
   2.0320833e+03   7.6265503e-02   7.2961410e-02   6.9799957e-02
   2.0321667e+03   7.6239842e-02   7.2921755e-02   6.9747568e-02
   2.0322500e+03   7.6239048e-02   7.2903570e-02   6.9713508e-02
   2.0323333e+03   7.6264685e-02   7.2908180e-02   6.9698881e-02
   2.0324167e+03   7.6295272e-02   7.2916999e-02   6.9687789e-02
   2.0325000e+03   7.6316545e-02   7.2917708e-02   6.9669713e-02
   2.0325833e+03   7.6331952e-02   7.2913293e-02   6.9647212e-02
   2.0326667e+03   7.6351407e-02   7.2912310e-02   6.9627583e-02
   2.0327500e+03   7.6381968e-02   7.2920835e-02   6.9615995e-02
   2.0328333e+03   7.6407526e-02   7.2924981e-02   6.9600618e-02
   2.0329167e+03   7.6407711e-02   7.2907225e-02   6.9566556e-02
   2.0330000e+03   7.6383743e-02   7.2868645e-02   6.9514754e-02
   2.0330833e+03   7.6351070e-02   7.2822551e-02   6.9456543e-02
   2.0331667e+03   7.6326221e-02   7.2783153e-02   6.9403994e-02
   2.0332500e+03   7.6326113e-02   7.2764971e-02   6.9369417e-02
   2.0333333e+03   7.6352106e-02   7.2769144e-02   6.9353750e-02
   2.0334167e+03   7.6382575e-02   7.2777090e-02   6.9341220e-02
   2.0335000e+03   7.6403364e-02   7.2776668e-02   6.9321542e-02
   2.0335833e+03   7.6418142e-02   7.2771033e-02   6.9297400e-02
   2.0336667e+03   7.6437065e-02   7.2768889e-02   6.9276157e-02
   2.0337500e+03   7.6467502e-02   7.2776537e-02   6.9263133e-02
   2.0338333e+03   7.6493419e-02   7.2780250e-02   6.9246724e-02
   2.0339167e+03   7.6494285e-02   7.2762485e-02   6.9212136e-02
   2.0340000e+03   7.6471123e-02   7.2724147e-02   6.9160158e-02
   2.0340833e+03   7.6439284e-02   7.2678370e-02   6.9101886e-02
   2.0341667e+03   7.6415243e-02   7.2639220e-02   6.9049174e-02
   2.0342500e+03   7.6415817e-02   7.2621033e-02   6.9014077e-02
   2.0343333e+03   7.6442158e-02   7.2624759e-02   6.8997370e-02
   2.0344167e+03   7.6472499e-02   7.2631825e-02   6.8983411e-02
   2.0345000e+03   7.6492790e-02   7.2630267e-02   6.8962147e-02
   2.0345833e+03   7.6506925e-02   7.2623410e-02   6.8936381e-02
   2.0346667e+03   7.6525302e-02   7.2620100e-02   6.8913540e-02
   2.0347500e+03   7.6555605e-02   7.2626865e-02   6.8899090e-02
   2.0348333e+03   7.6581873e-02   7.2630133e-02   6.8881650e-02
   2.0349167e+03   7.6583416e-02   7.2612351e-02   6.8846533e-02
   2.0350000e+03   7.6561057e-02   7.2574247e-02   6.8794378e-02
   2.0350833e+03   7.6530049e-02   7.2528780e-02   6.8736042e-02
   2.0351667e+03   7.6506813e-02   7.2489872e-02   6.8683165e-02
   2.0352500e+03   7.6508065e-02   7.2471669e-02   6.8647547e-02
   2.0353333e+03   7.6534748e-02   7.2474940e-02   6.8629802e-02
   2.0354167e+03   7.6564949e-02   7.2481119e-02   6.8614424e-02
   2.0355000e+03   7.6584729e-02   7.2478421e-02   6.8591589e-02
   2.0355833e+03   7.6598207e-02   7.2470337e-02   6.8564217e-02
   2.0356667e+03   7.6616023e-02   7.2465859e-02   6.8539797e-02
   2.0357500e+03   7.6646180e-02   7.2471733e-02   6.8523929e-02
   2.0358333e+03   7.6672794e-02   7.2474549e-02   6.8505461e-02
   2.0359167e+03   7.6675008e-02   7.2456739e-02   6.8469813e-02
   2.0360000e+03   7.6653451e-02   7.2418863e-02   6.8417479e-02
   2.0360833e+03   7.6623271e-02   7.2373698e-02   6.8359078e-02
   2.0361667e+03   7.6600838e-02   7.2335025e-02   6.8306035e-02
   2.0362500e+03   7.6602764e-02   7.2316797e-02   6.8269894e-02
   2.0363333e+03   7.6629782e-02   7.2319604e-02   6.8251115e-02
   2.0364167e+03   7.6659831e-02   7.2324889e-02   6.8234326e-02
   2.0365000e+03   7.6679086e-02   7.2321047e-02   6.8209938e-02
   2.0365833e+03   3.8345946e-02   3.6155868e-02   3.4090491e-02
   2.0366667e+03   3.8354567e-02   3.6153042e-02   3.4077499e-02
   2.0367500e+03   3.8369567e-02   3.6155530e-02   3.4068862e-02
   2.0368333e+03   3.8383043e-02   3.6156708e-02   3.4059115e-02
   2.0369167e+03   3.8384484e-02   3.6147785e-02   3.4041026e-02
   2.0370000e+03   3.8374104e-02   3.6128956e-02   3.4014769e-02
   2.0370833e+03   3.8359427e-02   3.6106522e-02   3.3985536e-02
   2.0371667e+03   3.8348611e-02   3.6087299e-02   3.3958930e-02
   2.0372500e+03   3.8349908e-02   3.6078169e-02   3.3940598e-02
   2.0373333e+03   3.8363581e-02   3.6079335e-02   3.3930693e-02
   2.0374167e+03   3.8378525e-02   3.6081528e-02   3.3921599e-02
   2.0375000e+03   3.8387883e-02   3.6079033e-02   3.3908637e-02
   2.0375833e+03   3.8393941e-02   3.6073762e-02   3.3893377e-02
   2.0376667e+03   3.8402268e-02   3.6070349e-02   3.3879614e-02
   2.0377500e+03   3.8417184e-02   3.6072385e-02   3.3870280e-02
   2.0378333e+03   3.8430825e-02   3.6073327e-02   3.3860022e-02
   2.0379167e+03   3.8432598e-02   3.6064382e-02   3.3841668e-02
   2.0380000e+03   3.8422616e-02   3.6045660e-02   3.3815320e-02
   2.0380833e+03   3.8408351e-02   3.6023370e-02   3.3786053e-02
   2.0381667e+03   3.8397934e-02   3.6004256e-02   3.3759363e-02
   2.0382500e+03   3.8399564e-02   3.5995105e-02   3.3740770e-02
   2.0383333e+03   3.8413396e-02   3.5996031e-02   3.3730351e-02
   2.0384167e+03   3.8428253e-02   3.5997770e-02   3.3720565e-02
   2.0385000e+03   3.8437335e-02   3.5994701e-02   3.3706845e-02
   2.0385833e+03   3.8443042e-02   3.5988813e-02   3.3690814e-02
   2.0386667e+03   3.8451066e-02   3.5984812e-02   3.3676289e-02
   2.0387500e+03   3.8465893e-02   3.5986393e-02   3.3666264e-02
   2.0388333e+03   3.8479695e-02   3.5987096e-02   3.3655498e-02
   2.0389167e+03   3.8481798e-02   3.5978124e-02   3.3636879e-02
   2.0390000e+03   3.8472212e-02   3.5959504e-02   3.3610440e-02
   2.0390833e+03   3.8458358e-02   3.5937355e-02   3.3581139e-02
   2.0391667e+03   3.8448338e-02   3.5918347e-02   3.3554365e-02
   2.0392500e+03   3.8450299e-02   3.5909171e-02   3.3535510e-02
   2.0393333e+03   3.8464288e-02   3.5909852e-02   3.3524581e-02
   2.0394167e+03   3.8479052e-02   3.5911135e-02   3.3514109e-02
   2.0395000e+03   3.8487850e-02   3.5907489e-02   3.3499641e-02
   2.0395833e+03   3.8493197e-02   3.5900985e-02   3.3482850e-02
   2.0396667e+03   3.8500913e-02   3.5896394e-02   3.3467575e-02
   2.0397500e+03   3.8515644e-02   3.5897518e-02   3.3456866e-02
   2.0398333e+03   3.8529604e-02   3.5897977e-02   3.3445595e-02
   2.0399167e+03   3.8532034e-02   3.5888974e-02   3.3426711e-02
   2.0400000e+03   3.8522843e-02   3.5870452e-02   3.3400181e-02
   2.0400833e+03   3.8509399e-02   3.5848441e-02   3.3370847e-02
   2.0401667e+03   3.8499776e-02   3.5829535e-02   3.3343988e-02
   2.0402500e+03   3.8502065e-02   3.5820330e-02   3.3324873e-02
   2.0403333e+03   3.8516206e-02   3.5820762e-02   3.3313435e-02
   2.0404167e+03   3.8530872e-02   3.5821586e-02   3.3302284e-02
   2.0405000e+03   3.8539379e-02   3.5817363e-02   3.3287079e-02
   2.0405833e+03   3.8544359e-02   3.5810241e-02   3.3269541e-02
   2.0406667e+03   3.8551757e-02   3.5805060e-02   3.3253527e-02
   2.0407500e+03   3.8566388e-02   3.5805724e-02   3.3242141e-02
   2.0408333e+03   3.8580502e-02   3.5805935e-02   3.3230368e-02
   2.0409167e+03   3.8583257e-02   3.5796898e-02   3.3211220e-02
   2.0410000e+03   3.8574460e-02   3.5778471e-02   3.3184600e-02
   2.0410833e+03   3.8561424e-02   3.5756593e-02   3.3155232e-02
   2.0411667e+03   3.8552196e-02   3.5737787e-02   3.3128290e-02
   2.0412500e+03   3.8554811e-02   3.5728548e-02   3.3108914e-02
   2.0413333e+03   3.8569101e-02   3.5728726e-02   3.3096972e-02
   2.0414167e+03   3.8583663e-02   3.5729090e-02   3.3085150e-02
   2.0415000e+03   3.8591871e-02   3.5724288e-02   3.3069219e-02
   2.0415833e+03   3.8596476e-02   3.5716550e-02   3.3050947e-02
   2.0416667e+03   3.8603550e-02   3.5710777e-02   3.3034205e-02
   2.0417500e+03   3.8618073e-02   3.5710979e-02   3.3022151e-02
   2.0418333e+03   3.8632338e-02   3.5710939e-02   3.3009879e-02
   2.0419167e+03   3.8635416e-02   3.5701862e-02   3.2990468e-02
   2.0420000e+03   3.8627011e-02   3.5683526e-02   3.2963758e-02
   2.0420833e+03   3.8614383e-02   3.5661779e-02   3.2934357e-02
   2.0421667e+03   3.8605548e-02   3.5643068e-02   3.2907331e-02
   2.0422500e+03   3.8608487e-02   3.5633792e-02   3.2887697e-02
   2.0423333e+03   3.8622922e-02   3.5633712e-02   3.2875255e-02
   2.0424167e+03   3.8637375e-02   3.5633613e-02   3.2862770e-02
   2.0425000e+03   3.8645276e-02   3.5628232e-02   3.2846125e-02
   2.0425833e+03   3.8649497e-02   3.5619877e-02   3.2827131e-02
   2.0426667e+03   3.8656240e-02   3.5613513e-02   3.2809674e-02
   2.0427500e+03   3.8670650e-02   3.5613250e-02   3.2796960e-02
   2.0428333e+03   3.8685060e-02   3.5612954e-02   3.2784193e-02
   2.0429167e+03   3.8688459e-02   3.5603835e-02   3.2764522e-02
   2.0430000e+03   3.8680446e-02   3.5585586e-02   3.2737722e-02
   2.0430833e+03   3.8668224e-02   3.5563967e-02   3.2708289e-02
   2.0431667e+03   3.8659782e-02   3.5545347e-02   3.2681180e-02
   2.0432500e+03   3.8663043e-02   3.5536029e-02   3.2661289e-02
   2.0433333e+03   3.8677618e-02   3.5535689e-02   3.2648351e-02
   2.0434167e+03   3.8691955e-02   3.5535124e-02   3.2635211e-02
   2.0435000e+03   3.8699543e-02   3.5529164e-02   3.2617864e-02
   2.0435833e+03   3.8703372e-02   3.5520192e-02   3.2598163e-02
   2.0436667e+03   3.8709775e-02   3.5513237e-02   3.2580003e-02
   2.0437500e+03   3.8724065e-02   3.5512508e-02   3.2566638e-02
   2.0438333e+03   3.8738619e-02   3.5511953e-02   3.2553381e-02
   2.0439167e+03   3.8742336e-02   3.5502786e-02   3.2533451e-02
   2.0440000e+03   3.8734712e-02   3.5484621e-02   3.2506562e-02
   2.0440833e+03   3.8722895e-02   3.5463127e-02   3.2477097e-02
   2.0441667e+03   3.8714844e-02   3.5444594e-02   3.2449906e-02
   2.0442500e+03   3.8718425e-02   3.5435231e-02   3.2429760e-02
   2.0443333e+03   3.8733138e-02   3.5434627e-02   3.2416331e-02
   2.0444167e+03   3.8747352e-02   3.5433594e-02   3.2402547e-02
   2.0445000e+03   3.8754618e-02   3.5427055e-02   3.2384510e-02
   2.0445833e+03   3.8758048e-02   3.5417467e-02   3.2364115e-02
   2.0446667e+03   3.8764103e-02   3.5409920e-02   3.2345266e-02
   2.0447500e+03   3.8778268e-02   3.5408723e-02   3.2331259e-02
   2.0448333e+03   3.8792960e-02   3.5407906e-02   3.2317518e-02
   2.0449167e+03   3.8796994e-02   3.5398687e-02   3.2297330e-02
   2.0450000e+03   3.8789758e-02   3.5380603e-02   3.2270354e-02
   2.0450833e+03   3.8778346e-02   3.5359229e-02   3.2240858e-02
   2.0451667e+03   3.8770685e-02   3.5340782e-02   3.2213586e-02
   2.0452500e+03   3.8774583e-02   3.5331369e-02   3.2193188e-02
   2.0453333e+03   3.8789428e-02   3.5330496e-02   3.2179272e-02
   2.0454167e+03   3.8803514e-02   3.5328995e-02   3.2164852e-02
   2.0455000e+03   3.8810451e-02   3.5321877e-02   3.2146140e-02
   2.0455833e+03   3.8813473e-02   3.5311674e-02   3.2125066e-02
   2.0456667e+03   3.8819172e-02   3.5303536e-02   3.2105542e-02
   2.0457500e+03   3.8833206e-02   3.5301869e-02   3.2090903e-02
   2.0458333e+03   3.8848031e-02   3.5300786e-02   3.2076682e-02
   2.0459167e+03   3.8852379e-02   3.5291512e-02   3.2056239e-02
   2.0460000e+03   3.8845531e-02   3.5273505e-02   3.2029177e-02
   2.0460833e+03   3.8834522e-02   3.5252249e-02   3.1999652e-02
   2.0461667e+03   3.8827249e-02   3.5233882e-02   3.1972301e-02
   2.0462500e+03   3.8831463e-02   3.5224416e-02   3.1951652e-02
   2.0463333e+03   3.8846437e-02   3.5223273e-02   3.1937255e-02
   2.0464167e+03   3.8860387e-02   3.5221301e-02   3.1922211e-02
   2.0465000e+03   3.8866988e-02   3.5213603e-02   3.1902836e-02
   2.0465833e+03   3.8869593e-02   3.5202787e-02   3.1881098e-02
   2.0466667e+03   3.8874929e-02   3.5194059e-02   3.1860913e-02
   2.0467500e+03   3.8888824e-02   3.5191921e-02   3.1845653e-02
   2.0468333e+03   3.8903780e-02   3.5190568e-02   3.1830957e-02
   2.0469167e+03   3.8908439e-02   3.5181236e-02   3.1810263e-02
   2.0470000e+03   3.8901976e-02   3.5163302e-02   3.1783117e-02
   2.0470833e+03   3.8891370e-02   3.5142160e-02   3.1753563e-02
   2.0471667e+03   3.8884484e-02   3.5123871e-02   3.1726134e-02
   2.0472500e+03   3.8889011e-02   3.5114348e-02   3.1705237e-02
   2.0473333e+03   3.8904109e-02   3.5112930e-02   3.1690366e-02
   2.0474167e+03   3.8917919e-02   3.5110487e-02   3.1674707e-02
   2.0475000e+03   3.8924174e-02   3.5102211e-02   3.1654684e-02
   2.0475833e+03   3.8926354e-02   3.5090782e-02   3.1632298e-02
   2.0476667e+03   3.8931318e-02   3.5081465e-02   3.1611467e-02
   2.0477500e+03   3.8945069e-02   3.5078854e-02   3.1595596e-02
   2.0478333e+03   3.8960151e-02   3.5077229e-02   3.1580433e-02
   2.0479167e+03   3.8965120e-02   3.5067834e-02   3.1559489e-02
   2.0480000e+03   3.8959041e-02   3.5049971e-02   3.1532260e-02
   2.0480833e+03   3.8948835e-02   3.5028940e-02   3.1502680e-02
   2.0481667e+03   3.8942336e-02   3.5010726e-02   3.1475175e-02
   2.0482500e+03   3.8947173e-02   3.5001142e-02   3.1454034e-02
   2.0483333e+03   3.8962392e-02   3.4999446e-02   3.1438695e-02
   2.0484167e+03   3.8976054e-02   3.4996530e-02   3.1422432e-02
   2.0485000e+03   3.8981956e-02   3.4987677e-02   3.1401775e-02
   2.0485833e+03   3.8983702e-02   3.4975637e-02   3.1378758e-02
   2.0486667e+03   3.8988286e-02   3.4965732e-02   3.1357295e-02
   2.0487500e+03   3.9001886e-02   3.4962648e-02   3.1340825e-02
   2.0488333e+03   3.9017090e-02   3.4960747e-02   3.1325200e-02
   2.0489167e+03   3.9022366e-02   3.4951286e-02   3.1304011e-02
   2.0490000e+03   3.9016670e-02   3.4933490e-02   3.1276702e-02
   2.0490833e+03   3.9006864e-02   3.4912567e-02   3.1247097e-02
   2.0491667e+03   3.9000750e-02   3.4894424e-02   3.1219518e-02
   2.0492500e+03   3.9005895e-02   3.4884776e-02   3.1198135e-02
   2.0493333e+03   3.9021230e-02   3.4882799e-02   3.1182335e-02
   2.0494167e+03   3.9034737e-02   3.4879409e-02   3.1165480e-02
   2.0495000e+03   3.9040278e-02   3.4869980e-02   3.1144205e-02
   2.0495833e+03   3.9041582e-02   3.4857332e-02   3.1120572e-02
   2.0496667e+03   3.9045778e-02   3.4846840e-02   3.1098493e-02
   2.0497500e+03   3.9059221e-02   3.4843282e-02   3.1081435e-02
   2.0498333e+03   3.9074541e-02   3.4841103e-02   3.1065356e-02
   2.0499167e+03   3.9080121e-02   3.4831572e-02   3.1043925e-02
   2.0500000e+03   3.9074807e-02   3.4813840e-02   3.1016538e-02
   2.0500833e+03   3.9065399e-02   3.4793020e-02   3.0986909e-02
   2.0501667e+03   3.9059663e-02   3.4774941e-02   3.0959256e-02
   2.0502500e+03   3.9065109e-02   3.4765222e-02   3.0937633e-02
   2.0503333e+03   3.9080554e-02   3.4762961e-02   3.0921378e-02
   2.0504167e+03   3.9093905e-02   3.4759100e-02   3.0903946e-02
   2.0505000e+03   3.9099089e-02   3.4749105e-02   3.0882075e-02
   2.0505833e+03   3.9099959e-02   3.4735864e-02   3.0857853e-02
   2.0506667e+03   3.9103776e-02   3.4724801e-02   3.0835184e-02
   2.0507500e+03   3.9117063e-02   3.4720775e-02   3.0817556e-02
   2.0508333e+03   3.9132492e-02   3.4718312e-02   3.0801029e-02
   2.0509167e+03   3.9138357e-02   3.4708697e-02   3.0779352e-02
   2.0510000e+03   3.9133398e-02   3.4691006e-02   3.0751877e-02
   2.0510833e+03   3.9124361e-02   3.4670270e-02   3.0722214e-02
   2.0511667e+03   3.9118982e-02   3.4652238e-02   3.0694480e-02
   2.0512500e+03   3.9124713e-02   3.4642434e-02   3.0672617e-02
   2.0513333e+03   3.9140259e-02   3.4639885e-02   3.0655914e-02
   2.0514167e+03   3.9153455e-02   3.4635560e-02   3.0637924e-02
   2.0515000e+03   3.9158287e-02   3.4625012e-02   3.0615481e-02
   2.0515833e+03   3.9158727e-02   3.4611191e-02   3.0590696e-02
   2.0516667e+03   3.9162166e-02   3.4599566e-02   3.0567461e-02
   2.0517500e+03   3.9175296e-02   3.4595077e-02   3.0549280e-02
   2.0518333e+03   3.9190828e-02   3.4592329e-02   3.0532315e-02
   2.0519167e+03   3.9196973e-02   3.4582625e-02   3.0510398e-02
   2.0520000e+03   3.9192368e-02   3.4564976e-02   3.0482840e-02
   2.0520833e+03   3.9183702e-02   3.4544321e-02   3.0453150e-02
   2.0521667e+03   3.9178679e-02   3.4526334e-02   3.0425340e-02
   2.0522500e+03   3.9184691e-02   3.4516445e-02   3.0403243e-02
   2.0523333e+03   3.9200336e-02   3.4513607e-02   3.0386104e-02
   2.0524167e+03   3.9213371e-02   3.4508820e-02   3.0367571e-02
   2.0525000e+03   3.9217843e-02   3.4497723e-02   3.0344576e-02
   2.0525833e+03   3.9217846e-02   3.4483326e-02   3.0319247e-02
   2.0526667e+03   3.9220899e-02   3.4471144e-02   3.0295464e-02
   2.0527500e+03   3.9233864e-02   3.4466192e-02   3.0276746e-02
   2.0528333e+03   3.9249496e-02   3.4463158e-02   3.0259353e-02
   2.0529167e+03   3.9255920e-02   3.4453366e-02   3.0237204e-02
   2.0530000e+03   3.9251668e-02   3.4435756e-02   3.0209570e-02
   2.0530833e+03   3.9243371e-02   3.4415182e-02   3.0179857e-02
   2.0531667e+03   3.9238702e-02   3.4397239e-02   3.0151978e-02
   2.0532500e+03   3.9244995e-02   3.4387263e-02   3.0129654e-02
   2.0533333e+03   3.9260734e-02   3.4384136e-02   3.0112091e-02
   2.0534167e+03   3.9273601e-02   3.4378888e-02   3.0093030e-02
   2.0535000e+03   3.9277707e-02   3.4367245e-02   3.0069500e-02
   2.0535833e+03   3.9277264e-02   3.4352277e-02   3.0043648e-02
   2.0536667e+03   3.9279924e-02   3.4339542e-02   3.0019337e-02
   2.0537500e+03   3.9292719e-02   3.4334130e-02   3.0000097e-02
   2.0538333e+03   3.9308446e-02   3.4330811e-02   2.9982289e-02
   2.0539167e+03   3.9315147e-02   3.4320928e-02   2.9959915e-02
   2.0540000e+03   3.9311246e-02   3.4303357e-02   2.9932211e-02
   2.0540833e+03   3.9303318e-02   3.4282861e-02   2.9902479e-02
   2.0541667e+03   3.9299003e-02   3.4264961e-02   2.9874537e-02
   2.0542500e+03   3.9305573e-02   3.4254898e-02   2.9851994e-02
   2.0543333e+03   3.9321402e-02   3.4251481e-02   2.9834018e-02
   2.0544167e+03   3.9334096e-02   3.4245775e-02   2.9814445e-02
   2.0545000e+03   3.9337827e-02   3.4233590e-02   2.9790401e-02
   2.0545833e+03   3.9336930e-02   3.4218056e-02   2.9764045e-02
   2.0546667e+03   3.9339190e-02   3.4204772e-02   2.9739225e-02
   2.0547500e+03   3.9351808e-02   3.4198902e-02   2.9719479e-02
   2.0548333e+03   3.9367626e-02   3.4195297e-02   2.9701267e-02
   2.0549167e+03   3.9374601e-02   3.4185323e-02   2.9678677e-02
   2.0550000e+03   3.9371051e-02   3.4167788e-02   2.9650908e-02
   2.0550833e+03   3.9363491e-02   3.4147371e-02   2.9621164e-02
   2.0551667e+03   3.9359528e-02   3.4129512e-02   2.9593164e-02
   2.0552500e+03   3.9366374e-02   3.4119360e-02   2.9570410e-02
   2.0553333e+03   3.9382288e-02   3.4115654e-02   2.9552033e-02
   2.0554167e+03   3.9394803e-02   3.4109491e-02   2.9531965e-02
   2.0555000e+03   3.9398152e-02   3.4096769e-02   2.9507425e-02
   2.0555833e+03   3.9396793e-02   3.4080674e-02   2.9480586e-02
   2.0556667e+03   3.9398644e-02   3.4066846e-02   2.9455277e-02
   2.0557500e+03   3.9411080e-02   3.4060521e-02   2.9435041e-02
   2.0558333e+03   3.9426986e-02   3.4056629e-02   2.9416437e-02
   2.0559167e+03   3.9434233e-02   3.4046562e-02   2.9393639e-02
   2.0560000e+03   3.9431031e-02   3.4029064e-02   2.9365811e-02
   2.0560833e+03   3.9423838e-02   3.4008723e-02   2.9336061e-02
   2.0561667e+03   3.9420226e-02   3.3990905e-02   2.9308009e-02
   2.0562500e+03   3.9427346e-02   3.3980662e-02   2.9285052e-02
   2.0563333e+03   3.9443341e-02   3.3976667e-02   2.9266285e-02
   2.0564167e+03   3.9455670e-02   3.3970051e-02   2.9245739e-02
   2.0565000e+03   3.9458630e-02   3.3956795e-02   2.9220722e-02
   2.0565833e+03   3.9456801e-02   3.3940145e-02   2.9193420e-02
   2.0566667e+03   3.9458236e-02   3.3925777e-02   2.9167641e-02
   2.0567500e+03   3.9470483e-02   3.3918999e-02   2.9146933e-02
   2.0568333e+03   3.9486471e-02   3.3914822e-02   2.9127948e-02
   2.0569167e+03   3.9493987e-02   3.3904661e-02   2.9104951e-02
   2.0570000e+03   3.9491134e-02   3.3887197e-02   2.9077070e-02
   2.0570833e+03   3.9484307e-02   3.3866932e-02   2.9047319e-02
   2.0571667e+03   3.9481044e-02   3.3849153e-02   2.9019222e-02
   2.0572500e+03   3.9488435e-02   3.3838819e-02   2.8996071e-02
   2.0573333e+03   3.9504508e-02   3.3834535e-02   2.8976927e-02
   2.0574167e+03   3.9516645e-02   3.3827468e-02   2.8955919e-02
   2.0575000e+03   3.9519207e-02   3.3813684e-02   2.8930445e-02
   2.0575833e+03   3.9516900e-02   3.3796484e-02   2.8902700e-02
   2.0576667e+03   3.9517910e-02   3.3781581e-02   2.8876471e-02
   2.0577500e+03   3.9529962e-02   3.3774352e-02   2.8855307e-02
   2.0578333e+03   3.9546029e-02   3.3769890e-02   2.8835954e-02
   2.0579167e+03   3.9553813e-02   3.3759635e-02   2.8812765e-02
   2.0580000e+03   3.9551305e-02   3.3742205e-02   2.8784839e-02
   2.0580833e+03   3.9544844e-02   3.3722014e-02   2.8755093e-02
   2.0581667e+03   3.9541929e-02   3.3704273e-02   2.8726956e-02
   2.0582500e+03   3.9549589e-02   3.3693847e-02   2.8703619e-02
   2.0583333e+03   3.9565735e-02   3.3689275e-02   2.8684111e-02
   2.0584167e+03   3.9577673e-02   3.3681759e-02   2.8662657e-02
   2.0585000e+03   3.9579830e-02   3.3667452e-02   2.8636746e-02
   2.0585833e+03   3.9577037e-02   3.3649707e-02   2.8608580e-02
   2.0586667e+03   3.9577615e-02   3.3634275e-02   2.8581921e-02
   2.0587500e+03   3.9589466e-02   3.3626599e-02   2.8560317e-02
   2.0588333e+03   3.9605607e-02   3.3621852e-02   2.8540609e-02
   2.0589167e+03   3.9613655e-02   3.3611501e-02   2.8517237e-02
   2.0590000e+03   3.9611493e-02   3.3594103e-02   2.8489271e-02
   2.0590833e+03   3.9605395e-02   3.3573986e-02   2.8459536e-02
   2.0591667e+03   3.9602828e-02   3.3556282e-02   2.8431367e-02
   2.0592500e+03   3.9610754e-02   3.3545763e-02   2.8407852e-02
   2.0593333e+03   3.9626968e-02   3.3540903e-02   2.8387992e-02
   2.0594167e+03   3.9638702e-02   3.3532942e-02   2.8366110e-02
   2.0595000e+03   3.9640445e-02   3.3518117e-02   2.8339780e-02
   2.0595833e+03   3.9637157e-02   3.3499833e-02   2.8311213e-02
   2.0596667e+03   3.9637295e-02   3.3483877e-02   2.8284145e-02
   2.0597500e+03   3.9648938e-02   3.3475757e-02   2.8262119e-02
   2.0598333e+03   3.9665149e-02   3.3470725e-02   2.8242068e-02
   2.0599167e+03   3.9673459e-02   3.3460279e-02   2.8218521e-02
   2.0600000e+03   3.9671641e-02   3.3442912e-02   2.8190523e-02
   2.0600833e+03   3.9665906e-02   3.3422867e-02   2.8160805e-02
   2.0601667e+03   3.9663685e-02   3.3405200e-02   2.8132609e-02
   2.0602500e+03   3.9671874e-02   3.3394587e-02   2.8108927e-02
   2.0603333e+03   3.9688153e-02   3.3389440e-02   2.8088727e-02
   2.0604167e+03   3.9699675e-02   3.3381036e-02   2.8066434e-02
   2.0605000e+03   3.9700997e-02   3.3365698e-02   2.8039706e-02
   2.0605833e+03   3.9697207e-02   3.3346882e-02   2.8010759e-02
   2.0606667e+03   3.9696897e-02   3.3330407e-02   2.7983300e-02
   2.0607500e+03   3.9708324e-02   3.3321846e-02   2.7960869e-02
   2.0608333e+03   3.9724601e-02   3.3316531e-02   2.7940488e-02
   2.0609167e+03   3.9733171e-02   3.3305988e-02   2.7916776e-02
   2.0610000e+03   3.9731694e-02   3.3288652e-02   2.7888752e-02
   2.0610833e+03   3.9726321e-02   3.3268679e-02   2.7859057e-02
   2.0611667e+03   3.9724445e-02   3.3251046e-02   2.7830842e-02
   2.0612500e+03   3.9732896e-02   3.3240340e-02   2.7806999e-02
   2.0613333e+03   3.9749234e-02   3.3234906e-02   2.7786473e-02
   2.0614167e+03   3.9760538e-02   3.3226063e-02   2.7763786e-02
   2.0615000e+03   3.9761431e-02   3.3210218e-02   2.7736680e-02
   2.0615833e+03   3.9757129e-02   3.3190876e-02   2.7707373e-02
   2.0616667e+03   3.9756363e-02   3.3173888e-02   2.7679545e-02
   2.0617500e+03   3.9767570e-02   3.3164890e-02   2.7656726e-02
   2.0618333e+03   3.9783907e-02   3.3159292e-02   2.7636028e-02
   2.0619167e+03   3.9792734e-02   3.3148651e-02   2.7612160e-02
   2.0620000e+03   3.9791598e-02   3.3131345e-02   2.7584117e-02
   2.0620833e+03   3.9786586e-02   3.3111443e-02   2.7554451e-02
   2.0621667e+03   3.9785052e-02   3.3093844e-02   2.7526223e-02
   2.0622500e+03   3.9793762e-02   3.3083043e-02   2.7502229e-02
   2.0623333e+03   3.9810155e-02   3.3077324e-02   2.7481390e-02
   2.0624167e+03   3.9821234e-02   3.3068046e-02   2.7458326e-02
   2.0625000e+03   3.9821691e-02   3.3051698e-02   2.7430862e-02
   2.0625833e+03   3.9816869e-02   3.3031837e-02   2.7401217e-02
   2.0626667e+03   3.9815638e-02   3.3014342e-02   2.7373039e-02
   2.0627500e+03   3.9826617e-02   3.3004910e-02   2.7349850e-02
   2.0628333e+03   3.9843011e-02   3.2999031e-02   2.7328848e-02
   2.0629167e+03   3.9852092e-02   3.2988292e-02   2.7304832e-02
   2.0630000e+03   3.9851296e-02   3.2971015e-02   2.7276777e-02
   2.0630833e+03   3.9846643e-02   3.2951182e-02   2.7247146e-02
   2.0631667e+03   3.9845451e-02   3.2933617e-02   2.7218912e-02
   2.0632500e+03   3.9854417e-02   3.2922721e-02   2.7194777e-02
   2.0633333e+03   3.9870861e-02   3.2916717e-02   2.7173638e-02
   2.0634167e+03   3.9881708e-02   3.2907008e-02   2.7150214e-02
   2.0635000e+03   3.9881720e-02   3.2890164e-02   2.7122412e-02
   2.0635833e+03   3.9876370e-02   3.2869790e-02   2.7092448e-02
   2.0636667e+03   3.9874666e-02   3.2851795e-02   2.7063941e-02
   2.0637500e+03   3.9885410e-02   3.2841932e-02   2.7040399e-02
   2.0638333e+03   3.9901856e-02   3.2835773e-02   2.7019106e-02
   2.0639167e+03   3.9911189e-02   3.2824936e-02   2.6994953e-02
   2.0640000e+03   3.9910730e-02   3.2807687e-02   2.6966892e-02
   2.0640833e+03   3.9906436e-02   3.2787923e-02   2.6937303e-02
   2.0641667e+03   3.9905584e-02   3.2770390e-02   2.6909070e-02
   2.0642500e+03   3.9914803e-02   3.2759399e-02   2.6884802e-02
   2.0643333e+03   3.9931292e-02   3.2753112e-02   2.6863377e-02
   2.0644167e+03   3.9941902e-02   3.2742975e-02   2.6839611e-02
   2.0645000e+03   3.9941460e-02   3.2725641e-02   2.6811490e-02
   2.0645833e+03   3.9935573e-02   3.2704762e-02   2.6781230e-02
   2.0646667e+03   3.9933389e-02   3.2686272e-02   2.6752413e-02
   2.0647500e+03   3.9943892e-02   3.2675984e-02   2.6728536e-02
   2.0648333e+03   3.9960384e-02   3.2669545e-02   2.6706966e-02
   2.0649167e+03   3.9969966e-02   3.2658610e-02   2.6682684e-02
   2.0650000e+03   3.9969844e-02   3.2641388e-02   2.6654625e-02
   2.0650833e+03   3.9965907e-02   3.2621692e-02   2.6625083e-02
   2.0651667e+03   3.9965394e-02   3.2604192e-02   2.6596857e-02
   2.0652500e+03   3.9974863e-02   3.2593105e-02   2.6572467e-02
   2.0653333e+03   3.9991393e-02   3.2586536e-02   2.6550768e-02
   2.0654167e+03   4.0001757e-02   3.2575975e-02   2.6526678e-02
   2.0655000e+03   4.0000855e-02   3.2558157e-02   2.6498259e-02
   2.0655833e+03   3.9994422e-02   3.2536779e-02   2.6467722e-02
   2.0656667e+03   3.9991749e-02   3.2517803e-02   2.6438617e-02
   2.0657500e+03   4.0002004e-02   3.2507092e-02   2.6414421e-02
   2.0658333e+03   4.0018538e-02   3.2500375e-02   2.6392587e-02
   2.0659167e+03   4.0028366e-02   3.2489342e-02   2.6368186e-02
   2.0660000e+03   4.0028578e-02   3.2472147e-02   2.6340135e-02
   2.0660833e+03   4.0024998e-02   3.2452518e-02   2.6310648e-02
   2.0661667e+03   4.0024821e-02   3.2435049e-02   2.6282437e-02
   2.0662500e+03   4.0034538e-02   3.2423866e-02   2.6257933e-02
   2.0663333e+03   4.0051104e-02   3.2417017e-02   2.6235975e-02
   2.0664167e+03   4.0061216e-02   3.2406037e-02   2.6211577e-02
   2.0665000e+03   4.0059845e-02   3.2387742e-02   2.6182879e-02
   2.0665833e+03   4.0052858e-02   3.2365873e-02   2.6152087e-02
   2.0666667e+03   4.0049688e-02   3.2346415e-02   2.6122713e-02
   2.0667500e+03   4.0059687e-02   3.2335286e-02   2.6098216e-02
   2.0668333e+03   4.0076259e-02   3.2328294e-02   2.6076132e-02
   2.0669167e+03   4.0086329e-02   3.2317162e-02   2.6051621e-02
   2.0670000e+03   4.0086874e-02   3.2299993e-02   2.6023586e-02
   2.0670833e+03   4.0083649e-02   3.2280431e-02   2.5994159e-02
   2.0671667e+03   4.0083808e-02   3.2262992e-02   2.5965970e-02
   2.0672500e+03   4.0093770e-02   3.2251713e-02   2.5941362e-02
   2.0673333e+03   4.0110367e-02   3.2244586e-02   2.5919158e-02
   2.0674167e+03   4.0120219e-02   3.2233190e-02   2.5894471e-02
   2.0675000e+03   4.0118370e-02   3.2214425e-02   2.5865514e-02
   2.0675833e+03   4.0110821e-02   3.2192072e-02   2.5834486e-02
   2.0676667e+03   4.0107145e-02   3.2172141e-02   2.5804863e-02
   2.0677500e+03   4.0116882e-02   3.2160599e-02   2.5780084e-02
   2.0678333e+03   4.0133486e-02   3.2153331e-02   2.5757762e-02
   2.0679167e+03   4.0143797e-02   3.2142101e-02   2.5733152e-02
   2.0680000e+03   4.0144673e-02   3.2124958e-02   2.5705140e-02
   2.0680833e+03   4.0141801e-02   3.2105462e-02   2.5675780e-02
   2.0681667e+03   4.0142294e-02   3.2088053e-02   2.5647620e-02
   2.0682500e+03   4.0152498e-02   3.2076679e-02   2.5622917e-02
   2.0683333e+03   4.0169121e-02   3.2069275e-02   2.5600480e-02
   2.0684167e+03   4.0178708e-02   3.2057469e-02   2.5575521e-02
   2.0685000e+03   4.0176373e-02   3.2038239e-02   2.5546325e-02
   2.0685833e+03   4.0168252e-02   3.2015410e-02   2.5515083e-02
   2.0686667e+03   4.0164062e-02   3.1995012e-02   2.5485231e-02
   2.0687500e+03   4.0173530e-02   3.1983062e-02   2.5460186e-02
   2.0688333e+03   4.0190161e-02   3.1975522e-02   2.5437641e-02
   2.0689167e+03   4.0200709e-02   3.1964193e-02   2.5412940e-02
   2.0690000e+03   4.0201915e-02   3.1947075e-02   2.5384958e-02
   2.0690833e+03   4.0199395e-02   3.1927645e-02   2.5355671e-02
   2.0691667e+03   4.0200220e-02   3.1910266e-02   2.5327547e-02
   2.0692500e+03   4.0210663e-02   3.1898795e-02   2.5302759e-02
   2.0693333e+03   4.0227307e-02   3.1891116e-02   2.5280104e-02
   2.0694167e+03   4.0236620e-02   3.1878904e-02   2.5254891e-02
   2.0695000e+03   4.0233791e-02   3.1859218e-02   2.5225475e-02
   2.0695833e+03   4.0225090e-02   3.1835921e-02   2.5194038e-02
   2.0696667e+03   4.0220378e-02   3.1815064e-02   2.5163977e-02
   2.0697500e+03   4.0229569e-02   3.1802710e-02   2.5138684e-02
   2.0698333e+03   4.0246223e-02   3.1794899e-02   2.5115929e-02
   2.0699167e+03   4.0257004e-02   3.1783472e-02   2.5091148e-02
   2.0700000e+03   4.0258538e-02   3.1766378e-02   2.5063203e-02
   2.0700833e+03   4.0256369e-02   3.1747013e-02   2.5033996e-02
   2.0701667e+03   4.0257524e-02   3.1729663e-02   2.5005915e-02
   2.0702500e+03   4.0268203e-02   3.1718097e-02   2.4981051e-02
   2.0703333e+03   4.0284863e-02   3.1710145e-02   2.4958191e-02
   2.0704167e+03   4.0293895e-02   3.1697533e-02   2.4932741e-02
   2.0705000e+03   4.0290564e-02   3.1677397e-02   2.4903125e-02
   2.0705833e+03   4.0281275e-02   3.1653640e-02   2.4871513e-02
   2.0706667e+03   4.0276032e-02   3.1632330e-02   2.4841263e-02
   2.0707500e+03   4.0284940e-02   3.1619578e-02   2.4815739e-02
   2.0708333e+03   4.0301610e-02   3.1611498e-02   2.4792789e-02
   2.0709167e+03   4.0312622e-02   3.1599973e-02   2.4767936e-02
   2.0710000e+03   4.0314482e-02   3.1582904e-02   2.4740036e-02
   2.0710833e+03   4.0312662e-02   3.1563603e-02   2.4710915e-02
   2.0711667e+03   4.0314146e-02   3.1546282e-02   2.4682884e-02
   2.0712500e+03   4.0325058e-02   3.1534621e-02   2.4657955e-02
   2.0713333e+03   4.0341728e-02   3.1526399e-02   2.4634903e-02
   2.0714167e+03   4.0350473e-02   3.1513390e-02   2.4609233e-02
   2.0715000e+03   4.0346631e-02   3.1492812e-02   2.4579437e-02
   2.0715833e+03   4.0336744e-02   3.1468603e-02   2.4547671e-02
   2.0716667e+03   4.0330962e-02   3.1446849e-02   2.4517251e-02
   2.0717500e+03   4.0339579e-02   3.1433703e-02   2.4491514e-02
   2.0718333e+03   4.0356262e-02   3.1425357e-02   2.4468380e-02
   2.0719167e+03   4.0367501e-02   3.1413735e-02   2.4443467e-02
   2.0720000e+03   4.0369684e-02   3.1396690e-02   2.4415618e-02
   2.0720833e+03   4.0368213e-02   3.1377453e-02   2.4386590e-02
   2.0721667e+03   4.0370023e-02   3.1360160e-02   2.4358616e-02
   2.0722500e+03   4.0381164e-02   3.1348404e-02   2.4333631e-02
   2.0723333e+03   4.0397839e-02   3.1339914e-02   2.4310401e-02
   2.0724167e+03   4.0406290e-02   3.1326515e-02   2.4284529e-02
   2.0725000e+03   4.0401929e-02   3.1305502e-02   2.4254571e-02
   2.0725833e+03   4.0391436e-02   3.1280850e-02   2.4222670e-02
   2.0726667e+03   4.0385106e-02   3.1258659e-02   2.4192100e-02
   2.0727500e+03   4.0393425e-02   3.1245125e-02   2.4166167e-02
   2.0728333e+03   4.0410114e-02   3.1236515e-02   2.4142864e-02
   2.0729167e+03   4.0421578e-02   3.1224796e-02   2.4117899e-02
   2.0730000e+03   4.0424083e-02   3.1207774e-02   2.4090109e-02
   2.0730833e+03   4.0422958e-02   3.1188601e-02   2.4061180e-02
   2.0731667e+03   4.0425093e-02   3.1171337e-02   2.4033271e-02
   2.0732500e+03   4.0436460e-02   3.1159486e-02   2.4008239e-02
   2.0733333e+03   4.0453135e-02   3.1150730e-02   2.3984846e-02
   2.0734167e+03   4.0461284e-02   3.1136946e-02   2.3958788e-02
   2.0735000e+03   4.0456395e-02   3.1115506e-02   2.3928688e-02
   2.0735833e+03   4.0445288e-02   3.1090419e-02   2.3896672e-02
   2.0736667e+03   4.0438402e-02   3.1067800e-02   2.3865970e-02
   2.0737500e+03   4.0446416e-02   3.1053883e-02   2.3839858e-02
   2.0738333e+03   4.0463106e-02   3.1045012e-02   2.3816401e-02
   2.0739167e+03   4.0474790e-02   3.1033195e-02   2.3791393e-02
   2.0740000e+03   4.0477615e-02   3.1016197e-02   2.3763670e-02
   2.0740833e+03   4.0476835e-02   3.0997088e-02   2.3734846e-02
   2.0741667e+03   4.0479292e-02   3.0979852e-02   2.3707009e-02
   2.0742500e+03   4.0490883e-02   3.0967907e-02   2.3681940e-02
   2.0743333e+03   4.0507552e-02   3.0958888e-02   2.3658396e-02
   2.0744167e+03   4.0515391e-02   3.0944724e-02   2.3632171e-02
   2.0745000e+03   4.0509967e-02   3.0922865e-02   2.3601946e-02
   2.0745833e+03   4.0498236e-02   3.0897351e-02   2.3569835e-02
   2.0746667e+03   4.0490785e-02   3.0874312e-02   2.3539021e-02
   2.0747500e+03   4.0498487e-02   3.0860018e-02   2.3512747e-02
   2.0748333e+03   4.0515172e-02   3.0850888e-02   2.3489147e-02
   2.0749167e+03   4.0527075e-02   3.0838976e-02   2.3464108e-02
   2.0750000e+03   4.0530217e-02   3.0822001e-02   2.3436458e-02
   2.0750833e+03   4.0529778e-02   3.0802954e-02   2.3407745e-02
   2.0751667e+03   4.0532552e-02   3.0785743e-02   2.3379986e-02
   2.0752500e+03   4.0544359e-02   3.0773704e-02   2.3354888e-02
   2.0753333e+03   4.0561018e-02   3.0764425e-02   2.3331208e-02
   2.0754167e+03   4.0568549e-02   3.0749892e-02   2.3304834e-02
   2.0755000e+03   4.0562598e-02   3.0727631e-02   2.3274510e-02
   2.0755833e+03   4.0550258e-02   3.0701714e-02   2.3242329e-02
   2.0756667e+03   4.0542259e-02   3.0678277e-02   2.3211428e-02
   2.0757500e+03   4.0549656e-02   3.0663620e-02   2.3185014e-02
   2.0758333e+03   4.0566334e-02   3.0654235e-02   2.3161286e-02
   2.0759167e+03   4.0578439e-02   3.0642222e-02   2.3136221e-02
   2.0760000e+03   4.0581877e-02   3.0625259e-02   2.3108645e-02
   2.0760833e+03   4.0581757e-02   3.0606262e-02   2.3080045e-02
   2.0761667e+03   4.0584830e-02   3.0589068e-02   2.3052365e-02
   2.0762500e+03   4.0596840e-02   3.0576928e-02   2.3027247e-02
   2.0763333e+03   4.0613485e-02   3.0567393e-02   2.3003444e-02
   2.0764167e+03   4.0620714e-02   3.0552505e-02   2.2976942e-02
   2.0765000e+03   4.0614246e-02   3.0529861e-02   2.2946541e-02
   2.0765833e+03   4.0601305e-02   3.0503558e-02   2.2914313e-02
   2.0766667e+03   4.0592762e-02   3.0479738e-02   2.2883348e-02
   2.0767500e+03   4.0599854e-02   3.0464728e-02   2.2856812e-02
   2.0768333e+03   4.0616519e-02   3.0455092e-02   2.2832970e-02
   2.0769167e+03   4.0628821e-02   3.0442977e-02   2.2807888e-02
   2.0770000e+03   4.0632554e-02   3.0426027e-02   2.2780394e-02
   2.0770833e+03   4.0632751e-02   3.0407080e-02   2.2751913e-02
   2.0771667e+03   4.0636121e-02   3.0389903e-02   2.2724321e-02
   2.0772500e+03   4.0648331e-02   3.0377665e-02   2.2699191e-02
   2.0773333e+03   4.0664958e-02   3.0367878e-02   2.2675278e-02
   2.0774167e+03   4.0671877e-02   3.0352640e-02   2.2648665e-02
   2.0775000e+03   4.0664885e-02   3.0329620e-02   2.2618205e-02
   2.0775833e+03   4.0651336e-02   3.0302941e-02   2.2585949e-02
   2.0776667e+03   4.0642241e-02   3.0278747e-02   2.2554937e-02
   2.0777500e+03   4.0649021e-02   3.0263390e-02   2.2528295e-02
   2.0778333e+03   4.0665669e-02   3.0253506e-02   2.2504352e-02
   2.0779167e+03   4.0678166e-02   3.0241291e-02   2.2479264e-02
   2.0780000e+03   4.0682190e-02   3.0224353e-02   2.2451860e-02
   2.0780833e+03   4.0682704e-02   3.0205458e-02   2.2423504e-02
   2.0781667e+03   4.0686369e-02   3.0188298e-02   2.2396006e-02
   2.0782500e+03   4.0698776e-02   3.0175963e-02   2.2370875e-02
   2.0783333e+03   4.0715378e-02   3.0165926e-02   2.2346867e-02
   2.0784167e+03   4.0721982e-02   3.0150345e-02   2.2320158e-02
   2.0785000e+03   4.0714458e-02   3.0126959e-02   2.2289657e-02
   2.0785833e+03   4.0700293e-02   3.0099913e-02   2.2257391e-02
   2.0786667e+03   4.0690639e-02   3.0075353e-02   2.2226349e-02
   2.0787500e+03   4.0697101e-02   3.0059656e-02   2.2199618e-02
   2.0788333e+03   4.0713726e-02   3.0049526e-02   2.2175587e-02
   2.0789167e+03   4.0726415e-02   3.0037213e-02   2.2150503e-02
   2.0790000e+03   4.0730729e-02   3.0020289e-02   2.2123196e-02
   2.0790833e+03   4.0731558e-02   3.0001445e-02   2.2094971e-02
   2.0791667e+03   4.0735515e-02   2.9984303e-02   2.2067576e-02
   2.0792500e+03   4.0748116e-02   2.9971872e-02   2.2042452e-02
   2.0793333e+03   4.0764689e-02   2.9961590e-02   2.2018362e-02
   2.0794167e+03   4.0770970e-02   2.9945672e-02   2.1991574e-02
   2.0795000e+03   4.0762907e-02   2.9921928e-02   2.1961049e-02
   2.0795833e+03   4.0748119e-02   2.9894524e-02   2.1928790e-02
   2.0796667e+03   4.0737898e-02   2.9869607e-02   2.1897736e-02
   2.0797500e+03   4.0744035e-02   2.9853576e-02   2.1870932e-02
   2.0798333e+03   4.0760632e-02   2.9843205e-02   2.1846827e-02
   2.0799167e+03   4.0773510e-02   2.9830795e-02   2.1821755e-02
   2.0800000e+03   4.0778111e-02   2.9813885e-02   2.1794553e-02
   2.0800833e+03   4.0779253e-02   2.9795092e-02   2.1766467e-02
   2.0801667e+03   4.0783501e-02   2.9777969e-02   2.1739180e-02
   2.0802500e+03   4.0796292e-02   2.9765444e-02   2.1714075e-02
   2.0803333e+03   4.0812831e-02   2.9754919e-02   2.1689916e-02
   2.0804167e+03   4.0818784e-02   2.9738671e-02   2.1663064e-02
   2.0805000e+03   4.0810173e-02   2.9714577e-02   2.1632532e-02
   2.0805833e+03   4.0794754e-02   2.9686825e-02   2.1600298e-02
   2.0806667e+03   4.0783959e-02   2.9661561e-02   2.1569249e-02
   2.0807500e+03   4.0789765e-02   2.9645202e-02   2.1542386e-02
   2.0808333e+03   4.0806329e-02   2.9634593e-02   2.1518220e-02
   2.0809167e+03   4.0819392e-02   2.9622088e-02   2.1493171e-02
   2.0810000e+03   4.0824279e-02   2.9605192e-02   2.1466080e-02
   2.0810833e+03   4.0825732e-02   2.9586452e-02   2.1438139e-02
   2.0811667e+03   4.0830268e-02   2.9569347e-02   2.1410969e-02
   2.0812500e+03   4.0843247e-02   2.9556729e-02   2.1385890e-02
   2.0813333e+03   4.0859747e-02   2.9545966e-02   2.1361676e-02
   2.0814167e+03   4.0865364e-02   2.9529394e-02   2.1334776e-02
   2.0815000e+03   4.0856199e-02   2.9504960e-02   2.1304254e-02
   2.0815833e+03   4.0840141e-02   2.9476870e-02   2.1272061e-02
   2.0816667e+03   4.0828765e-02   2.9451267e-02   2.1241034e-02
   2.0817500e+03   4.0834232e-02   2.9434587e-02   2.1214129e-02
   2.0818333e+03   4.0850758e-02   2.9423744e-02   2.1189915e-02
   2.0819167e+03   4.0864003e-02   2.9411145e-02   2.1164898e-02
   2.0820000e+03   4.0869173e-02   2.9394265e-02   2.1137925e-02
   2.0820833e+03   4.0870936e-02   2.9375577e-02   2.1110136e-02
   2.0821667e+03   4.0875758e-02   2.9358492e-02   2.1083089e-02
   2.0822500e+03   4.0888921e-02   2.9345783e-02   2.1058047e-02
   2.0823333e+03   4.0905376e-02   2.9334785e-02   2.1033789e-02
   2.0824167e+03   4.0910650e-02   2.9317896e-02   2.1006857e-02
   2.0825000e+03   4.0900924e-02   2.9293130e-02   2.0976361e-02
   2.0825833e+03   4.0884221e-02   2.9264711e-02   2.0944226e-02
   2.0826667e+03   4.0872255e-02   2.9238778e-02   2.0913237e-02
   2.0827500e+03   4.0877378e-02   2.9221784e-02   2.0886305e-02
   2.0828333e+03   4.0893860e-02   2.9210712e-02   2.0862055e-02
   2.0829167e+03   4.0907283e-02   2.9198020e-02   2.0837080e-02
   2.0830000e+03   4.0912734e-02   2.9181156e-02   2.0810233e-02
   2.0830833e+03   4.0914804e-02   2.9162521e-02   2.0782601e-02
   2.0831667e+03   4.0919911e-02   2.9145456e-02   2.0755685e-02
   2.0832500e+03   4.0933254e-02   2.9132658e-02   2.0730689e-02
   2.0833333e+03   4.0949659e-02   2.9121430e-02   2.0706401e-02
   2.0834167e+03   4.0954585e-02   2.9104231e-02   2.0679452e-02
   2.0835000e+03   4.0944289e-02   2.9079142e-02   2.0648997e-02
   2.0835833e+03   4.0926932e-02   2.9050404e-02   2.0616936e-02
   2.0836667e+03   4.0914370e-02   2.9024151e-02   2.0586002e-02
   2.0837500e+03   4.0919141e-02   2.9006849e-02   2.0559058e-02
   2.0838333e+03   4.0935576e-02   2.8995551e-02   2.0534785e-02
   2.0839167e+03   4.0949172e-02   2.8982769e-02   2.0509861e-02
   2.0840000e+03   4.0954902e-02   2.8965922e-02   2.0483147e-02
   2.0840833e+03   4.0957279e-02   2.8947340e-02   2.0455678e-02
   2.0841667e+03   4.0962667e-02   2.8930297e-02   2.0428899e-02
   2.0842500e+03   4.0976187e-02   2.8917411e-02   2.0403958e-02
   2.0843333e+03   4.0992536e-02   2.8905956e-02   2.0379652e-02
   2.0844167e+03   4.0997106e-02   2.8888454e-02   2.0352701e-02
   2.0845000e+03   4.0986235e-02   2.8863051e-02   2.0322304e-02
   2.0845833e+03   4.0968217e-02   2.8834003e-02   2.0290333e-02
   2.0846667e+03   4.0955051e-02   2.8807440e-02   2.0259468e-02
   2.0847500e+03   4.0959464e-02   2.8789838e-02   2.0232528e-02
   2.0848333e+03   4.0975844e-02   2.8778317e-02   2.0208244e-02
   2.0849167e+03   4.0989612e-02   2.8765447e-02   2.0183380e-02
   2.0850000e+03   4.0995618e-02   2.8748618e-02   2.0156805e-02
   2.0850833e+03   4.0998298e-02   2.8730090e-02   2.0129506e-02
   2.0851667e+03   4.1003967e-02   2.8713068e-02   2.0102871e-02
   2.0852500e+03   4.1017659e-02   2.8700097e-02   2.0077994e-02
   2.0853333e+03   4.1033948e-02   2.8688420e-02   2.0053683e-02
   2.0854167e+03   4.1038155e-02   2.8670621e-02   2.0026744e-02
   2.0855000e+03   4.1026701e-02   2.8644914e-02   1.9996420e-02
   2.0855833e+03   4.1008014e-02   2.8615567e-02   1.9964555e-02
   2.0856667e+03   4.0994237e-02   2.8588702e-02   1.9933775e-02
   2.0857500e+03   4.0998285e-02   2.8570807e-02   1.9906852e-02
   2.0858333e+03   4.1014606e-02   2.8559068e-02   1.9882570e-02
   2.0859167e+03   4.1028541e-02   2.8546112e-02   1.9857774e-02
   2.0860000e+03   4.1034821e-02   2.8529301e-02   1.9831346e-02
   2.0860833e+03   4.1037803e-02   2.8510828e-02   1.9804222e-02
   2.0861667e+03   4.1043748e-02   2.8493829e-02   1.9777738e-02
   2.0862500e+03   4.1057610e-02   2.8480774e-02   1.9752935e-02
   2.0863333e+03   4.1073833e-02   2.8468878e-02   1.9728629e-02
   2.0864167e+03   4.1077671e-02   2.8450790e-02   1.9701717e-02
   2.0865000e+03   4.1065626e-02   2.8424788e-02   1.9671481e-02
   2.0865833e+03   4.1046263e-02   2.8395151e-02   1.9639737e-02
   2.0866667e+03   4.1031868e-02   2.8367994e-02   1.9609057e-02
   2.0867500e+03   4.1035545e-02   2.8349813e-02   1.9582166e-02
   2.0868333e+03   4.1051801e-02   2.8337861e-02   1.9557897e-02
   2.0869167e+03   4.1065899e-02   2.8324820e-02   1.9533179e-02
   2.0870000e+03   4.1072450e-02   2.8308029e-02   1.9506904e-02
   2.0870833e+03   4.1075732e-02   2.8289611e-02   1.9479962e-02
   2.0871667e+03   4.1081952e-02   2.8272635e-02   1.9453634e-02
   2.0872500e+03   4.1095980e-02   2.8259498e-02   1.9428913e-02
   2.0873333e+03   4.1112130e-02   2.8247389e-02   1.9404626e-02
   2.0874167e+03   4.1115592e-02   2.8229020e-02   1.9377755e-02
   2.0875000e+03   4.1102949e-02   2.8202731e-02   1.9347621e-02
   2.0875833e+03   4.1082904e-02   2.8172815e-02   1.9316012e-02
   2.0876667e+03   4.1067884e-02   2.8145376e-02   1.9285447e-02
   2.0877500e+03   4.1071182e-02   2.8126916e-02   1.9258601e-02
   2.0878333e+03   4.1087367e-02   2.8114755e-02   1.9234357e-02
   2.0879167e+03   4.1101625e-02   2.8101631e-02   1.9209727e-02
   2.0880000e+03   4.1108445e-02   2.8084860e-02   1.9183610e-02
   2.0880833e+03   4.1112024e-02   2.8066498e-02   1.9156855e-02
   2.0881667e+03   4.1118516e-02   2.8049547e-02   1.9130691e-02
   2.0882500e+03   4.1132706e-02   2.8036331e-02   1.9106060e-02
   2.0883333e+03   4.1148779e-02   2.8024012e-02   1.9081804e-02
   2.0884167e+03   4.1151858e-02   2.8005368e-02   1.9054987e-02
   2.0885000e+03   4.1138610e-02   2.7978802e-02   1.9024971e-02
   2.0885833e+03   4.1117875e-02   2.7948618e-02   1.8993511e-02
   2.0886667e+03   4.1102222e-02   2.7920905e-02   1.8963075e-02
   2.0887500e+03   4.1105135e-02   2.7902174e-02   1.8936288e-02
   2.0888333e+03   4.1121245e-02   2.7889808e-02   1.8912081e-02
   2.0889167e+03   4.1135658e-02   2.7876604e-02   1.8887545e-02
   2.0890000e+03   4.1142744e-02   2.7859854e-02   1.8861594e-02
   2.0890833e+03   4.1146618e-02   2.7841549e-02   1.8835032e-02
   2.0891667e+03   4.1153380e-02   2.7824624e-02   1.8809037e-02
   2.0892500e+03   4.1167727e-02   2.7811330e-02   1.8784506e-02
   2.0893333e+03   4.1183718e-02   2.7798806e-02   1.8760292e-02
   2.0894167e+03   4.1186408e-02   2.7779895e-02   1.8733542e-02
   2.0895000e+03   4.1172547e-02   2.7753062e-02   1.8703657e-02
   2.0895833e+03   4.1151114e-02   2.7722619e-02   1.8672360e-02
   2.0896667e+03   4.1134822e-02   2.7694643e-02   1.8642066e-02
   2.0897500e+03   4.1137343e-02   2.7675648e-02   1.8615352e-02
   2.0898333e+03   4.1153372e-02   2.7663081e-02   1.8591193e-02
   2.0899167e+03   4.1167936e-02   2.7649799e-02   1.8566761e-02
   2.0900000e+03   4.1175286e-02   2.7633072e-02   1.8540982e-02
   2.0900833e+03   4.1179453e-02   2.7614824e-02   1.8514618e-02
   2.0901667e+03   4.1186482e-02   2.7597926e-02   1.8488798e-02
   2.0902500e+03   4.1200983e-02   2.7584556e-02   1.8464375e-02
   2.0903333e+03   4.1216884e-02   2.7571831e-02   1.8440214e-02
   2.0904167e+03   4.1219178e-02   2.7552661e-02   1.8413545e-02
   2.0905000e+03   4.1204699e-02   2.7525570e-02   1.8383803e-02
   2.0905833e+03   4.1182561e-02   2.7494878e-02   1.8352683e-02
   2.0906667e+03   4.1165623e-02   2.7466649e-02   1.8322546e-02
   2.0907500e+03   4.1167746e-02   2.7447398e-02   1.8295917e-02
   2.0908333e+03   4.1183687e-02   2.7434635e-02   1.8271817e-02
   2.0909167e+03   4.1198399e-02   2.7421277e-02   1.8247497e-02
   2.0910000e+03   4.1206009e-02   2.7404574e-02   1.8221896e-02
   2.0910833e+03   4.1210467e-02   2.7386384e-02   1.8195735e-02
   2.0911667e+03   4.1217759e-02   2.7369513e-02   1.8170097e-02
   2.0912500e+03   4.1232410e-02   2.7356070e-02   1.8145789e-02
   2.0913333e+03   4.1248218e-02   2.7343150e-02   1.8121692e-02
   2.0914167e+03   4.1250109e-02   2.7323727e-02   1.8095116e-02
   2.0915000e+03   4.1235003e-02   2.7296388e-02   1.8065532e-02
   2.0915833e+03   4.1212154e-02   2.7265458e-02   1.8034602e-02
   2.0916667e+03   4.1194562e-02   2.7236985e-02   1.8004634e-02
   2.0917500e+03   4.1196280e-02   2.7217485e-02   1.7978102e-02
   2.0918333e+03   4.1212128e-02   2.7204531e-02   1.7954073e-02
   2.0919167e+03   4.1226984e-02   2.7191100e-02   1.7929873e-02
   2.0920000e+03   4.1234851e-02   2.7174421e-02   1.7904455e-02
   2.0920833e+03   4.1239597e-02   2.7156290e-02   1.7878503e-02
   2.0921667e+03   4.1247151e-02   2.7139448e-02   1.7853052e-02
   2.0922500e+03   4.1261948e-02   2.7125934e-02   1.7828867e-02
   2.0923333e+03   4.1277655e-02   2.7112823e-02   1.7804846e-02
   2.0924167e+03   4.1279137e-02   2.7093156e-02   1.7778376e-02
   2.0925000e+03   4.1263398e-02   2.7065578e-02   1.7748962e-02
   2.0925833e+03   4.1239831e-02   2.7034420e-02   1.7718234e-02
   2.0926667e+03   4.1221579e-02   2.7005714e-02   1.7688447e-02
   2.0927500e+03   4.1222885e-02   2.6985972e-02   1.7662026e-02
   2.0928333e+03   4.1238635e-02   2.6972832e-02   1.7638077e-02
   2.0929167e+03   4.1253629e-02   2.6959329e-02   1.7614005e-02
   2.0930000e+03   4.1261751e-02   2.6942676e-02   1.7588776e-02
   2.0930833e+03   4.1266783e-02   2.6924606e-02   1.7563038e-02
   2.0931667e+03   4.1274595e-02   2.6907793e-02   1.7537779e-02
   2.0932500e+03   4.1289533e-02   2.6894211e-02   1.7513726e-02
   2.0933333e+03   4.1305135e-02   2.6880913e-02   1.7489790e-02
   2.0934167e+03   4.1306200e-02   2.6861009e-02   1.7463438e-02
   2.0935000e+03   4.1289822e-02   2.6833203e-02   1.7434206e-02
   2.0935833e+03   4.1265530e-02   2.6801827e-02   1.7403692e-02
   2.0936667e+03   4.1246610e-02   2.6772897e-02   1.7374100e-02
   2.0937500e+03   4.1247498e-02   2.6752922e-02   1.7347800e-02
   2.0938333e+03   4.1263144e-02   2.6739599e-02   1.7323943e-02
   2.0939167e+03   4.1278273e-02   2.6726028e-02   1.7300006e-02
   2.0940000e+03   4.1286647e-02   2.6709402e-02   1.7274972e-02
   2.0940833e+03   4.1291961e-02   2.6691393e-02   1.7249452e-02
   2.0941667e+03   4.1300029e-02   2.6674611e-02   1.7224392e-02
   2.0942500e+03   4.1315104e-02   2.6660963e-02   1.7200478e-02
   2.0943333e+03   4.1330594e-02   2.6647484e-02   1.7176637e-02
   2.0944167e+03   4.1331237e-02   2.6627351e-02   1.7150415e-02
   2.0945000e+03   4.1314212e-02   2.6599325e-02   1.7121377e-02
   2.0945833e+03   4.1289188e-02   2.6567742e-02   1.7091089e-02
   2.0946667e+03   4.1269595e-02   2.6538597e-02   1.7061702e-02
   2.0947500e+03   4.1270058e-02   2.6518397e-02   1.7035537e-02
   2.0948333e+03   4.1285593e-02   2.6504897e-02   1.7011780e-02
   2.0949167e+03   4.1300853e-02   2.6491260e-02   1.6987986e-02
   2.0950000e+03   4.1309475e-02   2.6474663e-02   1.6963153e-02
   2.0950833e+03   4.1315070e-02   2.6456715e-02   1.6937856e-02
   2.0951667e+03   4.1323390e-02   2.6439966e-02   1.6912999e-02
   2.0952500e+03   4.1338598e-02   2.6426253e-02   1.6889232e-02
   2.0953333e+03   4.1353971e-02   2.6412598e-02   1.6865497e-02
   2.0954167e+03   4.1354184e-02   2.6392243e-02   1.6839415e-02
   2.0955000e+03   4.1336506e-02   2.6364008e-02   1.6810583e-02
   2.0955833e+03   4.1310744e-02   2.6332229e-02   1.6780532e-02
   2.0956667e+03   4.1290470e-02   2.6302880e-02   1.6751362e-02
   2.0957500e+03   4.1290502e-02   2.6282461e-02   1.6725341e-02
   2.0958333e+03   4.1305921e-02   2.6268790e-02   1.6701695e-02
   2.0959167e+03   4.1321307e-02   2.6255089e-02   1.6678052e-02
   2.0960000e+03   4.1330175e-02   2.6238521e-02   1.6653424e-02
   2.0960833e+03   4.1336047e-02   2.6220636e-02   1.6628354e-02
   2.0961667e+03   4.1344616e-02   2.6203920e-02   1.6603707e-02
   2.0962500e+03   4.1359953e-02   2.6190147e-02   1.6580093e-02
   2.0963333e+03   4.1375202e-02   2.6176320e-02   1.6556473e-02
   2.0964167e+03   4.1374979e-02   2.6155752e-02   1.6530544e-02
   2.0965000e+03   4.1356641e-02   2.6127316e-02   1.6501928e-02
   2.0965833e+03   4.1330135e-02   2.6095351e-02   1.6472126e-02
   2.0966667e+03   4.1309174e-02   2.6065808e-02   1.6443183e-02
   2.0967500e+03   4.1308768e-02   2.6045179e-02   1.6417318e-02
   2.0968333e+03   4.1324066e-02   2.6031341e-02   1.6393792e-02
   2.0969167e+03   4.1339573e-02   2.6017578e-02   1.6370306e-02
   2.0970000e+03   4.1348683e-02   2.6001042e-02   1.6345889e-02
   2.0970833e+03   4.1354830e-02   2.5983220e-02   1.6321051e-02
   2.0971667e+03   4.1363645e-02   2.5966540e-02   1.6296617e-02
   2.0972500e+03   4.1379105e-02   2.5952707e-02   1.6273163e-02
   2.0973333e+03   4.1394226e-02   2.5938714e-02   1.6249669e-02
   2.0974167e+03   4.1393560e-02   2.5917941e-02   1.6223902e-02
   2.0975000e+03   4.1374556e-02   2.5889315e-02   1.6195513e-02
   2.0975833e+03   4.1347298e-02   2.5857173e-02   1.6165969e-02
   2.0976667e+03   4.1325645e-02   2.5827446e-02   1.6137265e-02
   2.0977500e+03   4.1324794e-02   2.5806615e-02   1.6111566e-02
   2.0978333e+03   4.1339964e-02   2.5792615e-02   1.6088170e-02
   2.0979167e+03   4.1355589e-02   2.5778794e-02   1.6064848e-02
   2.0980000e+03   4.1364937e-02   2.5762290e-02   1.6040646e-02
   2.0980833e+03   4.1371356e-02   2.5744533e-02   1.6016044e-02
   2.0981667e+03   4.1380413e-02   2.5727889e-02   1.5991829e-02
   2.0982500e+03   4.1395994e-02   2.5714001e-02   1.5968543e-02
   2.0983333e+03   4.1410979e-02   2.5699846e-02   1.5945182e-02
   2.0984167e+03   4.1409864e-02   2.5678874e-02   1.5919588e-02
   2.0985000e+03   4.1390187e-02   2.5650068e-02   1.5891436e-02
   2.0985833e+03   4.1362173e-02   2.5617762e-02   1.5862161e-02
   2.0986667e+03   4.1339820e-02   2.5587860e-02   1.5833704e-02
   2.0987500e+03   4.1338518e-02   2.5566835e-02   1.5808182e-02
   2.0988333e+03   4.1353554e-02   2.5552678e-02   1.5784925e-02
   2.0989167e+03   4.1369292e-02   2.5538801e-02   1.5761773e-02
   2.0990000e+03   4.1378875e-02   2.5522330e-02   1.5737792e-02
   2.0990833e+03   4.1385563e-02   2.5504639e-02   1.5713430e-02
   2.0991667e+03   4.1394860e-02   2.5488033e-02   1.5689438e-02
   2.0992500e+03   4.1410555e-02   2.5474091e-02   1.5666326e-02
   2.0993333e+03   4.1425399e-02   2.5459780e-02   1.5643108e-02
   2.0994167e+03   4.1423829e-02   2.5438619e-02   1.5617697e-02
   2.0995000e+03   4.1403473e-02   2.5409642e-02   1.5589791e-02
   2.0995833e+03   4.1374695e-02   2.5377181e-02   1.5560794e-02
   2.0996667e+03   4.1351637e-02   2.5347115e-02   1.5532595e-02
   2.0997500e+03   4.1349878e-02   2.5325903e-02   1.5507259e-02
   2.0998333e+03   4.1364775e-02   2.5311594e-02   1.5484149e-02
   2.0999167e+03   4.1380620e-02   2.5297664e-02   1.5461175e-02
   2.1000000e+03   4.1390435e-02   2.5281229e-02   1.5437418e-02
   2.1000833e+03   4.1397389e-02   2.5263605e-02   1.5413301e-02
   2.1001667e+03   4.1406921e-02   2.5247037e-02   1.5389536e-02
   2.1002500e+03   4.1422727e-02   2.5233045e-02   1.5366603e-02
   2.1003333e+03   4.1437423e-02   2.5218583e-02   1.5343537e-02
   2.1004167e+03   4.1435392e-02   2.5197240e-02   1.5318318e-02
   2.1005000e+03   4.1414351e-02   2.5168102e-02   1.5290669e-02
   2.1005833e+03   4.1384804e-02   2.5135496e-02   1.5261959e-02
   2.1006667e+03   4.1361034e-02   2.5105277e-02   1.5234027e-02
   2.1007500e+03   4.1358811e-02   2.5083886e-02   1.5208886e-02
   2.1008333e+03   4.1373563e-02   2.5069430e-02   1.5185932e-02
   2.1009167e+03   4.1389511e-02   2.5055450e-02   1.5163141e-02
