   2.0000000e+03   1.0000000e+00   1.0000000e+00   1.0000000e+00
   2.0000833e+03   1.0000000e+00   1.0000000e+00   1.0000000e+00
   2.0001667e+03   1.0000000e+00   1.0000000e+00   1.0000000e+00
   2.0002500e+03   1.0000000e+00   1.0000000e+00   1.0000000e+00
   2.0003333e+03   1.0000000e+00   1.0000000e+00   1.0000000e+00
   2.0004167e+03   1.0000000e+00   1.0000000e+00   1.0000000e+00
   2.0005000e+03   1.0000000e+00   1.0000000e+00   1.0000000e+00
   2.0005833e+03   1.0000000e+00   1.0000000e+00   1.0000000e+00
   2.0006667e+03   1.0000000e+00   1.0000000e+00   1.0000000e+00
   2.0007500e+03   1.0000000e+00   1.0000000e+00   1.0000000e+00
   2.0008333e+03   1.0000000e+00   1.0000000e+00   1.0000000e+00
   2.0009167e+03   1.0000000e+00   1.0000000e+00   1.0000000e+00
   2.0010000e+03   9.9935904e-01   9.9935872e-01   9.9935839e-01
   2.0010833e+03   9.9855326e-01   9.9855234e-01   9.9855143e-01
   2.0011667e+03   9.9784845e-01   9.9784660e-01   9.9784475e-01
   2.0012500e+03   9.9757169e-01   9.9756830e-01   9.9756491e-01
   2.0013333e+03   9.9782711e-01   9.9782133e-01   9.9781555e-01
   2.0014167e+03   9.9830483e-01   9.9829595e-01   9.9828708e-01
   2.0015000e+03   9.9874199e-01   9.9872955e-01   9.9871712e-01
   2.0015833e+03   9.9914235e-01   9.9912590e-01   9.9910945e-01
   2.0016667e+03   9.9957916e-01   9.9955814e-01   9.9953711e-01
   2.0017500e+03   1.0000529e+00   1.0000267e+00   1.0000005e+00
   2.0018333e+03   1.0002827e+00   1.0002514e+00   1.0002200e+00
   2.0019167e+03   1.0000393e+00   1.0000033e+00   9.9996724e-01
   2.0020000e+03   9.9940607e-01   9.9936590e-01   9.9932573e-01
   2.0020833e+03   9.9860820e-01   9.9856397e-01   9.9851974e-01
   2.0021667e+03   9.9791121e-01   9.9786237e-01   9.9781354e-01
   2.0022500e+03   9.9764147e-01   9.9758654e-01   9.9753161e-01
   2.0023333e+03   9.9790134e-01   9.9783838e-01   9.9777542e-01
   2.0024167e+03   9.9837967e-01   9.9830752e-01   9.9823537e-01
   2.0025000e+03   9.9881451e-01   9.9873280e-01   9.9865111e-01
   2.0025833e+03   6.9944816e-01   6.9938403e-01   6.9931990e-01
   2.0026667e+03   6.9975229e-01   6.9968077e-01   6.9960926e-01
   2.0027500e+03   7.0008454e-01   7.0000519e-01   6.9992584e-01
   2.0028333e+03   7.0024871e-01   7.0016185e-01   7.0007499e-01
   2.0029167e+03   7.0008315e-01   6.9998984e-01   6.9989654e-01
   2.0030000e+03   6.9964532e-01   6.9954650e-01   6.9944768e-01
   2.0030833e+03   6.9909233e-01   6.9898831e-01   6.9888430e-01
   2.0031667e+03   6.9860988e-01   6.9850014e-01   6.9839041e-01
   2.0032500e+03   6.9842595e-01   6.9830884e-01   6.9819174e-01
   2.0033333e+03   6.9861096e-01   6.9848435e-01   6.9835776e-01
   2.0034167e+03   6.9894621e-01   6.9880899e-01   6.9867179e-01
   2.0035000e+03   6.9924893e-01   6.9910093e-01   6.9895296e-01
   2.0035833e+03   6.9952466e-01   6.9936569e-01   6.9920675e-01
   2.0036667e+03   6.9982710e-01   6.9965667e-01   6.9948628e-01
   2.0037500e+03   7.0016000e-01   6.9997759e-01   6.9979522e-01
   2.0038333e+03   7.0032742e-01   7.0013370e-01   6.9994002e-01
   2.0039167e+03   7.0016670e-01   6.9996342e-01   6.9976019e-01
   2.0040000e+03   6.9973425e-01   6.9952293e-01   6.9931166e-01
   2.0040833e+03   6.9918675e-01   6.9896795e-01   6.9874921e-01
   2.0041667e+03   6.9870972e-01   6.9848279e-01   6.9825592e-01
   2.0042500e+03   6.9853067e-01   6.9829332e-01   6.9805605e-01
   2.0043333e+03   6.9871875e-01   6.9846812e-01   6.9821758e-01
   2.0044167e+03   6.9905438e-01   6.9878906e-01   6.9852384e-01
   2.0045000e+03   6.9935541e-01   6.9907532e-01   6.9879534e-01
   2.0045833e+03   6.9962882e-01   6.9933384e-01   6.9903898e-01
   2.0046667e+03   6.9992955e-01   6.9961913e-01   6.9930885e-01
   2.0047500e+03   7.0026306e-01   6.9993661e-01   6.9961031e-01
   2.0048333e+03   7.0043372e-01   7.0009224e-01   6.9975092e-01
   2.0049167e+03   7.0027781e-01   6.9992374e-01   6.9956985e-01
   2.0050000e+03   6.9985073e-01   6.9948616e-01   6.9912178e-01
   2.0050833e+03   6.9930869e-01   6.9893444e-01   6.9856039e-01
   2.0051667e+03   6.9883706e-01   6.9845233e-01   6.9806781e-01
   2.0052500e+03   6.9866286e-01   6.9826476e-01   6.9786689e-01
   2.0053333e+03   6.9885401e-01   6.9843892e-01   6.9802407e-01
   2.0054167e+03   6.9919000e-01   6.9875623e-01   6.9832273e-01
   2.0055000e+03   6.9948929e-01   6.9903687e-01   6.9858474e-01
   2.0055833e+03   6.9976035e-01   6.9928922e-01   6.9881840e-01
   2.0056667e+03   7.0005933e-01   6.9956889e-01   6.9907879e-01
   2.0057500e+03   7.0039344e-01   6.9988301e-01   6.9937294e-01
   2.0058333e+03   7.0056732e-01   7.0003822e-01   6.9950951e-01
   2.0059167e+03   7.0041620e-01   6.9987156e-01   6.9932733e-01
   2.0060000e+03   6.9999446e-01   6.9943694e-01   6.9887985e-01
   2.0060833e+03   6.9945786e-01   6.9888853e-01   6.9831965e-01
   2.0061667e+03   6.9899161e-01   6.9840953e-01   6.9782792e-01
   2.0062500e+03   6.9882224e-01   6.9822391e-01   6.9762608e-01
   2.0063333e+03   6.9901643e-01   6.9839748e-01   6.9777907e-01
   2.0064167e+03   6.9935275e-01   6.9871124e-01   6.9807030e-01
   2.0065000e+03   6.9965028e-01   6.9898633e-01   6.9832299e-01
   2.0065833e+03   6.9991895e-01   6.9923258e-01   6.9854687e-01
   2.0066667e+03   7.0021615e-01   6.9950670e-01   6.9879796e-01
   2.0067500e+03   7.0055083e-01   6.9981752e-01   6.9908497e-01
   2.0068333e+03   7.0072790e-01   6.9997238e-01   6.9921765e-01
   2.0069167e+03   7.0058156e-01   6.9980762e-01   6.9903451e-01
   2.0070000e+03   7.0016514e-01   6.9937600e-01   6.9858774e-01
   2.0070833e+03   6.9963396e-01   6.9883096e-01   6.9802886e-01
   2.0071667e+03   6.9917306e-01   6.9835511e-01   6.9753811e-01
   2.0072500e+03   6.9900850e-01   6.9817150e-01   6.9733548e-01
   2.0073333e+03   6.9920572e-01   6.9834456e-01   6.9748444e-01
   2.0074167e+03   6.9954235e-01   6.9865483e-01   6.9776841e-01
   2.0075000e+03   6.9983808e-01   6.9892444e-01   6.9801197e-01
   2.0075833e+03   7.0010432e-01   6.9916466e-01   6.9822624e-01
   2.0076667e+03   7.0039970e-01   6.9943330e-01   6.9846821e-01
   2.0077500e+03   7.0073492e-01   6.9974090e-01   6.9874826e-01
   2.0078333e+03   7.0091518e-01   6.9989546e-01   6.9887721e-01
   2.0079167e+03   7.0077360e-01   6.9973266e-01   6.9869324e-01
   2.0080000e+03   7.0036247e-01   6.9930411e-01   6.9824732e-01
   2.0080833e+03   6.9983669e-01   6.9876248e-01   6.9768989e-01
   2.0081667e+03   6.9938112e-01   6.9828984e-01   6.9720023e-01
   2.0082500e+03   6.9922136e-01   6.9810829e-01   6.9699697e-01
   2.0083333e+03   6.9942158e-01   6.9828090e-01   6.9714205e-01
   2.0084167e+03   6.9975850e-01   6.9858776e-01   6.9741894e-01
   2.0085000e+03   7.0005240e-01   6.9885196e-01   6.9765356e-01
   2.0085833e+03   7.0031616e-01   6.9908622e-01   6.9785840e-01
   2.0086667e+03   7.0060969e-01   6.9934945e-01   6.9809144e-01
   2.0087500e+03   7.0094543e-01   6.9965389e-01   6.9836470e-01
   2.0088333e+03   7.0112885e-01   6.9980824e-01   6.9849008e-01
   2.0089167e+03   7.0099201e-01   6.9964745e-01   6.9830543e-01
   2.0090000e+03   7.0058616e-01   6.9922201e-01   6.9786049e-01
   2.0090833e+03   7.0006575e-01   6.9868384e-01   6.9730462e-01
   2.0091667e+03   6.9961549e-01   6.9821446e-01   6.9681620e-01
   2.0092500e+03   6.9946051e-01   6.9803504e-01   6.9661243e-01
   2.0093333e+03   6.9966372e-01   6.9820727e-01   6.9675380e-01
   2.0094167e+03   7.0000090e-01   6.9851078e-01   6.9702379e-01
   2.0095000e+03   7.0029293e-01   6.9876965e-01   6.9724964e-01
   2.0095833e+03   7.0055418e-01   6.9899801e-01   6.9744525e-01
   2.0096667e+03   7.0084582e-01   6.9925591e-01   6.9766955e-01
   2.0097500e+03   7.0118206e-01   6.9955727e-01   6.9793619e-01
   2.0098333e+03   7.0136862e-01   6.9971146e-01   6.9805816e-01
   2.0099167e+03   7.0123651e-01   6.9955274e-01   6.9787297e-01
   2.0100000e+03   7.0083591e-01   6.9913047e-01   6.9742914e-01
   2.0100833e+03   7.0032085e-01   6.9859581e-01   6.9687497e-01
   2.0101667e+03   6.9987589e-01   6.9812974e-01   6.9638791e-01
   2.0102500e+03   6.9972567e-01   6.9795251e-01   6.9618378e-01
   2.0103333e+03   6.9993185e-01   6.9812442e-01   6.9632160e-01
   2.0104167e+03   7.0026925e-01   6.9842466e-01   6.9658486e-01
   2.0105000e+03   7.0055938e-01   6.9867826e-01   6.9680214e-01
   2.0105833e+03   7.0081808e-01   6.9890080e-01   6.9698870e-01
   2.0106667e+03   7.0110780e-01   6.9915343e-01   6.9720444e-01
   2.0107500e+03   7.0144451e-01   6.9945178e-01   6.9746466e-01
   2.0108333e+03   7.0163419e-01   6.9960589e-01   6.9758338e-01
   2.0109167e+03   7.0150678e-01   6.9944930e-01   6.9739779e-01
   2.0110000e+03   7.0111142e-01   6.9903026e-01   6.9695520e-01
   2.0110833e+03   7.0060170e-01   6.9849916e-01   6.9640285e-01
   2.0111667e+03   7.0016200e-01   6.9803645e-01   6.9591728e-01
   2.0112500e+03   7.0001653e-01   6.9786145e-01   6.9571294e-01
   2.0113333e+03   7.0022567e-01   6.9803312e-01   6.9584737e-01
   2.0114167e+03   7.0056328e-01   6.9833016e-01   6.9610409e-01
   2.0115000e+03   7.0085145e-01   6.9857857e-01   6.9631298e-01
   2.0115833e+03   7.0110757e-01   6.9879536e-01   6.9649069e-01
   2.0116667e+03   7.0139533e-01   6.9904279e-01   6.9669806e-01
   2.0117500e+03   7.0173247e-01   6.9933821e-01   6.9695202e-01
   2.0118333e+03   7.0192527e-01   6.9949229e-01   6.9706766e-01
   2.0119167e+03   7.0180255e-01   6.9933790e-01   6.9688182e-01
   2.0120000e+03   7.0141241e-01   6.9892213e-01   6.9644060e-01
   2.0120833e+03   7.0090800e-01   6.9839464e-01   6.9589020e-01
   2.0121667e+03   7.0047356e-01   6.9793535e-01   6.9540625e-01
   2.0122500e+03   7.0033281e-01   6.9776265e-01   6.9520183e-01
   2.0123333e+03   7.0054488e-01   6.9793414e-01   6.9533304e-01
   2.0124167e+03   7.0088267e-01   6.9822806e-01   6.9558340e-01
   2.0125000e+03   7.0116886e-01   6.9847134e-01   6.9578410e-01
   2.0125833e+03   4.2085341e-01   4.1920947e-01   4.1757188e-01
   2.0126667e+03   4.2102487e-01   4.1935485e-01   4.1769140e-01
   2.0127500e+03   4.2122740e-01   4.1953038e-01   4.1784014e-01
   2.0128333e+03   4.2134494e-01   4.1962287e-01   4.1790777e-01
   2.0129167e+03   4.2127411e-01   4.1953158e-01   4.1779620e-01
   2.0130000e+03   4.2104314e-01   4.1928412e-01   4.1753237e-01
   2.0130833e+03   4.2074368e-01   4.1896982e-01   4.1720338e-01
   2.0131667e+03   4.2048615e-01   4.1869633e-01   4.1691405e-01
   2.0132500e+03   4.2040453e-01   4.1859413e-01   4.1679145e-01
   2.0133333e+03   4.2053352e-01   4.1869696e-01   4.1686834e-01
   2.0134167e+03   4.2073629e-01   4.1887147e-01   4.1701485e-01
   2.0135000e+03   4.2090679e-01   4.1901441e-01   4.1713047e-01
   2.0135833e+03   4.2105728e-01   4.1913771e-01   4.1722681e-01
   2.0136667e+03   4.2122751e-01   4.1928006e-01   4.1734153e-01
   2.0137500e+03   4.2143028e-01   4.1945392e-01   4.1748674e-01
   2.0138333e+03   4.2154966e-01   4.1954647e-01   4.1755272e-01
   2.0139167e+03   4.2148163e-01   4.1945658e-01   4.1744118e-01
   2.0140000e+03   4.2125377e-01   4.1921114e-01   4.1717833e-01
   2.0140833e+03   4.2095747e-01   4.1889907e-01   4.1685065e-01
   2.0141667e+03   4.2070308e-01   4.1862769e-01   4.1656246e-01
   2.0142500e+03   4.2062427e-01   4.1852694e-01   4.1643998e-01
   2.0143333e+03   4.2075501e-01   4.1862975e-01   4.1651514e-01
   2.0144167e+03   4.2095784e-01   4.1880248e-01   4.1665806e-01
   2.0145000e+03   4.2112711e-01   4.1894243e-01   4.1676899e-01
   2.0145833e+03   4.2127597e-01   4.1906240e-01   4.1686036e-01
   2.0146667e+03   4.2144496e-01   4.1920176e-01   4.1697041e-01
   2.0147500e+03   4.2164795e-01   4.1937399e-01   4.1711220e-01
   2.0148333e+03   4.2176916e-01   4.1946666e-01   4.1717664e-01
   2.0149167e+03   4.2170391e-01   4.1937819e-01   4.1706520e-01
   2.0150000e+03   4.2147916e-01   4.1913481e-01   4.1680341e-01
   2.0150833e+03   4.2118601e-01   4.1882500e-01   4.1647713e-01
   2.0151667e+03   4.2093473e-01   4.1855576e-01   4.1619014e-01
   2.0152500e+03   4.2085874e-01   4.1845650e-01   4.1606787e-01
   2.0153333e+03   4.2099121e-01   4.1855934e-01   4.1614141e-01
   2.0154167e+03   4.2119410e-01   4.1873032e-01   4.1628085e-01
   2.0155000e+03   4.2136211e-01   4.1886733e-01   4.1638720e-01
   2.0155833e+03   4.2150931e-01   4.1898401e-01   4.1647372e-01
   2.0156667e+03   4.2167703e-01   4.1912043e-01   4.1657922e-01
   2.0157500e+03   4.2188022e-01   4.1929108e-01   4.1671770e-01
   2.0158333e+03   4.2200326e-01   4.1938390e-01   4.1678069e-01
   2.0159167e+03   4.2194079e-01   4.1929689e-01   4.1666945e-01
   2.0160000e+03   4.2171912e-01   4.1905561e-01   4.1640879e-01
   2.0160833e+03   4.2142912e-01   4.1874809e-01   4.1608399e-01
   2.0161667e+03   4.2118095e-01   4.1848102e-01   4.1579827e-01
   2.0162500e+03   4.2110776e-01   4.1838329e-01   4.1567632e-01
   2.0163333e+03   4.2124194e-01   4.1848618e-01   4.1574832e-01
   2.0164167e+03   4.2144487e-01   4.1865547e-01   4.1588440e-01
   2.0165000e+03   4.2161160e-01   4.1878957e-01   4.1598630e-01
   2.0165833e+03   4.2175713e-01   4.1890302e-01   4.1606808e-01
   2.0166667e+03   4.2192355e-01   4.1903653e-01   4.1616913e-01
   2.0167500e+03   4.2212693e-01   4.1920564e-01   4.1630442e-01
   2.0168333e+03   4.2225178e-01   4.1929867e-01   4.1636607e-01
   2.0169167e+03   4.2219207e-01   4.1921316e-01   4.1625511e-01
   2.0170000e+03   4.2197349e-01   4.1897399e-01   4.1599568e-01
   2.0170833e+03   4.2168662e-01   4.1866879e-01   4.1567241e-01
   2.0171667e+03   4.2144155e-01   4.1840393e-01   4.1538806e-01
   2.0172500e+03   4.2137115e-01   4.1830776e-01   4.1526649e-01
   2.0173333e+03   4.2150704e-01   4.1841076e-01   4.1533708e-01
   2.0174167e+03   4.2171000e-01   4.1857840e-01   4.1546989e-01
   2.0175000e+03   4.2187542e-01   4.1870964e-01   4.1556746e-01
   2.0175833e+03   4.2201924e-01   4.1881988e-01   4.1564462e-01
   2.0176667e+03   4.2218434e-01   4.1895054e-01   4.1574134e-01
   2.0177500e+03   4.2238789e-01   4.1911815e-01   4.1587356e-01
   2.0178333e+03   4.2251454e-01   4.1921142e-01   4.1593396e-01
   2.0179167e+03   4.2245760e-01   4.1912745e-01   4.1582338e-01
   2.0180000e+03   4.2224208e-01   4.1889044e-01   4.1556524e-01
   2.0180833e+03   4.2195834e-01   4.1858759e-01   4.1524360e-01
   2.0181667e+03   4.2171637e-01   4.1832497e-01   4.1496068e-01
   2.0182500e+03   4.2164874e-01   4.1823040e-01   4.1483959e-01
   2.0183333e+03   4.2178634e-01   4.1833355e-01   4.1490886e-01
   2.0184167e+03   4.2198930e-01   4.1849958e-01   4.1503854e-01
   2.0185000e+03   4.2215339e-01   4.1862800e-01   4.1513187e-01
   2.0185833e+03   4.2229547e-01   4.1873509e-01   4.1520454e-01
   2.0186667e+03   4.2245923e-01   4.1886293e-01   4.1529705e-01
   2.0187500e+03   4.2266293e-01   4.1902909e-01   4.1542630e-01
   2.0188333e+03   4.2279138e-01   4.1912265e-01   4.1548557e-01
   2.0189167e+03   4.2273718e-01   4.1904025e-01   4.1537546e-01
   2.0190000e+03   4.2252473e-01   4.1880544e-01   4.1511868e-01
   2.0190833e+03   4.2224411e-01   4.1850496e-01   4.1479873e-01
   2.0191667e+03   4.2200521e-01   4.1824461e-01   4.1451732e-01
   2.0192500e+03   4.2194037e-01   4.1815167e-01   4.1439680e-01
   2.0193333e+03   4.2207965e-01   4.1825503e-01   4.1446486e-01
   2.0194167e+03   4.2228259e-01   4.1841949e-01   4.1459152e-01
   2.0195000e+03   4.2244533e-01   4.1854514e-01   4.1468075e-01
   2.0195833e+03   4.2258565e-01   4.1864911e-01   4.1474903e-01
   2.0196667e+03   4.2274804e-01   4.1877417e-01   4.1483744e-01
   2.0197500e+03   4.2295188e-01   4.1893893e-01   4.1496385e-01
   2.0198333e+03   4.2308210e-01   4.1903282e-01   4.1502208e-01
   2.0199167e+03   4.2303065e-01   4.1895204e-01   4.1491252e-01
   2.0200000e+03   4.2282125e-01   4.1871944e-01   4.1465720e-01
   2.0200833e+03   4.2254374e-01   4.1842138e-01   4.1433902e-01
   2.0201667e+03   4.2230792e-01   4.1816333e-01   4.1405920e-01
   2.0202500e+03   4.2224584e-01   4.1807207e-01   4.1393933e-01
   2.0203333e+03   4.2238680e-01   4.1817566e-01   4.1400628e-01
   2.0204167e+03   4.2258971e-01   4.1833860e-01   4.1413003e-01
   2.0205000e+03   4.2275106e-01   4.1846152e-01   4.1421527e-01
   2.0205833e+03   4.2288960e-01   4.1856242e-01   4.1427928e-01
   2.0206667e+03   4.2305060e-01   4.1868475e-01   4.1436371e-01
   2.0207500e+03   4.2325455e-01   4.1884816e-01   4.1448739e-01
   2.0208333e+03   4.2338655e-01   4.1894242e-01   4.1454469e-01
   2.0209167e+03   4.2333783e-01   4.1886328e-01   4.1443578e-01
   2.0210000e+03   4.2313148e-01   4.1863295e-01   4.1418199e-01
   2.0210833e+03   4.2285706e-01   4.1833733e-01   4.1386564e-01
   2.0211667e+03   4.2262431e-01   4.1808161e-01   4.1358749e-01
   2.0212500e+03   4.2256499e-01   4.1799206e-01   4.1346836e-01
   2.0213333e+03   4.2270761e-01   4.1809594e-01   4.1353431e-01
   2.0214167e+03   4.2291048e-01   4.1825741e-01   4.1365527e-01
   2.0215000e+03   4.2307042e-01   4.1837764e-01   4.1373663e-01
   2.0215833e+03   4.2320714e-01   4.1847550e-01   4.1379649e-01
   2.0216667e+03   4.2336672e-01   4.1859514e-01   4.1387706e-01
   2.0217500e+03   4.2357077e-01   4.1875724e-01   4.1399812e-01
   2.0218333e+03   4.2370454e-01   4.1885192e-01   4.1405460e-01
   2.0219167e+03   4.2365854e-01   4.1877447e-01   4.1394642e-01
   2.0220000e+03   4.2345523e-01   4.1854643e-01   4.1369424e-01
   2.0220833e+03   4.2318390e-01   4.1825328e-01   4.1337981e-01
   2.0221667e+03   4.2295421e-01   4.1799993e-01   4.1310339e-01
   2.0222500e+03   4.2289764e-01   4.1791213e-01   4.1298510e-01
   2.0223333e+03   4.2304192e-01   4.1801634e-01   4.1305016e-01
   2.0224167e+03   4.2324472e-01   4.1817638e-01   4.1316843e-01
   2.0225000e+03   4.2340323e-01   4.1829396e-01   4.1324604e-01
   2.0225833e+03   2.1176905e-01   2.0919442e-01   2.0665093e-01
   2.0226667e+03   2.1184812e-01   2.0925291e-01   2.0668934e-01
   2.0227500e+03   2.1195019e-01   2.0933333e-01   2.0674862e-01
   2.0228333e+03   2.1201794e-01   2.0938090e-01   2.0677650e-01
   2.0229167e+03   2.1199630e-01   2.0934304e-01   2.0672283e-01
   2.0230000e+03   2.1189616e-01   2.0923018e-01   2.0659758e-01
   2.0230833e+03   2.1176204e-01   2.0908486e-01   2.0644136e-01
   2.0231667e+03   2.1164872e-01   2.0895938e-01   2.0630406e-01
   2.0232500e+03   2.1162181e-01   2.0891638e-01   2.0624537e-01
   2.0233333e+03   2.1169477e-01   2.0896867e-01   2.0627751e-01
   2.0234167e+03   2.1179613e-01   2.0904800e-01   2.0633536e-01
   2.0235000e+03   2.1187465e-01   2.0910549e-01   2.0637235e-01
   2.0235833e+03   2.1194115e-01   2.0915145e-01   2.0639829e-01
   2.0236667e+03   2.1201948e-01   2.0920864e-01   2.0643489e-01
   2.0237500e+03   2.1212158e-01   2.0928845e-01   2.0649298e-01
   2.0238333e+03   2.1219021e-01   2.0933628e-01   2.0652056e-01
   2.0239167e+03   2.1216993e-01   2.0929930e-01   2.0646733e-01
   2.0240000e+03   2.1207130e-01   2.0918762e-01   2.0634297e-01
   2.0240833e+03   2.1193872e-01   2.0904356e-01   2.0618778e-01
   2.0241667e+03   2.1182692e-01   2.0891930e-01   2.0605142e-01
   2.0242500e+03   2.1180137e-01   2.0887721e-01   2.0599324e-01
   2.0243333e+03   2.1187515e-01   2.0892971e-01   2.0602504e-01
   2.0244167e+03   2.1197645e-01   2.0900838e-01   2.0608167e-01
   2.0245000e+03   2.1205424e-01   2.0906458e-01   2.0611689e-01
   2.0245833e+03   2.1211978e-01   2.0910909e-01   2.0614093e-01
   2.0246667e+03   2.1219737e-01   2.0916500e-01   2.0617578e-01
   2.0247500e+03   2.1229949e-01   2.0924422e-01   2.0623273e-01
   2.0248333e+03   2.1236898e-01   2.0929233e-01   2.0626005e-01
   2.0249167e+03   2.1235005e-01   2.0925625e-01   2.0620733e-01
   2.0250000e+03   2.1225293e-01   2.0914577e-01   2.0608389e-01
   2.0250833e+03   2.1212188e-01   2.0900300e-01   2.0592976e-01
   2.0251667e+03   2.1201161e-01   2.0887997e-01   2.0579440e-01
   2.0252500e+03   2.1198743e-01   2.0883882e-01   2.0573678e-01
   2.0253333e+03   2.1206202e-01   2.0889157e-01   2.0576830e-01
   2.0254167e+03   2.1216326e-01   2.0896959e-01   2.0582379e-01
   2.0255000e+03   2.1224029e-01   2.0902454e-01   2.0585732e-01
   2.0255833e+03   2.1230486e-01   2.0906762e-01   2.0587953e-01
   2.0256667e+03   2.1238167e-01   2.0912229e-01   2.0591271e-01
   2.0257500e+03   2.1248381e-01   2.0920097e-01   2.0596863e-01
   2.0258333e+03   2.1255417e-01   2.0924941e-01   2.0599582e-01
   2.0259167e+03   2.1253660e-01   2.0921431e-01   2.0594373e-01
   2.0260000e+03   2.1244101e-01   2.0910508e-01   2.0582132e-01
   2.0260833e+03   2.1231151e-01   2.0896366e-01   2.0566838e-01
   2.0261667e+03   2.1220277e-01   2.0884195e-01   2.0553413e-01
   2.0262500e+03   2.1217997e-01   2.0880182e-01   2.0547723e-01
   2.0263333e+03   2.1225538e-01   2.0885489e-01   2.0550866e-01
   2.0264167e+03   2.1235655e-01   2.0893237e-01   2.0556318e-01
   2.0265000e+03   2.1243279e-01   2.0898616e-01   2.0559522e-01
   2.0265833e+03   2.1249637e-01   2.0902789e-01   2.0561580e-01
   2.0266667e+03   2.1257239e-01   2.0908140e-01   2.0564751e-01
   2.0267500e+03   2.1267453e-01   2.0915965e-01   2.0570261e-01
   2.0268333e+03   2.1274576e-01   2.0920853e-01   2.0572988e-01
   2.0269167e+03   2.1272955e-01   2.0917448e-01   2.0567858e-01
   2.0270000e+03   2.1263548e-01   2.0906659e-01   2.0555736e-01
   2.0270833e+03   2.1250754e-01   2.0892659e-01   2.0540574e-01
   2.0271667e+03   2.1240033e-01   2.0880625e-01   2.0527275e-01
   2.0272500e+03   2.1237890e-01   2.0876723e-01   2.0521673e-01
   2.0273333e+03   2.1245513e-01   2.0882074e-01   2.0524828e-01
   2.0274167e+03   2.1255621e-01   2.0889778e-01   2.0530207e-01
   2.0275000e+03   2.1263165e-01   2.0895049e-01   2.0533281e-01
   2.0275833e+03   2.1269422e-01   2.0899098e-01   2.0535196e-01
   2.0276667e+03   2.1276944e-01   2.0904343e-01   2.0538241e-01
   2.0277500e+03   2.1287157e-01   2.0912134e-01   2.0543692e-01
   2.0278333e+03   2.1294366e-01   2.0917077e-01   2.0546447e-01
   2.0279167e+03   2.1292882e-01   2.0913786e-01   2.0541415e-01
   2.0280000e+03   2.1283626e-01   2.0903138e-01   2.0529425e-01
   2.0280833e+03   2.1270986e-01   2.0889286e-01   2.0514409e-01
   2.0281667e+03   2.1260418e-01   2.0877397e-01   2.0501250e-01
   2.0282500e+03   2.1258413e-01   2.0873614e-01   2.0495754e-01
   2.0283333e+03   2.1266116e-01   2.0879019e-01   2.0498942e-01
   2.0284167e+03   2.1276215e-01   2.0886689e-01   2.0504268e-01
   2.0285000e+03   2.1283678e-01   2.0891863e-01   2.0507234e-01
   2.0285833e+03   2.1289832e-01   2.0895797e-01   2.0509026e-01
   2.0286667e+03   2.1297273e-01   2.0900946e-01   2.0511967e-01
   2.0287500e+03   2.1307484e-01   2.0908714e-01   2.0517380e-01
   2.0288333e+03   2.1314778e-01   2.0913722e-01   2.0520183e-01
   2.0289167e+03   2.1313429e-01   2.0910554e-01   2.0515265e-01
   2.0290000e+03   2.1304326e-01   2.0900053e-01   2.0503424e-01
   2.0290833e+03   2.1291840e-01   2.0886357e-01   2.0488567e-01
   2.0291667e+03   2.1281425e-01   2.0874620e-01   2.0475563e-01
   2.0292500e+03   2.1279557e-01   2.0870965e-01   2.0470190e-01
   2.0293333e+03   2.1287339e-01   2.0876433e-01   2.0473430e-01
   2.0294167e+03   2.1297428e-01   2.0884080e-01   2.0478726e-01
   2.0295000e+03   2.1304808e-01   2.0889167e-01   2.0481604e-01
   2.0295833e+03   2.1310858e-01   2.0892994e-01   2.0483294e-01
   2.0296667e+03   2.1318215e-01   2.0898057e-01   2.0486150e-01
   2.0297500e+03   2.1328424e-01   2.0905814e-01   2.0491547e-01
   2.0298333e+03   2.1335803e-01   2.0910895e-01   2.0494419e-01
   2.0299167e+03   2.1334589e-01   2.0907859e-01   2.0489634e-01
   2.0300000e+03   2.1325637e-01   2.0897514e-01   2.0477956e-01
   2.0300833e+03   2.1313302e-01   2.0883977e-01   2.0463269e-01
   2.0301667e+03   2.1303034e-01   2.0872393e-01   2.0450427e-01
   2.0302500e+03   2.1301294e-01   2.0868867e-01   2.0445188e-01
   2.0303333e+03   2.1309151e-01   2.0874404e-01   2.0448496e-01
   2.0304167e+03   2.1319230e-01   2.0882039e-01   2.0453782e-01
   2.0305000e+03   2.1326537e-01   2.0887056e-01   2.0456599e-01
   2.0305833e+03   2.1332495e-01   2.0890798e-01   2.0458215e-01
   2.0306667e+03   2.1339781e-01   2.0895795e-01   2.0461014e-01
   2.0307500e+03   2.1349989e-01   2.0903549e-01   2.0466411e-01
   2.0308333e+03   2.1357438e-01   2.0908698e-01   2.0469354e-01
   2.0309167e+03   2.1356332e-01   2.0905773e-01   2.0464686e-01
   2.0310000e+03   2.1347496e-01   2.0895553e-01   2.0453146e-01
   2.0310833e+03   2.1335279e-01   2.0882146e-01   2.0438605e-01
   2.0311667e+03   2.1325127e-01   2.0870690e-01   2.0425905e-01
   2.0312500e+03   2.1323494e-01   2.0867274e-01   2.0420782e-01
   2.0313333e+03   2.1331414e-01   2.0872872e-01   2.0424154e-01
   2.0314167e+03   2.1341486e-01   2.0880499e-01   2.0429436e-01
   2.0315000e+03   2.1348727e-01   2.0885456e-01   2.0432204e-01
   2.0315833e+03   2.1354603e-01   2.0889124e-01   2.0433757e-01
   2.0316667e+03   2.1361824e-01   2.0894060e-01   2.0436505e-01
   2.0317500e+03   2.1372030e-01   2.0901812e-01   2.0441905e-01
   2.0318333e+03   2.1379547e-01   2.0907027e-01   2.0444915e-01
   2.0319167e+03   2.1378546e-01   2.0904210e-01   2.0440363e-01
   2.0320000e+03   2.1369826e-01   2.0894116e-01   2.0428962e-01
   2.0320833e+03   2.1357726e-01   2.0880840e-01   2.0414566e-01
   2.0321667e+03   2.1347691e-01   2.0869511e-01   2.0402007e-01
   2.0322500e+03   2.1346164e-01   2.0866205e-01   2.0397002e-01
   2.0323333e+03   2.1354148e-01   2.0871864e-01   2.0400437e-01
   2.0324167e+03   2.1364211e-01   2.0879483e-01   2.0405717e-01
   2.0325000e+03   2.1371387e-01   2.0884380e-01   2.0408435e-01
   2.0325833e+03   1.0688589e-01   1.0443986e-01   1.0204962e-01
   2.0326667e+03   1.0692167e-01   1.0446424e-01   1.0206312e-01
   2.0327500e+03   1.0697269e-01   1.0450299e-01   1.0209013e-01
   2.0328333e+03   1.0701061e-01   1.0452939e-01   1.0210552e-01
   2.0329167e+03   1.0700613e-01   1.0451585e-01   1.0208334e-01
   2.0330000e+03   1.0696311e-01   1.0446601e-01   1.0202703e-01
   2.0330833e+03   1.0690320e-01   1.0440028e-01   1.0195578e-01
   2.0331667e+03   1.0685360e-01   1.0434427e-01   1.0189369e-01
   2.0332500e+03   1.0684650e-01   1.0432829e-01   1.0186925e-01
   2.0333333e+03   1.0688673e-01   1.0435689e-01   1.0188675e-01
   2.0334167e+03   1.0693700e-01   1.0439495e-01   1.0191314e-01
   2.0335000e+03   1.0697255e-01   1.0441913e-01   1.0192648e-01
   2.0335833e+03   1.0700108e-01   1.0443672e-01   1.0193362e-01
   2.0336667e+03   1.0703652e-01   1.0446080e-01   1.0194687e-01
   2.0337500e+03   1.0708753e-01   1.0449954e-01   1.0197389e-01
   2.0338333e+03   1.0712578e-01   1.0452626e-01   1.0198963e-01
   2.0339167e+03   1.0712183e-01   1.0451327e-01   1.0196803e-01
   2.0340000e+03   1.0707938e-01   1.0446406e-01   1.0191241e-01
   2.0340833e+03   1.0702006e-01   1.0439897e-01   1.0184188e-01
   2.0341667e+03   1.0697105e-01   1.0434360e-01   1.0178050e-01
   2.0342500e+03   1.0696447e-01   1.0432817e-01   1.0175666e-01
   2.0343333e+03   1.0700502e-01   1.0435708e-01   1.0177448e-01
   2.0344167e+03   1.0705524e-01   1.0439510e-01   1.0180085e-01
   2.0345000e+03   1.0709045e-01   1.0441898e-01   1.0181395e-01
   2.0345833e+03   1.0711855e-01   1.0443618e-01   1.0182078e-01
   2.0346667e+03   1.0715365e-01   1.0445996e-01   1.0183378e-01
   2.0347500e+03   1.0720465e-01   1.0449869e-01   1.0186083e-01
   2.0348333e+03   1.0724323e-01   1.0452575e-01   1.0187691e-01
   2.0349167e+03   1.0723980e-01   1.0451329e-01   1.0185590e-01
   2.0350000e+03   1.0719793e-01   1.0446471e-01   1.0180097e-01
   2.0350833e+03   1.0713919e-01   1.0440028e-01   1.0173117e-01
   2.0351667e+03   1.0709076e-01   1.0434554e-01   1.0167049e-01
   2.0352500e+03   1.0708471e-01   1.0433066e-01   1.0164724e-01
   2.0353333e+03   1.0712557e-01   1.0435988e-01   1.0166539e-01
   2.0354167e+03   1.0717575e-01   1.0439786e-01   1.0169175e-01
   2.0355000e+03   1.0721061e-01   1.0442143e-01   1.0170461e-01
   2.0355833e+03   1.0723828e-01   1.0443826e-01   1.0171113e-01
   2.0356667e+03   1.0727303e-01   1.0446173e-01   1.0172389e-01
   2.0357500e+03   1.0732401e-01   1.0450045e-01   1.0175096e-01
   2.0358333e+03   1.0736293e-01   1.0452783e-01   1.0176739e-01
   2.0359167e+03   1.0736002e-01   1.0451592e-01   1.0174696e-01
   2.0360000e+03   1.0731873e-01   1.0446797e-01   1.0169272e-01
   2.0360833e+03   1.0726057e-01   1.0440419e-01   1.0162365e-01
   2.0361667e+03   1.0721272e-01   1.0435009e-01   1.0156367e-01
   2.0362500e+03   1.0720720e-01   1.0433576e-01   1.0154102e-01
   2.0363333e+03   1.0724837e-01   1.0436529e-01   1.0155949e-01
   2.0364167e+03   1.0729849e-01   1.0440322e-01   1.0158586e-01
   2.0365000e+03   1.0733300e-01   1.0442649e-01   1.0159847e-01
   2.0365833e+03   1.0736024e-01   1.0444293e-01   1.0160468e-01
   2.0366667e+03   1.0739464e-01   1.0446610e-01   1.0161720e-01
   2.0367500e+03   1.0744560e-01   1.0450481e-01   1.0164429e-01
   2.0368333e+03   1.0748484e-01   1.0453253e-01   1.0166108e-01
   2.0369167e+03   1.0748245e-01   1.0452116e-01   1.0164123e-01
   2.0370000e+03   1.0744174e-01   1.0447384e-01   1.0158769e-01
   2.0370833e+03   1.0738417e-01   1.0441070e-01   1.0151934e-01
   2.0371667e+03   1.0733690e-01   1.0435724e-01   1.0146007e-01
   2.0372500e+03   1.0733191e-01   1.0434347e-01   1.0143801e-01
   2.0373333e+03   1.0737338e-01   1.0437330e-01   1.0145682e-01
   2.0374167e+03   1.0742345e-01   1.0441119e-01   1.0148318e-01
   2.0375000e+03   1.0745761e-01   1.0443416e-01   1.0149555e-01
   2.0375833e+03   1.0748440e-01   1.0445021e-01   1.0150145e-01
   2.0376667e+03   1.0751844e-01   1.0447307e-01   1.0151373e-01
   2.0377500e+03   1.0756937e-01   1.0451177e-01   1.0154085e-01
   2.0378333e+03   1.0760895e-01   1.0453982e-01   1.0155799e-01
   2.0379167e+03   1.0760708e-01   1.0452900e-01   1.0153873e-01
   2.0380000e+03   1.0756695e-01   1.0448230e-01   1.0148589e-01
   2.0380833e+03   1.0750996e-01   1.0441982e-01   1.0141826e-01
   2.0381667e+03   1.0746326e-01   1.0436699e-01   1.0135970e-01
   2.0382500e+03   1.0745880e-01   1.0435377e-01   1.0133823e-01
   2.0383333e+03   1.0750058e-01   1.0438392e-01   1.0135737e-01
   2.0384167e+03   1.0755059e-01   1.0442177e-01   1.0138373e-01
   2.0385000e+03   1.0758439e-01   1.0444443e-01   1.0139587e-01
   2.0385833e+03   1.0761073e-01   1.0446009e-01   1.0140146e-01
   2.0386667e+03   1.0764441e-01   1.0448264e-01   1.0141350e-01
   2.0387500e+03   1.0769531e-01   1.0452134e-01   1.0144066e-01
   2.0388333e+03   1.0773522e-01   1.0454971e-01   1.0145815e-01
   2.0389167e+03   1.0773387e-01   1.0453944e-01   1.0143948e-01
   2.0390000e+03   1.0769431e-01   1.0449337e-01   1.0138733e-01
   2.0390833e+03   1.0763790e-01   1.0443153e-01   1.0132043e-01
   2.0391667e+03   1.0759179e-01   1.0437935e-01   1.0126257e-01
   2.0392500e+03   1.0758785e-01   1.0436668e-01   1.0124170e-01
   2.0393333e+03   1.0762994e-01   1.0439713e-01   1.0126118e-01
   2.0394167e+03   1.0767988e-01   1.0443494e-01   1.0128754e-01
   2.0395000e+03   1.0771332e-01   1.0445729e-01   1.0129944e-01
   2.0395833e+03   1.0773920e-01   1.0447257e-01   1.0130473e-01
   2.0396667e+03   1.0777251e-01   1.0449481e-01   1.0131654e-01
   2.0397500e+03   1.0782339e-01   1.0453349e-01   1.0134372e-01
   2.0398333e+03   1.0786362e-01   1.0456220e-01   1.0136158e-01
   2.0399167e+03   1.0786279e-01   1.0455247e-01   1.0134350e-01
   2.0400000e+03   1.0782381e-01   1.0450704e-01   1.0129204e-01
   2.0400833e+03   1.0776798e-01   1.0444584e-01   1.0122586e-01
   2.0401667e+03   1.0772245e-01   1.0439429e-01   1.0116871e-01
   2.0402500e+03   1.0771903e-01   1.0438218e-01   1.0114844e-01
   2.0403333e+03   1.0776142e-01   1.0441295e-01   1.0116826e-01
   2.0404167e+03   1.0781130e-01   1.0445072e-01   1.0119463e-01
   2.0405000e+03   1.0784437e-01   1.0447276e-01   1.0120629e-01
   2.0405833e+03   1.0786979e-01   1.0448764e-01   1.0121128e-01
   2.0406667e+03   1.0790273e-01   1.0450957e-01   1.0122284e-01
   2.0407500e+03   1.0795358e-01   1.0454824e-01   1.0125006e-01
   2.0408333e+03   1.0799413e-01   1.0457728e-01   1.0126828e-01
   2.0409167e+03   1.0799382e-01   1.0456810e-01   1.0125079e-01
   2.0410000e+03   1.0795541e-01   1.0452329e-01   1.0120003e-01
   2.0410833e+03   1.0790017e-01   1.0446275e-01   1.0113458e-01
   2.0411667e+03   1.0785521e-01   1.0441184e-01   1.0107813e-01
   2.0412500e+03   1.0785232e-01   1.0440028e-01   1.0105846e-01
   2.0413333e+03   1.0789501e-01   1.0443136e-01   1.0107863e-01
   2.0414167e+03   1.0794482e-01   1.0446909e-01   1.0110500e-01
   2.0415000e+03   1.0797751e-01   1.0449081e-01   1.0111643e-01
   2.0415833e+03   1.0800247e-01   1.0450531e-01   1.0112111e-01
   2.0416667e+03   1.0803503e-01   1.0452692e-01   1.0113245e-01
   2.0417500e+03   1.0808584e-01   1.0456558e-01   1.0115970e-01
   2.0418333e+03   1.0812671e-01   1.0459496e-01   1.0117829e-01
   2.0419167e+03   1.0812692e-01   1.0458633e-01   1.0116139e-01
   2.0420000e+03   1.0808909e-01   1.0454215e-01   1.0111132e-01
   2.0420833e+03   1.0803443e-01   1.0448225e-01   1.0104660e-01
   2.0421667e+03   1.0799005e-01   1.0443198e-01   1.0099086e-01
   2.0422500e+03   1.0798768e-01   1.0442097e-01   1.0097179e-01
   2.0423333e+03   1.0803067e-01   1.0445236e-01   1.0099230e-01
   2.0424167e+03   1.0808041e-01   1.0449005e-01   1.0101869e-01
   2.0425000e+03   1.0811272e-01   1.0451146e-01   1.0102989e-01
   2.0425833e+03   1.0813720e-01   1.0452556e-01   1.0103426e-01
   2.0426667e+03   1.0816939e-01   1.0454686e-01   1.0104536e-01
   2.0427500e+03   1.0822015e-01   1.0458551e-01   1.0107266e-01
   2.0428333e+03   1.0826135e-01   1.0461522e-01   1.0109161e-01
   2.0429167e+03   1.0826207e-01   1.0460714e-01   1.0107531e-01
   2.0430000e+03   1.0822482e-01   1.0456359e-01   1.0102594e-01
   2.0430833e+03   1.0817074e-01   1.0450434e-01   1.0096194e-01
   2.0431667e+03   1.0812693e-01   1.0445470e-01   1.0090691e-01
   2.0432500e+03   1.0812509e-01   1.0444426e-01   1.0088845e-01
   2.0433333e+03   1.0816838e-01   1.0447596e-01   1.0090930e-01
   2.0434167e+03   1.0821804e-01   1.0451361e-01   1.0093570e-01
   2.0435000e+03   1.0824996e-01   1.0453470e-01   1.0094667e-01
   2.0435833e+03   1.0827397e-01   1.0454840e-01   1.0095074e-01
   2.0436667e+03   1.0830577e-01   1.0456938e-01   1.0096161e-01
   2.0437500e+03   1.0835649e-01   1.0460803e-01   1.0098894e-01
   2.0438333e+03   1.0839800e-01   1.0463807e-01   1.0100827e-01
   2.0439167e+03   1.0839924e-01   1.0463054e-01   1.0099257e-01
   2.0440000e+03   1.0836256e-01   1.0458762e-01   1.0094389e-01
   2.0440833e+03   1.0830906e-01   1.0452902e-01   1.0088061e-01
   2.0441667e+03   1.0826584e-01   1.0448002e-01   1.0082630e-01
   2.0442500e+03   1.0826451e-01   1.0447013e-01   1.0080844e-01
   2.0443333e+03   1.0830810e-01   1.0450215e-01   1.0082965e-01
   2.0444167e+03   1.0835768e-01   1.0453976e-01   1.0085606e-01
   2.0445000e+03   1.0838922e-01   1.0456053e-01   1.0086679e-01
   2.0445833e+03   1.0841274e-01   1.0457383e-01   1.0087057e-01
   2.0446667e+03   1.0844414e-01   1.0459449e-01   1.0088120e-01
   2.0447500e+03   1.0849482e-01   1.0463312e-01   1.0090859e-01
   2.0448333e+03   1.0853665e-01   1.0466351e-01   1.0092828e-01
   2.0449167e+03   1.0853841e-01   1.0465653e-01   1.0091318e-01
   2.0450000e+03   1.0850229e-01   1.0461424e-01   1.0086520e-01
   2.0450833e+03   1.0844938e-01   1.0455629e-01   1.0080265e-01
   2.0451667e+03   1.0840673e-01   1.0450793e-01   1.0074904e-01
   2.0452500e+03   1.0840593e-01   1.0449859e-01   1.0073179e-01
   2.0453333e+03   1.0844981e-01   1.0453093e-01   1.0075335e-01
   2.0454167e+03   1.0849930e-01   1.0456849e-01   1.0077978e-01
   2.0455000e+03   1.0853045e-01   1.0458895e-01   1.0079029e-01
   2.0455833e+03   5.4276737e-02   5.2300923e-02   5.0396881e-02
   2.0456667e+03   5.4292240e-02   5.2311092e-02   5.0402083e-02
   2.0457500e+03   5.4317553e-02   5.2330404e-02   5.0415798e-02
   2.0458333e+03   5.4338625e-02   5.2345764e-02   5.0425837e-02
   2.0459167e+03   5.4339763e-02   5.2342549e-02   5.0418586e-02
   2.0460000e+03   5.4321995e-02   5.2321720e-02   5.0394946e-02
   2.0460833e+03   5.4295826e-02   5.2293070e-02   5.0364033e-02
   2.0461667e+03   5.4274789e-02   5.2269208e-02   5.0337583e-02
   2.0462500e+03   5.4274649e-02   5.2264821e-02   5.0329263e-02
   2.0463333e+03   5.4296740e-02   5.2281148e-02   5.0340223e-02
   2.0464167e+03   5.4321441e-02   5.2299907e-02   5.0353447e-02
   2.0465000e+03   5.4336811e-02   5.2309975e-02   5.0358586e-02
   2.0465833e+03   5.4348077e-02   5.2316222e-02   5.0360172e-02
   2.0466667e+03   5.4363379e-02   5.2326229e-02   5.0365259e-02
   2.0467500e+03   5.4388664e-02   5.2345535e-02   5.0378999e-02
   2.0468333e+03   5.4409894e-02   5.2361065e-02   5.0389227e-02
   2.0469167e+03   5.4411290e-02   5.2358126e-02   5.0382279e-02
   2.0470000e+03   5.4393807e-02   5.2337613e-02   5.0358988e-02
   2.0470833e+03   5.4367928e-02   5.2309288e-02   5.0328438e-02
   2.0471667e+03   5.4347180e-02   5.2285745e-02   5.0302343e-02
   2.0472500e+03   5.4347300e-02   5.2281638e-02   5.0294329e-02
   2.0473333e+03   5.4369537e-02   5.2298124e-02   5.0305469e-02
   2.0474167e+03   5.4394192e-02   5.2316862e-02   5.0318704e-02
   2.0475000e+03   5.4409359e-02   5.2326768e-02   5.0323730e-02
   2.0475833e+03   5.4420374e-02   5.2332811e-02   5.0325165e-02
   2.0476667e+03   5.4435471e-02   5.2342655e-02   5.0330138e-02
   2.0477500e+03   5.4460727e-02   5.2361956e-02   5.0343904e-02
   2.0478333e+03   5.4482113e-02   5.2377656e-02   5.0354324e-02
   2.0479167e+03   5.4483766e-02   5.2374994e-02   5.0347678e-02
   2.0480000e+03   5.4466570e-02   5.2354797e-02   5.0324738e-02
   2.0480833e+03   5.4440981e-02   5.2326796e-02   5.0294551e-02
   2.0481667e+03   5.4420521e-02   5.2303573e-02   5.0268811e-02
   2.0482500e+03   5.4420902e-02   5.2299747e-02   5.0261105e-02
   2.0483333e+03   5.4443283e-02   5.2316392e-02   5.0272426e-02
   2.0484167e+03   5.4467890e-02   5.2335108e-02   5.0285674e-02
   2.0485000e+03   5.4482851e-02   5.2344851e-02   5.0290585e-02
   2.0485833e+03   5.4493612e-02   5.2350690e-02   5.0291871e-02
   2.0486667e+03   5.4508501e-02   5.2360371e-02   5.0296730e-02
   2.0487500e+03   5.4533727e-02   5.2379666e-02   5.0310524e-02
   2.0488333e+03   5.4555268e-02   5.2395536e-02   5.0321136e-02
   2.0489167e+03   5.4557178e-02   5.2393152e-02   5.0314794e-02
   2.0490000e+03   5.4540269e-02   5.2373271e-02   5.0292205e-02
   2.0490833e+03   5.4514970e-02   5.2345595e-02   5.0262382e-02
   2.0491667e+03   5.4494797e-02   5.2322692e-02   5.0236998e-02
   2.0492500e+03   5.4495438e-02   5.2319147e-02   5.0229599e-02
   2.0493333e+03   5.4517964e-02   5.2335952e-02   5.0241104e-02
   2.0494167e+03   5.4542521e-02   5.2354646e-02   5.0254365e-02
   2.0495000e+03   5.4557273e-02   5.2364226e-02   5.0259163e-02
   2.0495833e+03   5.4567776e-02   5.2369858e-02   5.0260299e-02
   2.0496667e+03   5.4582455e-02   5.2379374e-02   5.0265045e-02
   2.0497500e+03   5.4607648e-02   5.2398664e-02   5.0278867e-02
   2.0498333e+03   5.4629344e-02   5.2414705e-02   5.0289674e-02
   2.0499167e+03   5.4631511e-02   5.2412598e-02   5.0283637e-02
   2.0500000e+03   5.4614888e-02   5.2393034e-02   5.0261399e-02
   2.0500833e+03   5.4589863e-02   5.2365670e-02   5.0231926e-02
   2.0501667e+03   5.4569948e-02   5.2343059e-02   5.0206873e-02
   2.0502500e+03   5.4570811e-02   5.2339761e-02   5.0199751e-02
   2.0503333e+03   5.4593459e-02   5.2356706e-02   5.0211422e-02
   2.0504167e+03   5.4617985e-02   5.2375396e-02   5.0224714e-02
   2.0505000e+03   5.4632592e-02   5.2384873e-02   5.0229457e-02
   2.0505833e+03   5.4642926e-02   5.2390382e-02   5.0230521e-02
   2.0506667e+03   5.4657482e-02   5.2399816e-02   5.0235229e-02
   2.0507500e+03   5.4682671e-02   5.2419126e-02   5.0249105e-02
   2.0508333e+03   5.4704462e-02   5.2435282e-02   5.0260055e-02
   2.0509167e+03   5.4706752e-02   5.2433329e-02   5.0254206e-02
   2.0510000e+03   5.4690237e-02   5.2413916e-02   5.0232164e-02
   2.0510833e+03   5.4665317e-02   5.2386703e-02   5.0202893e-02
   2.0511667e+03   5.4645508e-02   5.2364243e-02   5.0178037e-02
   2.0512500e+03   5.4646483e-02   5.2361087e-02   5.0171093e-02
   2.0513333e+03   5.4669210e-02   5.2378131e-02   5.0182889e-02
   2.0514167e+03   5.4693733e-02   5.2396842e-02   5.0196234e-02
   2.0515000e+03   5.4708260e-02   5.2406275e-02   5.0200974e-02
   2.0515833e+03   5.4718491e-02   5.2411721e-02   5.0202020e-02
   2.0516667e+03   5.4732967e-02   5.2421110e-02   5.0206724e-02
   2.0517500e+03   5.4758161e-02   5.2440448e-02   5.0220657e-02
   2.0518333e+03   5.4780035e-02   5.2456706e-02   5.0231735e-02
   2.0519167e+03   5.4782436e-02   5.2454892e-02   5.0226060e-02
   2.0520000e+03   5.4766031e-02   5.2435629e-02   5.0204210e-02
   2.0520833e+03   5.4741214e-02   5.2408565e-02   5.0175136e-02
   2.0521667e+03   5.4721512e-02   5.2386254e-02   5.0150474e-02
   2.0522500e+03   5.4722599e-02   5.2383238e-02   5.0143704e-02
   2.0523333e+03   5.4745405e-02   5.2400378e-02   5.0155621e-02
   2.0524167e+03   5.4769924e-02   5.2419109e-02   5.0169013e-02
   2.0525000e+03   5.4784372e-02   5.2428495e-02   5.0173746e-02
   2.0525833e+03   5.4794499e-02   5.2433875e-02   5.0174769e-02
   2.0526667e+03   5.4808894e-02   5.2443217e-02   5.0179465e-02
   2.0527500e+03   5.4834092e-02   5.2462580e-02   5.0193451e-02
   2.0528333e+03   5.4856049e-02   5.2478938e-02   5.0204652e-02
   2.0529167e+03   5.4858562e-02   5.2477262e-02   5.0199146e-02
   2.0530000e+03   5.4842266e-02   5.2458145e-02   5.0177485e-02
   2.0530833e+03   5.4817553e-02   5.2431229e-02   5.0148604e-02
   2.0531667e+03   5.4797958e-02   5.2409065e-02   5.0124131e-02
   2.0532500e+03   5.4799157e-02   5.2406188e-02   5.0117531e-02
   2.0533333e+03   5.4822042e-02   5.2423422e-02   5.0129565e-02
   2.0534167e+03   5.4846557e-02   5.2442169e-02   5.0143000e-02
   2.0535000e+03   5.4860924e-02   5.2451506e-02   5.0147722e-02
   2.0535833e+03   5.4870946e-02   5.2456817e-02   5.0148716e-02
   2.0536667e+03   5.4885261e-02   5.2466109e-02   5.0153400e-02
   2.0537500e+03   5.4910463e-02   5.2485496e-02   5.0167434e-02
   2.0538333e+03   5.4932503e-02   5.2501950e-02   5.0178754e-02
   2.0539167e+03   5.4935128e-02   5.2500411e-02   5.0173413e-02
   2.0540000e+03   5.4918940e-02   5.2481439e-02   5.0151937e-02
   2.0540833e+03   5.4894331e-02   5.2454669e-02   5.0123244e-02
   2.0541667e+03   5.4874844e-02   5.2432650e-02   5.0098958e-02
   2.0542500e+03   5.4876154e-02   5.2429908e-02   5.0092523e-02
   2.0543333e+03   5.4899119e-02   5.2447235e-02   5.0104669e-02
   2.0544167e+03   5.4923630e-02   5.2465995e-02   5.0118143e-02
   2.0545000e+03   5.4937916e-02   5.2475282e-02   5.0122848e-02
   2.0545833e+03   5.4947832e-02   5.2480521e-02   5.0123810e-02
   2.0546667e+03   5.4962065e-02   5.2489761e-02   5.0128477e-02
   2.0547500e+03   5.4987272e-02   5.2509168e-02   5.0142554e-02
   2.0548333e+03   5.5009395e-02   5.2525718e-02   5.0153989e-02
   2.0549167e+03   5.5012131e-02   5.2524312e-02   5.0148809e-02
   2.0550000e+03   5.4996053e-02   5.2505484e-02   5.0127513e-02
   2.0550833e+03   5.4971548e-02   5.2478857e-02   5.0099006e-02
   2.0551667e+03   5.4952168e-02   5.2456981e-02   5.0074901e-02
   2.0552500e+03   5.4953590e-02   5.2454374e-02   5.0068628e-02
   2.0553333e+03   5.4976634e-02   5.2471790e-02   5.0080881e-02
   2.0554167e+03   5.5001141e-02   5.2490562e-02   5.0094389e-02
   2.0555000e+03   5.5015345e-02   5.2499794e-02   5.0099074e-02
   2.0555833e+03   5.5025154e-02   5.2504959e-02   5.0099998e-02
   2.0556667e+03   5.5039305e-02   5.2514145e-02   5.0104644e-02
   2.0557500e+03   5.5064516e-02   5.2533570e-02   5.0118760e-02
   2.0558333e+03   5.5086722e-02   5.2550212e-02   5.0130305e-02
   2.0559167e+03   5.5089570e-02   5.2548938e-02   5.0125282e-02
   2.0560000e+03   5.5073601e-02   5.2530252e-02   5.0104162e-02
   2.0560833e+03   5.5049201e-02   5.2503766e-02   5.0075837e-02
   2.0561667e+03   5.5029929e-02   5.2482032e-02   5.0051910e-02
   2.0562500e+03   5.5031463e-02   5.2479557e-02   5.0045793e-02
   2.0563333e+03   5.5054585e-02   5.2497061e-02   5.0058150e-02
   2.0564167e+03   5.5079088e-02   5.2515842e-02   5.0071687e-02
   2.0565000e+03   5.5093209e-02   5.2525017e-02   5.0076347e-02
   2.0565833e+03   5.5102912e-02   5.2530105e-02   5.0077230e-02
   2.0566667e+03   5.5116979e-02   5.2539234e-02   5.0081849e-02
   2.0567500e+03   5.5142194e-02   5.2558674e-02   5.0096000e-02
   2.0568333e+03   5.5164483e-02   5.2575408e-02   5.0107650e-02
   2.0569167e+03   5.5167443e-02   5.2574263e-02   5.0102780e-02
   2.0570000e+03   5.5151584e-02   5.2555716e-02   5.0081832e-02
   2.0570833e+03   5.5127288e-02   5.2529371e-02   5.0053685e-02
   2.0571667e+03   5.5108123e-02   5.2507776e-02   5.0029932e-02
   2.0572500e+03   5.5109769e-02   5.2505431e-02   5.0023968e-02
   2.0573333e+03   5.5132971e-02   5.2523020e-02   5.0036424e-02
   2.0574167e+03   5.5157468e-02   5.2541807e-02   5.0049986e-02
   2.0575000e+03   5.5171507e-02   5.2550924e-02   5.0054616e-02
   2.0575833e+03   5.5181101e-02   5.2555932e-02   5.0055453e-02
   2.0576667e+03   5.5195086e-02   5.2565001e-02   5.0060041e-02
   2.0577500e+03   5.5220304e-02   5.2584454e-02   5.0074222e-02
   2.0578333e+03   5.5242676e-02   5.2601276e-02   5.0085973e-02
   2.0579167e+03   5.5245748e-02   5.2600260e-02   5.0081251e-02
   2.0580000e+03   5.5229998e-02   5.2581850e-02   5.0060473e-02
   2.0580833e+03   5.5205807e-02   5.2555643e-02   5.0032499e-02
   2.0581667e+03   5.5186750e-02   5.2534186e-02   5.0008916e-02
   2.0582500e+03   5.5188508e-02   5.2531968e-02   5.0003101e-02
   2.0583333e+03   5.5211789e-02   5.2549641e-02   5.0015651e-02
   2.0584167e+03   5.5236281e-02   5.2568432e-02   5.0029234e-02
   2.0585000e+03   5.5250236e-02   5.2577487e-02   5.0033829e-02
   2.0585833e+03   5.5259722e-02   5.2582413e-02   5.0034615e-02
   2.0586667e+03   5.5273622e-02   5.2591419e-02   5.0039168e-02
   2.0587500e+03   5.5298843e-02   5.2610883e-02   5.0053375e-02
   2.0588333e+03   5.5321298e-02   5.2627791e-02   5.0065222e-02
   2.0589167e+03   5.5324483e-02   5.2626900e-02   5.0060645e-02
   2.0590000e+03   5.5308843e-02   5.2608626e-02   5.0040031e-02
   2.0590833e+03   5.5284756e-02   5.2582555e-02   5.0012227e-02
   2.0591667e+03   5.5265807e-02   5.2561234e-02   4.9988811e-02
   2.0592500e+03   5.5267678e-02   5.2559143e-02   4.9983141e-02
   2.0593333e+03   5.5291038e-02   5.2576896e-02   4.9995780e-02
   2.0594167e+03   5.5315525e-02   5.2595688e-02   5.0009379e-02
   2.0595000e+03   5.5329395e-02   5.2604679e-02   5.0013935e-02
   2.0595833e+03   5.5338771e-02   5.2609520e-02   5.0014667e-02
   2.0596667e+03   5.5352587e-02   5.2618461e-02   5.0019180e-02
   2.0597500e+03   5.5377810e-02   5.2637933e-02   5.0033407e-02
   2.0598333e+03   5.5400349e-02   5.2654925e-02   5.0045346e-02
   2.0599167e+03   5.5403646e-02   5.2654158e-02   5.0040910e-02
   2.0600000e+03   5.5388116e-02   5.2636018e-02   5.0020457e-02
   2.0600833e+03   5.5364133e-02   5.2610081e-02   4.9992819e-02
   2.0601667e+03   5.5345292e-02   5.2588894e-02   4.9969565e-02
   2.0602500e+03   5.5347276e-02   5.2586927e-02   4.9964036e-02
   2.0603333e+03   5.5370715e-02   5.2604758e-02   4.9976761e-02
   2.0604167e+03   5.5395196e-02   5.2623550e-02   4.9990370e-02
   2.0605000e+03   5.5408981e-02   5.2632473e-02   4.9994884e-02
   2.0605833e+03   5.5418247e-02   5.2637227e-02   4.9995555e-02
   2.0606667e+03   5.5431977e-02   5.2646100e-02   5.0000024e-02
   2.0607500e+03   5.5457204e-02   5.2665578e-02   5.0014267e-02
   2.0608333e+03   5.5479825e-02   5.2682652e-02   5.0026295e-02
   2.0609167e+03   5.5483234e-02   5.2682006e-02   5.0021994e-02
   2.0610000e+03   5.5467815e-02   5.2663998e-02   5.0001698e-02
   2.0610833e+03   5.5443937e-02   5.2638193e-02   4.9974223e-02
   2.0611667e+03   5.5425204e-02   5.2617138e-02   4.9951128e-02
   2.0612500e+03   5.5427301e-02   5.2615293e-02   4.9945735e-02
   2.0613333e+03   5.5450819e-02   5.2633200e-02   4.9958541e-02
   2.0614167e+03   5.5475294e-02   5.2651988e-02   4.9972157e-02
   2.0615000e+03   5.5488993e-02   5.2660842e-02   4.9976622e-02
   2.0615833e+03   5.5498148e-02   5.2665507e-02   4.9977230e-02
   2.0616667e+03   5.5511792e-02   5.2674309e-02   4.9981650e-02
   2.0617500e+03   5.5537021e-02   5.2693790e-02   4.9995905e-02
   2.0618333e+03   5.5559726e-02   5.2710943e-02   5.0008015e-02
   2.0619167e+03   5.5563247e-02   5.2710417e-02   5.0003846e-02
   2.0620000e+03   5.5547938e-02   5.2692538e-02   4.9983703e-02
   2.0620833e+03   5.5524165e-02   5.2666865e-02   4.9956388e-02
   2.0621667e+03   5.5505540e-02   5.2645940e-02   4.9933448e-02
   2.0622500e+03   5.5507750e-02   5.2644214e-02   4.9928188e-02
   2.0623333e+03   5.5531347e-02   5.2662196e-02   4.9941069e-02
   2.0624167e+03   5.5555815e-02   5.2680978e-02   4.9954688e-02
   2.0625000e+03   5.5569429e-02   5.2689759e-02   4.9959100e-02
   2.0625833e+03   5.5578472e-02   5.2694331e-02   4.9959640e-02
   2.0626667e+03   5.5592029e-02   5.2703061e-02   4.9964007e-02
   2.0627500e+03   5.5617260e-02   5.2722542e-02   4.9978268e-02
   2.0628333e+03   5.5640048e-02   5.2739772e-02   4.9990457e-02
   2.0629167e+03   5.5643682e-02   5.2739363e-02   4.9986416e-02
   2.0630000e+03   5.5628483e-02   5.2721613e-02   4.9966423e-02
   2.0630833e+03   5.5604815e-02   5.2696068e-02   4.9939263e-02
   2.0631667e+03   5.5586299e-02   5.2675271e-02   4.9916474e-02
   2.0632500e+03   5.5588622e-02   5.2673664e-02   4.9911342e-02
   2.0633333e+03   5.5612298e-02   5.2691717e-02   4.9924295e-02
   2.0634167e+03   5.5636759e-02   5.2710490e-02   4.9937911e-02
   2.0635000e+03   5.5650286e-02   5.2719196e-02   4.9942267e-02
   2.0635833e+03   5.5659217e-02   5.2723673e-02   4.9942734e-02
   2.0636667e+03   5.5672686e-02   5.2732327e-02   4.9947043e-02
   2.0637500e+03   5.5697918e-02   5.2751806e-02   4.9961306e-02
   2.0638333e+03   5.5720790e-02   5.2769111e-02   4.9973570e-02
   2.0639167e+03   5.5724537e-02   5.2768817e-02   4.9969652e-02
   2.0640000e+03   5.5709448e-02   5.2751193e-02   4.9949805e-02
   2.0640833e+03   5.5685886e-02   5.2725776e-02   4.9922796e-02
   2.0641667e+03   5.5667478e-02   5.2705106e-02   4.9900155e-02
   2.0642500e+03   5.5669914e-02   5.2703614e-02   4.9895148e-02
   2.0643333e+03   5.5693670e-02   5.2721736e-02   4.9908168e-02
   2.0644167e+03   5.5718124e-02   5.2740498e-02   4.9921777e-02
   2.0645000e+03   5.5731562e-02   5.2749127e-02   4.9926071e-02
   2.0645833e+03   5.5740380e-02   5.2753505e-02   4.9926461e-02
   2.0646667e+03   5.5753761e-02   5.2762081e-02   4.9930708e-02
   2.0647500e+03   5.5778994e-02   5.2781556e-02   4.9944969e-02
   2.0648333e+03   5.5801949e-02   5.2798933e-02   4.9957302e-02
   2.0649167e+03   5.5805810e-02   5.2798753e-02   4.9953504e-02
   2.0650000e+03   5.5790832e-02   5.2781253e-02   4.9933798e-02
   2.0650833e+03   5.5767375e-02   5.2755961e-02   4.9906938e-02
   2.0651667e+03   5.5749075e-02   5.2735415e-02   4.9884441e-02
   2.0652500e+03   5.5751625e-02   5.2734037e-02   4.9879553e-02
   2.0653333e+03   5.5775460e-02   5.2752226e-02   4.9892637e-02
   2.0654167e+03   5.5799906e-02   5.2770974e-02   4.9906233e-02
   2.0655000e+03   5.5813256e-02   5.2779523e-02   4.9910462e-02
   2.0655833e+03   2.7910980e-02   2.6391900e-02   2.4955385e-02
   2.0656667e+03   2.7917626e-02   2.6396148e-02   2.4957475e-02
   2.0657500e+03   2.7930243e-02   2.6405882e-02   2.4964602e-02
   2.0658333e+03   2.7941762e-02   2.6414605e-02   2.4970801e-02
   2.0659167e+03   2.7943749e-02   2.6414571e-02   2.4968960e-02
   2.0660000e+03   2.7936316e-02   2.6405882e-02   2.4959176e-02
   2.0660833e+03   2.7924640e-02   2.6393298e-02   2.4945818e-02
   2.0661667e+03   2.7915544e-02   2.6383086e-02   2.4934640e-02
   2.0662500e+03   2.7916876e-02   2.6382453e-02   2.4932254e-02
   2.0663333e+03   2.7928833e-02   2.6391580e-02   2.4938825e-02
   2.0664167e+03   2.7941052e-02   2.6400946e-02   2.4945615e-02
   2.0665000e+03   2.7947683e-02   2.6405179e-02   2.4947694e-02
   2.0665833e+03   2.7951977e-02   2.6407266e-02   2.4947805e-02
   2.0666667e+03   2.7958578e-02   2.6411471e-02   2.4949860e-02
   2.0667500e+03   2.7971196e-02   2.6421200e-02   2.4956981e-02
   2.0668333e+03   2.7982757e-02   2.6429958e-02   2.4963210e-02
   2.0669167e+03   2.7984800e-02   2.6429978e-02   2.4961425e-02
   2.0670000e+03   2.7977422e-02   2.6421349e-02   2.4951708e-02
   2.0670833e+03   2.7965799e-02   2.6408826e-02   2.4938421e-02
   2.0671667e+03   2.7956758e-02   2.6398675e-02   2.4927311e-02
   2.0672500e+03   2.7958147e-02   2.6398097e-02   2.4924981e-02
   2.0673333e+03   2.7970143e-02   2.6407254e-02   2.4931579e-02
   2.0674167e+03   2.7982358e-02   2.6416611e-02   2.4938358e-02
   2.0675000e+03   2.7988944e-02   2.6420801e-02   2.4940400e-02
   2.0675833e+03   2.7993181e-02   2.6422835e-02   2.4940466e-02
   2.0676667e+03   2.7999737e-02   2.6426998e-02   2.4942482e-02
   2.0677500e+03   2.8012355e-02   2.6436720e-02   2.4949595e-02
   2.0678333e+03   2.8023957e-02   2.6445510e-02   2.4955853e-02
   2.0679167e+03   2.8026057e-02   2.6445584e-02   2.4954121e-02
   2.0680000e+03   2.8018735e-02   2.6437015e-02   2.4944470e-02
   2.0680833e+03   2.8007164e-02   2.6424552e-02   2.4931251e-02
   2.0681667e+03   2.7998178e-02   2.6414460e-02   2.4920208e-02
   2.0682500e+03   2.7999624e-02   2.6413936e-02   2.4917932e-02
   2.0683333e+03   2.8011660e-02   2.6423123e-02   2.4924554e-02
   2.0684167e+03   2.8023871e-02   2.6432469e-02   2.4931320e-02
   2.0685000e+03   2.8030411e-02   2.6436615e-02   2.4933323e-02
   2.0685833e+03   2.8034589e-02   2.6438595e-02   2.4933341e-02
   2.0686667e+03   2.8041100e-02   2.6442713e-02   2.4935318e-02
   2.0687500e+03   2.8053718e-02   2.6452428e-02   2.4942420e-02
   2.0688333e+03   2.8065362e-02   2.6461249e-02   2.4948703e-02
   2.0689167e+03   2.8067519e-02   2.6461375e-02   2.4947023e-02
   2.0690000e+03   2.8060252e-02   2.6452865e-02   2.4937435e-02
   2.0690833e+03   2.8048735e-02   2.6440461e-02   2.4924284e-02
   2.0691667e+03   2.8039803e-02   2.6430428e-02   2.4913305e-02
   2.0692500e+03   2.8041306e-02   2.6429956e-02   2.4911081e-02
   2.0693333e+03   2.8053381e-02   2.6439172e-02   2.4917726e-02
   2.0694167e+03   2.8065588e-02   2.6448505e-02   2.4924477e-02
   2.0695000e+03   2.8072082e-02   2.6452606e-02   2.4926437e-02
   2.0695833e+03   2.8076202e-02   2.6454530e-02   2.4926406e-02
   2.0696667e+03   2.8082667e-02   2.6458603e-02   2.4928340e-02
   2.0697500e+03   2.8095285e-02   2.6468309e-02   2.4935430e-02
   2.0698333e+03   2.8106970e-02   2.6477161e-02   2.4941737e-02
   2.0699167e+03   2.8109185e-02   2.6477338e-02   2.4940106e-02
   2.0700000e+03   2.8101973e-02   2.6468885e-02   2.4930580e-02
   2.0700833e+03   2.8090509e-02   2.6456539e-02   2.4917494e-02
   2.0701667e+03   2.8081632e-02   2.6446564e-02   2.4906578e-02
   2.0702500e+03   2.8083191e-02   2.6446144e-02   2.4904404e-02
   2.0703333e+03   2.8095307e-02   2.6455387e-02   2.4911068e-02
   2.0704167e+03   2.8107508e-02   2.6464707e-02   2.4917802e-02
   2.0705000e+03   2.8113957e-02   2.6468761e-02   2.4919718e-02
   2.0705833e+03   2.8118018e-02   2.6470628e-02   2.4919635e-02
   2.0706667e+03   2.8124437e-02   2.6474653e-02   2.4921525e-02
   2.0707500e+03   2.8137054e-02   2.6484350e-02   2.4928600e-02
   2.0708333e+03   2.8148781e-02   2.6493230e-02   2.4934927e-02
   2.0709167e+03   2.8151053e-02   2.6493458e-02   2.4933344e-02
   2.0710000e+03   2.8143897e-02   2.6485062e-02   2.4923878e-02
   2.0710833e+03   2.8132486e-02   2.6472773e-02   2.4910856e-02
   2.0711667e+03   2.8123664e-02   2.6462855e-02   2.4900001e-02
   2.0712500e+03   2.8125280e-02   2.6462485e-02   2.4897875e-02
   2.0713333e+03   2.8137435e-02   2.6471755e-02   2.4904556e-02
   2.0714167e+03   2.8149632e-02   2.6481060e-02   2.4911270e-02
   2.0715000e+03   2.8156035e-02   2.6485066e-02   2.4913140e-02
   2.0715833e+03   2.8160036e-02   2.6486875e-02   2.4913003e-02
   2.0716667e+03   2.8166408e-02   2.6490851e-02   2.4914846e-02
   2.0717500e+03   2.8179025e-02   2.6500536e-02   2.4921903e-02
   2.0718333e+03   2.8190794e-02   2.6509444e-02   2.4928250e-02
   2.0719167e+03   2.8193122e-02   2.6509721e-02   2.4926712e-02
   2.0720000e+03   2.8186023e-02   2.6501381e-02   2.4917304e-02
   2.0720833e+03   2.8174664e-02   2.6489149e-02   2.4904344e-02
   2.0721667e+03   2.8165897e-02   2.6479286e-02   2.4893548e-02
   2.0722500e+03   2.8167571e-02   2.6478967e-02   2.4891468e-02
   2.0723333e+03   2.8179766e-02   2.6488261e-02   2.4898165e-02
   2.0724167e+03   2.8191957e-02   2.6497550e-02   2.4904857e-02
   2.0725000e+03   2.8198313e-02   2.6501506e-02   2.4906678e-02
   2.0725833e+03   2.8202254e-02   2.6503255e-02   2.4906485e-02
   2.0726667e+03   2.8208580e-02   2.6507182e-02   2.4908279e-02
   2.0727500e+03   2.8221196e-02   2.6516854e-02   2.4915316e-02
   2.0728333e+03   2.8233007e-02   2.6525789e-02   2.4921679e-02
   2.0729167e+03   2.8235392e-02   2.6526114e-02   2.4920185e-02
   2.0730000e+03   2.8228348e-02   2.6517828e-02   2.4910833e-02
   2.0730833e+03   2.8217043e-02   2.6505652e-02   2.4897933e-02
   2.0731667e+03   2.8208331e-02   2.6495845e-02   2.4887195e-02
   2.0732500e+03   2.8210062e-02   2.6495573e-02   2.4885158e-02
   2.0733333e+03   2.8222297e-02   2.6504891e-02   2.4891869e-02
   2.0734167e+03   2.8234483e-02   2.6514163e-02   2.4898536e-02
   2.0735000e+03   2.8240792e-02   2.6518068e-02   2.4900307e-02
   2.0735833e+03   2.8244673e-02   2.6519756e-02   2.4900055e-02
   2.0736667e+03   2.8250951e-02   2.6523632e-02   2.4901798e-02
   2.0737500e+03   2.8263566e-02   2.6533290e-02   2.4908813e-02
   2.0738333e+03   2.8275419e-02   2.6542250e-02   2.4915190e-02
   2.0739167e+03   2.8277861e-02   2.6542622e-02   2.4913737e-02
   2.0740000e+03   2.8270874e-02   2.6534390e-02   2.4904440e-02
   2.0740833e+03   2.8259622e-02   2.6522269e-02   2.4891598e-02
   2.0741667e+03   2.8250965e-02   2.6512515e-02   2.4880916e-02
   2.0742500e+03   2.8252753e-02   2.6512292e-02   2.4878921e-02
   2.0743333e+03   2.8265027e-02   2.6521632e-02   2.4885642e-02
   2.0744167e+03   2.8277208e-02   2.6530885e-02   2.4892282e-02
   2.0745000e+03   2.8283470e-02   2.6534738e-02   2.4894000e-02
   2.0745833e+03   2.8287290e-02   2.6536364e-02   2.4893688e-02
   2.0746667e+03   2.8293520e-02   2.6540186e-02   2.4895378e-02
   2.0747500e+03   2.8306135e-02   2.6549829e-02   2.4902368e-02
   2.0748333e+03   2.8318029e-02   2.6558813e-02   2.4908758e-02
   2.0749167e+03   2.8320529e-02   2.6559232e-02   2.4907343e-02
   2.0750000e+03   2.8313597e-02   2.6551052e-02   2.4898099e-02
   2.0750833e+03   2.8302397e-02   2.6538983e-02   2.4885312e-02
   2.0751667e+03   2.8293791e-02   2.6529279e-02   2.4874681e-02
   2.0752500e+03   2.8295632e-02   2.6529098e-02   2.4872722e-02
   2.0753333e+03   2.8307943e-02   2.6538457e-02   2.4879449e-02
   2.0754167e+03   2.8320122e-02   2.6547693e-02   2.4886063e-02
   2.0755000e+03   2.8326346e-02   2.6551501e-02   2.4887734e-02
   2.0755833e+03   2.8330118e-02   2.6553076e-02   2.4887371e-02
   2.0756667e+03   2.8336314e-02   2.6556857e-02   2.4889016e-02
   2.0757500e+03   2.8348933e-02   2.6566487e-02   2.4895984e-02
   2.0758333e+03   2.8360862e-02   2.6575488e-02   2.4902377e-02
   2.0759167e+03   2.8363402e-02   2.6575936e-02   2.4900986e-02
   2.0760000e+03   2.8356504e-02   2.6567787e-02   2.4891773e-02
   2.0760833e+03   2.8345332e-02   2.6555749e-02   2.4879021e-02
   2.0761667e+03   2.8336757e-02   2.6546076e-02   2.4868422e-02
   2.0762500e+03   2.8338637e-02   2.6545922e-02   2.4866485e-02
   2.0763333e+03   2.8350981e-02   2.6555294e-02   2.4873212e-02
   2.0764167e+03   2.8363162e-02   2.6564517e-02   2.4879801e-02
   2.0765000e+03   2.8369358e-02   2.6568288e-02   2.4881432e-02
   2.0765833e+03   2.8373092e-02   2.6569819e-02   2.4881024e-02
   2.0766667e+03   2.8379260e-02   2.6573563e-02   2.4882628e-02
   2.0767500e+03   2.8391884e-02   2.6583182e-02   2.4889572e-02
   2.0768333e+03   2.8403847e-02   2.6592197e-02   2.4895966e-02
   2.0769167e+03   2.8406426e-02   2.6592672e-02   2.4894594e-02
   2.0770000e+03   2.8399561e-02   2.6584553e-02   2.4885411e-02
   2.0770833e+03   2.8388418e-02   2.6572545e-02   2.4872692e-02
   2.0771667e+03   2.8379875e-02   2.6562901e-02   2.4862125e-02
   2.0772500e+03   2.8381793e-02   2.6562775e-02   2.4860207e-02
   2.0773333e+03   2.8394169e-02   2.6572159e-02   2.4866932e-02
   2.0774167e+03   2.8406353e-02   2.6581366e-02   2.4873495e-02
   2.0775000e+03   2.8412520e-02   2.6585100e-02   2.4875082e-02
   2.0775833e+03   2.8416217e-02   2.6586586e-02   2.4874627e-02
   2.0776667e+03   2.8422356e-02   2.6590292e-02   2.4876188e-02
   2.0777500e+03   2.8434986e-02   2.6599898e-02   2.4883107e-02
   2.0778333e+03   2.8446982e-02   2.6608926e-02   2.4889499e-02
   2.0779167e+03   2.8449600e-02   2.6609426e-02   2.4888145e-02
   2.0780000e+03   2.8442768e-02   2.6601337e-02   2.4878990e-02
   2.0780833e+03   2.8431655e-02   2.6589357e-02   2.4866303e-02
   2.0781667e+03   2.8423143e-02   2.6579743e-02   2.4855764e-02
   2.0782500e+03   2.8425100e-02   2.6579642e-02   2.4853865e-02
   2.0783333e+03   2.8437508e-02   2.6589037e-02   2.4860585e-02
   2.0784167e+03   2.8449695e-02   2.6598228e-02   2.4867118e-02
   2.0785000e+03   2.8455834e-02   2.6601923e-02   2.4868661e-02
   2.0785833e+03   2.8459491e-02   2.6603363e-02   2.4868156e-02
   2.0786667e+03   2.8465602e-02   2.6607029e-02   2.4869672e-02
   2.0787500e+03   2.8478238e-02   2.6616621e-02   2.4876563e-02
   2.0788333e+03   2.8490268e-02   2.6625660e-02   2.4882951e-02
   2.0789167e+03   2.8492925e-02   2.6626186e-02   2.4881613e-02
   2.0790000e+03   2.8486126e-02   2.6618124e-02   2.4872484e-02
   2.0790833e+03   2.8475041e-02   2.6606173e-02   2.4859827e-02
   2.0791667e+03   2.8466561e-02   2.6596587e-02   2.4849316e-02
   2.0792500e+03   2.8468557e-02   2.6596511e-02   2.4847432e-02
   2.0793333e+03   2.8480998e-02   2.6605915e-02   2.4854146e-02
   2.0794167e+03   2.8493187e-02   2.6615089e-02   2.4860648e-02
   2.0795000e+03   2.8499297e-02   2.6618743e-02   2.4862144e-02
   2.0795833e+03   2.8502916e-02   2.6620136e-02   2.4861588e-02
   2.0796667e+03   2.8508998e-02   2.6623762e-02   2.4863056e-02
   2.0797500e+03   2.8521640e-02   2.6633338e-02   2.4869917e-02
   2.0798333e+03   2.8533703e-02   2.6642388e-02   2.4876299e-02
   2.0799167e+03   2.8536399e-02   2.6642937e-02   2.4874974e-02
   2.0800000e+03   2.8529633e-02   2.6634903e-02   2.4865870e-02
   2.0800833e+03   2.8518578e-02   2.6622979e-02   2.4853241e-02
   2.0801667e+03   2.8510130e-02   2.6613420e-02   2.4842757e-02
   2.0802500e+03   2.8512164e-02   2.6613368e-02   2.4840887e-02
   2.0803333e+03   2.8524638e-02   2.6622780e-02   2.4847591e-02
   2.0804167e+03   2.8536829e-02   2.6631935e-02   2.4854059e-02
   2.0805000e+03   2.8542910e-02   2.6635548e-02   2.4855506e-02
   2.0805833e+03   2.8546491e-02   2.6636892e-02   2.4854897e-02
   2.0806667e+03   2.8552544e-02   2.6640476e-02   2.4856316e-02
   2.0807500e+03   2.8565191e-02   2.6650036e-02   2.4863144e-02
   2.0808333e+03   2.8577288e-02   2.6659094e-02   2.4869517e-02
   2.0809167e+03   2.8580023e-02   2.6659666e-02   2.4868204e-02
   2.0810000e+03   2.8573291e-02   2.6651658e-02   2.4859123e-02
   2.0810833e+03   2.8562265e-02   2.6639761e-02   2.4846521e-02
   2.0811667e+03   2.8553848e-02   2.6630228e-02   2.4836061e-02
   2.0812500e+03   2.8555921e-02   2.6630199e-02   2.4834203e-02
   2.0813333e+03   2.8568427e-02   2.6639619e-02   2.4840896e-02
   2.0814167e+03   2.8580621e-02   2.6648753e-02   2.4847329e-02
   2.0815000e+03   2.8586673e-02   2.6652323e-02   2.4848724e-02
   2.0815833e+03   2.8590214e-02   2.6653618e-02   2.4848060e-02
   2.0816667e+03   2.8596238e-02   2.6657159e-02   2.4849427e-02
   2.0817500e+03   2.8608891e-02   2.6666700e-02   2.4856221e-02
   2.0818333e+03   2.8621022e-02   2.6675767e-02   2.4862583e-02
   2.0819167e+03   2.8623796e-02   2.6676360e-02   2.4861279e-02
   2.0820000e+03   2.8617097e-02   2.6668378e-02   2.4852220e-02
   2.0820833e+03   2.8606100e-02   2.6656506e-02   2.4839643e-02
   2.0821667e+03   2.8597716e-02   2.6646999e-02   2.4829205e-02
   2.0822500e+03   2.8599828e-02   2.6646992e-02   2.4827357e-02
   2.0823333e+03   2.8612366e-02   2.6656417e-02   2.4834037e-02
   2.0824167e+03   2.8624562e-02   2.6665530e-02   2.4840431e-02
   2.0825000e+03   2.8630586e-02   2.6669056e-02   2.4841774e-02
   2.0825833e+03   2.8634087e-02   2.6670299e-02   2.4841051e-02
   2.0826667e+03   2.8640082e-02   2.6673796e-02   2.4842365e-02
   2.0827500e+03   2.8652740e-02   2.6683318e-02   2.4849122e-02
   2.0828333e+03   2.8664905e-02   2.6692391e-02   2.4855471e-02
   2.0829167e+03   2.8667719e-02   2.6693006e-02   2.4854175e-02
   2.0830000e+03   2.8661053e-02   2.6685048e-02   2.4845135e-02
   2.0830833e+03   2.8650085e-02   2.6673201e-02   2.4832582e-02
   2.0831667e+03   2.8641732e-02   2.6663718e-02   2.4822165e-02
   2.0832500e+03   2.8643884e-02   2.6663732e-02   2.4820325e-02
   2.0833333e+03   2.8656455e-02   2.6673162e-02   2.4826989e-02
   2.0834167e+03   2.8668652e-02   2.6682251e-02   2.4833342e-02
   2.0835000e+03   2.8674647e-02   2.6685733e-02   2.4834630e-02
   2.0835833e+03   2.8678109e-02   2.6686924e-02   2.4833848e-02
   2.0836667e+03   2.8684074e-02   2.6690375e-02   2.4835106e-02
   2.0837500e+03   2.8696737e-02   2.6699876e-02   2.4841824e-02
   2.0838333e+03   2.8708936e-02   2.6708955e-02   2.4848157e-02
   2.0839167e+03   2.8711789e-02   2.6709589e-02   2.4846867e-02
   2.0840000e+03   2.8705157e-02   2.6701654e-02   2.4837845e-02
   2.0840833e+03   2.8694219e-02   2.6689832e-02   2.4825314e-02
   2.0841667e+03   2.8685898e-02   2.6680373e-02   2.4814917e-02
   2.0842500e+03   2.8688089e-02   2.6680405e-02   2.4813083e-02
   2.0843333e+03   2.8700692e-02   2.6689839e-02   2.4819728e-02
   2.0844167e+03   2.8712892e-02   2.6698905e-02   2.4826039e-02
   2.0845000e+03   2.8718857e-02   2.6702339e-02   2.4827269e-02
   2.0845833e+03   2.8722279e-02   2.6703477e-02   2.4826426e-02
   2.0846667e+03   2.8728214e-02   2.6706882e-02   2.4827626e-02
   2.0847500e+03   2.8740883e-02   2.6716361e-02   2.4834302e-02
   2.0848333e+03   2.8753116e-02   2.6725443e-02   2.4840617e-02
   2.0849167e+03   2.8756008e-02   2.6726096e-02   2.4839331e-02
   2.0850000e+03   2.8749409e-02   2.6718184e-02   2.4830325e-02
   2.0850833e+03   2.8738501e-02   2.6706385e-02   2.4817815e-02
   2.0851667e+03   2.8730212e-02   2.6696948e-02   2.4807436e-02
   2.0852500e+03   2.8732442e-02   2.6697000e-02   2.4805606e-02
   2.0853333e+03   2.8745078e-02   2.6706435e-02   2.4812230e-02
   2.0854167e+03   2.8757280e-02   2.6715475e-02   2.4818496e-02
   2.0855000e+03   2.8763215e-02   2.6718862e-02   2.4819667e-02
   2.0855833e+03   2.8766597e-02   2.6719945e-02   2.4818761e-02
   2.0856667e+03   2.8772503e-02   2.6723302e-02   2.4819901e-02
   2.0857500e+03   2.8785177e-02   2.6732758e-02   2.4826533e-02
   2.0858333e+03   2.8797443e-02   2.6741843e-02   2.4832828e-02
   2.0859167e+03   2.8800375e-02   2.6742513e-02   2.4831544e-02
   2.0860000e+03   2.8793810e-02   2.6734623e-02   2.4822552e-02
   2.0860833e+03   2.8782931e-02   2.6722846e-02   2.4810061e-02
   2.0861667e+03   2.8774674e-02   2.6713432e-02   2.4799698e-02
   2.0862500e+03   2.8776943e-02   2.6713501e-02   2.4797870e-02
   2.0863333e+03   2.8789612e-02   2.6722937e-02   2.4804471e-02
   2.0864167e+03   2.8801816e-02   2.6731950e-02   2.4810690e-02
   2.0865000e+03   2.8807721e-02   2.6735288e-02   2.4811799e-02
   2.0865833e+03   2.8811063e-02   2.6736316e-02   2.4810828e-02
   2.0866667e+03   2.8816938e-02   2.6739623e-02   2.4811906e-02
   2.0867500e+03   2.8829618e-02   2.6749054e-02   2.4818492e-02
   2.0868333e+03   2.8841918e-02   2.6758141e-02   2.4824765e-02
   2.0869167e+03   2.8844890e-02   2.6758827e-02   2.4823480e-02
   2.0870000e+03   2.8838358e-02   2.6750958e-02   2.4814501e-02
   2.0870833e+03   2.8827509e-02   2.6739203e-02   2.4802028e-02
   2.0871667e+03   2.8819284e-02   2.6729810e-02   2.4791679e-02
   2.0872500e+03   2.8821593e-02   2.6729895e-02   2.4789852e-02
   2.0873333e+03   2.8834294e-02   2.6739330e-02   2.4796427e-02
   2.0874167e+03   2.8846500e-02   2.6748316e-02   2.4802596e-02
   2.0875000e+03   2.8852375e-02   2.6751604e-02   2.4803642e-02
   2.0875833e+03   2.8855676e-02   2.6752574e-02   2.4802604e-02
   2.0876667e+03   2.8861522e-02   2.6755831e-02   2.4803618e-02
   2.0877500e+03   2.8874206e-02   2.6765236e-02   2.4810155e-02
   2.0878333e+03   2.8886541e-02   2.6774323e-02   2.4816403e-02
   2.0879167e+03   2.8889552e-02   2.6775024e-02   2.4815116e-02
   2.0880000e+03   2.8883054e-02   2.6767175e-02   2.4806148e-02
   2.0880833e+03   2.8872234e-02   2.6755441e-02   2.4793691e-02
   2.0881667e+03   2.8864042e-02   2.6746068e-02   2.4783356e-02
   2.0882500e+03   2.8866390e-02   2.6746169e-02   2.4781526e-02
   2.0883333e+03   2.8879124e-02   2.6755602e-02   2.4788074e-02
   2.0884167e+03   2.8891331e-02   2.6764558e-02   2.4794191e-02
   2.0885000e+03   2.8897176e-02   2.6767794e-02   2.4795171e-02
   2.0885833e+03   2.8900437e-02   2.6768707e-02   2.4794064e-02
   2.0886667e+03   2.8906252e-02   2.6771912e-02   2.4795013e-02
   2.0887500e+03   2.8918941e-02   2.6781289e-02   2.4801498e-02
   2.0888333e+03   2.8931310e-02   2.6790375e-02   2.4807719e-02
   2.0889167e+03   2.8934361e-02   2.6791091e-02   2.4806428e-02
   2.0890000e+03   2.8927897e-02   2.6783261e-02   2.4797470e-02
   2.0890833e+03   2.8917107e-02   2.6771546e-02   2.4785028e-02
   2.0891667e+03   2.8908947e-02   2.6762193e-02   2.4774703e-02
   2.0892500e+03   2.8911334e-02   2.6762308e-02   2.4772870e-02
   2.0893333e+03   2.8924102e-02   2.6771738e-02   2.4779388e-02
   2.0894167e+03   2.8936310e-02   2.6780663e-02   2.4785451e-02
   2.0895000e+03   2.8942125e-02   2.6783847e-02   2.4786363e-02
   2.0895833e+03   2.8945344e-02   2.6784700e-02   2.4785185e-02
   2.0896667e+03   2.8951128e-02   2.6787852e-02   2.4786065e-02
   2.0897500e+03   2.8963823e-02   2.6797201e-02   2.4792498e-02
   2.0898333e+03   2.8976225e-02   2.6806284e-02   2.4798690e-02
   2.0899167e+03   2.8979316e-02   2.6807013e-02   2.4797392e-02
   2.0900000e+03   2.8972886e-02   2.6799201e-02   2.4788442e-02
   2.0900833e+03   2.8962126e-02   2.6787506e-02   2.4776013e-02
   2.0901667e+03   2.8953998e-02   2.6778171e-02   2.4765698e-02
   2.0902500e+03   2.8956425e-02   2.6778299e-02   2.4763859e-02
   2.0903333e+03   2.8969226e-02   2.6787725e-02   2.4770345e-02
   2.0904167e+03   2.8981436e-02   2.6796618e-02   2.4776351e-02
   2.0905000e+03   2.8987220e-02   2.6799747e-02   2.4777194e-02
   2.0905833e+03   2.8990398e-02   2.6800540e-02   2.4775942e-02
   2.0906667e+03   2.8996151e-02   2.6803637e-02   2.4776753e-02
   2.0907500e+03   2.9008851e-02   2.6812956e-02   2.4783130e-02
   2.0908333e+03   2.9021287e-02   2.6822036e-02   2.4789290e-02
   2.0909167e+03   2.9024418e-02   2.6822776e-02   2.4787984e-02
   2.0910000e+03   2.9018022e-02   2.6814982e-02   2.4779040e-02
   2.0910833e+03   2.9007292e-02   2.6803305e-02   2.4766622e-02
   2.0911667e+03   2.8999197e-02   2.6793988e-02   2.4756316e-02
   2.0912500e+03   2.9001663e-02   2.6794128e-02   2.4754469e-02
   2.0913333e+03   2.9014496e-02   2.6803548e-02   2.4760920e-02
   2.0914167e+03   2.9026708e-02   2.6812408e-02   2.4766868e-02
   2.0915000e+03   2.9032461e-02   2.6815482e-02   2.4767639e-02
   2.0915833e+03   2.9035598e-02   2.6816212e-02   2.4766312e-02
   2.0916667e+03   2.9041320e-02   2.6819255e-02   2.4767051e-02
   2.0917500e+03   2.9054024e-02   2.6828542e-02   2.4773370e-02
   2.0918333e+03   2.9066495e-02   2.6837617e-02   2.4779496e-02
   2.0919167e+03   2.9069666e-02   2.6838368e-02   2.4778180e-02
   2.0920000e+03   2.9063304e-02   2.6830590e-02   2.4769241e-02
   2.0920833e+03   2.9052604e-02   2.6818931e-02   2.4756833e-02
   2.0921667e+03   2.9044541e-02   2.6809631e-02   2.4746533e-02
   2.0922500e+03   2.9047048e-02   2.6809782e-02   2.4744677e-02
   2.0923333e+03   2.9059914e-02   2.6819194e-02   2.4751091e-02
   2.0924167e+03   2.9072127e-02   2.6828019e-02   2.4756977e-02
   2.0925000e+03   2.9077848e-02   2.6831037e-02   2.4757675e-02
   2.0925833e+03   2.9080944e-02   2.6831704e-02   2.4756271e-02
   2.0926667e+03   2.9086635e-02   2.6834690e-02   2.4756936e-02
   2.0927500e+03   2.9099344e-02   2.6843944e-02   2.4763195e-02
   2.0928333e+03   2.9111849e-02   2.6853013e-02   2.4769284e-02
   2.0929167e+03   2.9115060e-02   2.6853774e-02   2.4767956e-02
   2.0930000e+03   2.9108732e-02   2.6846011e-02   2.4759020e-02
   2.0930833e+03   2.9098062e-02   2.6834369e-02   2.4746621e-02
   2.0931667e+03   2.9090031e-02   2.6825084e-02   2.4736326e-02
   2.0932500e+03   2.9092578e-02   2.6825245e-02   2.4734458e-02
   2.0933333e+03   2.9105477e-02   2.6834649e-02   2.4740833e-02
   2.0934167e+03   2.9117691e-02   2.6843438e-02   2.4746656e-02
   2.0935000e+03   2.9123382e-02   2.6846398e-02   2.4747277e-02
   2.0935833e+03   2.9126435e-02   2.6847001e-02   2.4745795e-02
   2.0936667e+03   2.9132094e-02   2.6849929e-02   2.4746384e-02
   2.0937500e+03   2.9144808e-02   2.6859149e-02   2.4752580e-02
   2.0938333e+03   2.9157347e-02   2.6868210e-02   2.4758631e-02
   2.0939167e+03   2.9160598e-02   2.6868980e-02   2.4757288e-02
   2.0940000e+03   2.9154305e-02   2.6861232e-02   2.4748353e-02
   2.0940833e+03   2.9143665e-02   2.6849605e-02   2.4735962e-02
   2.0941667e+03   2.9135667e-02   2.6840336e-02   2.4725671e-02
   2.0942500e+03   2.9138253e-02   2.6840506e-02   2.4723789e-02
   2.0943333e+03   2.9151185e-02   2.6849900e-02   2.4730122e-02
   2.0944167e+03   2.9163401e-02   2.6858651e-02   2.4735879e-02
   2.0945000e+03   2.9169060e-02   2.6861552e-02   2.4736423e-02
   2.0945833e+03   2.9172071e-02   2.6862090e-02   2.4734861e-02
   2.0946667e+03   2.9177699e-02   2.6864958e-02   2.4735371e-02
   2.0947500e+03   2.9190417e-02   2.6874143e-02   2.4741503e-02
   2.0948333e+03   2.9202991e-02   2.6883195e-02   2.4747512e-02
   2.0949167e+03   2.9206282e-02   2.6883972e-02   2.4746153e-02
   2.0950000e+03   2.9200023e-02   2.6876237e-02   2.4737218e-02
   2.0950833e+03   2.9189413e-02   2.6864626e-02   2.4724833e-02
   2.0951667e+03   2.9181448e-02   2.6855371e-02   2.4714543e-02
   2.0952500e+03   2.9184074e-02   2.6855549e-02   2.4712646e-02
   2.0953333e+03   2.9197039e-02   2.6864931e-02   2.4718935e-02
   2.0954167e+03   2.9209256e-02   2.6873643e-02   2.4724624e-02
   2.0955000e+03   2.9214883e-02   2.6876484e-02   2.4725089e-02
   2.0955833e+03   2.9217852e-02   2.6876955e-02   2.4723444e-02
   2.0956667e+03   2.9223448e-02   2.6879763e-02   2.4723874e-02
   2.0957500e+03   2.9236171e-02   2.6888911e-02   2.4729938e-02
   2.0958333e+03   2.9248779e-02   2.6897953e-02   2.4735905e-02
   2.0959167e+03   2.9252110e-02   2.6898736e-02   2.4734527e-02
   2.0960000e+03   2.9245886e-02   2.6891014e-02   2.4725590e-02
   2.0960833e+03   2.9235306e-02   2.6879418e-02   2.4713209e-02
   2.0961667e+03   2.9227374e-02   2.6870176e-02   2.4702921e-02
   2.0962500e+03   2.9230040e-02   2.6870360e-02   2.4701006e-02
   2.0963333e+03   2.9243038e-02   2.6879730e-02   2.4707248e-02
   2.0964167e+03   2.9255256e-02   2.6888402e-02   2.4712867e-02
   2.0965000e+03   2.9260851e-02   2.6891181e-02   2.4713250e-02
   2.0965833e+03   2.9263777e-02   2.6891585e-02   2.4711520e-02
   2.0966667e+03   2.9269341e-02   2.6894331e-02   2.4711869e-02
   2.0967500e+03   2.9282068e-02   2.6903440e-02   2.4717864e-02
   2.0968333e+03   2.9294711e-02   2.6912470e-02   2.4723784e-02
   2.0969167e+03   2.9298083e-02   2.6913258e-02   2.4722387e-02
   2.0970000e+03   2.9291893e-02   2.6905549e-02   2.4713447e-02
   2.0970833e+03   2.9281343e-02   2.6893966e-02   2.4701068e-02
   2.0971667e+03   2.9273444e-02   2.6884736e-02   2.4690779e-02
   2.0972500e+03   2.9276150e-02   2.6884926e-02   2.4688844e-02
   2.0973333e+03   2.9289182e-02   2.6894282e-02   2.4695038e-02
   2.0974167e+03   2.9301401e-02   2.6902912e-02   2.4700585e-02
   2.0975000e+03   2.9306964e-02   2.6905629e-02   2.4700884e-02
   2.0975833e+03   2.9309846e-02   2.6905963e-02   2.4699068e-02
   2.0976667e+03   2.9315378e-02   2.6908646e-02   2.4699332e-02
   2.0977500e+03   2.9328110e-02   2.6917716e-02   2.4705255e-02
   2.0978333e+03   2.9340787e-02   2.6926733e-02   2.4711128e-02
   2.0979167e+03   2.9344199e-02   2.6927525e-02   2.4709708e-02
   2.0980000e+03   2.9338044e-02   2.6919826e-02   2.4700763e-02
   2.0980833e+03   2.9327524e-02   2.6908256e-02   2.4688386e-02
   2.0981667e+03   2.9319658e-02   2.6899038e-02   2.4678094e-02
   2.0982500e+03   2.9322405e-02   2.6899232e-02   2.4676138e-02
   2.0983333e+03   2.9335469e-02   2.6908573e-02   2.4682281e-02
   2.0984167e+03   2.9347689e-02   2.6917160e-02   2.4687752e-02
   2.0985000e+03   2.9353220e-02   2.6919813e-02   2.4687966e-02
   2.0985833e+03   2.9356059e-02   2.6920077e-02   2.4686062e-02
   2.0986667e+03   2.9361559e-02   2.6922696e-02   2.4686241e-02
   2.0987500e+03   2.9374295e-02   2.6931724e-02   2.4692090e-02
   2.0988333e+03   2.9387006e-02   2.6940727e-02   2.4697912e-02
   2.0989167e+03   2.9390459e-02   2.6941522e-02   2.4696468e-02
   2.0990000e+03   2.9384338e-02   2.6933833e-02   2.4687516e-02
   2.0990833e+03   2.9373849e-02   2.6922275e-02   2.4675140e-02
   2.0991667e+03   2.9366016e-02   2.6913068e-02   2.4664843e-02
   2.0992500e+03   2.9368803e-02   2.6913266e-02   2.4662864e-02
   2.0993333e+03   2.9381901e-02   2.6922589e-02   2.4668953e-02
   2.0994167e+03   2.9394121e-02   2.6931132e-02   2.4674348e-02
   2.0995000e+03   2.9399619e-02   2.6933719e-02   2.4674474e-02
   2.0995833e+03   2.9402416e-02   2.6933912e-02   2.4672480e-02
   2.0996667e+03   2.9407882e-02   2.6936465e-02   2.4672571e-02
   2.0997500e+03   2.9420622e-02   2.6945451e-02   2.4678344e-02
   2.0998333e+03   2.9433368e-02   2.6954438e-02   2.4684113e-02
   2.0999167e+03   2.9436862e-02   2.6955235e-02   2.4682643e-02
   2.1000000e+03   2.9430776e-02   2.6947556e-02   2.4673683e-02
   2.1000833e+03   2.9420317e-02   2.6936009e-02   2.4661305e-02
   2.1001667e+03   2.9412517e-02   2.6926812e-02   2.4651003e-02
   2.1002500e+03   2.9415344e-02   2.6927011e-02   2.4648998e-02
   2.1003333e+03   2.9428475e-02   2.6936317e-02   2.4655032e-02
   2.1004167e+03   2.9440697e-02   2.6944813e-02   2.4660347e-02
   2.1005000e+03   2.9446162e-02   2.6947334e-02   2.4660384e-02
   2.1005833e+03   2.9448915e-02   2.6947455e-02   2.4658298e-02
   2.1006667e+03   2.9454348e-02   2.6949941e-02   2.4658299e-02
   2.1007500e+03   2.9467093e-02   2.6958883e-02   2.4663993e-02
   2.1008333e+03   2.9479873e-02   2.6967852e-02   2.4669708e-02
   2.1009167e+03   2.9483407e-02   2.6968650e-02   2.4668209e-02
