   2.0000000e+03   1.0000000e+00   1.0000000e+00   1.0000000e+00
   2.0000833e+03   1.0000000e+00   1.0000000e+00   1.0000000e+00
   2.0001667e+03   1.0000000e+00   1.0000000e+00   1.0000000e+00
   2.0002500e+03   1.0000000e+00   1.0000000e+00   1.0000000e+00
   2.0003333e+03   1.0000000e+00   1.0000000e+00   1.0000000e+00
   2.0004167e+03   1.0000000e+00   1.0000000e+00   1.0000000e+00
   2.0005000e+03   1.0000000e+00   1.0000000e+00   1.0000000e+00
   2.0005833e+03   1.0000000e+00   1.0000000e+00   1.0000000e+00
   2.0006667e+03   1.0000000e+00   1.0000000e+00   1.0000000e+00
   2.0007500e+03   1.0000000e+00   1.0000000e+00   1.0000000e+00
   2.0008333e+03   1.0000000e+00   1.0000000e+00   1.0000000e+00
   2.0009167e+03   1.0000000e+00   1.0000000e+00   1.0000000e+00
   2.0010000e+03   9.9992293e-01   9.9992240e-01   9.9992187e-01
   2.0010833e+03   9.9976418e-01   9.9976262e-01   9.9976106e-01
   2.0011667e+03   9.9961120e-01   9.9960809e-01   9.9960498e-01
   2.0012500e+03   9.9951694e-01   9.9951172e-01   9.9950649e-01
   2.0013333e+03   9.9954077e-01   9.9953277e-01   9.9952477e-01
   2.0014167e+03   9.9963206e-01   9.9962064e-01   9.9960922e-01
   2.0015000e+03   9.9972308e-01   9.9970767e-01   9.9969225e-01
   2.0015833e+03   9.9979330e-01   9.9977336e-01   9.9975342e-01
   2.0016667e+03   9.9983381e-01   9.9980884e-01   9.9978386e-01
   2.0017500e+03   9.9988284e-01   9.9985225e-01   9.9982165e-01
   2.0018333e+03   9.9997526e-01   9.9993838e-01   9.9990150e-01
   2.0019167e+03   1.0000158e+00   9.9997217e-01   9.9992857e-01
   2.0020000e+03   9.9994254e-01   9.9989199e-01   9.9984144e-01
   2.0020833e+03   9.9978840e-01   9.9973061e-01   9.9967283e-01
   2.0021667e+03   9.9963998e-01   9.9957442e-01   9.9950887e-01
   2.0022500e+03   9.9954974e-01   9.9947568e-01   9.9940164e-01
   2.0023333e+03   9.9957607e-01   9.9949254e-01   9.9940902e-01
   2.0024167e+03   9.9966774e-01   9.9957391e-01   9.9948009e-01
   2.0025000e+03   9.9975830e-01   9.9965359e-01   9.9954890e-01
   2.0025833e+03   9.9982696e-01   9.9971091e-01   9.9959486e-01
   2.0026667e+03   9.9986508e-01   9.9973725e-01   9.9960943e-01
   2.0027500e+03   9.9991192e-01   9.9977170e-01   9.9963150e-01
   2.0028333e+03   1.0000041e+00   9.9985068e-01   9.9969729e-01
   2.0029167e+03   1.0000468e+00   9.9987988e-01   9.9971300e-01
   2.0030000e+03   9.9997737e-01   9.9979703e-01   9.9961673e-01
   2.0030833e+03   9.9982779e-01   9.9963397e-01   9.9944018e-01
   2.0031667e+03   9.9968389e-01   9.9947602e-01   9.9926819e-01
   2.0032500e+03   9.9959763e-01   9.9937482e-01   9.9915206e-01
   2.0033333e+03   9.9962642e-01   9.9938738e-01   9.9914840e-01
   2.0034167e+03   9.9971842e-01   9.9946215e-01   9.9920594e-01
   2.0035000e+03   9.9980847e-01   9.9953440e-01   9.9926039e-01
   2.0035833e+03   9.9987552e-01   9.9958323e-01   9.9929103e-01
   2.0036667e+03   9.9991119e-01   9.9960036e-01   9.9928961e-01
   2.0037500e+03   9.9995580e-01   9.9962578e-01   9.9929586e-01
   2.0038333e+03   1.0000477e+00   9.9969750e-01   9.9934745e-01
   2.0039167e+03   1.0000925e+00   9.9972201e-01   9.9935164e-01
   2.0040000e+03   1.0000268e+00   9.9963639e-01   9.9924609e-01
   2.0040833e+03   9.9988180e-01   9.9947155e-01   9.9906146e-01
   2.0041667e+03   9.9974237e-01   9.9931175e-01   9.9888131e-01
   2.0042500e+03   9.9966005e-01   9.9920800e-01   9.9875616e-01
   2.0043333e+03   9.9969126e-01   9.9921617e-01   9.9874129e-01
   2.0044167e+03   9.9978355e-01   9.9928424e-01   9.9878518e-01
   2.0045000e+03   9.9987303e-01   9.9934895e-01   9.9882514e-01
   2.0045833e+03   9.9993841e-01   9.9938922e-01   9.9884033e-01
   2.0046667e+03   9.9997159e-01   9.9939705e-01   9.9882283e-01
   2.0047500e+03   1.0000139e+00   9.9941335e-01   9.9881314e-01
   2.0048333e+03   1.0001054e+00   9.9947772e-01   9.9885041e-01
   2.0049167e+03   1.0001524e+00   9.9949744e-01   9.9884295e-01
   2.0050000e+03   1.0000904e+00   9.9940897e-01   9.9872797e-01
   2.0050833e+03   9.9994986e-01   9.9924225e-01   9.9853513e-01
   2.0051667e+03   9.9981487e-01   9.9908051e-01   9.9834669e-01
   2.0052500e+03   9.9973644e-01   9.9897412e-01   9.9821237e-01
   2.0053333e+03   9.9977002e-01   9.9897779e-01   9.9818617e-01
   2.0054167e+03   9.9986255e-01   9.9903907e-01   9.9821626e-01
   2.0055000e+03   9.9995142e-01   9.9909615e-01   9.9824160e-01
   2.0055833e+03   1.0000151e+00   9.9912777e-01   9.9824124e-01
   2.0056667e+03   1.0000457e+00   9.9912623e-01   9.9820758e-01
   2.0057500e+03   1.0000857e+00   9.9913332e-01   9.9818186e-01
   2.0058333e+03   1.0001768e+00   9.9919025e-01   9.9820467e-01
   2.0059167e+03   1.0002258e+00   9.9920509e-01   9.9818542e-01
   2.0060000e+03   1.0001675e+00   9.9911366e-01   9.9806088e-01
   2.0060833e+03   1.0000314e+00   9.9894498e-01   9.9785971e-01
   2.0061667e+03   9.9990081e-01   9.9878121e-01   9.9766285e-01
   2.0062500e+03   9.9982623e-01   9.9867208e-01   9.9751923e-01
   2.0063333e+03   9.9986215e-01   9.9867115e-01   9.9748155e-01
   2.0064167e+03   9.9995486e-01   9.9872555e-01   9.9749772e-01
   2.0065000e+03   1.0000431e+00   9.9877492e-01   9.9750834e-01
   2.0065833e+03   1.0001050e+00   9.9879780e-01   9.9749233e-01
   2.0066667e+03   1.0001330e+00   9.9878680e-01   9.9744241e-01
   2.0067500e+03   1.0001705e+00   9.9878462e-01   9.9740057e-01
   2.0068333e+03   1.0002612e+00   9.9883401e-01   9.9740882e-01
   2.0069167e+03   1.0003122e+00   9.9884387e-01   9.9737765e-01
   2.0070000e+03   1.0002576e+00   9.9874939e-01   9.9724342e-01
   2.0070833e+03   1.0001259e+00   9.9857866e-01   9.9703380e-01
   2.0071667e+03   9.9999964e-01   9.9841278e-01   9.9682839e-01
   2.0072500e+03   9.9992887e-01   9.9830080e-01   9.9667534e-01
   2.0073333e+03   9.9996707e-01   9.9829519e-01   9.9662606e-01
   2.0074167e+03   1.0000599e+00   9.9834261e-01   9.9662820e-01
   2.0075000e+03   1.0001474e+00   9.9838417e-01   9.9662398e-01
   2.0075833e+03   1.0002075e+00   9.9839825e-01   9.9659222e-01
   2.0076667e+03   1.0002328e+00   9.9837772e-01   9.9652597e-01
   2.0077500e+03   1.0002680e+00   9.9836617e-01   9.9646794e-01
   2.0078333e+03   1.0003581e+00   9.9840794e-01   9.9646152e-01
   2.0079167e+03   1.0004111e+00   9.9841273e-01   9.9641830e-01
   2.0080000e+03   1.0003601e+00   9.9831510e-01   9.9627426e-01
   2.0080833e+03   1.0002327e+00   9.9814224e-01   9.9605606e-01
   2.0081667e+03   1.0001108e+00   9.9797414e-01   9.9584199e-01
   2.0082500e+03   1.0000438e+00   9.9785924e-01   9.9567939e-01
   2.0083333e+03   1.0000842e+00   9.9784885e-01   9.9561838e-01
   2.0084167e+03   1.0001772e+00   9.9788920e-01   9.9560638e-01
   2.0085000e+03   1.0002639e+00   9.9792287e-01   9.9558723e-01
   2.0085833e+03   1.0003221e+00   9.9792805e-01   9.9553965e-01
   2.0086667e+03   5.0017237e-01   4.9894896e-01   4.9772850e-01
   2.0087500e+03   5.0018867e-01   4.9893847e-01   4.9769135e-01
   2.0088333e+03   5.0023346e-01   4.9895550e-01   4.9768076e-01
   2.0089167e+03   5.0026092e-01   4.9895531e-01   4.9765306e-01
   2.0090000e+03   5.0023718e-01   4.9890488e-01   4.9757608e-01
   2.0090833e+03   5.0017567e-01   4.9881733e-01   4.9746263e-01
   2.0091667e+03   5.0011685e-01   4.9873214e-01   4.9735121e-01
   2.0092500e+03   5.0008522e-01   4.9867318e-01   4.9726508e-01
   2.0093333e+03   5.0010653e-01   4.9866554e-01   4.9722865e-01
   2.0094167e+03   5.0015303e-01   4.9868214e-01   4.9721552e-01
   2.0095000e+03   5.0019599e-01   4.9869499e-01   4.9719844e-01
   2.0095833e+03   5.0022411e-01   4.9869309e-01   4.9716670e-01
   2.0096667e+03   5.0023404e-01   4.9867319e-01   4.9711715e-01
   2.0097500e+03   5.0024907e-01   4.9865796e-01   4.9707184e-01
   2.0098333e+03   5.0029356e-01   4.9867109e-01   4.9705381e-01
   2.0099167e+03   5.0032195e-01   4.9866827e-01   4.9701998e-01
   2.0100000e+03   5.0029997e-01   4.9861617e-01   4.9693797e-01
   2.0100833e+03   5.0024060e-01   4.9852747e-01   4.9682013e-01
   2.0101667e+03   5.0018390e-01   4.9844108e-01   4.9670426e-01
   2.0102500e+03   5.0015411e-01   4.9838057e-01   4.9661324e-01
   2.0103333e+03   5.0017650e-01   4.9837045e-01   4.9657084e-01
   2.0104167e+03   5.0022300e-01   4.9838343e-01   4.9655054e-01
   2.0105000e+03   5.0026552e-01   4.9839224e-01   4.9652590e-01
   2.0105833e+03   5.0029265e-01   4.9838583e-01   4.9648618e-01
   2.0106667e+03   5.0030117e-01   4.9836106e-01   4.9642838e-01
   2.0107500e+03   5.0031488e-01   4.9834103e-01   4.9637488e-01
   2.0108333e+03   5.0035904e-01   4.9835023e-01   4.9634938e-01
   2.0109167e+03   5.0038836e-01   4.9834473e-01   4.9630936e-01
   2.0110000e+03   5.0036811e-01   4.9829093e-01   4.9622228e-01
   2.0110833e+03   5.0031086e-01   4.9820102e-01   4.9609998e-01
   2.0111667e+03   5.0025626e-01   4.9811340e-01   4.9597962e-01
   2.0112500e+03   5.0022829e-01   4.9805129e-01   4.9588366e-01
   2.0113333e+03   5.0025174e-01   4.9803864e-01   4.9583523e-01
   2.0114167e+03   5.0029821e-01   4.9804796e-01   4.9580772e-01
   2.0115000e+03   5.0034028e-01   4.9805271e-01   4.9577548e-01
   2.0115833e+03   5.0036639e-01   4.9804173e-01   4.9572776e-01
   2.0116667e+03   5.0037346e-01   4.9801206e-01   4.9566169e-01
   2.0117500e+03   5.0038583e-01   4.9798722e-01   4.9559998e-01
   2.0118333e+03   5.0042964e-01   4.9799243e-01   4.9556697e-01
   2.0119167e+03   5.0045985e-01   4.9798421e-01   4.9552070e-01
   2.0120000e+03   5.0044132e-01   4.9792866e-01   4.9542850e-01
   2.0120833e+03   5.0038617e-01   4.9783751e-01   4.9530170e-01
   2.0121667e+03   5.0033364e-01   4.9774861e-01   4.9517680e-01
   2.0122500e+03   5.0030748e-01   4.9768486e-01   4.9507585e-01
   2.0123333e+03   5.0033196e-01   4.9766964e-01   4.9502134e-01
   2.0124167e+03   5.0037838e-01   4.9767525e-01   4.9498657e-01
   2.0125000e+03   5.0041996e-01   4.9767589e-01   4.9494672e-01
   2.0125833e+03   5.0044502e-01   4.9766032e-01   4.9489096e-01
   2.0126667e+03   5.0045062e-01   4.9762572e-01   4.9481660e-01
   2.0127500e+03   5.0046163e-01   4.9759603e-01   4.9474667e-01
   2.0128333e+03   5.0050506e-01   4.9759722e-01   4.9470612e-01
   2.0129167e+03   5.0053614e-01   4.9758624e-01   4.9465357e-01
   2.0130000e+03   5.0051930e-01   4.9752889e-01   4.9455619e-01
   2.0130833e+03   5.0046624e-01   4.9743646e-01   4.9442485e-01
   2.0131667e+03   5.0041577e-01   4.9734624e-01   4.9429536e-01
   2.0132500e+03   5.0039139e-01   4.9728080e-01   4.9418937e-01
   2.0133333e+03   5.0041689e-01   4.9726296e-01   4.9412873e-01
   2.0134167e+03   5.0046323e-01   4.9726482e-01   4.9408668e-01
   2.0135000e+03   5.0050430e-01   4.9726132e-01   4.9403917e-01
   2.0135833e+03   5.0052828e-01   4.9724112e-01   4.9397536e-01
   2.0136667e+03   5.0053238e-01   4.9720156e-01   4.9389272e-01
   2.0137500e+03   5.0054200e-01   4.9716699e-01   4.9381455e-01
   2.0138333e+03   5.0058502e-01   4.9716414e-01   4.9376643e-01
   2.0139167e+03   5.0061695e-01   4.9715035e-01   4.9370754e-01
   2.0140000e+03   5.0060179e-01   4.9709116e-01   4.9360495e-01
   2.0140833e+03   5.0055079e-01   4.9699740e-01   4.9346902e-01
   2.0141667e+03   5.0050236e-01   4.9690581e-01   4.9333490e-01
   2.0142500e+03   5.0047974e-01   4.9683865e-01   4.9322383e-01
   2.0143333e+03   5.0050622e-01   4.9681815e-01   4.9315703e-01
   2.0144167e+03   5.0055246e-01   4.9681623e-01   4.9310766e-01
   2.0145000e+03   5.0059300e-01   4.9680855e-01   4.9305247e-01
   2.0145833e+03   5.0061588e-01   4.9678369e-01   4.9298060e-01
   2.0146667e+03   5.0061845e-01   4.9673914e-01   4.9288965e-01
   2.0147500e+03   5.0062664e-01   4.9669967e-01   4.9280325e-01
   2.0148333e+03   5.0066924e-01   4.9669272e-01   4.9274753e-01
   2.0149167e+03   5.0070200e-01   4.9667608e-01   4.9268228e-01
   2.0150000e+03   5.0068848e-01   4.9661501e-01   4.9257442e-01
   2.0150833e+03   5.0063953e-01   4.9651988e-01   4.9243387e-01
   2.0151667e+03   5.0059311e-01   4.9642689e-01   4.9229508e-01
   2.0152500e+03   5.0057224e-01   4.9635796e-01   4.9217889e-01
   2.0153333e+03   5.0059968e-01   4.9633475e-01   4.9210588e-01
   2.0154167e+03   5.0064580e-01   4.9632901e-01   4.9204916e-01
   2.0155000e+03   5.0068577e-01   4.9631711e-01   4.9198628e-01
   2.0155833e+03   5.0070752e-01   4.9628757e-01   4.9190634e-01
   2.0156667e+03   5.0070854e-01   4.9623801e-01   4.9180710e-01
   2.0157500e+03   5.0071528e-01   4.9619360e-01   4.9171245e-01
   2.0158333e+03   5.0075741e-01   4.9618252e-01   4.9164912e-01
   2.0159167e+03   5.0079098e-01   4.9616299e-01   4.9157746e-01
   2.0160000e+03   5.0077910e-01   4.9610000e-01   4.9146431e-01
   2.0160833e+03   5.0073217e-01   4.9600346e-01   4.9131909e-01
   2.0161667e+03   5.0068775e-01   4.9590903e-01   4.9117559e-01
   2.0162500e+03   5.0066860e-01   4.9583829e-01   4.9105425e-01
   2.0163333e+03   5.0069699e-01   4.9581234e-01   4.9097500e-01
   2.0164167e+03   5.0074295e-01   4.9580274e-01   4.9091092e-01
   2.0165000e+03   5.0078233e-01   4.9578659e-01   4.9084032e-01
   2.0165833e+03   5.0080293e-01   4.9575233e-01   4.9075231e-01
   2.0166667e+03   5.0080235e-01   4.9569773e-01   4.9064477e-01
   2.0167500e+03   5.0080762e-01   4.9564836e-01   4.9054188e-01
   2.0168333e+03   5.0084927e-01   4.9563312e-01   4.9047092e-01
   2.0169167e+03   5.0088362e-01   4.9561066e-01   4.9039283e-01
   2.0170000e+03   5.0087335e-01   4.9554571e-01   4.9027435e-01
   2.0170833e+03   5.0082842e-01   4.9544772e-01   4.9012443e-01
   2.0171667e+03   5.0078598e-01   4.9535180e-01   4.8997620e-01
   2.0172500e+03   5.0076853e-01   4.9527921e-01   4.8984966e-01
   2.0173333e+03   5.0079784e-01   4.9525048e-01   4.8976415e-01
   2.0174167e+03   5.0084363e-01   4.9523698e-01   4.8969268e-01
   2.0175000e+03   5.0088240e-01   4.9521655e-01   4.8961437e-01
   2.0175833e+03   5.0090180e-01   4.9517755e-01   4.8951828e-01
   2.0176667e+03   5.0089962e-01   4.9511789e-01   4.8940246e-01
   2.0177500e+03   5.0090337e-01   4.9506354e-01   4.8929134e-01
   2.0178333e+03   5.0094452e-01   4.9504411e-01   4.8921274e-01
   2.0179167e+03   5.0097963e-01   4.9501868e-01   4.8912819e-01
   2.0180000e+03   5.0097094e-01   4.9495172e-01   4.8900435e-01
   2.0180833e+03   5.0092800e-01   4.9485224e-01   4.8884970e-01
   2.0181667e+03   5.0088752e-01   4.9475480e-01   4.8869669e-01
   2.0182500e+03   5.0087175e-01   4.9468032e-01   4.8856494e-01
   2.0183333e+03   5.0090196e-01   4.9464876e-01   4.8847313e-01
   2.0184167e+03   5.0094754e-01   4.9463134e-01   4.8839426e-01
   2.0185000e+03   5.0098567e-01   4.9460659e-01   4.8830823e-01
   2.0185833e+03   5.0100386e-01   4.9456282e-01   4.8820407e-01
   2.0186667e+03   2.5050002e-01   2.4724904e-01   2.4403999e-01
   2.0187500e+03   2.5050113e-01   2.4721936e-01   2.4398033e-01
   2.0188333e+03   2.5052143e-01   2.4720753e-01   2.4393720e-01
   2.0189167e+03   2.5053935e-01   2.4719331e-01   2.4389169e-01
   2.0190000e+03   2.5053580e-01   2.4715882e-01   2.4382707e-01
   2.0190833e+03   2.5051531e-01   2.4710831e-01   2.4374737e-01
   2.0191667e+03   2.5049603e-01   2.4705881e-01   2.4366847e-01
   2.0192500e+03   2.5048898e-01   2.4702061e-01   2.4359997e-01
   2.0193333e+03   2.5050452e-01   2.4700339e-01   2.4355090e-01
   2.0194167e+03   2.5052720e-01   2.4699270e-01   2.4350777e-01
   2.0195000e+03   2.5054593e-01   2.4697816e-01   2.4346089e-01
   2.0195833e+03   2.5055441e-01   2.4695388e-01   2.4340478e-01
   2.0196667e+03   2.5055166e-01   2.4691896e-01   2.4333862e-01
   2.0197500e+03   2.5055198e-01   2.4688677e-01   2.4327485e-01
   2.0198333e+03   2.5057201e-01   2.4687281e-01   2.4322791e-01
   2.0199167e+03   2.5059029e-01   2.4685707e-01   2.4317914e-01
   2.0200000e+03   2.5058751e-01   2.4682153e-01   2.4311182e-01
   2.0200833e+03   2.5056799e-01   2.4677024e-01   2.4302973e-01
   2.0201667e+03   2.5054967e-01   2.4671994e-01   2.4294841e-01
   2.0202500e+03   2.5054344e-01   2.4668075e-01   2.4287728e-01
   2.0203333e+03   2.5055941e-01   2.4666209e-01   2.4282505e-01
   2.0204167e+03   2.5058196e-01   2.4664940e-01   2.4277821e-01
   2.0205000e+03   2.5060035e-01   2.4663267e-01   2.4272747e-01
   2.0205833e+03   2.5060819e-01   2.4660599e-01   2.4266734e-01
   2.0206667e+03   2.5060458e-01   2.4656851e-01   2.4259707e-01
   2.0207500e+03   2.5060411e-01   2.4653379e-01   2.4252921e-01
   2.0208333e+03   2.5062385e-01   2.4651770e-01   2.4247845e-01
   2.0209167e+03   2.5064247e-01   2.4650041e-01   2.4242643e-01
   2.0210000e+03   2.5064045e-01   2.4646381e-01   2.4235639e-01
   2.0210833e+03   2.5062190e-01   2.4641173e-01   2.4227190e-01
   2.0211667e+03   2.5060453e-01   2.4636061e-01   2.4218816e-01
   2.0212500e+03   2.5059911e-01   2.4632041e-01   2.4211438e-01
   2.0213333e+03   2.5061549e-01   2.4630029e-01   2.4205898e-01
   2.0214167e+03   2.5063791e-01   2.4628559e-01   2.4200844e-01
   2.0215000e+03   2.5065593e-01   2.4626666e-01   2.4195384e-01
   2.0215833e+03   2.5066312e-01   2.4623755e-01   2.4188970e-01
   2.0216667e+03   2.5065865e-01   2.4619751e-01   2.4181534e-01
   2.0217500e+03   2.5065737e-01   2.4616026e-01   2.4174341e-01
   2.0218333e+03   2.5067680e-01   2.4614201e-01   2.4168883e-01
   2.0219167e+03   2.5069575e-01   2.4612317e-01   2.4163355e-01
   2.0220000e+03   2.5069449e-01   2.4608549e-01   2.4156079e-01
   2.0220833e+03   2.5067688e-01   2.4603259e-01   2.4147389e-01
   2.0221667e+03   2.5066046e-01   2.4598063e-01   2.4138772e-01
   2.0222500e+03   2.5065583e-01   2.4593942e-01   2.4131129e-01
   2.0223333e+03   2.5067262e-01   2.4591780e-01   2.4125271e-01
   2.0224167e+03   2.5069489e-01   2.4590108e-01   2.4119847e-01
   2.0225000e+03   2.5071254e-01   2.4587994e-01   2.4114002e-01
   2.0225833e+03   2.5071906e-01   2.4584841e-01   2.4107189e-01
   2.0226667e+03   2.5071371e-01   2.4580579e-01   2.4099345e-01
   2.0227500e+03   2.5071161e-01   2.4576601e-01   2.4091747e-01
   2.0228333e+03   2.5073071e-01   2.4574559e-01   2.4085908e-01
   2.0229167e+03   2.5074999e-01   2.4572517e-01   2.4080054e-01
   2.0230000e+03   2.5074947e-01   2.4568640e-01   2.4072505e-01
   2.0230833e+03   2.5073281e-01   2.4563266e-01   2.4063573e-01
   2.0231667e+03   2.5071731e-01   2.4557984e-01   2.4054713e-01
   2.0232500e+03   2.5071347e-01   2.4553759e-01   2.4046804e-01
   2.0233333e+03   2.5073066e-01   2.4551447e-01   2.4040628e-01
   2.0234167e+03   2.5075276e-01   2.4549571e-01   2.4034834e-01
   2.0235000e+03   2.5077002e-01   2.4547235e-01   2.4028605e-01
   2.0235833e+03   2.5077587e-01   2.4543838e-01   2.4021394e-01
   2.0236667e+03   2.5076962e-01   2.4539318e-01   2.4013145e-01
   2.0237500e+03   2.5076668e-01   2.4535086e-01   2.4005144e-01
   2.0238333e+03   2.5078545e-01   2.4532826e-01   2.3998925e-01
   2.0239167e+03   2.5080504e-01   2.4530625e-01   2.3992744e-01
   2.0240000e+03   2.5080525e-01   2.4526636e-01   2.3984922e-01
   2.0240833e+03   2.5078952e-01   2.4521177e-01   2.3975748e-01
   2.0241667e+03   2.5077494e-01   2.4515808e-01   2.3966643e-01
   2.0242500e+03   2.5077188e-01   2.4511477e-01   2.3958468e-01
   2.0243333e+03   2.5078945e-01   2.4509014e-01   2.3951974e-01
   2.0244167e+03   2.5081137e-01   2.4506932e-01   2.3945812e-01
   2.0245000e+03   2.5082823e-01   2.4504373e-01   2.3939201e-01
   2.0245833e+03   2.5083339e-01   2.4500732e-01   2.3931593e-01
   2.0246667e+03   2.5082624e-01   2.4495953e-01   2.3922941e-01
   2.0247500e+03   2.5082243e-01   2.4491466e-01   2.3914539e-01
   2.0248333e+03   2.5084086e-01   2.4488987e-01   2.3907941e-01
   2.0249167e+03   2.5086075e-01   2.4486625e-01   2.3901434e-01
   2.0250000e+03   2.5086168e-01   2.4482524e-01   2.3893339e-01
   2.0250833e+03   2.5084690e-01   2.4476979e-01   2.3883924e-01
   2.0251667e+03   2.5083328e-01   2.4471526e-01   2.3874579e-01
   2.0252500e+03   2.5083104e-01   2.4467093e-01   2.3866142e-01
   2.0253333e+03   2.5084901e-01   2.4464479e-01   2.3859333e-01
   2.0254167e+03   2.5087072e-01   2.4462189e-01   2.3852801e-01
   2.0255000e+03   2.5088710e-01   2.4459399e-01   2.3845803e-01
   2.0255833e+03   2.5089143e-01   2.4455501e-01   2.3837791e-01
   2.0256667e+03   2.5088315e-01   2.4450446e-01   2.3828722e-01
   2.0257500e+03   2.5087827e-01   2.4445684e-01   2.3819904e-01
   2.0258333e+03   2.5089624e-01   2.4442976e-01   2.3812920e-01
   2.0259167e+03   2.5091650e-01   2.4440458e-01   2.3806093e-01
   2.0260000e+03   2.5091836e-01   2.4436261e-01   2.3797740e-01
   2.0260833e+03   2.5090477e-01   2.4430653e-01   2.3788105e-01
   2.0261667e+03   2.5089233e-01   2.4425134e-01   2.3778536e-01
   2.0262500e+03   2.5089109e-01   2.4420612e-01   2.3769850e-01
   2.0263333e+03   2.5090952e-01   2.4417852e-01   2.3762730e-01
   2.0264167e+03   2.5093096e-01   2.4415346e-01   2.3755824e-01
   2.0265000e+03   2.5094677e-01   2.4412317e-01   2.3748433e-01
   2.0265833e+03   2.5095014e-01   2.4408151e-01   2.3740008e-01
   2.0266667e+03   2.5094063e-01   2.4402809e-01   2.3730516e-01
   2.0267500e+03   2.5093458e-01   2.4397764e-01   2.3721276e-01
   2.0268333e+03   2.5095205e-01   2.4394823e-01   2.3713904e-01
   2.0269167e+03   2.5097266e-01   2.4392147e-01   2.3706755e-01
   2.0270000e+03   2.5097543e-01   2.4387851e-01   2.3698143e-01
   2.0270833e+03   2.5096302e-01   2.4382175e-01   2.3688283e-01
   2.0271667e+03   2.5095174e-01   2.4376586e-01   2.3678488e-01
   2.0272500e+03   2.5095148e-01   2.4371972e-01   2.3669550e-01
   2.0273333e+03   2.5097035e-01   2.4369062e-01   2.3662117e-01
   2.0274167e+03   2.5099149e-01   2.4366338e-01   2.3654835e-01
   2.0275000e+03   2.5100671e-01   2.4363068e-01   2.3647050e-01
   2.0275833e+03   2.5100911e-01   2.4358632e-01   2.3638213e-01
   2.0276667e+03   2.5099833e-01   2.4353000e-01   2.3628298e-01
   2.0277500e+03   2.5099109e-01   2.4347671e-01   2.3618638e-01
   2.0278333e+03   2.5100804e-01   2.4344493e-01   2.3610877e-01
   2.0279167e+03   2.5102898e-01   2.4341655e-01   2.3603403e-01
   2.0280000e+03   2.5103265e-01   2.4337257e-01   2.3594528e-01
   2.0280833e+03   2.5102140e-01   2.4331510e-01   2.3584442e-01
   2.0281667e+03   2.5101126e-01   2.4325847e-01   2.3574418e-01
   2.0282500e+03   2.5101195e-01   2.4321137e-01   2.3565224e-01
   2.0283333e+03   2.5103125e-01   2.4318074e-01   2.3557476e-01
   2.0284167e+03   2.5105207e-01   2.4315130e-01   2.3549818e-01
   2.0285000e+03   2.5106668e-01   2.4311615e-01   2.3541639e-01
   2.0285833e+03   2.5106808e-01   2.4306907e-01   2.3532391e-01
   2.0286667e+03   1.2552800e-01   1.2150492e-01   1.1761027e-01
   2.0287500e+03   1.2552377e-01   1.2147684e-01   1.1755987e-01
   2.0288333e+03   1.2553198e-01   1.2145976e-01   1.1751912e-01
   2.0289167e+03   1.2554260e-01   1.2144474e-01   1.1748012e-01
   2.0290000e+03   1.2554487e-01   1.2142222e-01   1.1743442e-01
   2.0290833e+03   1.2553982e-01   1.2139311e-01   1.1738284e-01
   2.0291667e+03   1.2553532e-01   1.2136442e-01   1.1733156e-01
   2.0292500e+03   1.2553613e-01   1.2134037e-01   1.1728430e-01
   2.0293333e+03   1.2554598e-01   1.2132427e-01   1.1724398e-01
   2.0294167e+03   1.2555622e-01   1.2130843e-01   1.1720380e-01
   2.0295000e+03   1.2556320e-01   1.2128962e-01   1.1716094e-01
   2.0295833e+03   1.2556339e-01   1.2126471e-01   1.1711264e-01
   2.0296667e+03   1.2555670e-01   1.2123363e-01   1.1705886e-01
   2.0297500e+03   1.2555185e-01   1.2120411e-01   1.1700637e-01
   2.0298333e+03   1.2555977e-01   1.2118582e-01   1.1696367e-01
   2.0299167e+03   1.2557054e-01   1.2116997e-01   1.1692304e-01
   2.0300000e+03   1.2557324e-01   1.2114690e-01   1.1687600e-01
   2.0300833e+03   1.2556875e-01   1.2111741e-01   1.1682327e-01
   2.0301667e+03   1.2556482e-01   1.2108832e-01   1.1677082e-01
   2.0302500e+03   1.2556611e-01   1.2106378e-01   1.1672229e-01
   2.0303333e+03   1.2557617e-01   1.2104689e-01   1.1668038e-01
   2.0304167e+03   1.2558621e-01   1.2102991e-01   1.1663831e-01
   2.0305000e+03   1.2559283e-01   1.2100983e-01   1.1659346e-01
   2.0305833e+03   1.2559244e-01   1.2098350e-01   1.1654307e-01
   2.0306667e+03   1.2558499e-01   1.2095088e-01   1.1648714e-01
   2.0307500e+03   1.2557942e-01   1.2091984e-01   1.1643251e-01
   2.0308333e+03   1.2558700e-01   1.2090029e-01   1.1638784e-01
   2.0309167e+03   1.2559793e-01   1.2088360e-01   1.1634559e-01
   2.0310000e+03   1.2560112e-01   1.2086004e-01   1.1629727e-01
   2.0310833e+03   1.2559729e-01   1.2083023e-01   1.1624345e-01
   2.0311667e+03   1.2559399e-01   1.2080082e-01   1.1618991e-01
   2.0312500e+03   1.2559581e-01   1.2077582e-01   1.1614014e-01
   2.0313333e+03   1.2560608e-01   1.2075815e-01   1.1609667e-01
   2.0314167e+03   1.2561589e-01   1.2074000e-01   1.1605270e-01
   2.0315000e+03   1.2562211e-01   1.2071863e-01   1.1600586e-01
   2.0315833e+03   1.2562108e-01   1.2069082e-01   1.1595338e-01
   2.0316667e+03   1.2561283e-01   1.2065663e-01   1.1589530e-01
   2.0317500e+03   1.2560650e-01   1.2062405e-01   1.1583854e-01
   2.0318333e+03   1.2561371e-01   1.2060323e-01   1.1579191e-01
   2.0319167e+03   1.2562478e-01   1.2058570e-01   1.1574804e-01
   2.0320000e+03   1.2562845e-01   1.2056163e-01   1.1569845e-01
   2.0320833e+03   1.2562526e-01   1.2053149e-01   1.1564355e-01
   2.0321667e+03   1.2562259e-01   1.2050174e-01   1.1558892e-01
   2.0322500e+03   1.2562492e-01   1.2047628e-01   1.1553792e-01
   2.0323333e+03   1.2563539e-01   1.2045782e-01   1.1549289e-01
   2.0324167e+03   1.2564495e-01   1.2043850e-01   1.1544705e-01
   2.0325000e+03   1.2565075e-01   1.2041582e-01   1.1539824e-01
   2.0325833e+03   1.2564907e-01   1.2038655e-01   1.1534369e-01
   2.0326667e+03   1.2563999e-01   1.2035079e-01   1.1528349e-01
   2.0327500e+03   1.2563287e-01   1.2031665e-01   1.1522462e-01
   2.0328333e+03   1.2563971e-01   1.2029456e-01   1.1517605e-01
   2.0329167e+03   1.2565090e-01   1.2027618e-01   1.1513059e-01
   2.0330000e+03   1.2565504e-01   1.2025160e-01   1.1507973e-01
   2.0330833e+03   1.2565247e-01   1.2022112e-01   1.1502375e-01
   2.0331667e+03   1.2565042e-01   1.2019102e-01   1.1496803e-01
   2.0332500e+03   1.2565326e-01   1.2016508e-01   1.1491581e-01
   2.0333333e+03   1.2566391e-01   1.2014582e-01   1.1486924e-01
   2.0334167e+03   1.2567321e-01   1.2012533e-01   1.1482154e-01
   2.0335000e+03   1.2567856e-01   1.2010133e-01   1.1477078e-01
   2.0335833e+03   1.2567621e-01   1.2007060e-01   1.1471419e-01
   2.0336667e+03   1.2566629e-01   1.2003326e-01   1.1465190e-01
   2.0337500e+03   1.2565838e-01   1.1999758e-01   1.1459096e-01
   2.0338333e+03   1.2566481e-01   1.1997421e-01   1.1454047e-01
   2.0339167e+03   1.2567612e-01   1.1995498e-01   1.1449343e-01
   2.0340000e+03   1.2568071e-01   1.1992987e-01   1.1444131e-01
   2.0340833e+03   1.2567876e-01   1.1989904e-01   1.1438426e-01
   2.0341667e+03   1.2567731e-01   1.1986858e-01   1.1432745e-01
   2.0342500e+03   1.2568063e-01   1.1984215e-01   1.1427401e-01
   2.0343333e+03   1.2569145e-01   1.1982209e-01   1.1422592e-01
   2.0344167e+03   1.2570048e-01   1.1980041e-01   1.1417638e-01
   2.0345000e+03   1.2570538e-01   1.1977510e-01   1.1412370e-01
   2.0345833e+03   1.2570234e-01   1.1974290e-01   1.1406509e-01
   2.0346667e+03   1.2569156e-01   1.1970399e-01   1.1400074e-01
   2.0347500e+03   1.2568282e-01   1.1966676e-01   1.1393776e-01
   2.0348333e+03   1.2568884e-01   1.1964212e-01   1.1388537e-01
   2.0349167e+03   1.2570025e-01   1.1962202e-01   1.1383677e-01
   2.0350000e+03   1.2570528e-01   1.1959637e-01   1.1378340e-01
   2.0350833e+03   1.2570393e-01   1.1956518e-01   1.1372528e-01
   2.0351667e+03   1.2570307e-01   1.1953435e-01   1.1366740e-01
   2.0352500e+03   1.2570687e-01   1.1950742e-01   1.1361275e-01
   2.0353333e+03   1.2571784e-01   1.1948655e-01   1.1356315e-01
   2.0354167e+03   1.2572658e-01   1.1946368e-01   1.1351179e-01
   2.0355000e+03   1.2573100e-01   1.1943706e-01   1.1345721e-01
   2.0355833e+03   1.2572726e-01   1.1940339e-01   1.1339663e-01
   2.0356667e+03   6.2857800e-02   5.9681457e-02   5.6665125e-02
   2.0357500e+03   6.2853015e-02   5.9662072e-02   5.6632629e-02
   2.0358333e+03   6.2855809e-02   5.9649109e-02   5.6605502e-02
   2.0359167e+03   6.2861557e-02   5.9638622e-02   5.6580421e-02
   2.0360000e+03   6.2864284e-02   5.9625525e-02   5.6553115e-02
   2.0360833e+03   6.2863902e-02   5.9609746e-02   5.6523528e-02
   2.0361667e+03   6.2863762e-02   5.9594137e-02   5.6494053e-02
   2.0362500e+03   6.2865892e-02   5.9580420e-02   5.6466131e-02
   2.0363333e+03   6.2871448e-02   5.9569573e-02   5.6440580e-02
   2.0364167e+03   6.2875659e-02   5.9557545e-02   5.6414007e-02
   2.0365000e+03   6.2877627e-02   5.9543576e-02   5.6385778e-02
   2.0365833e+03   6.2875394e-02   5.9526010e-02   5.6354513e-02
   2.0366667e+03   6.2869118e-02   5.9504987e-02   5.6320330e-02
   2.0367500e+03   6.2863906e-02   5.9484831e-02   5.6286847e-02
   2.0368333e+03   6.2866476e-02   5.9471227e-02   5.6258799e-02
   2.0369167e+03   6.2872259e-02   5.9460300e-02   5.6232951e-02
   2.0370000e+03   6.2875192e-02   5.9446925e-02   5.6205030e-02
   2.0370833e+03   6.2875098e-02   5.9430957e-02   5.6174918e-02
   2.0371667e+03   6.2875240e-02   5.9415152e-02   5.6144913e-02
   2.0372500e+03   6.2877595e-02   5.9401176e-02   5.6116398e-02
   2.0373333e+03   6.2883214e-02   5.9389915e-02   5.6090107e-02
   2.0374167e+03   6.2887262e-02   5.9377291e-02   5.6062650e-02
   2.0375000e+03   6.2888976e-02   5.9362663e-02   5.6033499e-02
   2.0375833e+03   6.2886374e-02   5.9344366e-02   5.6001275e-02
   2.0376667e+03   6.2879641e-02   5.9322560e-02   5.5966117e-02
   2.0377500e+03   6.2873993e-02   5.9301636e-02   5.5931664e-02
   2.0378333e+03   6.2876331e-02   5.9287389e-02   5.5902709e-02
   2.0379167e+03   6.2882142e-02   5.9276020e-02   5.5876103e-02
   2.0380000e+03   6.2885274e-02   5.9262364e-02   5.5847573e-02
   2.0380833e+03   6.2885462e-02   5.9246200e-02   5.5816942e-02
   2.0381667e+03   6.2885880e-02   5.9230194e-02   5.5786412e-02
   2.0382500e+03   6.2888452e-02   5.9215957e-02   5.5757311e-02
   2.0383333e+03   6.2894126e-02   5.9204278e-02   5.5730287e-02
   2.0384167e+03   6.2898003e-02   5.9191056e-02   5.5701960e-02
   2.0385000e+03   6.2899456e-02   5.9175770e-02   5.5671902e-02
   2.0385833e+03   6.2896475e-02   5.9156741e-02   5.5638737e-02
   2.0386667e+03   6.2889276e-02   5.9134157e-02   5.5602623e-02
   2.0387500e+03   6.2883184e-02   5.9112466e-02   5.5567219e-02
   2.0388333e+03   6.2885281e-02   5.9097576e-02   5.5537371e-02
   2.0389167e+03   6.2891112e-02   5.9085762e-02   5.5510016e-02
   2.0390000e+03   6.2894437e-02   5.9071820e-02   5.5480885e-02
   2.0390833e+03   6.2894899e-02   5.9055456e-02   5.5449740e-02
   2.0391667e+03   6.2895587e-02   5.9039245e-02   5.5418691e-02
   2.0392500e+03   6.2898371e-02   5.9024741e-02   5.5389009e-02
   2.0393333e+03   6.2904093e-02   5.9012642e-02   5.5361263e-02
   2.0394167e+03   6.2907790e-02   5.8998822e-02   5.5332079e-02
   2.0395000e+03   6.2908973e-02   5.8982877e-02   5.5301130e-02
   2.0395833e+03   6.2905605e-02   5.8963119e-02   5.5267042e-02
   2.0396667e+03   6.2897931e-02   5.8939758e-02   5.5229991e-02
   2.0397500e+03   6.2891385e-02   5.8917303e-02   5.5193655e-02
   2.0398333e+03   6.2893234e-02   5.8901770e-02   5.5162930e-02
   2.0399167e+03   6.2899077e-02   5.8889508e-02   5.5134837e-02
   2.0400000e+03   6.2902588e-02   5.8875276e-02   5.5105112e-02
   2.0400833e+03   6.2903319e-02   5.8858709e-02   5.5073459e-02
   2.0401667e+03   6.2904270e-02   5.8842289e-02   5.5041897e-02
   2.0402500e+03   6.2907258e-02   5.8827514e-02   5.5011642e-02
   2.0403333e+03   6.2913020e-02   5.8814992e-02   5.4983184e-02
   2.0404167e+03   6.2916530e-02   5.8800573e-02   5.4953157e-02
   2.0405000e+03   6.2917434e-02   5.8783970e-02   5.4921333e-02
   2.0405833e+03   6.2913670e-02   5.8763485e-02   5.4886341e-02
   2.0406667e+03   6.2905512e-02   5.8739350e-02   5.4848373e-02
   2.0407500e+03   6.2898505e-02   5.8716134e-02   5.4811126e-02
   2.0408333e+03   6.2900096e-02   5.8699958e-02   5.4779540e-02
   2.0409167e+03   6.2905944e-02   5.8687246e-02   5.4750720e-02
   2.0410000e+03   6.2909633e-02   5.8672721e-02   5.4720408e-02
   2.0410833e+03   6.2910627e-02   5.8655946e-02   5.4688254e-02
   2.0411667e+03   6.2911834e-02   5.8639312e-02   5.4656186e-02
   2.0412500e+03   6.2915020e-02   5.8624263e-02   5.4625366e-02
   2.0413333e+03   6.2920815e-02   5.8611316e-02   5.4596206e-02
   2.0414167e+03   6.2924129e-02   5.8596298e-02   5.4565352e-02
   2.0415000e+03   6.2924746e-02   5.8579037e-02   5.4532669e-02
   2.0415833e+03   6.2920577e-02   5.8557827e-02   5.4496792e-02
   2.0416667e+03   6.2911927e-02   5.8532922e-02   5.4457930e-02
   2.0417500e+03   6.2904448e-02   5.8508947e-02   5.4419792e-02
   2.0418333e+03   6.2905774e-02   5.8492130e-02   5.4387362e-02
   2.0419167e+03   6.2911619e-02   5.8478965e-02   5.4357826e-02
   2.0420000e+03   6.2915481e-02   5.8464144e-02   5.4326936e-02
   2.0420833e+03   6.2916730e-02   5.8447157e-02   5.4294288e-02
   2.0421667e+03   6.2918187e-02   5.8430305e-02   5.4261720e-02
   2.0422500e+03   6.2921563e-02   5.8414979e-02   5.4230343e-02
   2.0423333e+03   6.2927384e-02   5.8401604e-02   5.4200493e-02
   2.0424167e+03   6.2930493e-02   5.8385987e-02   5.4168828e-02
   2.0425000e+03   6.2930816e-02   5.8368070e-02   5.4135304e-02
   2.0425833e+03   6.2926233e-02   5.8346137e-02   5.4098561e-02
   2.0426667e+03   6.2917081e-02   5.8320466e-02   5.4058826e-02
   2.0427500e+03   6.2909123e-02   5.8295736e-02   5.4019818e-02
   2.0428333e+03   6.2910174e-02   5.8278279e-02   5.3986561e-02
   2.0429167e+03   6.2916009e-02   5.8264660e-02   5.3956322e-02
   2.0430000e+03   6.2920035e-02   5.8249539e-02   5.3924863e-02
   2.0430833e+03   6.2921533e-02   5.8232336e-02   5.3891729e-02
   2.0431667e+03   6.2923234e-02   5.8215263e-02   5.3858670e-02
   2.0432500e+03   6.2926794e-02   5.8199656e-02   5.3826745e-02
   2.0433333e+03   6.2932633e-02   5.8185851e-02   5.3796216e-02
   2.0434167e+03   6.2935530e-02   5.8169636e-02   5.3763755e-02
   2.0435000e+03   6.2935548e-02   5.8151064e-02   5.3729409e-02
   2.0435833e+03   6.2930544e-02   5.8128412e-02   5.3691822e-02
   2.0436667e+03   6.2920880e-02   5.8101978e-02   5.3651235e-02
   2.0437500e+03   6.2912434e-02   5.8076498e-02   5.3611380e-02
   2.0438333e+03   6.2913202e-02   5.8058401e-02   5.3577314e-02
   2.0439167e+03   6.2919020e-02   5.8044327e-02   5.3546384e-02
   2.0440000e+03   6.2923204e-02   5.8028903e-02   5.3514366e-02
   2.0440833e+03   6.2924944e-02   5.8011481e-02   5.3480753e-02
   2.0441667e+03   6.2926882e-02   5.7994183e-02   5.3447212e-02
   2.0442500e+03   6.2930619e-02   5.7978292e-02   5.3414748e-02
   2.0443333e+03   6.2936468e-02   5.7964056e-02   5.3383553e-02
   2.0444167e+03   6.2939144e-02   5.7947243e-02   5.3350314e-02
   2.0445000e+03   6.2938850e-02   5.7928018e-02   5.3315163e-02
   2.0445833e+03   6.2933415e-02   5.7904650e-02   5.3276753e-02
   2.0446667e+03   6.2923232e-02   5.7877459e-02   5.3235338e-02
   2.0447500e+03   6.2914287e-02   5.7851232e-02   5.3194658e-02
   2.0448333e+03   6.2914765e-02   5.7832497e-02   5.3159801e-02
   2.0449167e+03   6.2920557e-02   5.7817967e-02   5.3128194e-02
   2.0450000e+03   6.2924892e-02   5.7802238e-02   5.3095627e-02
   2.0450833e+03   6.2926868e-02   5.7784593e-02   5.3061544e-02
   2.0451667e+03   6.2929036e-02   5.7767067e-02   5.3027529e-02
   2.0452500e+03   6.2932943e-02   5.7750889e-02   5.2994536e-02
   2.0453333e+03   6.2938794e-02   5.7736221e-02   5.2962688e-02
   2.0454167e+03   6.2941241e-02   5.7718811e-02   5.2928688e-02
   2.0455000e+03   6.2940626e-02   5.7698935e-02   5.2892753e-02
   2.0455833e+03   6.2934751e-02   5.7674855e-02   5.2853540e-02
   2.0456667e+03   6.2924040e-02   5.7646912e-02   5.2811321e-02
   2.0457500e+03   6.2914590e-02   5.7619943e-02   5.2769839e-02
   2.0458333e+03   6.2914768e-02   5.7600572e-02   5.2734210e-02
   2.0459167e+03   6.2920526e-02   5.7585584e-02   5.2701940e-02
   2.0460000e+03   6.2925005e-02   5.7569547e-02   5.2668835e-02
   2.0460833e+03   6.2927210e-02   5.7551677e-02   5.2634291e-02
   2.0461667e+03   6.2929601e-02   5.7533920e-02   5.2599811e-02
   2.0462500e+03   6.2933671e-02   5.7517453e-02   5.2566299e-02
   2.0463333e+03   6.2939517e-02   5.7502351e-02   5.2533812e-02
   2.0464167e+03   6.2941727e-02   5.7484346e-02   5.2499069e-02
   2.0465000e+03   6.2940783e-02   5.7463822e-02   5.2462369e-02
   2.0465833e+03   6.2934460e-02   5.7439033e-02   5.2422377e-02
   2.0466667e+03   6.2923211e-02   5.7410343e-02   5.2379377e-02
   2.0467500e+03   6.2913245e-02   5.7382637e-02   5.2337117e-02
   2.0468333e+03   6.2913116e-02   5.7362633e-02   5.2300736e-02
   2.0469167e+03   6.2918833e-02   5.7347187e-02   5.2267817e-02
   2.0470000e+03   6.2923449e-02   5.7330840e-02   5.2234185e-02
   2.0470833e+03   6.2925875e-02   5.7312741e-02   5.2199190e-02
   2.0471667e+03   6.2928483e-02   5.7294750e-02   5.2164255e-02
   2.0472500e+03   6.2932709e-02   5.7277991e-02   5.2130235e-02
   2.0473333e+03   6.2938543e-02   5.7262455e-02   5.2097123e-02
   2.0474167e+03   6.2940507e-02   5.7243856e-02   5.2061655e-02
   2.0475000e+03   6.2939225e-02   5.7222687e-02   5.2024211e-02
   2.0475833e+03   6.2932444e-02   5.7197195e-02   5.1983462e-02
   2.0476667e+03   6.2920650e-02   5.7167763e-02   5.1939706e-02
   2.0477500e+03   6.2910160e-02   5.7139326e-02   5.1896692e-02
   2.0478333e+03   6.2909715e-02   5.7118692e-02   5.1859578e-02
   2.0479167e+03   6.2915383e-02   5.7102788e-02   5.1826026e-02
   2.0480000e+03   6.2920128e-02   5.7086128e-02   5.1791878e-02
   2.0480833e+03   6.2922770e-02   5.7067798e-02   5.1756443e-02
   2.0481667e+03   6.2925587e-02   5.7049570e-02   5.1721062e-02
   2.0482500e+03   6.2929962e-02   5.7032517e-02   5.1686547e-02
   2.0483333e+03   6.2935775e-02   5.7016546e-02   5.1652823e-02
   2.0484167e+03   6.2937485e-02   5.6997356e-02   5.1616650e-02
   2.0485000e+03   6.2935857e-02   5.6975546e-02   5.1578483e-02
   2.0485833e+03   6.2928611e-02   5.6949354e-02   5.1537000e-02
   2.0486667e+03   6.2916262e-02   5.6919187e-02   5.1492513e-02
   2.0487500e+03   6.2905240e-02   5.6890024e-02   5.1448769e-02
   2.0488333e+03   6.2904470e-02   5.6868763e-02   5.1410944e-02
   2.0489167e+03   6.2910081e-02   5.6852400e-02   5.1376773e-02
   2.0490000e+03   6.2914948e-02   5.6835427e-02   5.1342122e-02
   2.0490833e+03   6.2917799e-02   5.6816863e-02   5.1306256e-02
   2.0491667e+03   6.2920819e-02   5.6798396e-02   5.1270442e-02
   2.0492500e+03   6.2925335e-02   5.6781048e-02   5.1235442e-02
   2.0493333e+03   6.2931120e-02   5.6764641e-02   5.1201123e-02
   2.0494167e+03   6.2932568e-02   5.6744862e-02   5.1164264e-02
   2.0495000e+03   6.2930585e-02   5.6722413e-02   5.1125394e-02
   2.0495833e+03   6.2922864e-02   5.6695528e-02   5.1083202e-02
   2.0496667e+03   6.2909952e-02   5.6664632e-02   5.1038009e-02
   2.0497500e+03   6.2898389e-02   5.6634750e-02   5.0993561e-02
   2.0498333e+03   6.2897285e-02   5.6612865e-02   5.0955045e-02
   2.0499167e+03   6.2902832e-02   5.6596044e-02   5.0920272e-02
   2.0500000e+03   6.2907814e-02   5.6578756e-02   5.0885130e-02
   2.0500833e+03   6.2910865e-02   5.6559956e-02   5.0848845e-02
   2.0501667e+03   6.2914080e-02   5.6541246e-02   5.0812606e-02
   2.0502500e+03   6.2918729e-02   5.6523600e-02   5.0777134e-02
   2.0503333e+03   6.2924479e-02   5.6506759e-02   5.0742236e-02
   2.0504167e+03   6.2925661e-02   5.6486397e-02   5.0704714e-02
   2.0505000e+03   6.2923322e-02   5.6463320e-02   5.0665169e-02
   2.0505833e+03   6.2915130e-02   5.6435756e-02   5.0622297e-02
   2.0506667e+03   6.2901661e-02   5.6404150e-02   5.0576434e-02
   2.0507500e+03   6.2889565e-02   5.6373569e-02   5.0531317e-02
   2.0508333e+03   6.2888131e-02   5.6351073e-02   5.0492140e-02
   2.0509167e+03   6.2893608e-02   5.6333798e-02   5.0456785e-02
   2.0510000e+03   6.2898694e-02   5.6316191e-02   5.0421164e-02
   2.0510833e+03   6.2901932e-02   5.6297147e-02   5.0384469e-02
   2.0511667e+03   6.2905328e-02   5.6278191e-02   5.0347817e-02
   2.0512500e+03   6.2910099e-02   5.6260243e-02   5.0311885e-02
   2.0513333e+03   6.2915808e-02   5.6242970e-02   5.0276427e-02
   2.0514167e+03   6.2916722e-02   5.6222036e-02   5.0238270e-02
   2.0515000e+03   6.2914026e-02   5.6198342e-02   5.0198078e-02
   2.0515833e+03   6.2905364e-02   5.6170113e-02   5.0154559e-02
   2.0516667e+03   6.2891338e-02   5.6137813e-02   5.0108060e-02
   2.0517500e+03   6.2878706e-02   5.6106545e-02   5.0062306e-02
   2.0518333e+03   6.2876937e-02   5.6083447e-02   5.0022494e-02
   2.0519167e+03   6.2882337e-02   5.6065720e-02   4.9986576e-02
   2.0520000e+03   6.2887520e-02   5.6047795e-02   4.9950494e-02
   2.0520833e+03   6.2890938e-02   5.6028510e-02   4.9913404e-02
   2.0521667e+03   6.2894509e-02   5.6009306e-02   4.9876355e-02
   2.0522500e+03   6.2899396e-02   5.5991059e-02   4.9839980e-02
   2.0523333e+03   6.2905055e-02   5.5973357e-02   4.9803982e-02
   2.0524167e+03   6.2905695e-02   5.5951856e-02   4.9765213e-02
   2.0525000e+03   6.2902635e-02   5.5927552e-02   4.9724401e-02
   2.0525833e+03   6.2893493e-02   5.5898666e-02   4.9680263e-02
   2.0526667e+03   6.2878903e-02   5.5865680e-02   4.9633156e-02
   2.0527500e+03   6.2865727e-02   5.5833735e-02   4.9586793e-02
   2.0528333e+03   6.2863616e-02   5.5810041e-02   4.9546372e-02
   2.0529167e+03   6.2868932e-02   5.5791866e-02   4.9509913e-02
   2.0530000e+03   6.2874204e-02   5.5773626e-02   4.9473388e-02
   2.0530833e+03   6.2877796e-02   5.5754099e-02   4.9435918e-02
   2.0531667e+03   6.2881536e-02   5.5734649e-02   4.9398487e-02
   2.0532500e+03   6.2886531e-02   5.5716103e-02   4.9361687e-02
   2.0533333e+03   6.2892135e-02   5.5697976e-02   4.9325169e-02
   2.0534167e+03   6.2892491e-02   5.5675913e-02   4.9285813e-02
   2.0535000e+03   6.2889059e-02   5.5651006e-02   4.9244406e-02
   2.0535833e+03   6.2879431e-02   5.5621472e-02   4.9199677e-02
   2.0536667e+03   6.2864268e-02   5.5587811e-02   4.9151991e-02
   2.0537500e+03   6.2850542e-02   5.5555198e-02   4.9105050e-02
   2.0538333e+03   6.2848079e-02   5.5530914e-02   4.9064045e-02
   2.0539167e+03   6.2853303e-02   5.5512295e-02   4.9027065e-02
   2.0540000e+03   6.2858659e-02   5.5493741e-02   4.8990114e-02
   2.0540833e+03   6.2862419e-02   5.5473973e-02   4.8952282e-02
   2.0541667e+03   6.2866320e-02   5.5454278e-02   4.8914485e-02
   2.0542500e+03   6.2871418e-02   5.5435435e-02   4.8877276e-02
   2.0543333e+03   6.2876957e-02   5.5416885e-02   4.8840259e-02
   2.0544167e+03   6.2877024e-02   5.5394267e-02   4.8800340e-02
   2.0545000e+03   6.2873212e-02   5.5368765e-02   4.8758365e-02
   2.0545833e+03   6.2863089e-02   5.5338591e-02   4.8713073e-02
   2.0546667e+03   6.2847346e-02   5.5304264e-02   4.8664838e-02
   2.0547500e+03   6.2833061e-02   5.5270993e-02   4.8617346e-02
   2.0548333e+03   6.2830240e-02   5.5246127e-02   4.8575783e-02
   2.0549167e+03   6.2835366e-02   5.5227068e-02   4.8538305e-02
   2.0550000e+03   6.2840797e-02   5.5208201e-02   4.8500945e-02
   2.0550833e+03   6.2844718e-02   5.5188194e-02   4.8462766e-02
   2.0551667e+03   6.2848774e-02   5.5168255e-02   4.8424620e-02
   2.0552500e+03   6.2853967e-02   5.5149116e-02   4.8387021e-02
   2.0553333e+03   6.2859436e-02   5.5130148e-02   4.8349525e-02
   2.0554167e+03   6.2859204e-02   5.5106981e-02   4.8309068e-02
   2.0555000e+03   6.2855006e-02   5.5080890e-02   4.8266551e-02
   2.0555833e+03   6.2844380e-02   5.5050086e-02   4.8220724e-02
   2.0556667e+03   6.2828050e-02   5.5015104e-02   4.8171970e-02
   2.0557500e+03   6.2813198e-02   5.4981185e-02   4.8123957e-02
   2.0558333e+03   6.2810011e-02   5.4955744e-02   4.8081862e-02
   2.0559167e+03   6.2815031e-02   5.4936248e-02   4.8043906e-02
   2.0560000e+03   6.2820532e-02   5.4917071e-02   4.8006156e-02
   2.0560833e+03   6.2824606e-02   5.4896826e-02   4.7967647e-02
   2.0561667e+03   6.2828811e-02   5.4876644e-02   4.7929168e-02
   2.0562500e+03   6.2834093e-02   5.4857213e-02   4.7891196e-02
   2.0563333e+03   6.2839484e-02   5.4837829e-02   4.7853242e-02
   2.0564167e+03   6.2838946e-02   5.4814120e-02   4.7812273e-02
   2.0565000e+03   6.2834352e-02   5.4787449e-02   4.7769240e-02
   2.0565833e+03   6.2823217e-02   5.4756024e-02   4.7722907e-02
   2.0566667e+03   6.2806291e-02   5.4720397e-02   4.7673663e-02
   2.0567500e+03   6.2790866e-02   5.4685841e-02   4.7625159e-02
   2.0568333e+03   6.2787305e-02   5.4659832e-02   4.7582558e-02
   2.0569167e+03   6.2792211e-02   5.4639904e-02   4.7544145e-02
   2.0570000e+03   6.2797774e-02   5.4620419e-02   4.7506023e-02
   2.0570833e+03   6.2801997e-02   5.4599937e-02   4.7467201e-02
   2.0571667e+03   6.2806343e-02   5.4579514e-02   4.7428406e-02
   2.0572500e+03   6.2811706e-02   5.4559792e-02   4.7390079e-02
   2.0573333e+03   6.2817012e-02   5.4539997e-02   4.7351689e-02
   2.0574167e+03   6.2816161e-02   5.4515752e-02   4.7310232e-02
   2.0575000e+03   6.2811165e-02   5.4488509e-02   4.7266709e-02
   2.0575833e+03   6.2799512e-02   5.4456472e-02   4.7219898e-02
   2.0576667e+03   6.2781984e-02   5.4420212e-02   4.7170194e-02
   2.0577500e+03   6.2765977e-02   5.4385028e-02   4.7121228e-02
   2.0578333e+03   6.2762035e-02   5.4358460e-02   4.7078147e-02
   2.0579167e+03   6.2766820e-02   5.4338104e-02   4.7039300e-02
   2.0580000e+03   6.2772439e-02   5.4318314e-02   4.7000825e-02
   2.0580833e+03   6.2776802e-02   5.4297597e-02   4.6961706e-02
   2.0581667e+03   6.2781284e-02   5.4276935e-02   4.6922612e-02
   2.0582500e+03   6.2786721e-02   5.4256924e-02   4.6883948e-02
   2.0583333e+03   6.2791934e-02   5.4236722e-02   4.6845143e-02
   2.0584167e+03   6.2790763e-02   5.4211949e-02   4.6803223e-02
   2.0585000e+03   6.2785356e-02   5.4184142e-02   4.6759238e-02
   2.0585833e+03   6.2773179e-02   5.4151504e-02   4.6711977e-02
   2.0586667e+03   6.2755040e-02   5.4114621e-02   4.6661842e-02
   2.0587500e+03   6.2738444e-02   5.4078821e-02   4.6612444e-02
   2.0588333e+03   6.2734113e-02   5.4051701e-02   4.6568909e-02
   2.0589167e+03   6.2738771e-02   5.4030923e-02   4.6529649e-02
   2.0590000e+03   6.2744438e-02   5.4010830e-02   4.6490840e-02
   2.0590833e+03   6.2748935e-02   5.3989880e-02   4.6451441e-02
   2.0591667e+03   6.2753545e-02   5.3968980e-02   4.6412065e-02
   2.0592500e+03   6.2759050e-02   5.3948683e-02   4.6373083e-02
   2.0593333e+03   6.2764163e-02   5.3928079e-02   4.6333884e-02
   2.0594167e+03   6.2762664e-02   5.3902785e-02   4.6291527e-02
   2.0595000e+03   6.2756840e-02   5.3874422e-02   4.6247106e-02
   2.0595833e+03   6.2744129e-02   5.3841193e-02   4.6199424e-02
   2.0596667e+03   6.2725373e-02   5.3803699e-02   4.6148889e-02
   2.0597500e+03   6.2708181e-02   5.3767294e-02   4.6099086e-02
   2.0598333e+03   6.2703454e-02   5.3739630e-02   4.6055125e-02
   2.0599167e+03   6.2707976e-02   5.3718435e-02   4.6015475e-02
   2.0600000e+03   6.2713684e-02   5.3698042e-02   4.5976349e-02
   2.0600833e+03   6.2718309e-02   5.3676861e-02   4.5936688e-02
   2.0601667e+03   6.2723041e-02   5.3655726e-02   4.5897047e-02
   2.0602500e+03   6.2728606e-02   5.3635145e-02   4.5857765e-02
   2.0603333e+03   6.2733612e-02   5.3614144e-02   4.5818194e-02
   2.0604167e+03   6.2731777e-02   5.3588337e-02   4.5775425e-02
   2.0605000e+03   6.2725528e-02   5.3559427e-02   4.5730595e-02
   2.0605833e+03   6.2712278e-02   5.3525617e-02   4.5682520e-02
   2.0606667e+03   6.2692897e-02   5.3487523e-02   4.5631613e-02
   2.0607500e+03   6.2675102e-02   5.3450525e-02   4.5581437e-02
   2.0608333e+03   6.2669971e-02   5.3422326e-02   4.5537075e-02
   2.0609167e+03   6.2674350e-02   5.3400718e-02   4.5497056e-02
   2.0610000e+03   6.2680092e-02   5.3380029e-02   4.5457634e-02
   2.0610833e+03   6.2684837e-02   5.3358619e-02   4.5417727e-02
   2.0611667e+03   6.2689684e-02   5.3337251e-02   4.5377839e-02
   2.0612500e+03   6.2695303e-02   5.3316390e-02   4.5338276e-02
   2.0613333e+03   6.2700195e-02   5.3294996e-02   4.5298353e-02
   2.0614167e+03   6.2698016e-02   5.3268683e-02   4.5255198e-02
   2.0615000e+03   6.2691334e-02   5.3239236e-02   4.5209986e-02
   2.0615833e+03   6.2677537e-02   5.3204856e-02   4.5161546e-02
   2.0616667e+03   6.2657525e-02   5.3166174e-02   4.5110298e-02
   2.0617500e+03   6.2639119e-02   5.3128594e-02   4.5059777e-02
   2.0618333e+03   6.2633577e-02   5.3099870e-02   4.5015040e-02
   2.0619167e+03   6.2637806e-02   5.3077855e-02   4.4974675e-02
   2.0620000e+03   6.2643575e-02   5.3056873e-02   4.4934975e-02
   2.0620833e+03   6.2648434e-02   5.3035236e-02   4.4894840e-02
   2.0621667e+03   6.2653389e-02   5.3013637e-02   4.4854723e-02
   2.0622500e+03   6.2659055e-02   5.2992499e-02   4.4814896e-02
   2.0623333e+03   6.2663824e-02   5.2970718e-02   4.4774645e-02
   2.0624167e+03   6.2661295e-02   5.2943908e-02   4.4731128e-02
   2.0625000e+03   6.2654173e-02   5.2913932e-02   4.4685560e-02
   2.0625833e+03   6.2639822e-02   5.2878993e-02   4.4636784e-02
   2.0626667e+03   6.2619171e-02   5.2839736e-02   4.4585224e-02
   2.0627500e+03   6.2600148e-02   5.2801585e-02   4.4534386e-02
   2.0628333e+03   6.2594187e-02   5.2772344e-02   4.4489302e-02
   2.0629167e+03   6.2598258e-02   5.2749928e-02   4.4448612e-02
   2.0630000e+03   6.2604048e-02   5.2728656e-02   4.4408653e-02
   2.0630833e+03   6.2609013e-02   5.2706796e-02   4.4368308e-02
   2.0631667e+03   6.2614069e-02   5.2684969e-02   4.4327979e-02
   2.0632500e+03   6.2619775e-02   5.2663557e-02   4.4287908e-02
   2.0633333e+03   6.2624415e-02   5.2641394e-02   4.4247349e-02
   2.0634167e+03   6.2621528e-02   5.2614094e-02   4.4203497e-02
   2.0635000e+03   6.2613959e-02   5.2583600e-02   4.4157600e-02
   2.0635833e+03   6.2599046e-02   5.2548113e-02   4.4108515e-02
   2.0636667e+03   6.2577749e-02   5.2508293e-02   4.4056672e-02
   2.0637500e+03   6.2558102e-02   5.2469584e-02   4.4005548e-02
   2.0638333e+03   6.2551716e-02   5.2439835e-02   4.3960141e-02
   2.0639167e+03   6.2555622e-02   5.2417024e-02   4.3919150e-02
   2.0640000e+03   6.2561425e-02   5.2395467e-02   4.3878951e-02
   2.0640833e+03   6.2566490e-02   5.2373385e-02   4.3838413e-02
   2.0641667e+03   6.2571640e-02   5.2351333e-02   4.3797889e-02
   2.0642500e+03   6.2577378e-02   5.2329651e-02   4.3757593e-02
   2.0643333e+03   6.2581881e-02   5.2307111e-02   4.3716748e-02
   2.0644167e+03   6.2578629e-02   5.2279331e-02   4.3672585e-02
   2.0645000e+03   6.2570606e-02   5.2248327e-02   4.3626386e-02
   2.0645833e+03   6.2555125e-02   5.2212304e-02   4.3577021e-02
   2.0646667e+03   6.2533176e-02   5.2171933e-02   4.3524924e-02
   2.0647500e+03   6.2512897e-02   5.2132679e-02   4.3473542e-02
   2.0648333e+03   6.2506078e-02   5.2102432e-02   4.3427839e-02
   2.0649167e+03   6.2509812e-02   5.2079231e-02   4.3386568e-02
   2.0650000e+03   6.2515620e-02   5.2057392e-02   4.3346149e-02
   2.0650833e+03   6.2520779e-02   5.2035092e-02   4.3305436e-02
   2.0651667e+03   6.2526016e-02   5.2012818e-02   4.3264734e-02
   2.0652500e+03   6.2531779e-02   5.1990870e-02   4.3224232e-02
   2.0653333e+03   6.2536139e-02   5.1967959e-02   4.3183123e-02
   2.0654167e+03   6.2532514e-02   5.1939707e-02   4.3138674e-02
   2.0655000e+03   6.2524029e-02   5.1908205e-02   4.3092199e-02
   2.0655833e+03   6.2507973e-02   5.1871656e-02   4.3042582e-02
   2.0656667e+03   6.2485365e-02   5.1830748e-02   4.2990260e-02
   2.0657500e+03   6.2464448e-02   5.1790960e-02   4.2938648e-02
   2.0658333e+03   6.2457189e-02   5.1760226e-02   4.2892676e-02
   2.0659167e+03   6.2460743e-02   5.1736642e-02   4.2851147e-02
   2.0660000e+03   6.2466551e-02   5.1714525e-02   4.2810527e-02
   2.0660833e+03   6.2471795e-02   5.1692010e-02   4.2769655e-02
   2.0661667e+03   6.2477112e-02   5.1669517e-02   4.2728794e-02
   2.0662500e+03   6.2482894e-02   5.1647306e-02   4.2688104e-02
   2.0663333e+03   6.2487102e-02   5.1624030e-02   4.2646753e-02
   2.0664167e+03   6.2483097e-02   5.1595316e-02   4.2602044e-02
   2.0665000e+03   6.2474144e-02   5.1563325e-02   4.2555319e-02
   2.0665833e+03   6.2457506e-02   5.1526263e-02   4.2505477e-02
   2.0666667e+03   6.2434233e-02   5.1484830e-02   4.2452959e-02
   2.0667500e+03   6.2412672e-02   5.1444522e-02   4.2401145e-02
   2.0668333e+03   6.2404966e-02   5.1413310e-02   4.2354929e-02
   2.0669167e+03   6.2408333e-02   5.1389349e-02   4.2313165e-02
   2.0670000e+03   6.2414132e-02   5.1366959e-02   4.2272363e-02
   2.0670833e+03   6.2419455e-02   5.1344232e-02   4.2231351e-02
   2.0671667e+03   6.2424845e-02   5.1321524e-02   4.2190348e-02
   2.0672500e+03   6.2430638e-02   5.1299054e-02   4.2149489e-02
   2.0673333e+03   6.2434688e-02   5.1275420e-02   4.2107917e-02
   2.0674167e+03   6.2430296e-02   5.1246251e-02   4.2062973e-02
   2.0675000e+03   6.2420867e-02   5.1213782e-02   4.2016024e-02
   2.0675833e+03   6.2403641e-02   5.1176219e-02   4.1965985e-02
   2.0676667e+03   6.2379696e-02   5.1134275e-02   4.1913298e-02
   2.0677500e+03   6.2357484e-02   5.1093460e-02   4.1861312e-02
   2.0678333e+03   6.2349324e-02   5.1061779e-02   4.1814878e-02
   2.0679167e+03   6.2352497e-02   5.1037449e-02   4.1772901e-02
   2.0680000e+03   6.2358280e-02   5.1014790e-02   4.1731935e-02
   2.0680833e+03   6.2363675e-02   5.0991854e-02   4.1690800e-02
   2.0681667e+03   6.2369132e-02   5.0968934e-02   4.1649673e-02
   2.0682500e+03   6.2374928e-02   5.0946210e-02   4.1608664e-02
   2.0683333e+03   6.2378812e-02   5.0922224e-02   4.1566893e-02
   2.0684167e+03   6.2374027e-02   5.0892611e-02   4.1521738e-02
   2.0685000e+03   6.2364115e-02   5.0859674e-02   4.1474590e-02
   2.0685833e+03   6.2346294e-02   5.0821622e-02   4.1424382e-02
   2.0686667e+03   6.2321671e-02   5.0779181e-02   4.1371555e-02
   2.0687500e+03   6.2298802e-02   5.0737871e-02   4.1319424e-02
   2.0688333e+03   6.2290181e-02   5.0705733e-02   4.1272797e-02
   2.0689167e+03   6.2293152e-02   5.0681039e-02   4.1230628e-02
   2.0690000e+03   6.2298913e-02   5.0658116e-02   4.1189518e-02
   2.0690833e+03   6.2304373e-02   5.0634976e-02   4.1148278e-02
   2.0691667e+03   6.2309889e-02   5.0611848e-02   4.1107045e-02
   2.0692500e+03   6.2315682e-02   5.0588874e-02   4.1065904e-02
   2.0693333e+03   6.2319393e-02   5.0564542e-02   4.1023955e-02
   2.0694167e+03   6.2314206e-02   5.0534495e-02   4.0978614e-02
   2.0695000e+03   6.2303806e-02   5.0501101e-02   4.0931295e-02
   2.0695833e+03   6.2285383e-02   5.0462573e-02   4.0880943e-02
   2.0696667e+03   6.2260075e-02   5.0419647e-02   4.0828004e-02
   2.0697500e+03   6.2236543e-02   5.0377857e-02   4.0775755e-02
   2.0698333e+03   6.2227455e-02   5.0345271e-02   4.0728961e-02
   2.0699167e+03   6.2230218e-02   5.0320222e-02   4.0686622e-02
   2.0700000e+03   6.2235948e-02   5.0297039e-02   4.0645387e-02
   2.0700833e+03   6.2241466e-02   5.0273698e-02   4.0604059e-02
   2.0701667e+03   6.2247034e-02   5.0250365e-02   4.0562737e-02
   2.0702500e+03   6.2252817e-02   5.0227146e-02   4.0521482e-02
   2.0703333e+03   6.2256347e-02   5.0202475e-02   4.0479377e-02
   2.0704167e+03   6.2250753e-02   5.0172003e-02   4.0433875e-02
   2.0705000e+03   6.2239857e-02   5.0138163e-02   4.0386409e-02
   2.0705833e+03   6.2220826e-02   5.0099172e-02   4.0335941e-02
   2.0706667e+03   6.2194828e-02   5.0055776e-02   4.0282917e-02
   2.0707500e+03   6.2170627e-02   5.0013518e-02   4.0230577e-02
   2.0708333e+03   6.2161064e-02   4.9980497e-02   4.0183641e-02
   2.0709167e+03   6.2163611e-02   4.9955099e-02   4.0141155e-02
   2.0710000e+03   6.2169305e-02   4.9931662e-02   4.0099813e-02
   2.0710833e+03   6.2174873e-02   4.9908123e-02   4.0058415e-02
   2.0711667e+03   6.2180486e-02   4.9884590e-02   4.0017021e-02
   2.0712500e+03   6.2186251e-02   4.9861130e-02   3.9975672e-02
   2.0713333e+03   6.2189594e-02   4.9836128e-02   3.9933431e-02
   2.0714167e+03   6.2183585e-02   4.9805241e-02   3.9887791e-02
   2.0715000e+03   6.2172186e-02   4.9770966e-02   3.9840204e-02
   2.0715833e+03   6.2152542e-02   4.9731524e-02   3.9789646e-02
   2.0716667e+03   6.2125849e-02   4.9687672e-02   3.9736565e-02
   2.0717500e+03   6.2100972e-02   4.9644960e-02   3.9684161e-02
   2.0718333e+03   6.2090928e-02   4.9611514e-02   3.9637107e-02
   2.0719167e+03   6.2093252e-02   4.9585774e-02   3.9594495e-02
   2.0720000e+03   6.2098902e-02   4.9562088e-02   3.9553066e-02
   2.0720833e+03   6.2104514e-02   4.9538357e-02   3.9511613e-02
   2.0721667e+03   6.2110164e-02   4.9514627e-02   3.9470165e-02
   2.0722500e+03   6.2115905e-02   4.9490932e-02   3.9428740e-02
   2.0723333e+03   6.2119053e-02   4.9465604e-02   3.9386385e-02
   2.0724167e+03   6.2112622e-02   4.9434313e-02   3.9340632e-02
   2.0725000e+03   6.2100715e-02   4.9399615e-02   3.9292948e-02
   2.0725833e+03   6.2080451e-02   4.9359734e-02   3.9242327e-02
   2.0726667e+03   6.2053056e-02   4.9315441e-02   3.9189214e-02
   2.0727500e+03   6.2027499e-02   4.9272290e-02   3.9136773e-02
   2.0728333e+03   6.2016968e-02   4.9238429e-02   3.9089626e-02
   2.0729167e+03   6.2019062e-02   4.9212356e-02   3.9046909e-02
   2.0730000e+03   6.2024659e-02   4.9188426e-02   3.9005411e-02
   2.0730833e+03   6.2030308e-02   4.9164506e-02   3.8963922e-02
   2.0731667e+03   6.2035989e-02   4.9140584e-02   3.8922437e-02
   2.0732500e+03   6.2041698e-02   4.9116658e-02   3.8880954e-02
   2.0733333e+03   6.2044645e-02   4.9091013e-02   3.8838505e-02
   2.0734167e+03   6.2037785e-02   4.9059327e-02   3.8792663e-02
   2.0735000e+03   6.2025363e-02   4.9024218e-02   3.8744906e-02
   2.0735833e+03   6.2004473e-02   4.8983912e-02   3.8694247e-02
   2.0736667e+03   6.1976372e-02   4.8939191e-02   3.8641129e-02
   2.0737500e+03   6.1950129e-02   4.8895614e-02   3.8588677e-02
   2.0738333e+03   6.1939104e-02   4.8861350e-02   3.8541462e-02
   2.0739167e+03   6.1940960e-02   4.8834951e-02   3.8498660e-02
   2.0740000e+03   6.1946499e-02   4.8810783e-02   3.8457112e-02
   2.0740833e+03   6.1952177e-02   4.8786679e-02   3.8415604e-02
   2.0741667e+03   6.1957882e-02   4.8762570e-02   3.8374099e-02
   2.0742500e+03   6.1963552e-02   4.8738419e-02   3.8332576e-02
   2.0743333e+03   6.1966289e-02   4.8712463e-02   3.8290054e-02
   2.0744167e+03   6.1958995e-02   4.8680394e-02   3.8244145e-02
   2.0745000e+03   6.1946051e-02   4.8644884e-02   3.8196341e-02
   2.0745833e+03   6.1924530e-02   4.8604167e-02   3.8145669e-02
   2.0746667e+03   6.1895717e-02   4.8559032e-02   3.8092572e-02
   2.0747500e+03   6.1868783e-02   4.8515044e-02   3.8040135e-02
   2.0748333e+03   6.1857257e-02   4.8480389e-02   3.7992875e-02
   2.0749167e+03   6.1858870e-02   4.8453672e-02   3.7950010e-02
   2.0750000e+03   6.1864343e-02   4.8429271e-02   3.7908429e-02
   2.0750833e+03   6.1870043e-02   4.8404987e-02   3.7866919e-02
   2.0751667e+03   6.1875764e-02   4.8380695e-02   3.7825411e-02
   2.0752500e+03   6.1881388e-02   4.8356324e-02   3.7783866e-02
   2.0753333e+03   6.1883914e-02   4.8330069e-02   3.7741294e-02
   2.0754167e+03   6.1876192e-02   4.8297634e-02   3.7695345e-02
   2.0755000e+03   6.1862739e-02   4.8261747e-02   3.7647524e-02
   2.0755833e+03   6.1840607e-02   4.8220648e-02   3.7596871e-02
   2.0756667e+03   6.1811111e-02   4.8175135e-02   3.7543833e-02
   2.0757500e+03   6.1783518e-02   4.8130772e-02   3.7491447e-02
   2.0758333e+03   6.1771516e-02   4.8095754e-02   3.7444176e-02
   2.0759167e+03   6.1772893e-02   4.8068737e-02   3.7401273e-02
   2.0760000e+03   6.1778297e-02   4.8044111e-02   3.7359680e-02
   2.0760833e+03   6.1784011e-02   4.8019651e-02   3.7318183e-02
   2.0761667e+03   6.1789740e-02   4.7995181e-02   3.7276689e-02
   2.0762500e+03   6.1795314e-02   4.7970598e-02   3.7235140e-02
   2.0763333e+03   6.1797633e-02   4.7944057e-02   3.7192541e-02
   2.0764167e+03   6.1789494e-02   4.7911278e-02   3.7146582e-02
   2.0765000e+03   6.1775545e-02   4.7875037e-02   3.7098772e-02
   2.0765833e+03   6.1752817e-02   4.7833580e-02   3.7048170e-02
   2.0766667e+03   6.1722651e-02   4.7787714e-02   3.6995219e-02
   2.0767500e+03   6.1694406e-02   4.7742997e-02   3.6942913e-02
   2.0768333e+03   6.1681928e-02   4.7707633e-02   3.6895655e-02
   2.0769167e+03   6.1683065e-02   4.7680324e-02   3.6852736e-02
   2.0770000e+03   6.1688395e-02   4.7655480e-02   3.6811148e-02
   2.0770833e+03   6.1694116e-02   4.7630850e-02   3.6769682e-02
   2.0771667e+03   6.1699848e-02   4.7606206e-02   3.6728217e-02
   2.0772500e+03   6.1705365e-02   4.7581417e-02   3.6686683e-02
   2.0773333e+03   6.1707470e-02   4.7554598e-02   3.6644076e-02
   2.0774167e+03   6.1698909e-02   4.7521485e-02   3.6598129e-02
   2.0775000e+03   6.1684459e-02   4.7484903e-02   3.6550353e-02
   2.0775833e+03   6.1661131e-02   4.7443102e-02   3.6499825e-02
   2.0776667e+03   6.1630291e-02   4.7396897e-02   3.6446985e-02
   2.0777500e+03   6.1601392e-02   4.7351842e-02   3.6394784e-02
   2.0778333e+03   6.1588433e-02   4.7316141e-02   3.6347561e-02
   2.0779167e+03   6.1589323e-02   4.7288550e-02   3.6304645e-02
   2.0780000e+03   6.1594572e-02   4.7263495e-02   3.6263080e-02
   2.0780833e+03   6.1600295e-02   4.7238699e-02   3.6221661e-02
   2.0781667e+03   6.1606022e-02   4.7213887e-02   3.6180243e-02
   2.0782500e+03   6.1611477e-02   4.7188898e-02   3.6138741e-02
   2.0783333e+03   6.1613362e-02   4.7161810e-02   3.6096145e-02
   2.0784167e+03   6.1604374e-02   4.7128375e-02   3.6050231e-02
   2.0785000e+03   6.1589419e-02   4.7091463e-02   3.6002512e-02
   2.0785833e+03   6.1565485e-02   4.7049331e-02   3.5952081e-02
   2.0786667e+03   6.1533969e-02   4.7002802e-02   3.5899377e-02
   2.0787500e+03   6.1504411e-02   4.6957423e-02   3.5847302e-02
   2.0788333e+03   6.1490966e-02   4.6921399e-02   3.5800137e-02
   2.0789167e+03   6.1491605e-02   4.6893534e-02   3.5757244e-02
   2.0790000e+03   6.1496766e-02   4.6868273e-02   3.5715720e-02
   2.0790833e+03   6.1502484e-02   4.6843318e-02   3.5674364e-02
   2.0791667e+03   6.1508201e-02   4.6818343e-02   3.5633009e-02
   2.0792500e+03   6.1513587e-02   4.6793161e-02   3.5591556e-02
   2.0793333e+03   6.1515246e-02   4.6765811e-02   3.5548991e-02
   2.0794167e+03   6.1505826e-02   4.6732066e-02   3.5503131e-02
   2.0795000e+03   6.1490361e-02   4.6694836e-02   3.5455491e-02
   2.0795833e+03   6.1465818e-02   4.6652387e-02   3.5405179e-02
   2.0796667e+03   6.1433621e-02   4.6605549e-02   3.5352633e-02
   2.0797500e+03   6.1403401e-02   4.6559860e-02   3.5300708e-02
   2.0798333e+03   6.1389466e-02   4.6523525e-02   3.5253622e-02
   2.0799167e+03   6.1389847e-02   4.6495394e-02   3.5210771e-02
   2.0800000e+03   6.1394915e-02   4.6469935e-02   3.5169305e-02
   2.0800833e+03   6.1400622e-02   4.6444825e-02   3.5128028e-02
   2.0801667e+03   6.1406322e-02   4.6419694e-02   3.5086752e-02
   2.0802500e+03   6.1411633e-02   4.6394324e-02   3.5045365e-02
   2.0803333e+03   6.1413060e-02   4.6366722e-02   3.5002850e-02
   2.0804167e+03   6.1403204e-02   4.6332677e-02   3.4957066e-02
   2.0805000e+03   6.1387223e-02   4.6295142e-02   3.4909525e-02
   2.0805833e+03   6.1362068e-02   4.6252391e-02   3.4859355e-02
   2.0806667e+03   6.1329188e-02   4.6205258e-02   3.4806988e-02
   2.0807500e+03   6.1298302e-02   4.6159273e-02   3.4755235e-02
   2.0808333e+03   6.1283872e-02   4.6122639e-02   3.4708250e-02
   2.0809167e+03   6.1283989e-02   4.6094252e-02   3.4665461e-02
   2.0810000e+03   6.1288958e-02   4.6068601e-02   3.4624069e-02
   2.0810833e+03   6.1294647e-02   4.6043343e-02   3.4582887e-02
   2.0811667e+03   6.1300325e-02   4.6018061e-02   3.4541706e-02
   2.0812500e+03   6.1305555e-02   4.5992510e-02   3.4500401e-02
   2.0813333e+03   6.1306744e-02   4.5964663e-02   3.4457954e-02
   2.0814167e+03   6.1296446e-02   4.5930330e-02   3.4412266e-02
   2.0815000e+03   6.1279946e-02   4.5892503e-02   3.4364846e-02
   2.0815833e+03   6.1254175e-02   4.5849462e-02   3.4314840e-02
   2.0816667e+03   6.1220608e-02   4.5802049e-02   3.4262675e-02
   2.0817500e+03   6.1189053e-02   4.5755784e-02   3.4211115e-02
   2.0818333e+03   6.1174124e-02   4.5718862e-02   3.4164251e-02
   2.0819167e+03   6.1173972e-02   4.5690228e-02   3.4121541e-02
   2.0820000e+03   6.1178835e-02   4.5664393e-02   3.4080241e-02
   2.0820833e+03   6.1184501e-02   4.5638991e-02   3.4039170e-02
   2.0821667e+03   6.1190149e-02   4.5613564e-02   3.3998098e-02
   2.0822500e+03   6.1195292e-02   4.5587839e-02   3.3956892e-02
   2.0823333e+03   6.1196237e-02   4.5559757e-02   3.3914533e-02
   2.0824167e+03   6.1185493e-02   4.5525147e-02   3.3868960e-02
   2.0825000e+03   6.1168470e-02   4.5487039e-02   3.3821682e-02
   2.0825833e+03   6.1142079e-02   4.5443723e-02   3.3771859e-02
   2.0826667e+03   6.1107822e-02   4.5396046e-02   3.3719917e-02
   2.0827500e+03   6.1075597e-02   4.5349514e-02   3.3668573e-02
   2.0828333e+03   6.1060163e-02   4.5312318e-02   3.3621850e-02
   2.0829167e+03   6.1059737e-02   4.5283446e-02   3.3579238e-02
   2.0830000e+03   6.1064488e-02   4.5257432e-02   3.3538045e-02
   2.0830833e+03   6.1070124e-02   4.5231894e-02   3.3497099e-02
   2.0831667e+03   6.1075737e-02   4.5206327e-02   3.3456154e-02
   2.0832500e+03   6.1080786e-02   4.5180435e-02   3.3415063e-02
   2.0833333e+03   6.1081483e-02   4.5152126e-02   3.3372807e-02
   2.0834167e+03   6.1070287e-02   4.5117250e-02   3.3327370e-02
   2.0835000e+03   6.1052737e-02   4.5078875e-02   3.3280254e-02
   2.0835833e+03   6.1025723e-02   4.5035298e-02   3.3230636e-02
   2.0836667e+03   6.0990774e-02   4.4987370e-02   3.3178937e-02
   2.0837500e+03   6.0957875e-02   4.4940587e-02   3.3127827e-02
   2.0838333e+03   6.0941933e-02   4.4903128e-02   3.3081266e-02
   2.0839167e+03   6.0941226e-02   4.4874027e-02   3.3038770e-02
   2.0840000e+03   6.0945860e-02   4.4847843e-02   3.2997701e-02
   2.0840833e+03   6.0951460e-02   4.4822173e-02   3.2956895e-02
   2.0841667e+03   6.0957031e-02   4.4796473e-02   3.2916090e-02
   2.0842500e+03   6.0961981e-02   4.4770420e-02   3.2875129e-02
   2.0843333e+03   6.0962423e-02   4.4741893e-02   3.2832996e-02
   2.0844167e+03   6.0950771e-02   4.4706764e-02   3.2787714e-02
   2.0845000e+03   6.0932690e-02   4.4668134e-02   3.2740778e-02
   2.0845833e+03   6.0905050e-02   4.4624309e-02   3.2691384e-02
   2.0846667e+03   6.0869407e-02   4.4576147e-02   3.2639950e-02
   2.0847500e+03   6.0835831e-02   4.4529126e-02   3.2589095e-02
   2.0848333e+03   6.0819378e-02   4.4491417e-02   3.2542713e-02
   2.0849167e+03   6.0818385e-02   4.4462096e-02   3.2500351e-02
   2.0850000e+03   6.0822895e-02   4.4435748e-02   3.2459422e-02
   2.0850833e+03   6.0828452e-02   4.4409953e-02   3.2418771e-02
   2.0851667e+03   6.0833976e-02   4.4384127e-02   3.2378121e-02
   2.0852500e+03   6.0838820e-02   4.4357919e-02   3.2337306e-02
   2.0853333e+03   6.0839002e-02   4.4329183e-02   3.2295311e-02
   2.0854167e+03   6.0826890e-02   4.4293812e-02   3.2250202e-02
   2.0855000e+03   6.0808274e-02   4.4254939e-02   3.2203467e-02
   2.0855833e+03   6.0780005e-02   4.4210881e-02   3.2154317e-02
   2.0856667e+03   6.0743666e-02   4.4162499e-02   3.2103165e-02
   2.0857500e+03   6.0709411e-02   4.4115256e-02   3.2052585e-02
   2.0858333e+03   6.0692442e-02   4.4077310e-02   3.2006402e-02
   2.0859167e+03   6.0691158e-02   4.4047778e-02   3.1964191e-02
   2.0860000e+03   6.0695538e-02   4.4021273e-02   3.1923416e-02
   2.0860833e+03   6.0701047e-02   4.3995359e-02   3.1882935e-02
   2.0861667e+03   6.0706517e-02   4.3969411e-02   3.1842454e-02
   2.0862500e+03   6.0711250e-02   4.3943057e-02   3.1801800e-02
   2.0863333e+03   6.0711166e-02   4.3914120e-02   3.1759961e-02
   2.0864167e+03   6.0698589e-02   4.3878519e-02   3.1715043e-02
   2.0865000e+03   6.0679434e-02   4.3839417e-02   3.1668526e-02
   2.0865833e+03   6.0650535e-02   4.3795139e-02   3.1619639e-02
   2.0866667e+03   6.0613497e-02   4.3746552e-02   3.1568789e-02
   2.0867500e+03   6.0578561e-02   4.3699102e-02   3.1518502e-02
   2.0868333e+03   6.0561073e-02   4.3660930e-02   3.1472537e-02
   2.0869167e+03   6.0559493e-02   4.3631197e-02   3.1430493e-02
   2.0870000e+03   6.0563737e-02   4.3604542e-02   3.1389887e-02
   2.0870833e+03   6.0569191e-02   4.3578516e-02   3.1349589e-02
   2.0871667e+03   6.0574601e-02   4.3552453e-02   3.1309291e-02
   2.0872500e+03   6.0579216e-02   4.3525958e-02   3.1268812e-02
   2.0873333e+03   6.0578861e-02   4.3496831e-02   3.1227145e-02
   2.0874167e+03   6.0565817e-02   4.3461010e-02   3.1182437e-02
   2.0875000e+03   6.0546120e-02   4.3421691e-02   3.1136157e-02
   2.0875833e+03   6.0516586e-02   4.3377208e-02   3.1087550e-02
   2.0876667e+03   6.0478848e-02   4.3328431e-02   3.1037021e-02
   2.0877500e+03   6.0443230e-02   4.3280788e-02   3.0987045e-02
   2.0878333e+03   6.0425219e-02   4.3242403e-02   3.0941315e-02
   2.0879167e+03   6.0423337e-02   4.3212478e-02   3.0899454e-02
   2.0880000e+03   6.0427440e-02   4.3185681e-02   3.0859033e-02
   2.0880833e+03   6.0432833e-02   4.3159548e-02   3.0818931e-02
   2.0881667e+03   6.0438177e-02   4.3133377e-02   3.0778830e-02
   2.0882500e+03   6.0442668e-02   4.3106750e-02   3.0738541e-02
   2.0883333e+03   6.0442037e-02   4.3077440e-02   3.0697062e-02
   2.0884167e+03   6.0428520e-02   4.3041412e-02   3.0652580e-02
   2.0885000e+03   6.0408278e-02   4.3001889e-02   3.0606554e-02
   2.0885833e+03   6.0378108e-02   4.2957214e-02   3.0558245e-02
   2.0886667e+03   6.0339670e-02   4.2908262e-02   3.0508054e-02
   2.0887500e+03   6.0303367e-02   4.2860441e-02   3.0458407e-02
   2.0888333e+03   6.0284829e-02   4.2821856e-02   3.0412929e-02
   2.0889167e+03   6.0282641e-02   4.2791749e-02   3.0371268e-02
   2.0890000e+03   6.0286597e-02   4.2764816e-02   3.0331045e-02
   2.0890833e+03   6.0291923e-02   4.2738583e-02   3.0291153e-02
   2.0891667e+03   6.0297195e-02   4.2712310e-02   3.0251262e-02
   2.0892500e+03   6.0301556e-02   4.2685556e-02   3.0211177e-02
   2.0893333e+03   6.0300643e-02   4.2656074e-02   3.0169901e-02
   2.0894167e+03   6.0286651e-02   4.2619850e-02   3.0125662e-02
   2.0895000e+03   6.0265860e-02   4.2580136e-02   3.0079907e-02
   2.0895833e+03   6.0235052e-02   4.2535284e-02   3.0031914e-02
   2.0896667e+03   6.0195911e-02   4.2486171e-02   2.9982077e-02
   2.0897500e+03   6.0158923e-02   4.2438187e-02   2.9932777e-02
   2.0898333e+03   6.0139856e-02   4.2399413e-02   2.9887567e-02
   2.0899167e+03   6.0137357e-02   4.2369133e-02   2.9846120e-02
   2.0900000e+03   6.0141158e-02   4.2342074e-02   2.9806110e-02
   2.0900833e+03   6.0146412e-02   4.2315746e-02   2.9766441e-02
   2.0901667e+03   6.0151606e-02   4.2289378e-02   2.9726773e-02
   2.0902500e+03   6.0155832e-02   4.2262505e-02   2.9686905e-02
   2.0903333e+03   6.0154632e-02   4.2232858e-02   2.9645847e-02
   2.0904167e+03   6.0140160e-02   4.2196451e-02   2.9601867e-02
   2.0905000e+03   6.0118818e-02   4.2156558e-02   2.9556399e-02
   2.0905833e+03   6.0087371e-02   4.2111543e-02   2.9508738e-02
   2.0906667e+03   6.0047526e-02   4.2062284e-02   2.9459272e-02
   2.0907500e+03   6.0009851e-02   4.2014152e-02   2.9410334e-02
   2.0908333e+03   5.9990252e-02   4.1975202e-02   2.9365409e-02
   2.0909167e+03   5.9987436e-02   4.1944759e-02   2.9324192e-02
   2.0910000e+03   5.9991079e-02   4.1917579e-02   2.9284408e-02
   2.0910833e+03   5.9996254e-02   4.1891164e-02   2.9244974e-02
   2.0911667e+03   6.0001363e-02   4.1864706e-02   2.9205542e-02
   2.0912500e+03   6.0005448e-02   4.1837722e-02   2.9165904e-02
   2.0913333e+03   6.0003956e-02   4.1807921e-02   2.9125079e-02
   2.0914167e+03   5.9989001e-02   4.1771342e-02   2.9081373e-02
   2.0915000e+03   5.9967106e-02   4.1731283e-02   2.9036209e-02
   2.0915833e+03   5.9935017e-02   4.1686117e-02   2.8988895e-02
   2.0916667e+03   5.9894468e-02   4.1636729e-02   2.8939817e-02
   2.0917500e+03   5.9856105e-02   4.1588462e-02   2.8891257e-02
   2.0918333e+03   5.9835971e-02   4.1549349e-02   2.8846633e-02
   2.0919167e+03   5.9832834e-02   4.1518752e-02   2.8805660e-02
   2.0920000e+03   5.9836313e-02   4.1491460e-02   2.8766114e-02
   2.0920833e+03   5.9841403e-02   4.1464964e-02   2.8726927e-02
   2.0921667e+03   5.9846422e-02   4.1438423e-02   2.8687743e-02
   2.0922500e+03   5.9850360e-02   4.1411334e-02   2.8648348e-02
   2.0923333e+03   5.9848571e-02   4.1381387e-02   2.8607770e-02
   2.0924167e+03   5.9833130e-02   4.1344648e-02   2.8564354e-02
   2.0925000e+03   5.9810678e-02   4.1304436e-02   2.8519508e-02
   2.0925833e+03   5.9777946e-02   4.1259135e-02   2.8472558e-02
   2.0926667e+03   5.9736693e-02   4.1209630e-02   2.8423882e-02
   2.0927500e+03   5.9697642e-02   4.1161244e-02   2.8375715e-02
   2.0928333e+03   5.9676971e-02   4.1121981e-02   2.8331406e-02
   2.0929167e+03   5.9673508e-02   4.1091239e-02   2.8290691e-02
   2.0930000e+03   5.9676816e-02   4.1063841e-02   2.8251396e-02
   2.0930833e+03   5.9681815e-02   4.1037271e-02   2.8212469e-02
   2.0931667e+03   5.9686738e-02   4.1010654e-02   2.8173544e-02
   2.0932500e+03   5.9690524e-02   4.0983468e-02   2.8134405e-02
   2.0933333e+03   5.9688434e-02   4.0953384e-02   2.8094087e-02
   2.0934167e+03   5.9672503e-02   4.0916497e-02   2.8050976e-02
   2.0935000e+03   5.9649493e-02   4.0876144e-02   2.8006463e-02
   2.0935833e+03   5.9616117e-02   4.0830721e-02   2.7959890e-02
   2.0936667e+03   5.9574160e-02   4.0781116e-02   2.7911631e-02
   2.0937500e+03   5.9534420e-02   4.0732624e-02   2.7863872e-02
   2.0938333e+03   5.9513209e-02   4.0693223e-02   2.7819893e-02
   2.0939167e+03   5.9509415e-02   4.0662347e-02   2.7779449e-02
   2.0940000e+03   5.9512548e-02   4.0634851e-02   2.7740419e-02
   2.0940833e+03   5.9517450e-02   4.0608212e-02   2.7701762e-02
   2.0941667e+03   5.9522271e-02   4.0581525e-02   2.7663108e-02
   2.0942500e+03   5.9525898e-02   4.0554250e-02   2.7624236e-02
   2.0943333e+03   5.9523502e-02   4.0524039e-02   2.7584192e-02
   2.0944167e+03   5.9507079e-02   4.0487015e-02   2.7541399e-02
   2.0945000e+03   5.9483508e-02   4.0446534e-02   2.7497233e-02
   2.0945833e+03   5.9449488e-02   4.0401004e-02   2.7451053e-02
   2.0946667e+03   5.9406826e-02   4.0351312e-02   2.7403224e-02
   2.0947500e+03   5.9366398e-02   4.0302729e-02   2.7355887e-02
   2.0948333e+03   5.9344644e-02   4.0263202e-02   2.7312251e-02
   2.0949167e+03   5.9340517e-02   4.0232201e-02   2.7272092e-02
   2.0950000e+03   5.9343467e-02   4.0204615e-02   2.7233337e-02
   2.0950833e+03   5.9348267e-02   4.0177914e-02   2.7194962e-02
   2.0951667e+03   5.9352980e-02   4.0151164e-02   2.7156590e-02
   2.0952500e+03   5.9356444e-02   4.0123806e-02   2.7117998e-02
   2.0953333e+03   5.9353737e-02   4.0093478e-02   2.7078239e-02
   2.0954167e+03   5.9336819e-02   4.0056329e-02   2.7035779e-02
   2.0955000e+03   5.9312686e-02   4.0015732e-02   2.6991974e-02
   2.0955833e+03   5.9278020e-02   3.9970108e-02   2.6946198e-02
   2.0956667e+03   5.9234654e-02   3.9920344e-02   2.6898814e-02
   2.0957500e+03   5.9193538e-02   3.9871685e-02   2.6851911e-02
   2.0958333e+03   5.9171240e-02   3.9832044e-02   2.6808633e-02
   2.0959167e+03   5.9166773e-02   3.9800927e-02   2.6768771e-02
   2.0960000e+03   5.9169537e-02   3.9773259e-02   2.6730303e-02
   2.0960833e+03   5.9174229e-02   3.9746503e-02   2.6692220e-02
   2.0961667e+03   5.9178829e-02   3.9719697e-02   2.6654141e-02
   2.0962500e+03   5.9182122e-02   3.9692263e-02   2.6615839e-02
   2.0963333e+03   5.9179101e-02   3.9661827e-02   2.6576379e-02
   2.0964167e+03   5.9161685e-02   3.9624564e-02   2.6534263e-02
   2.0965000e+03   5.9136988e-02   3.9583865e-02   2.6490832e-02
   2.0965833e+03   5.9101676e-02   3.9538160e-02   2.6445475e-02
   2.0966667e+03   5.9057608e-02   3.9488338e-02   2.6398547e-02
   2.0967500e+03   5.9015803e-02   3.9439618e-02   2.6352092e-02
   2.0968333e+03   5.8992959e-02   3.9399875e-02   2.6309184e-02
   2.0969167e+03   5.8988149e-02   3.9368653e-02   2.6269631e-02
   2.0970000e+03   5.8990721e-02   3.9340909e-02   2.6231461e-02
   2.0970833e+03   5.8995299e-02   3.9314105e-02   2.6193680e-02
   2.0971667e+03   5.8999779e-02   3.9287249e-02   2.6155904e-02
   2.0972500e+03   5.9002898e-02   3.9259747e-02   2.6117903e-02
   2.0973333e+03   5.8999557e-02   3.9229211e-02   2.6078753e-02
   2.0974167e+03   5.8981641e-02   3.9191847e-02   2.6036995e-02
   2.0975000e+03   5.8956379e-02   3.9151058e-02   2.5993950e-02
   2.0975833e+03   5.8920422e-02   3.9105286e-02   2.5949023e-02
   2.0976667e+03   5.8875651e-02   3.9055421e-02   2.5902564e-02
   2.0977500e+03   5.8833159e-02   3.9006652e-02   2.5856569e-02
   2.0978333e+03   5.8809767e-02   3.8966821e-02   2.5814043e-02
   2.0979167e+03   5.8804611e-02   3.8935502e-02   2.5774811e-02
   2.0980000e+03   5.8806986e-02   3.8907691e-02   2.5736949e-02
   2.0980833e+03   5.8811443e-02   3.8880845e-02   2.5699481e-02
   2.0981667e+03   5.8815799e-02   3.8853945e-02   2.5662018e-02
   2.0982500e+03   5.8818738e-02   3.8826383e-02   2.5624328e-02
   2.0983333e+03   5.8815073e-02   3.8795757e-02   2.5585500e-02
   2.0984167e+03   5.8796655e-02   3.8758303e-02   2.5544111e-02
   2.0985000e+03   5.8770826e-02   3.8717436e-02   2.5501464e-02
   2.0985833e+03   5.8734223e-02   3.8671610e-02   2.5456979e-02
   2.0986667e+03   5.8688751e-02   3.8621717e-02   2.5411000e-02
   2.0987500e+03   5.8645573e-02   3.8572914e-02   2.5365476e-02
   2.0988333e+03   5.8621633e-02   3.8533006e-02   2.5323343e-02
   2.0989167e+03   5.8616125e-02   3.8501600e-02   2.5284444e-02
   2.0990000e+03   5.8618298e-02   3.8473730e-02   2.5246901e-02
   2.0990833e+03   5.8622630e-02   3.8446848e-02   2.5209755e-02
   2.0991667e+03   5.8626855e-02   3.8419912e-02   2.5172614e-02
   2.0992500e+03   5.8629609e-02   3.8392297e-02   2.5135245e-02
   2.0993333e+03   5.8625616e-02   3.8361590e-02   2.5096749e-02
   2.0994167e+03   5.8606693e-02   3.8324057e-02   2.5055741e-02
   2.0995000e+03   5.8580297e-02   3.8283124e-02   2.5013503e-02
   2.0995833e+03   5.8543049e-02   3.8237259e-02   2.4969472e-02
   2.0996667e+03   5.8496878e-02   3.8187351e-02   2.4923984e-02
   2.0997500e+03   5.8453016e-02   3.8138528e-02   2.4878941e-02
   2.0998333e+03   5.8428525e-02   3.8098555e-02   2.4837214e-02
   2.0999167e+03   5.8422662e-02   3.8067072e-02   2.4798657e-02
   2.1000000e+03   5.8424628e-02   3.8039149e-02   2.4761443e-02
   2.1000833e+03   5.8428829e-02   3.8012239e-02   2.4724627e-02
   2.1001667e+03   5.8432918e-02   3.7985273e-02   2.4687818e-02
   2.1002500e+03   5.8435481e-02   3.7957612e-02   2.4650779e-02
   2.1003333e+03   5.8431156e-02   3.7926833e-02   2.4612626e-02
   2.1004167e+03   5.8411728e-02   3.7889234e-02   2.4572010e-02
   2.1005000e+03   5.8384763e-02   3.7848248e-02   2.4530192e-02
   2.1005833e+03   5.8346872e-02   3.7802355e-02   2.4486625e-02
   2.1006667e+03   5.8300003e-02   3.7752447e-02   2.4441638e-02
   2.1007500e+03   5.8255457e-02   3.7703617e-02   2.4397087e-02
   2.1008333e+03   5.8230416e-02   3.7663592e-02   2.4355775e-02
   2.1009167e+03   5.8224195e-02   3.7632041e-02   2.4317571e-02
