   2.0000000e+03   1.0000000e+00   1.0000000e+00   1.0000000e+00
   2.0000833e+03   1.0000000e+00   1.0000000e+00   1.0000000e+00
   2.0001667e+03   1.0000000e+00   1.0000000e+00   1.0000000e+00
   2.0002500e+03   1.0000000e+00   1.0000000e+00   1.0000000e+00
   2.0003333e+03   1.0000000e+00   1.0000000e+00   1.0000000e+00
   2.0004167e+03   1.0000000e+00   1.0000000e+00   1.0000000e+00
   2.0005000e+03   1.0000000e+00   1.0000000e+00   1.0000000e+00
   2.0005833e+03   1.0000000e+00   1.0000000e+00   1.0000000e+00
   2.0006667e+03   1.0000000e+00   1.0000000e+00   1.0000000e+00
   2.0007500e+03   1.0000000e+00   1.0000000e+00   1.0000000e+00
   2.0008333e+03   1.0000000e+00   1.0000000e+00   1.0000000e+00
   2.0009167e+03   1.0000000e+00   1.0000000e+00   1.0000000e+00
   2.0010000e+03   9.9990352e-01   9.9990311e-01   9.9990270e-01
   2.0010833e+03   9.9968635e-01   9.9968516e-01   9.9968397e-01
   2.0011667e+03   9.9946859e-01   9.9946624e-01   9.9946388e-01
   2.0012500e+03   9.9933176e-01   9.9932780e-01   9.9932384e-01
   2.0013333e+03   9.9934792e-01   9.9934182e-01   9.9933572e-01
   2.0014167e+03   9.9946423e-01   9.9945547e-01   9.9944671e-01
   2.0015000e+03   9.9958440e-01   9.9957252e-01   9.9956065e-01
   2.0015833e+03   9.9968650e-01   9.9967110e-01   9.9965570e-01
   2.0016667e+03   9.9976248e-01   9.9974316e-01   9.9972384e-01
   2.0017500e+03   9.9985299e-01   9.9982928e-01   9.9980558e-01
   2.0018333e+03   9.9997281e-01   9.9994424e-01   9.9991566e-01
   2.0019167e+03   1.0000185e+00   9.9998479e-01   9.9995106e-01
   2.0020000e+03   9.9992589e-01   9.9988689e-01   9.9984789e-01
   2.0020833e+03   9.9971340e-01   9.9966902e-01   9.9962463e-01
   2.0021667e+03   9.9950034e-01   9.9945019e-01   9.9940005e-01
   2.0022500e+03   9.9936767e-01   9.9931116e-01   9.9925466e-01
   2.0023333e+03   9.9938655e-01   9.9932286e-01   9.9925918e-01
   2.0024167e+03   9.9950346e-01   9.9943186e-01   9.9936028e-01
   2.0025000e+03   9.9962335e-01   9.9954341e-01   9.9946348e-01
   2.0025833e+03   9.9972418e-01   9.9963553e-01   9.9954689e-01
   2.0026667e+03   9.9979818e-01   9.9970049e-01   9.9960281e-01
   2.0027500e+03   9.9988706e-01   9.9977985e-01   9.9967265e-01
   2.0028333e+03   1.0000072e+00   9.9988990e-01   9.9977263e-01
   2.0029167e+03   1.0000552e+00   9.9992775e-01   9.9980029e-01
   2.0030000e+03   9.9996641e-01   9.9982890e-01   9.9969142e-01
   2.0030833e+03   9.9975858e-01   9.9961119e-01   9.9946382e-01
   2.0031667e+03   9.9955017e-01   9.9939254e-01   9.9923493e-01
   2.0032500e+03   9.9942162e-01   9.9925299e-01   9.9908438e-01
   2.0033333e+03   9.9944321e-01   9.9926245e-01   9.9908173e-01
   2.0034167e+03   9.9956066e-01   9.9936689e-01   9.9917314e-01
   2.0035000e+03   9.9968025e-01   9.9947301e-01   9.9926582e-01
   2.0035833e+03   9.9977976e-01   9.9955876e-01   9.9933780e-01
   2.0036667e+03   9.9985174e-01   9.9961671e-01   9.9938173e-01
   2.0037500e+03   9.9993895e-01   9.9968939e-01   9.9943989e-01
   2.0038333e+03   1.0000593e+00   9.9979462e-01   9.9952998e-01
   2.0039167e+03   1.0001097e+00   9.9982984e-01   9.9955009e-01
   2.0040000e+03   1.0000246e+00   9.9973013e-01   9.9943571e-01
   2.0040833e+03   9.9982143e-01   9.9951265e-01   9.9920396e-01
   2.0041667e+03   9.9961766e-01   9.9929424e-01   9.9897094e-01
   2.0042500e+03   9.9949319e-01   9.9915425e-01   9.9881542e-01
   2.0043333e+03   9.9951744e-01   9.9916156e-01   9.9880579e-01
   2.0044167e+03   9.9963542e-01   9.9926151e-01   9.9888773e-01
   2.0045000e+03   9.9975465e-01   9.9936230e-01   9.9897010e-01
   2.0045833e+03   9.9985281e-01   9.9944176e-01   9.9903088e-01
   2.0046667e+03   9.9992272e-01   9.9949279e-01   9.9906304e-01
   2.0047500e+03   1.0000082e+00   9.9955889e-01   9.9910974e-01
   2.0048333e+03   1.0001288e+00   9.9965938e-01   9.9919016e-01
   2.0049167e+03   1.0001814e+00   9.9969206e-01   9.9920291e-01
   2.0050000e+03   1.0001001e+00   9.9959156e-01   9.9908323e-01
   2.0050833e+03   9.9990153e-01   9.9937439e-01   9.9884751e-01
   2.0051667e+03   9.9970235e-01   9.9915630e-01   9.9861054e-01
   2.0052500e+03   9.9958194e-01   9.9901593e-01   9.9845024e-01
   2.0053333e+03   9.9960883e-01   9.9902116e-01   9.9843384e-01
   2.0054167e+03   9.9972728e-01   9.9911672e-01   9.9850652e-01
   2.0055000e+03   9.9984613e-01   9.9921226e-01   9.9857879e-01
   2.0055833e+03   9.9994288e-01   9.9928553e-01   9.9862859e-01
   2.0056667e+03   1.0000107e+00   9.9932972e-01   9.9864922e-01
   2.0057500e+03   1.0000944e+00   9.9938932e-01   9.9868469e-01
   2.0058333e+03   1.0002152e+00   9.9948516e-01   9.9875564e-01
   2.0059167e+03   1.0002701e+00   9.9951538e-01   9.9876125e-01
   2.0060000e+03   1.0001925e+00   9.9941417e-01   9.9863645e-01
   2.0060833e+03   9.9999844e-01   9.9919738e-01   9.9839695e-01
   2.0061667e+03   9.9980382e-01   9.9897969e-01   9.9815622e-01
   2.0062500e+03   9.9968743e-01   9.9883903e-01   9.9799133e-01
   2.0063333e+03   9.9971692e-01   9.9884226e-01   9.9796836e-01
   2.0064167e+03   9.9983581e-01   9.9893350e-01   9.9803199e-01
   2.0065000e+03   9.9995423e-01   9.9902389e-01   9.9809439e-01
   2.0065833e+03   1.0000495e+00   9.9909105e-01   9.9813344e-01
   2.0066667e+03   1.0001152e+00   9.9912850e-01   9.9814276e-01
   2.0067500e+03   1.0001972e+00   9.9918169e-01   9.9816724e-01
   2.0068333e+03   1.0003181e+00   9.9927297e-01   9.9822895e-01
   2.0069167e+03   1.0003751e+00   9.9930080e-01   9.9822762e-01
   2.0070000e+03   1.0003012e+00   9.9919896e-01   9.9809789e-01
   2.0070833e+03   1.0001117e+00   9.9898263e-01   9.9785480e-01
   2.0071667e+03   9.9992163e-01   9.9876541e-01   9.9761051e-01
   2.0072500e+03   9.9980923e-01   9.9862453e-01   9.9744122e-01
   2.0073333e+03   9.9984129e-01   9.9862586e-01   9.9741188e-01
   2.0074167e+03   9.9996058e-01   9.9871287e-01   9.9746669e-01
   2.0075000e+03   1.0000785e+00   9.9879818e-01   9.9751944e-01
   2.0075833e+03   1.0001724e+00   9.9885932e-01   9.9754797e-01
   2.0076667e+03   1.0002358e+00   9.9889013e-01   9.9754622e-01
   2.0077500e+03   1.0003159e+00   9.9893700e-01   9.9755993e-01
   2.0078333e+03   1.0004370e+00   9.9902380e-01   9.9761262e-01
   2.0079167e+03   1.0004962e+00   9.9904934e-01   9.9760456e-01
   2.0080000e+03   1.0004259e+00   9.9894695e-01   9.9747011e-01
   2.0080833e+03   1.0002409e+00   9.9873115e-01   9.9722362e-01
   2.0081667e+03   1.0000553e+00   9.9851448e-01   9.9697596e-01
   2.0082500e+03   9.9994689e-01   9.9837346e-01   9.9680247e-01
   2.0083333e+03   9.9998149e-01   9.9837295e-01   9.9676697e-01
   2.0084167e+03   1.0001011e+00   9.9845583e-01   9.9681317e-01
   2.0085000e+03   1.0002186e+00   9.9853616e-01   9.9685650e-01
   2.0085833e+03   1.0003109e+00   9.9859137e-01   9.9687474e-01
   2.0086667e+03   1.0003721e+00   9.9861562e-01   9.9686216e-01
   2.0087500e+03   1.0004504e+00   9.9865626e-01   9.9686534e-01
   2.0088333e+03   1.0005714e+00   9.9873868e-01   9.9690923e-01
   2.0089167e+03   1.0006328e+00   9.9876200e-01   9.9689465e-01
   2.0090000e+03   1.0005662e+00   9.9865913e-01   9.9675568e-01
   2.0090833e+03   1.0003856e+00   9.9844394e-01   9.9650598e-01
   2.0091667e+03   1.0002045e+00   9.9822789e-01   9.9625514e-01
   2.0092500e+03   1.0001000e+00   9.9808682e-01   9.9607765e-01
   2.0093333e+03   1.0001371e+00   9.9808456e-01   9.9603619e-01
   2.0094167e+03   1.0002571e+00   9.9816339e-01   9.9607402e-01
   2.0095000e+03   1.0003740e+00   9.9823882e-01   9.9610815e-01
   2.0095833e+03   1.0004647e+00   9.9828820e-01   9.9611634e-01
   2.0096667e+03   1.0005236e+00   9.9830598e-01   9.9609317e-01
   2.0097500e+03   1.0006000e+00   9.9834049e-01   9.9608605e-01
   2.0098333e+03   1.0007211e+00   9.9841860e-01   9.9612137e-01
   2.0099167e+03   1.0007845e+00   9.9843979e-01   9.9610049e-01
   2.0100000e+03   1.0007215e+00   9.9833653e-01   9.9595719e-01
   2.0100833e+03   1.0005454e+00   9.9812203e-01   9.9570449e-01
   2.0101667e+03   1.0003687e+00   9.9790669e-01   9.9545066e-01
   2.0102500e+03   1.0002681e+00   9.9776563e-01   9.9526937e-01
   2.0103333e+03   1.0003076e+00   9.9776171e-01   9.9522217e-01
   2.0104167e+03   1.0004279e+00   9.9783657e-01   9.9525184e-01
   2.0105000e+03   1.0005442e+00   9.9790720e-01   9.9527701e-01
   2.0105833e+03   1.0006334e+00   9.9795083e-01   9.9527539e-01
   2.0106667e+03   1.0006900e+00   9.9796224e-01   9.9524186e-01
   2.0107500e+03   1.0007643e+00   9.9799070e-01   9.9522469e-01
   2.0108333e+03   1.0008854e+00   9.9806461e-01   9.9525167e-01
   2.0109167e+03   1.0009509e+00   9.9808375e-01   9.9522469e-01
   2.0110000e+03   1.0008915e+00   9.9798018e-01   9.9507728e-01
   2.0110833e+03   1.0007197e+00   9.9776644e-01   9.9482176e-01
   2.0111667e+03   1.0005475e+00   9.9755187e-01   9.9456515e-01
   2.0112500e+03   1.0004507e+00   9.9741092e-01   9.9438025e-01
   2.0113333e+03   1.0004927e+00   9.9740541e-01   9.9432753e-01
   2.0114167e+03   1.0006133e+00   9.9747640e-01   9.9434927e-01
   2.0115000e+03   1.0007290e+00   9.9754231e-01   9.9436571e-01
   2.0115833e+03   1.0008164e+00   9.9758029e-01   9.9435451e-01
   2.0116667e+03   1.0008706e+00   9.9758542e-01   9.9431087e-01
   2.0117500e+03   1.0009430e+00   9.9760794e-01   9.9428388e-01
   2.0118333e+03   1.0010640e+00   9.9767772e-01   9.9430275e-01
   2.0119167e+03   1.0011316e+00   9.9769490e-01   9.9426990e-01
   2.0120000e+03   1.0010756e+00   9.9759110e-01   9.9411858e-01
   2.0120833e+03   1.0009083e+00   9.9737820e-01   9.9386044e-01
   2.0121667e+03   1.0007404e+00   9.9716449e-01   9.9360124e-01
   2.0122500e+03   1.0006475e+00   9.9702371e-01   9.9341295e-01
   2.0123333e+03   1.0006919e+00   9.9701671e-01   9.9335491e-01
   2.0124167e+03   1.0008126e+00   9.9708391e-01   9.9336895e-01
   2.0125000e+03   1.0009277e+00   9.9714520e-01   9.9337690e-01
   2.0125833e+03   1.0010134e+00   9.9717762e-01   9.9335636e-01
   2.0126667e+03   1.0010652e+00   9.9717656e-01   9.9330285e-01
   2.0127500e+03   1.0011355e+00   9.9719322e-01   9.9326629e-01
   2.0128333e+03   1.0012565e+00   9.9725897e-01   9.9327728e-01
   2.0129167e+03   1.0013260e+00   9.9727428e-01   9.9323878e-01
   2.0130000e+03   1.0012736e+00   9.9717032e-01   9.9308375e-01
   2.0130833e+03   1.0011106e+00   9.9695835e-01   9.9282319e-01
   2.0131667e+03   1.0009470e+00   9.9674557e-01   9.9256160e-01
   2.0132500e+03   1.0008579e+00   9.9660505e-01   9.9237011e-01
   2.0133333e+03   1.0009047e+00   9.9659663e-01   9.9230697e-01
   2.0134167e+03   1.0010256e+00   9.9666014e-01   9.9231355e-01
   2.0135000e+03   1.0011399e+00   9.9671690e-01   9.9231323e-01
   2.0135833e+03   1.0012240e+00   9.9674385e-01   9.9228360e-01
   2.0136667e+03   1.0012733e+00   9.9673670e-01   9.9222047e-01
   2.0137500e+03   1.0013415e+00   9.9674759e-01   9.9217459e-01
   2.0138333e+03   1.0014623e+00   9.9680941e-01   9.9217793e-01
   2.0139167e+03   1.0015338e+00   9.9682292e-01   9.9213399e-01
   2.0140000e+03   1.0014848e+00   9.9671890e-01   9.9197546e-01
   2.0140833e+03   1.0013262e+00   9.9650792e-01   9.9171269e-01
   2.0141667e+03   1.0011669e+00   9.9629615e-01   9.9144889e-01
   2.0142500e+03   1.0010816e+00   9.9615598e-01   9.9125442e-01
   2.0143333e+03   1.0011307e+00   9.9614622e-01   9.9118640e-01
   2.0144167e+03   1.0012517e+00   9.9620613e-01   9.9118574e-01
   2.0145000e+03   1.0013653e+00   9.9625844e-01   9.9117740e-01
   2.0145833e+03   1.0014476e+00   9.9628002e-01   9.9113892e-01
   2.0146667e+03   1.0014944e+00   9.9626687e-01   9.9106641e-01
   2.0147500e+03   1.0015604e+00   9.9627209e-01   9.9101144e-01
   2.0148333e+03   1.0016811e+00   9.9633006e-01   9.9100737e-01
   2.0149167e+03   1.0017545e+00   9.9634187e-01   9.9095822e-01
   2.0150000e+03   1.0017090e+00   9.9623786e-01   9.9079640e-01
   2.0150833e+03   1.0015546e+00   9.9602796e-01   9.9053161e-01
   2.0151667e+03   1.0013996e+00   9.9581728e-01   9.9026582e-01
   2.0152500e+03   1.0013180e+00   9.9567752e-01   9.9006856e-01
   2.0153333e+03   1.0013694e+00   9.9566653e-01   9.8999587e-01
   2.0154167e+03   1.0014906e+00   9.9572292e-01   9.8998821e-01
   2.0155000e+03   1.0016034e+00   9.9577088e-01   9.8997210e-01
   2.0155833e+03   1.0016838e+00   9.9578719e-01   9.8992500e-01
   2.0156667e+03   1.0017281e+00   9.9576812e-01   9.8984336e-01
   2.0157500e+03   1.0017919e+00   9.9576777e-01   9.8977956e-01
   2.0158333e+03   1.0019124e+00   9.9582198e-01   9.8976831e-01
   2.0159167e+03   1.0019877e+00   9.9583217e-01   9.8971416e-01
   2.0160000e+03   1.0019456e+00   9.9572825e-01   9.8954926e-01
   2.0160833e+03   1.0017954e+00   9.9551951e-01   9.8928265e-01
   2.0161667e+03   1.0016447e+00   9.9531001e-01   9.8901507e-01
   2.0162500e+03   1.0015668e+00   9.9517075e-01   9.8881523e-01
   2.0163333e+03   1.0016205e+00   9.9515860e-01   9.8873810e-01
   2.0164167e+03   1.0017417e+00   9.9521156e-01   9.8872367e-01
   2.0165000e+03   1.0018537e+00   9.9525527e-01   9.8870001e-01
   2.0165833e+03   1.0019323e+00   9.9526638e-01   9.8864455e-01
   2.0166667e+03   1.0019739e+00   9.9524150e-01   9.8855402e-01
   2.0167500e+03   1.0020355e+00   9.9523567e-01   9.8848163e-01
   2.0168333e+03   1.0021557e+00   9.9528621e-01   9.8846345e-01
   2.0169167e+03   1.0022329e+00   9.9529488e-01   9.8840453e-01
   2.0170000e+03   1.0021941e+00   9.9519113e-01   9.8823675e-01
   2.0170833e+03   1.0020482e+00   9.9498363e-01   9.8796853e-01
   2.0171667e+03   1.0019017e+00   9.9477537e-01   9.8769936e-01
   2.0172500e+03   1.0018275e+00   9.9463670e-01   9.8749714e-01
   2.0173333e+03   1.0018834e+00   9.9462347e-01   9.8741579e-01
   2.0174167e+03   1.0020047e+00   9.9467310e-01   9.8739483e-01
   2.0175000e+03   1.0021158e+00   9.9471265e-01   9.8736386e-01
   2.0175833e+03   1.0021924e+00   9.9471867e-01   9.8730028e-01
   2.0176667e+03   1.0022314e+00   9.9468807e-01   9.8720111e-01
   2.0177500e+03   1.0022908e+00   9.9467684e-01   9.8712037e-01
   2.0178333e+03   1.0024107e+00   9.9472381e-01   9.8709549e-01
   2.0179167e+03   1.0024897e+00   9.9473104e-01   9.8703202e-01
   2.0180000e+03   1.0024542e+00   9.9462755e-01   9.8686159e-01
   2.0180833e+03   1.0023125e+00   9.9442136e-01   9.8659194e-01
   2.0181667e+03   1.0021703e+00   9.9421444e-01   9.8632138e-01
   2.0182500e+03   1.0020997e+00   9.9407642e-01   9.8611700e-01
   2.0183333e+03   1.0021578e+00   9.9406222e-01   9.8603164e-01
   2.0184167e+03   1.0022790e+00   9.9410860e-01   9.8600439e-01
   2.0185000e+03   1.0023892e+00   9.9414408e-01   9.8596636e-01
   2.0185833e+03   1.0024639e+00   9.9414510e-01   9.8589490e-01
   2.0186667e+03   1.0025002e+00   9.9410887e-01   9.8578734e-01
   2.0187500e+03   1.0025572e+00   9.9409235e-01   9.8569850e-01
   2.0188333e+03   1.0026768e+00   9.9413584e-01   9.8566715e-01
   2.0189167e+03   1.0027577e+00   9.9414171e-01   9.8559936e-01
   2.0190000e+03   1.0027255e+00   9.9403857e-01   9.8542647e-01
   2.0190833e+03   1.0025879e+00   9.9383377e-01   9.8515562e-01
   2.0191667e+03   1.0024498e+00   9.9362825e-01   9.8488386e-01
   2.0192500e+03   1.0023829e+00   9.9349098e-01   9.8467753e-01
   2.0193333e+03   1.0024431e+00   9.9347588e-01   9.8458839e-01
   2.0194167e+03   1.0025643e+00   9.9351912e-01   9.8455507e-01
   2.0195000e+03   1.0026735e+00   9.9355061e-01   9.8451021e-01
   2.0195833e+03   1.0027462e+00   9.9354672e-01   9.8443112e-01
   2.0196667e+03   1.0027798e+00   9.9350497e-01   9.8431542e-01
   2.0197500e+03   1.0028345e+00   9.9348324e-01   9.8421873e-01
   2.0198333e+03   1.0029537e+00   9.9352334e-01   9.8418115e-01
   2.0199167e+03   1.0030363e+00   9.9352795e-01   9.8410926e-01
   2.0200000e+03   1.0030074e+00   9.9342523e-01   9.8393414e-01
   2.0200833e+03   1.0028739e+00   9.9322191e-01   9.8366226e-01
   2.0201667e+03   1.0027400e+00   9.9301787e-01   9.8338952e-01
   2.0202500e+03   1.0026766e+00   9.9288144e-01   9.8318144e-01
   2.0203333e+03   1.0027390e+00   9.9286552e-01   9.8308873e-01
   2.0204167e+03   1.0028601e+00   9.9290570e-01   9.8304959e-01
   2.0205000e+03   1.0029683e+00   9.9293331e-01   9.8299815e-01
   2.0205833e+03   1.0030390e+00   9.9292461e-01   9.8291167e-01
   2.0206667e+03   1.0030698e+00   9.9287741e-01   9.8278808e-01
   2.0207500e+03   1.0031220e+00   9.9285057e-01   9.8268377e-01
   2.0208333e+03   1.0032408e+00   9.9288737e-01   9.8264021e-01
   2.0209167e+03   1.0033251e+00   9.9289081e-01   9.8256445e-01
   2.0210000e+03   1.0032994e+00   9.9278860e-01   9.8238729e-01
   2.0210833e+03   1.0031701e+00   9.9258683e-01   9.8211461e-01
   2.0211667e+03   1.0030403e+00   9.9238436e-01   9.8184108e-01
   2.0212500e+03   1.0029805e+00   9.9224884e-01   9.8163145e-01
   2.0213333e+03   1.0030450e+00   9.9223220e-01   9.8153541e-01
   2.0214167e+03   1.0031659e+00   9.9226941e-01   9.8149067e-01
   2.0215000e+03   1.0032731e+00   9.9229323e-01   9.8143289e-01
   2.0215833e+03   1.0033417e+00   9.9227980e-01   9.8133927e-01
   2.0216667e+03   1.0033696e+00   9.9222726e-01   9.8120802e-01
   2.0217500e+03   1.0034194e+00   9.9219541e-01   9.8109635e-01
   2.0218333e+03   1.0035378e+00   9.9222901e-01   9.8104704e-01
   2.0219167e+03   1.0036237e+00   9.9223135e-01   9.8096763e-01
   2.0220000e+03   1.0036013e+00   9.9212974e-01   9.8078865e-01
   2.0220833e+03   1.0034760e+00   9.9192960e-01   9.8051536e-01
   2.0221667e+03   1.0033503e+00   9.9172878e-01   9.8024125e-01
   2.0222500e+03   1.0032940e+00   9.9159425e-01   9.8003028e-01
   2.0223333e+03   1.0033605e+00   9.9157697e-01   9.7993112e-01
   2.0224167e+03   1.0034813e+00   9.9161131e-01   9.7988104e-01
   2.0225000e+03   1.0035874e+00   9.9163143e-01   9.7981715e-01
   2.0225833e+03   1.0036539e+00   9.9161338e-01   9.7971663e-01
   2.0226667e+03   1.0036789e+00   9.9155559e-01   9.7957797e-01
   2.0227500e+03   1.0037262e+00   9.9151881e-01   9.7945918e-01
   2.0228333e+03   1.0038441e+00   9.9154929e-01   9.7940435e-01
   2.0229167e+03   1.0039317e+00   9.9155064e-01   9.7932152e-01
   2.0230000e+03   1.0039124e+00   9.9144970e-01   9.7914094e-01
   2.0230833e+03   1.0037912e+00   9.9125128e-01   9.7886724e-01
   2.0231667e+03   1.0036695e+00   9.9105219e-01   9.7859274e-01
   2.0232500e+03   1.0036167e+00   9.9091873e-01   9.7838065e-01
   2.0233333e+03   1.0036853e+00   9.9090091e-01   9.7827859e-01
   2.0234167e+03   1.0038059e+00   9.9093247e-01   9.7822339e-01
   2.0235000e+03   1.0039109e+00   9.9094897e-01   9.7815364e-01
   2.0235833e+03   1.0039751e+00   9.9092639e-01   9.7804646e-01
   2.0236667e+03   1.0039973e+00   9.9086344e-01   9.7790064e-01
   2.0237500e+03   1.0040420e+00   9.9082183e-01   9.7777497e-01
   2.0238333e+03   1.0041593e+00   9.9084929e-01   9.7771487e-01
   2.0239167e+03   1.0042486e+00   9.9084973e-01   9.7762884e-01
   2.0240000e+03   1.0042324e+00   9.9074955e-01   9.7744687e-01
   2.0240833e+03   1.0041153e+00   9.9055292e-01   9.7717295e-01
   2.0241667e+03   1.0039975e+00   9.9035564e-01   9.7689827e-01
   2.0242500e+03   1.0039482e+00   9.9022334e-01   9.7668526e-01
   2.0243333e+03   1.0040188e+00   9.9020506e-01   9.7658052e-01
   2.0244167e+03   1.0041391e+00   9.9023393e-01   9.7652044e-01
   2.0245000e+03   1.0042430e+00   9.9024692e-01   9.7644507e-01
   2.0245833e+03   1.0043050e+00   9.9021989e-01   9.7633147e-01
   2.0246667e+03   1.0043241e+00   9.9015188e-01   9.7617874e-01
   2.0247500e+03   1.0043662e+00   9.9010553e-01   9.7604643e-01
   2.0248333e+03   1.0044830e+00   9.9013007e-01   9.7598129e-01
   2.0249167e+03   1.0045739e+00   9.9012968e-01   9.7589228e-01
   2.0250000e+03   1.0045608e+00   9.9003035e-01   9.7570913e-01
   2.0250833e+03   1.0044476e+00   9.8983556e-01   9.7543517e-01
   2.0251667e+03   1.0043338e+00   9.8964009e-01   9.7516044e-01
   2.0252500e+03   1.0042878e+00   9.8950894e-01   9.7494664e-01
   2.0253333e+03   1.0043603e+00   9.8949024e-01   9.7483943e-01
   2.0254167e+03   1.0044803e+00   9.8951656e-01   9.7477479e-01
   2.0255000e+03   1.0045830e+00   9.8952625e-01   9.7469420e-01
   2.0255833e+03   1.0046429e+00   9.8949511e-01   9.7457471e-01
   2.0256667e+03   1.0046593e+00   9.8942245e-01   9.7441570e-01
   2.0257500e+03   1.0046990e+00   9.8937181e-01   9.7427743e-01
   2.0258333e+03   1.0048153e+00   9.8939371e-01   9.7420781e-01
   2.0259167e+03   1.0049075e+00   9.8939258e-01   9.7411621e-01
   2.0260000e+03   1.0048972e+00   9.8929399e-01   9.7393208e-01
   2.0260833e+03   1.0047874e+00   9.8910087e-01   9.7365825e-01
   2.0261667e+03   1.0046770e+00   9.8890712e-01   9.7338373e-01
   2.0262500e+03   1.0046340e+00   9.8877715e-01   9.7316955e-01
   2.0263333e+03   1.0047082e+00   9.8875823e-01   9.7306047e-01
   2.0264167e+03   1.0048279e+00   9.8878243e-01   9.7299212e-01
   2.0265000e+03   1.0049296e+00   9.8878931e-01   9.7290724e-01
   2.0265833e+03   1.0049875e+00   9.8875457e-01   9.7278283e-01
   2.0266667e+03   1.0050012e+00   9.8867781e-01   9.7261852e-01
   2.0267500e+03   1.0050385e+00   9.8862338e-01   9.7247527e-01
   2.0268333e+03   1.0051542e+00   9.8864310e-01   9.7240210e-01
   2.0269167e+03   1.0052478e+00   9.8864166e-01   9.7230879e-01
   2.0270000e+03   1.0052401e+00   9.8854423e-01   9.7212456e-01
   2.0270833e+03   1.0051337e+00   9.8835319e-01   9.7185169e-01
   2.0271667e+03   1.0050268e+00   9.8816156e-01   9.7157820e-01
   2.0272500e+03   1.0049868e+00   9.8803318e-01   9.7136449e-01
   2.0273333e+03   1.0050626e+00   9.8801449e-01   9.7125445e-01
   2.0274167e+03   1.0051820e+00   9.8803701e-01   9.7118330e-01
   2.0275000e+03   1.0052825e+00   9.8804152e-01   9.7109505e-01
   2.0275833e+03   1.0053384e+00   9.8800363e-01   9.7096663e-01
   2.0276667e+03   1.0053494e+00   9.8792319e-01   9.7079792e-01
   2.0277500e+03   1.0053844e+00   9.8786541e-01   9.7065057e-01
   2.0278333e+03   1.0054995e+00   9.8788340e-01   9.7057477e-01
   2.0279167e+03   1.0055943e+00   9.8788208e-01   9.7048066e-01
   2.0280000e+03   1.0055893e+00   9.8778624e-01   9.7029718e-01
   2.0280833e+03   1.0054863e+00   9.8759769e-01   9.7002610e-01
   2.0281667e+03   1.0053828e+00   9.8740859e-01   9.6975447e-01
   2.0282500e+03   1.0053457e+00   9.8728221e-01   9.6954207e-01
   2.0283333e+03   1.0054231e+00   9.8726418e-01   9.6943196e-01
   2.0284167e+03   1.0055422e+00   9.8728547e-01   9.6935894e-01
   2.0285000e+03   1.0056416e+00   9.8728806e-01   9.6926821e-01
   2.0285833e+03   1.0056954e+00   9.8724746e-01   9.6913668e-01
   2.0286667e+03   1.0057036e+00   9.8716377e-01   9.6896445e-01
   2.0287500e+03   1.0057362e+00   9.8710307e-01   9.6881390e-01
   2.0288333e+03   1.0058507e+00   9.8711977e-01   9.6873638e-01
   2.0289167e+03   1.0059468e+00   9.8711902e-01   9.6864236e-01
   2.0290000e+03   1.0059444e+00   9.8702518e-01   9.6846050e-01
   2.0290833e+03   1.0058448e+00   9.8683953e-01   9.6819202e-01
   2.0291667e+03   1.0057447e+00   9.8665335e-01   9.6792308e-01
   2.0292500e+03   1.0057105e+00   9.8652940e-01   9.6771284e-01
   2.0293333e+03   1.0057895e+00   9.8651247e-01   9.6760355e-01
   2.0294167e+03   1.0059083e+00   9.8653298e-01   9.6752955e-01
   2.0295000e+03   1.0060065e+00   9.8653408e-01   9.6743726e-01
   2.0295833e+03   1.0060581e+00   9.8649120e-01   9.6730350e-01
   2.0296667e+03   1.0060635e+00   9.8640469e-01   9.6712863e-01
   2.0297500e+03   1.0060937e+00   9.8634150e-01   9.6697576e-01
   2.0298333e+03   1.0062075e+00   9.8635735e-01   9.6689741e-01
   2.0299167e+03   1.0063048e+00   9.8635761e-01   9.6680439e-01
   2.0300000e+03   1.0063051e+00   9.8626620e-01   9.6662500e-01
   2.0300833e+03   1.0062088e+00   9.8608380e-01   9.6635989e-01
   2.0301667e+03   1.0061120e+00   9.8590085e-01   9.6609434e-01
   2.0302500e+03   1.0060805e+00   9.8577961e-01   9.6588695e-01
   2.0303333e+03   1.0061610e+00   9.8576410e-01   9.6577922e-01
   2.0304167e+03   1.0062794e+00   9.8578424e-01   9.6570510e-01
   2.0305000e+03   1.0063765e+00   9.8578435e-01   9.6561211e-01
   2.0305833e+03   1.0064262e+00   9.8573974e-01   9.6547704e-01
   2.0306667e+03   1.0064291e+00   9.8565105e-01   9.6530048e-01
   2.0307500e+03   1.0064571e+00   9.8558597e-01   9.6514619e-01
   2.0308333e+03   1.0065704e+00   9.8560136e-01   9.6506770e-01
   2.0309167e+03   1.0066687e+00   9.8560268e-01   9.6497598e-01
   2.0310000e+03   1.0066711e+00   9.8551347e-01   9.6479906e-01
   2.0310833e+03   1.0065776e+00   9.8533395e-01   9.6453716e-01
   2.0311667e+03   1.0064835e+00   9.8515389e-01   9.6427482e-01
   2.0312500e+03   1.0064543e+00   9.8503510e-01   9.6407018e-01
   2.0313333e+03   1.0065362e+00   9.8502093e-01   9.6396405e-01
   2.0314167e+03   1.0066542e+00   9.8504083e-01   9.6388999e-01
   2.0315000e+03   1.0067503e+00   9.8504009e-01   9.6379653e-01
   2.0315833e+03   1.0067982e+00   9.8499395e-01   9.6366039e-01
   2.0316667e+03   1.0067988e+00   9.8490325e-01   9.6348236e-01
   2.0317500e+03   1.0068247e+00   9.8483642e-01   9.6332681e-01
   2.0318333e+03   1.0069374e+00   9.8485137e-01   9.6324822e-01
   2.0319167e+03   1.0070367e+00   9.8485375e-01   9.6315783e-01
   2.0320000e+03   1.0070412e+00   9.8476674e-01   9.6298341e-01
   2.0320833e+03   1.0069504e+00   9.8459010e-01   9.6272475e-01
   2.0321667e+03   1.0068590e+00   9.8441295e-01   9.6246565e-01
   2.0322500e+03   1.0068322e+00   9.8429660e-01   9.6226378e-01
   2.0323333e+03   1.0069153e+00   9.8428379e-01   9.6215927e-01
   2.0324167e+03   1.0070330e+00   9.8430346e-01   9.6208533e-01
   2.0325000e+03   1.0071280e+00   9.8430188e-01   9.6199143e-01
   2.0325833e+03   1.0071741e+00   9.8425422e-01   9.6185425e-01
   2.0326667e+03   1.0071723e+00   9.8416152e-01   9.6167479e-01
   2.0327500e+03   1.0071961e+00   9.8409293e-01   9.6151802e-01
   2.0328333e+03   1.0073082e+00   9.8410745e-01   9.6143937e-01
   2.0329167e+03   1.0074086e+00   9.8411090e-01   9.6135034e-01
   2.0330000e+03   1.0074151e+00   9.8402610e-01   9.6117844e-01
   2.0330833e+03   1.0073270e+00   9.8385236e-01   9.6092304e-01
   2.0331667e+03   1.0072384e+00   9.8367810e-01   9.6066721e-01
   2.0332500e+03   1.0072139e+00   9.8356422e-01   9.6046814e-01
   2.0333333e+03   1.0072983e+00   9.8355276e-01   9.6036529e-01
   2.0334167e+03   1.0074155e+00   9.8357221e-01   9.6029149e-01
   2.0335000e+03   1.0075095e+00   9.8356980e-01   9.6019719e-01
   2.0335833e+03   1.0075537e+00   9.8352062e-01   9.6005902e-01
   2.0336667e+03   1.0075496e+00   9.8342594e-01   9.5987815e-01
   2.0337500e+03   1.0075712e+00   9.8335560e-01   9.5972019e-01
   2.0338333e+03   1.0076827e+00   9.8336970e-01   9.5964152e-01
   2.0339167e+03   1.0077840e+00   9.8337422e-01   9.5955389e-01
   2.0340000e+03   1.0077926e+00   9.8329164e-01   9.5938454e-01
   2.0340833e+03   1.0077073e+00   9.8312080e-01   9.5913242e-01
   2.0341667e+03   1.0076213e+00   9.8294945e-01   9.5887988e-01
   2.0342500e+03   1.0075991e+00   9.8283804e-01   9.5868363e-01
   2.0343333e+03   1.0076848e+00   9.8282795e-01   9.5858247e-01
   2.0344167e+03   1.0078016e+00   9.8284718e-01   9.5850885e-01
   2.0345000e+03   1.0078945e+00   9.8284395e-01   9.5841420e-01
   2.0345833e+03   1.0079368e+00   9.8279326e-01   9.5827506e-01
   2.0346667e+03   1.0079302e+00   9.8269659e-01   9.5809283e-01
   2.0347500e+03   1.0079498e+00   9.8262451e-01   9.5793371e-01
   2.0348333e+03   1.0080606e+00   9.8263820e-01   9.5785506e-01
   2.0349167e+03   1.0081628e+00   9.8264381e-01   9.5776885e-01
   2.0350000e+03   1.0081735e+00   9.8256345e-01   9.5760208e-01
   2.0350833e+03   1.0080908e+00   9.8239552e-01   9.5735328e-01
   2.0351667e+03   1.0080076e+00   9.8222708e-01   9.5710405e-01
   2.0352500e+03   1.0079877e+00   9.8211815e-01   9.5691065e-01
   2.0353333e+03   1.0080745e+00   9.8210943e-01   9.5681121e-01
   2.0354167e+03   1.0081909e+00   9.8212846e-01   9.5673781e-01
   2.0355000e+03   1.0082827e+00   9.8212442e-01   9.5664283e-01
   2.0355833e+03   1.0083232e+00   9.8207222e-01   9.5650276e-01
   2.0356667e+03   1.0083141e+00   9.8197357e-01   9.5631921e-01
   2.0357500e+03   1.0083315e+00   9.8189976e-01   9.5615897e-01
   2.0358333e+03   1.0084416e+00   9.8191305e-01   9.5608037e-01
   2.0359167e+03   1.0085448e+00   9.8191975e-01   9.5599562e-01
   2.0360000e+03   1.0085575e+00   9.8184162e-01   9.5583146e-01
   2.0360833e+03   1.0084775e+00   9.8167660e-01   9.5558598e-01
   2.0361667e+03   1.0083969e+00   9.8151109e-01   9.5534009e-01
   2.0362500e+03   1.0083793e+00   9.8140464e-01   9.5514957e-01
   2.0363333e+03   1.0084673e+00   9.8139730e-01   9.5505189e-01
   2.0364167e+03   1.0085833e+00   9.8141613e-01   9.5497874e-01
   2.0365000e+03   1.0086739e+00   9.8141128e-01   9.5488346e-01
   2.0365833e+03   1.0087125e+00   9.8135760e-01   9.5474250e-01
   2.0366667e+03   7.0609065e-01   6.8687988e-01   6.6819036e-01
   2.0367500e+03   7.0610126e-01   6.8682700e-01   6.6807743e-01
   2.0368333e+03   7.0617791e-01   6.8683603e-01   6.6802247e-01
   2.0369167e+03   7.0625075e-01   6.8684149e-01   6.6796419e-01
   2.0370000e+03   7.0626104e-01   6.8678836e-01   6.6785112e-01
   2.0370833e+03   7.0620691e-01   6.8667490e-01   6.6768164e-01
   2.0371667e+03   7.0615237e-01   6.8656109e-01   6.6751187e-01
   2.0372500e+03   7.0614162e-01   6.8648832e-01   6.6738054e-01
   2.0373333e+03   7.0620407e-01   6.8648415e-01   6.6731341e-01
   2.0374167e+03   7.0628490e-01   6.8649720e-01   6.6726241e-01
   2.0375000e+03   7.0634756e-01   6.8649325e-01   6.6719553e-01
   2.0375833e+03   7.0637318e-01   6.8645463e-01   6.6709626e-01
   2.0376667e+03   7.0636333e-01   6.8638282e-01   6.6696599e-01
   2.0377500e+03   7.0637239e-01   6.8632873e-01   6.6685233e-01
   2.0378333e+03   7.0644854e-01   6.8633749e-01   6.6679745e-01
   2.0379167e+03   7.0652199e-01   6.8634372e-01   6.6674023e-01
   2.0380000e+03   7.0653370e-01   6.8629217e-01   6.6662903e-01
   2.0380833e+03   7.0648142e-01   6.8618076e-01   6.6646191e-01
   2.0381667e+03   7.0642873e-01   6.8606900e-01   6.6629452e-01
   2.0382500e+03   7.0641954e-01   6.8599798e-01   6.6616524e-01
   2.0383333e+03   7.0648282e-01   6.8599479e-01   6.6609938e-01
   2.0384167e+03   7.0656329e-01   6.8600771e-01   6.6604860e-01
   2.0385000e+03   7.0662513e-01   6.8600321e-01   6.6598157e-01
   2.0385833e+03   7.0664937e-01   6.8596355e-01   6.6588172e-01
   2.0386667e+03   7.0663775e-01   6.8589037e-01   6.6575059e-01
   2.0387500e+03   7.0664523e-01   6.8583508e-01   6.6563621e-01
   2.0388333e+03   7.0672088e-01   6.8584358e-01   6.6558144e-01
   2.0389167e+03   7.0679493e-01   6.8585059e-01   6.6552532e-01
   2.0390000e+03   7.0680802e-01   6.8580062e-01   6.6541600e-01
   2.0390833e+03   7.0675758e-01   6.8569126e-01   6.6525127e-01
   2.0391667e+03   7.0670674e-01   6.8558155e-01   6.6508626e-01
   2.0392500e+03   7.0669911e-01   6.8551229e-01   6.6495905e-01
   2.0393333e+03   7.0676319e-01   6.8551009e-01   6.6489449e-01
   2.0394167e+03   7.0684329e-01   6.8552289e-01   6.6484395e-01
   2.0395000e+03   7.0690429e-01   6.8551784e-01   6.6477679e-01
   2.0395833e+03   7.0692714e-01   6.8547715e-01   6.6467639e-01
   2.0396667e+03   7.0691372e-01   6.8540260e-01   6.6454442e-01
   2.0397500e+03   7.0691962e-01   6.8534612e-01   6.6442936e-01
   2.0398333e+03   7.0699473e-01   6.8535435e-01   6.6437472e-01
   2.0399167e+03   7.0706938e-01   6.8536215e-01   6.6431970e-01
   2.0400000e+03   7.0708386e-01   6.8531376e-01   6.6421229e-01
   2.0400833e+03   7.0703524e-01   6.8520646e-01   6.6404996e-01
   2.0401667e+03   7.0698623e-01   6.8509882e-01   6.6388735e-01
   2.0402500e+03   7.0698015e-01   6.8503131e-01   6.6376223e-01
   2.0403333e+03   7.0704502e-01   6.8503010e-01   6.6369898e-01
   2.0404167e+03   7.0712475e-01   6.8504278e-01   6.6364872e-01
   2.0405000e+03   7.0718489e-01   6.8503720e-01   6.6358145e-01
   2.0405833e+03   7.0720632e-01   6.8499548e-01   6.6348052e-01
   2.0406667e+03   7.0719109e-01   6.8491956e-01   6.6334774e-01
   2.0407500e+03   7.0719537e-01   6.8486189e-01   6.6323201e-01
   2.0408333e+03   7.0726995e-01   6.8486987e-01   6.6317752e-01
   2.0409167e+03   7.0734517e-01   6.8487847e-01   6.6312364e-01
   2.0410000e+03   7.0736102e-01   6.8483166e-01   6.6301816e-01
   2.0410833e+03   7.0731423e-01   6.8472642e-01   6.6285824e-01
   2.0411667e+03   7.0726704e-01   6.8462085e-01   6.6269805e-01
   2.0412500e+03   7.0726249e-01   6.8455511e-01   6.6257504e-01
   2.0413333e+03   7.0732814e-01   6.8455489e-01   6.6251313e-01
   2.0414167e+03   7.0740747e-01   6.8456747e-01   6.6246316e-01
   2.0415000e+03   7.0746674e-01   6.8456135e-01   6.6239581e-01
   2.0415833e+03   7.0748673e-01   6.8451860e-01   6.6229437e-01
   2.0416667e+03   7.0746968e-01   6.8444132e-01   6.6216080e-01
   2.0417500e+03   7.0747233e-01   6.8438246e-01   6.6204442e-01
   2.0418333e+03   7.0754635e-01   6.8439019e-01   6.6199012e-01
   2.0419167e+03   7.0762214e-01   6.8439959e-01   6.6193739e-01
   2.0420000e+03   7.0763935e-01   6.8435439e-01   6.6183385e-01
   2.0420833e+03   7.0759436e-01   6.8425121e-01   6.6167636e-01
   2.0421667e+03   7.0754898e-01   6.8414771e-01   6.6151862e-01
   2.0422500e+03   7.0754597e-01   6.8408374e-01   6.6139773e-01
   2.0423333e+03   7.0761238e-01   6.8408452e-01   6.6133717e-01
   2.0424167e+03   7.0769130e-01   6.8409700e-01   6.6128753e-01
   2.0425000e+03   7.0774968e-01   6.8409034e-01   6.6122011e-01
   2.0425833e+03   7.0776822e-01   6.8404658e-01   6.6111818e-01
   2.0426667e+03   7.0774932e-01   6.8396794e-01   6.6098384e-01
   2.0427500e+03   7.0775033e-01   6.8390790e-01   6.6086685e-01
   2.0428333e+03   7.0782377e-01   6.8391539e-01   6.6081274e-01
   2.0429167e+03   7.0790011e-01   6.8392559e-01   6.6076120e-01
   2.0430000e+03   7.0791866e-01   6.8388199e-01   6.6065961e-01
   2.0430833e+03   7.0787548e-01   6.8378088e-01   6.6050458e-01
   2.0431667e+03   7.0783190e-01   6.8367945e-01   6.6034929e-01
   2.0432500e+03   7.0783040e-01   6.8361726e-01   6.6023055e-01
   2.0433333e+03   7.0789756e-01   6.8361906e-01   6.6017137e-01
   2.0434167e+03   7.0797605e-01   6.8363143e-01   6.6012206e-01
   2.0435000e+03   7.0803353e-01   6.8362425e-01   6.6005461e-01
   2.0435833e+03   7.0805060e-01   6.8357947e-01   6.5995222e-01
   2.0436667e+03   7.0802983e-01   6.8349948e-01   6.5981713e-01
   2.0437500e+03   7.0802917e-01   6.8343826e-01   6.5969954e-01
   2.0438333e+03   7.0810203e-01   6.8344551e-01   6.5964566e-01
   2.0439167e+03   7.0817890e-01   6.8345653e-01   6.5959531e-01
   2.0440000e+03   7.0819880e-01   6.8341452e-01   6.5949571e-01
   2.0440833e+03   7.0815740e-01   6.8331550e-01   6.5934314e-01
   2.0441667e+03   7.0811561e-01   6.8321615e-01   6.5919032e-01
   2.0442500e+03   7.0811561e-01   6.8315574e-01   6.5907374e-01
   2.0443333e+03   7.0818351e-01   6.8315855e-01   6.5901597e-01
   2.0444167e+03   7.0826156e-01   6.8317082e-01   6.5896702e-01
   2.0445000e+03   7.0831812e-01   6.8316312e-01   6.5889955e-01
   2.0445833e+03   7.0833371e-01   6.8311733e-01   6.5879672e-01
   2.0446667e+03   7.0831105e-01   6.8303600e-01   6.5866091e-01
   2.0447500e+03   7.0830871e-01   6.8297359e-01   6.5854274e-01
   2.0448333e+03   7.0838096e-01   6.8298062e-01   6.5848911e-01
   2.0449167e+03   7.0845836e-01   6.8299245e-01   6.5843998e-01
   2.0450000e+03   7.0847958e-01   6.8295206e-01   6.5834238e-01
   2.0450833e+03   7.0843996e-01   6.8285511e-01   6.5819229e-01
   2.0451667e+03   7.0839995e-01   6.8275785e-01   6.5804196e-01
   2.0452500e+03   7.0840144e-01   6.8269922e-01   6.5792756e-01
   2.0453333e+03   7.0847007e-01   6.8270305e-01   6.5787121e-01
   2.0454167e+03   7.0854766e-01   6.8271524e-01   6.5782265e-01
   2.0455000e+03   7.0860328e-01   6.8270703e-01   6.5775519e-01
   2.0455833e+03   7.0861736e-01   6.8266023e-01   6.5765194e-01
   2.0456667e+03   7.0859280e-01   6.8257755e-01   6.5751542e-01
   2.0457500e+03   7.0858876e-01   6.8251397e-01   6.5739669e-01
   2.0458333e+03   7.0866038e-01   6.8252077e-01   6.5734333e-01
   2.0459167e+03   7.0873829e-01   6.8253342e-01   6.5729545e-01
   2.0460000e+03   7.0876083e-01   6.8249465e-01   6.5719986e-01
   2.0460833e+03   7.0872297e-01   6.8239979e-01   6.5705228e-01
   2.0461667e+03   7.0868474e-01   6.8230462e-01   6.5690445e-01
   2.0462500e+03   7.0868771e-01   6.8224778e-01   6.5679225e-01
   2.0463333e+03   7.0875705e-01   6.8225264e-01   6.5673734e-01
   2.0464167e+03   7.0883417e-01   6.8226475e-01   6.5668919e-01
   2.0465000e+03   7.0888883e-01   6.8225602e-01   6.5662176e-01
   2.0465833e+03   7.0890139e-01   6.8220822e-01   6.5651811e-01
   2.0466667e+03   7.0887491e-01   6.8212419e-01   6.5638091e-01
   2.0467500e+03   7.0886914e-01   6.8205945e-01   6.5626164e-01
   2.0468333e+03   7.0894013e-01   6.8206602e-01   6.5620857e-01
   2.0469167e+03   7.0901854e-01   6.8207951e-01   6.5616195e-01
   2.0470000e+03   7.0904237e-01   6.8204235e-01   6.5606841e-01
   2.0470833e+03   7.0900628e-01   6.8194959e-01   6.5592334e-01
   2.0471667e+03   7.0896980e-01   6.8185651e-01   6.5577804e-01
   2.0472500e+03   7.0897425e-01   6.8180147e-01   6.5566805e-01
   2.0473333e+03   7.0904429e-01   6.8180736e-01   6.5561460e-01
   2.0474167e+03   7.0912091e-01   6.8181939e-01   6.5556689e-01
   2.0475000e+03   7.0917460e-01   6.8181016e-01   6.5549950e-01
   2.0475833e+03   7.0918562e-01   6.8176135e-01   6.5539548e-01
   2.0476667e+03   7.0915719e-01   6.8167598e-01   6.5525761e-01
   2.0477500e+03   7.0914969e-01   6.8161007e-01   6.5513783e-01
   2.0478333e+03   7.0922003e-01   6.8161643e-01   6.5508508e-01
   2.0479167e+03   7.0929892e-01   6.8163076e-01   6.5503974e-01
   2.0480000e+03   7.0932404e-01   6.8159523e-01   6.5494825e-01
   2.0480833e+03   7.0928969e-01   6.8150456e-01   6.5480572e-01
   2.0481667e+03   7.0925497e-01   6.8141358e-01   6.5466295e-01
   2.0482500e+03   7.0926087e-01   6.8136034e-01   6.5455521e-01
   2.0483333e+03   7.0933160e-01   6.8136727e-01   6.5450324e-01
   2.0484167e+03   7.0940772e-01   6.8137923e-01   6.5445598e-01
   2.0485000e+03   7.0946042e-01   6.8136949e-01   6.5438867e-01
   2.0485833e+03   7.0946988e-01   6.8131970e-01   6.5428429e-01
   2.0486667e+03   7.0943949e-01   6.8123299e-01   6.5414578e-01
   2.0487500e+03   7.0943023e-01   6.8116592e-01   6.5402550e-01
   2.0488333e+03   7.0949990e-01   6.8117206e-01   6.5397308e-01
   2.0489167e+03   7.0957926e-01   6.8118723e-01   6.5392906e-01
   2.0490000e+03   7.0960566e-01   6.8115333e-01   6.5383964e-01
   2.0490833e+03   7.0957305e-01   6.8106476e-01   6.5369966e-01
   2.0491667e+03   7.0954006e-01   6.8097589e-01   6.5355945e-01
   2.0492500e+03   7.0954741e-01   6.8092446e-01   6.5345395e-01
   2.0493333e+03   7.0961881e-01   6.8093243e-01   6.5340349e-01
   2.0494167e+03   7.0969441e-01   6.8094433e-01   6.5335671e-01
   2.0495000e+03   7.0974610e-01   6.8093409e-01   6.5328949e-01
   2.0495833e+03   7.0975398e-01   6.8088330e-01   6.5318478e-01
   2.0496667e+03   7.0972162e-01   6.8079526e-01   6.5304564e-01
   2.0497500e+03   7.0971059e-01   6.8072703e-01   6.5292489e-01
   2.0498333e+03   7.0977956e-01   6.8073297e-01   6.5287283e-01
   2.0499167e+03   7.0985938e-01   6.8074898e-01   6.5283013e-01
   2.0500000e+03   7.0988705e-01   6.8071672e-01   6.5274281e-01
   2.0500833e+03   7.0985608e-01   6.8063019e-01   6.5260532e-01
   2.0501667e+03   7.0982465e-01   6.8054327e-01   6.5246754e-01
   2.0502500e+03   7.0983324e-01   6.8049346e-01   6.5236414e-01
   2.0503333e+03   7.0990518e-01   6.8050237e-01   6.5231510e-01
   2.0504167e+03   7.0998038e-01   6.8051432e-01   6.5226892e-01
   2.0505000e+03   7.1003135e-01   6.8050387e-01   6.5220206e-01
   2.0505833e+03   7.1003817e-01   6.8045257e-01   6.5209747e-01
   2.0506667e+03   7.1000456e-01   6.8036389e-01   6.5195835e-01
   2.0507500e+03   7.0999250e-01   6.8029520e-01   6.5183778e-01
   2.0508333e+03   7.1006112e-01   6.8030124e-01   6.5178636e-01
   2.0509167e+03   7.1014117e-01   6.8031789e-01   6.5174479e-01
   2.0510000e+03   7.1016939e-01   6.8028660e-01   6.5165894e-01
   2.0510833e+03   7.1013915e-01   6.8020124e-01   6.5152314e-01
   2.0511667e+03   7.1010846e-01   6.8011549e-01   6.5138705e-01
   2.0512500e+03   7.1011766e-01   6.8006672e-01   6.5128518e-01
   2.0513333e+03   7.1018990e-01   6.8007632e-01   6.5123732e-01
   2.0514167e+03   7.1026488e-01   6.8008849e-01   6.5119187e-01
   2.0515000e+03   7.1031541e-01   6.8007807e-01   6.5112557e-01
   2.0515833e+03   7.1032155e-01   6.8002660e-01   6.5102139e-01
   2.0516667e+03   7.1028707e-01   6.7993759e-01   6.5088257e-01
   2.0517500e+03   7.1027423e-01   6.7986865e-01   6.5076234e-01
   2.0518333e+03   7.1034257e-01   6.7987484e-01   6.5071158e-01
   2.0519167e+03   7.1042282e-01   6.7989208e-01   6.5067107e-01
   2.0520000e+03   7.1045158e-01   6.7986172e-01   6.5058662e-01
   2.0520833e+03   7.1042208e-01   6.7977751e-01   6.5045247e-01
   2.0521667e+03   7.1039212e-01   6.7969292e-01   6.5031801e-01
   2.0522500e+03   7.1040193e-01   6.7964515e-01   6.5021762e-01
   2.0523333e+03   7.1047447e-01   6.7965542e-01   6.5017088e-01
   2.0524167e+03   7.1054923e-01   6.7966778e-01   6.5012611e-01
   2.0525000e+03   7.1059933e-01   6.7965736e-01   6.5006033e-01
   2.0525833e+03   7.1060477e-01   6.7960568e-01   6.4995650e-01
   2.0526667e+03   7.1056942e-01   6.7951633e-01   6.4981793e-01
   2.0527500e+03   7.1055580e-01   6.7944711e-01   6.4969799e-01
   2.0528333e+03   7.1062385e-01   6.7945341e-01   6.4964783e-01
   2.0529167e+03   7.1070430e-01   6.7947122e-01   6.4960833e-01
   2.0530000e+03   7.1073361e-01   6.7944177e-01   6.4952524e-01
   2.0530833e+03   7.1070483e-01   6.7935868e-01   6.4939268e-01
   2.0531667e+03   7.1067560e-01   6.7927521e-01   6.4925981e-01
   2.0532500e+03   7.1068603e-01   6.7922843e-01   6.4916085e-01
   2.0533333e+03   7.1075886e-01   6.7923934e-01   6.4911518e-01
   2.0534167e+03   7.1083340e-01   6.7925185e-01   6.4907102e-01
   2.0535000e+03   7.1088306e-01   6.7924141e-01   6.4900572e-01
   2.0535833e+03   7.1088781e-01   6.7918950e-01   6.4890219e-01
   2.0536667e+03   7.1085158e-01   6.7909978e-01   6.4876381e-01
   2.0537500e+03   7.1083717e-01   6.7903026e-01   6.4864412e-01
   2.0538333e+03   7.1090492e-01   6.7903665e-01   6.4859452e-01
   2.0539167e+03   7.1098558e-01   6.7905499e-01   6.4855596e-01
   2.0540000e+03   7.1101543e-01   6.7902643e-01   6.4847418e-01
   2.0540833e+03   7.1098738e-01   6.7894443e-01   6.4834315e-01
   2.0541667e+03   7.1095888e-01   6.7886206e-01   6.4821182e-01
   2.0542500e+03   7.1096992e-01   6.7881623e-01   6.4811424e-01
   2.0543333e+03   7.1104304e-01   6.7882775e-01   6.4806958e-01
   2.0544167e+03   7.1111735e-01   6.7884040e-01   6.4802600e-01
   2.0545000e+03   7.1116657e-01   6.7882990e-01   6.4796111e-01
   2.0545833e+03   7.1117062e-01   6.7877774e-01   6.4785784e-01
   2.0546667e+03   7.1113350e-01   6.7868762e-01   6.4771961e-01
   2.0547500e+03   7.1111832e-01   6.7861777e-01   6.4760012e-01
   2.0548333e+03   7.1118577e-01   6.7862422e-01   6.4755101e-01
   2.0549167e+03   7.1126662e-01   6.7864307e-01   6.4751336e-01
   2.0550000e+03   7.1129701e-01   6.7861537e-01   6.4743283e-01
   2.0550833e+03   7.1126969e-01   6.7853444e-01   6.4730329e-01
   2.0551667e+03   7.1124191e-01   6.7845313e-01   6.4717343e-01
   2.0552500e+03   7.1125357e-01   6.7840824e-01   6.4707718e-01
   2.0553333e+03   7.1132697e-01   6.7842035e-01   6.4703349e-01
   2.0554167e+03   7.1140105e-01   6.7843310e-01   6.4699043e-01
   2.0555000e+03   7.1144982e-01   6.7842252e-01   6.4692591e-01
   2.0555833e+03   7.1145317e-01   6.7837008e-01   6.4682284e-01
   2.0556667e+03   7.1141517e-01   6.7827953e-01   6.4668471e-01
   2.0557500e+03   7.1139919e-01   6.7820932e-01   6.4656537e-01
   2.0558333e+03   7.1146634e-01   6.7821581e-01   6.4651670e-01
   2.0559167e+03   7.1154740e-01   6.7823514e-01   6.4647990e-01
   2.0560000e+03   7.1157832e-01   6.7820827e-01   6.4640058e-01
   2.0560833e+03   7.1155172e-01   6.7812839e-01   6.4627247e-01
   2.0561667e+03   7.1152467e-01   6.7804812e-01   6.4614405e-01
   2.0562500e+03   7.1153693e-01   6.7800413e-01   6.4604907e-01
   2.0563333e+03   7.1161063e-01   6.7801679e-01   6.4600630e-01
   2.0564167e+03   7.1168447e-01   6.7802962e-01   6.4596371e-01
   2.0565000e+03   7.1173280e-01   6.7801894e-01   6.4589950e-01
   2.0565833e+03   7.1173544e-01   6.7796619e-01   6.4579659e-01
   2.0566667e+03   7.1169655e-01   6.7787519e-01   6.4565851e-01
   2.0567500e+03   7.1167977e-01   6.7780460e-01   6.4553926e-01
   2.0568333e+03   7.1174662e-01   6.7781109e-01   6.4549100e-01
   2.0569167e+03   7.1182787e-01   6.7783088e-01   6.4545500e-01
   2.0570000e+03   7.1185933e-01   6.7780481e-01   6.4537682e-01
   2.0570833e+03   7.1183345e-01   6.7772595e-01   6.4525010e-01
   2.0571667e+03   7.1180713e-01   6.7764670e-01   6.4512306e-01
   2.0572500e+03   7.1181999e-01   6.7760358e-01   6.4502931e-01
   2.0573333e+03   7.1189397e-01   6.7761678e-01   6.4498740e-01
   2.0574167e+03   7.1196758e-01   6.7762966e-01   6.4494522e-01
   2.0575000e+03   7.1201545e-01   6.7761885e-01   6.4488128e-01
   2.0575833e+03   7.1201738e-01   6.7756576e-01   6.4477848e-01
   2.0576667e+03   7.1197760e-01   6.7747428e-01   6.4464041e-01
   2.0577500e+03   7.1196002e-01   6.7740329e-01   6.4452121e-01
   2.0578333e+03   7.1202656e-01   6.7740976e-01   6.4447329e-01
   2.0579167e+03   7.1210800e-01   6.7742997e-01   6.4443804e-01
   2.0580000e+03   7.1214000e-01   6.7740468e-01   6.4436097e-01
   2.0580833e+03   7.1211484e-01   6.7732681e-01   6.4423558e-01
   2.0581667e+03   7.1208924e-01   6.7724855e-01   6.4410987e-01
   2.0582500e+03   7.1210271e-01   6.7720628e-01   6.4401729e-01
   2.0583333e+03   7.1217696e-01   6.7721998e-01   6.4397619e-01
   2.0584167e+03   7.1225034e-01   6.7723289e-01   6.4393439e-01
   2.0585000e+03   7.1229775e-01   6.7722192e-01   6.4387066e-01
   2.0585833e+03   7.1229897e-01   6.7716846e-01   6.4376792e-01
   2.0586667e+03   7.1225829e-01   6.7707649e-01   6.4362980e-01
   2.0587500e+03   7.1223991e-01   6.7700506e-01   6.4351061e-01
   2.0588333e+03   7.1230614e-01   6.7701149e-01   6.4346299e-01
   2.0589167e+03   7.1238777e-01   6.7703210e-01   6.4342843e-01
   2.0590000e+03   7.1242030e-01   6.7700756e-01   6.4335241e-01
   2.0590833e+03   7.1239586e-01   6.7693065e-01   6.4322831e-01
   2.0591667e+03   7.1237098e-01   6.7685335e-01   6.4310388e-01
   2.0592500e+03   7.1238505e-01   6.7681191e-01   6.4301243e-01
   2.0593333e+03   7.1245958e-01   6.7682609e-01   6.4297209e-01
   2.0594167e+03   7.1253271e-01   6.7683899e-01   6.4293060e-01
   2.0595000e+03   7.1257967e-01   6.7682784e-01   6.4286704e-01
   2.0595833e+03   7.1258017e-01   6.7677399e-01   6.4276431e-01
   2.0596667e+03   7.1253859e-01   6.7668149e-01   6.4262611e-01
   2.0597500e+03   7.1251940e-01   6.7660960e-01   6.4250686e-01
   2.0598333e+03   7.1258532e-01   6.7661595e-01   6.4245950e-01
   2.0599167e+03   7.1266713e-01   6.7663694e-01   6.4242558e-01
   2.0600000e+03   7.1270019e-01   6.7661313e-01   6.4235056e-01
   2.0600833e+03   7.1267647e-01   6.7653716e-01   6.4222769e-01
   2.0601667e+03   7.1265231e-01   6.7646080e-01   6.4210450e-01
   2.0602500e+03   7.1266698e-01   6.7642015e-01   6.4201412e-01
   2.0603333e+03   7.1274179e-01   6.7643478e-01   6.4197449e-01
   2.0604167e+03   7.1281468e-01   6.7644765e-01   6.4193327e-01
   2.0605000e+03   7.1286117e-01   6.7643629e-01   6.4186984e-01
   2.0605833e+03   7.1286095e-01   6.7638203e-01   6.4176706e-01
   2.0606667e+03   7.1281846e-01   6.7628897e-01   6.4162872e-01
   2.0607500e+03   7.1279847e-01   6.7621660e-01   6.4150939e-01
   2.0608333e+03   7.1286406e-01   6.7622285e-01   6.4146222e-01
   2.0609167e+03   7.1294606e-01   6.7624418e-01   6.4142890e-01
   2.0610000e+03   7.1297965e-01   6.7622107e-01   6.4135483e-01
   2.0610833e+03   7.1295665e-01   6.7614601e-01   6.4123315e-01
   2.0611667e+03   7.1293320e-01   6.7607056e-01   6.4111114e-01
   2.0612500e+03   7.1294847e-01   6.7603069e-01   6.4102178e-01
   2.0613333e+03   7.1302355e-01   6.7604574e-01   6.4098282e-01
   2.0614167e+03   7.1309619e-01   6.7605855e-01   6.4094182e-01
   2.0615000e+03   7.1314222e-01   6.7604695e-01   6.4087845e-01
   2.0615833e+03   7.1314127e-01   6.7599226e-01   6.4077560e-01
   2.0616667e+03   7.1309788e-01   6.7589862e-01   6.4063707e-01
   2.0617500e+03   7.1307707e-01   6.7582573e-01   6.4051760e-01
   2.0618333e+03   7.1314234e-01   6.7583186e-01   6.4047058e-01
   2.0619167e+03   7.1322452e-01   6.7585351e-01   6.4043781e-01
   2.0620000e+03   7.1325863e-01   6.7583107e-01   6.4036464e-01
   2.0620833e+03   7.1323635e-01   6.7575689e-01   6.4024409e-01
   2.0621667e+03   7.1321361e-01   6.7568233e-01   6.4012322e-01
   2.0622500e+03   7.1322948e-01   6.7564321e-01   6.4003483e-01
   2.0623333e+03   7.1330484e-01   6.7565865e-01   6.3999648e-01
   2.0624167e+03   7.1337722e-01   6.7567138e-01   6.3995565e-01
   2.0625000e+03   7.1342278e-01   6.7565952e-01   6.3989231e-01
   2.0625833e+03   7.1342111e-01   6.7560435e-01   6.3978932e-01
   2.0626667e+03   7.1337680e-01   6.7551012e-01   6.3965057e-01
   2.0627500e+03   7.1335517e-01   6.7543669e-01   6.3953091e-01
   2.0628333e+03   7.1342012e-01   6.7544267e-01   6.3948399e-01
   2.0629167e+03   7.1350248e-01   6.7546461e-01   6.3945172e-01
   2.0630000e+03   7.1353712e-01   6.7544281e-01   6.3937940e-01
   2.0630833e+03   7.1351554e-01   6.7536950e-01   6.3925994e-01
   2.0631667e+03   7.1349352e-01   6.7529580e-01   6.3914015e-01
   2.0632500e+03   7.1350999e-01   6.7525739e-01   6.3905269e-01
   2.0633333e+03   7.1358561e-01   6.7527320e-01   6.3901490e-01
   2.0634167e+03   7.1365774e-01   6.7528582e-01   6.3897419e-01
   2.0635000e+03   7.1370282e-01   6.7527367e-01   6.3891082e-01
   2.0635833e+03   7.1370042e-01   6.7521801e-01   6.3880766e-01
   2.0636667e+03   7.1365519e-01   6.7512315e-01   6.3866863e-01
   2.0637500e+03   7.1363274e-01   6.7504916e-01   6.3854875e-01
   2.0638333e+03   7.1369736e-01   6.7505495e-01   6.3850188e-01
   2.0639167e+03   7.1377990e-01   6.7507716e-01   6.3847005e-01
   2.0640000e+03   7.1381506e-01   6.7505598e-01   6.3839854e-01
   2.0640833e+03   7.1379420e-01   6.7498350e-01   6.3828012e-01
   2.0641667e+03   7.1377289e-01   6.7491064e-01   6.3816136e-01
   2.0642500e+03   7.1378994e-01   6.7487292e-01   6.3807478e-01
   2.0643333e+03   7.1386583e-01   6.7488908e-01   6.3803750e-01
   2.0644167e+03   7.1393770e-01   6.7490156e-01   6.3799686e-01
   2.0645000e+03   7.1398231e-01   6.7488909e-01   6.3793342e-01
   2.0645833e+03   7.1397917e-01   6.7483292e-01   6.3783004e-01
   2.0646667e+03   4.2835982e-01   4.0484244e-01   3.8261442e-01
   2.0647500e+03   4.2834585e-01   4.0479769e-01   3.8254232e-01
   2.0648333e+03   4.2838442e-01   4.0480105e-01   3.8251420e-01
   2.0649167e+03   4.2843405e-01   4.0481452e-01   3.8249534e-01
   2.0650000e+03   4.2845546e-01   4.0480216e-01   3.8245289e-01
   2.0650833e+03   4.2844337e-01   4.0475916e-01   3.8238243e-01
   2.0651667e+03   4.2843101e-01   4.0471593e-01   3.8231177e-01
   2.0652500e+03   4.2844160e-01   4.0469369e-01   3.8226032e-01
   2.0653333e+03   4.2848729e-01   4.0470358e-01   3.8223822e-01
   2.0654167e+03   4.2853025e-01   4.0471097e-01   3.8221386e-01
   2.0655000e+03   4.2855673e-01   4.0470328e-01   3.8217572e-01
   2.0655833e+03   4.2855440e-01   4.0466925e-01   3.8211353e-01
   2.0656667e+03   4.2852616e-01   4.0461153e-01   3.8202970e-01
   2.0657500e+03   4.2851170e-01   4.0456642e-01   3.8195741e-01
   2.0658333e+03   4.2855007e-01   4.0456963e-01   3.8192927e-01
   2.0659167e+03   4.2859980e-01   4.0458323e-01   3.8191062e-01
   2.0660000e+03   4.2862152e-01   4.0457122e-01   3.8186859e-01
   2.0660833e+03   4.2860985e-01   4.0452868e-01   3.8179869e-01
   2.0661667e+03   4.2859792e-01   4.0448592e-01   3.8172860e-01
   2.0662500e+03   4.2860886e-01   4.0446407e-01   3.8167762e-01
   2.0663333e+03   4.2865471e-01   4.0447413e-01   3.8165577e-01
   2.0664167e+03   4.2869751e-01   4.0448141e-01   3.8163139e-01
   2.0665000e+03   4.2872370e-01   4.0447350e-01   3.8159316e-01
   2.0665833e+03   4.2872093e-01   4.0443913e-01   3.8153077e-01
   2.0666667e+03   4.2869213e-01   4.0438099e-01   3.8144671e-01
   2.0667500e+03   4.2867716e-01   4.0433549e-01   3.8137419e-01
   2.0668333e+03   4.2871534e-01   4.0433855e-01   3.8134600e-01
   2.0669167e+03   4.2876517e-01   4.0435226e-01   3.8132753e-01
   2.0670000e+03   4.2878719e-01   4.0434056e-01   3.8128589e-01
   2.0670833e+03   4.2877595e-01   4.0429849e-01   3.8121653e-01
   2.0671667e+03   4.2876444e-01   4.0425618e-01   3.8114697e-01
   2.0672500e+03   4.2877574e-01   4.0423470e-01   3.8109643e-01
   2.0673333e+03   4.2882174e-01   4.0424491e-01   3.8107480e-01
   2.0674167e+03   4.2886439e-01   4.0425206e-01   3.8105038e-01
   2.0675000e+03   4.2889028e-01   4.0424392e-01   3.8101202e-01
   2.0675833e+03   4.2888706e-01   4.0420919e-01   3.8094942e-01
   2.0676667e+03   4.2885770e-01   4.0415061e-01   3.8086508e-01
   2.0677500e+03   4.2884223e-01   4.0410472e-01   3.8079232e-01
   2.0678333e+03   4.2888020e-01   4.0410760e-01   3.8076405e-01
   2.0679167e+03   4.2893013e-01   4.0412141e-01   3.8074573e-01
   2.0680000e+03   4.2895247e-01   4.0411002e-01   3.8070445e-01
   2.0680833e+03   4.2894164e-01   4.0406838e-01   3.8063560e-01
   2.0681667e+03   4.2893056e-01   4.0402651e-01   3.8056655e-01
   2.0682500e+03   4.2894220e-01   4.0400538e-01   3.8051642e-01
   2.0683333e+03   4.2898836e-01   4.0401574e-01   3.8049498e-01
   2.0684167e+03   4.2903085e-01   4.0402274e-01   3.8047049e-01
   2.0685000e+03   4.2905645e-01   4.0401435e-01   3.8043197e-01
   2.0685833e+03   4.2905277e-01   4.0397925e-01   3.8036913e-01
   2.0686667e+03   4.2902285e-01   4.0392022e-01   3.8028449e-01
   2.0687500e+03   4.2900688e-01   4.0387391e-01   3.8021146e-01
   2.0688333e+03   4.2904464e-01   4.0387661e-01   3.8018307e-01
   2.0689167e+03   4.2909467e-01   4.0389049e-01   3.8016488e-01
   2.0690000e+03   4.2911731e-01   4.0387940e-01   3.8012393e-01
   2.0690833e+03   4.2910691e-01   4.0383819e-01   3.8005557e-01
   2.0691667e+03   4.2909625e-01   4.0379674e-01   3.7998700e-01
   2.0692500e+03   4.2910825e-01   4.0377595e-01   3.7993724e-01
   2.0693333e+03   4.2915456e-01   4.0378643e-01   3.7991597e-01
   2.0694167e+03   4.2919688e-01   4.0379327e-01   3.7989138e-01
   2.0695000e+03   4.2922218e-01   4.0378460e-01   3.7985267e-01
   2.0695833e+03   4.2921805e-01   4.0374912e-01   3.7978956e-01
   2.0696667e+03   4.2918757e-01   4.0368962e-01   3.7970460e-01
   2.0697500e+03   4.2917109e-01   4.0364289e-01   3.7963127e-01
   2.0698333e+03   4.2920864e-01   4.0364539e-01   3.7960275e-01
   2.0699167e+03   4.2925877e-01   4.0365933e-01   3.7958464e-01
   2.0700000e+03   4.2928172e-01   4.0364852e-01   3.7954401e-01
   2.0700833e+03   4.2927174e-01   4.0360771e-01   3.7947609e-01
   2.0701667e+03   4.2926149e-01   4.0356667e-01   3.7940797e-01
   2.0702500e+03   4.2927384e-01   4.0354620e-01   3.7935857e-01
   2.0703333e+03   4.2932030e-01   4.0355679e-01   3.7933743e-01
   2.0704167e+03   4.2936245e-01   4.0356345e-01   3.7931271e-01
   2.0705000e+03   4.2938746e-01   4.0355451e-01   3.7927380e-01
   2.0705833e+03   4.2938288e-01   4.0351862e-01   3.7921039e-01
   2.0706667e+03   4.2935183e-01   4.0345864e-01   3.7912509e-01
   2.0707500e+03   4.2933484e-01   4.0341147e-01   3.7905143e-01
   2.0708333e+03   4.2937218e-01   4.0341375e-01   3.7902274e-01
   2.0709167e+03   4.2942240e-01   4.0342774e-01   3.7900470e-01
   2.0710000e+03   4.2944565e-01   4.0341718e-01   3.7896434e-01
   2.0710833e+03   4.2943609e-01   4.0337677e-01   3.7889685e-01
   2.0711667e+03   4.2942627e-01   4.0333612e-01   3.7882916e-01
   2.0712500e+03   4.2943897e-01   4.0331595e-01   3.7878008e-01
   2.0713333e+03   4.2948558e-01   4.0332664e-01   3.7875904e-01
   2.0714167e+03   4.2952756e-01   4.0333311e-01   3.7873417e-01
   2.0715000e+03   4.2955226e-01   4.0332386e-01   3.7869501e-01
   2.0715833e+03   4.2954723e-01   4.0328756e-01   3.7863129e-01
   2.0716667e+03   4.2951561e-01   4.0322709e-01   3.7854561e-01
   2.0717500e+03   4.2949810e-01   4.0317946e-01   3.7847160e-01
   2.0718333e+03   4.2953524e-01   4.0318150e-01   3.7844271e-01
   2.0719167e+03   4.2958555e-01   4.0319552e-01   3.7842471e-01
   2.0720000e+03   4.2960910e-01   4.0318521e-01   3.7838460e-01
   2.0720833e+03   4.2959996e-01   4.0314518e-01   3.7831751e-01
   2.0721667e+03   4.2959056e-01   4.0310491e-01   3.7825021e-01
   2.0722500e+03   4.2960360e-01   4.0308503e-01   3.7820143e-01
   2.0723333e+03   4.2965036e-01   4.0309579e-01   3.7818046e-01
   2.0724167e+03   4.2969217e-01   4.0310206e-01   3.7815541e-01
   2.0725000e+03   4.2971658e-01   4.0309249e-01   3.7811599e-01
   2.0725833e+03   4.2971108e-01   4.0305576e-01   3.7805191e-01
   2.0726667e+03   4.2967889e-01   4.0299478e-01   3.7796584e-01
   2.0727500e+03   4.2966087e-01   4.0294667e-01   3.7789145e-01
   2.0728333e+03   4.2969779e-01   4.0294847e-01   3.7786235e-01
   2.0729167e+03   4.2974819e-01   4.0296250e-01   3.7784435e-01
   2.0730000e+03   4.2977205e-01   4.0295242e-01   3.7780446e-01
   2.0730833e+03   4.2976333e-01   4.0291275e-01   3.7773774e-01
   2.0731667e+03   4.2975434e-01   4.0287284e-01   3.7767081e-01
   2.0732500e+03   4.2976773e-01   4.0285324e-01   3.7762229e-01
   2.0733333e+03   4.2981463e-01   4.0286406e-01   3.7760138e-01
   2.0734167e+03   4.2985627e-01   4.0287010e-01   3.7757611e-01
   2.0735000e+03   4.2988037e-01   4.0286021e-01   3.7753640e-01
   2.0735833e+03   4.2987441e-01   4.0282303e-01   3.7747195e-01
   2.0736667e+03   4.2984165e-01   4.0276152e-01   3.7738545e-01
   2.0737500e+03   4.2982311e-01   4.0271293e-01   3.7731066e-01
   2.0738333e+03   4.2985982e-01   4.0271446e-01   3.7728131e-01
   2.0739167e+03   4.2991031e-01   4.0272850e-01   3.7726329e-01
   2.0740000e+03   4.2993447e-01   4.0271863e-01   3.7722360e-01
   2.0740833e+03   4.2992616e-01   4.0267930e-01   3.7715722e-01
   2.0741667e+03   4.2991759e-01   4.0263974e-01   3.7709062e-01
   2.0742500e+03   4.2993132e-01   4.0262040e-01   3.7704235e-01
   2.0743333e+03   4.2997837e-01   4.0263127e-01   3.7702145e-01
   2.0744167e+03   4.3001984e-01   4.0263707e-01   3.7699595e-01
   2.0745000e+03   4.3004363e-01   4.0262683e-01   3.7695592e-01
   2.0745833e+03   4.3003721e-01   4.0258919e-01   3.7689107e-01
   2.0746667e+03   4.3000387e-01   4.0252715e-01   3.7680412e-01
   2.0747500e+03   4.2998482e-01   4.0247806e-01   3.7672891e-01
   2.0748333e+03   4.3002130e-01   4.0247930e-01   3.7669928e-01
   2.0749167e+03   4.3007188e-01   4.0249332e-01   3.7668121e-01
   2.0750000e+03   4.3009634e-01   4.0248365e-01   3.7664169e-01
   2.0750833e+03   4.3008844e-01   4.0244465e-01   3.7657561e-01
   2.0751667e+03   4.3008026e-01   4.0240539e-01   3.7650931e-01
   2.0752500e+03   4.3009430e-01   4.0238627e-01   3.7646122e-01
   2.0753333e+03   4.3014148e-01   4.0239715e-01   3.7644030e-01
   2.0754167e+03   4.3018280e-01   4.0240272e-01   3.7641456e-01
   2.0755000e+03   4.3020634e-01   4.0239218e-01   3.7637423e-01
   2.0755833e+03   4.3019955e-01   4.0235415e-01   3.7630904e-01
   2.0756667e+03   4.3016576e-01   4.0229167e-01   3.7622173e-01
   2.0757500e+03   4.3014633e-01   4.0224219e-01   3.7614618e-01
   2.0758333e+03   4.3018266e-01   4.0224321e-01   3.7611630e-01
   2.0759167e+03   4.3023331e-01   4.0225718e-01   3.7609814e-01
   2.0760000e+03   4.3025796e-01   4.0224759e-01   3.7605866e-01
   2.0760833e+03   4.3025032e-01   4.0220877e-01   3.7599275e-01
   2.0761667e+03   4.3024241e-01   4.0216969e-01   3.7592661e-01
   2.0762500e+03   4.3025667e-01   4.0215069e-01   3.7587861e-01
   2.0763333e+03   4.3030395e-01   4.0216155e-01   3.7585762e-01
   2.0764167e+03   4.3034516e-01   4.0216691e-01   3.7583164e-01
   2.0765000e+03   4.3036851e-01   4.0215609e-01   3.7579103e-01
   2.0765833e+03   4.3036141e-01   4.0211773e-01   3.7572553e-01
   2.0766667e+03   4.3032725e-01   4.0205487e-01   3.7563789e-01
   2.0767500e+03   4.3030748e-01   4.0200503e-01   3.7556202e-01
   2.0768333e+03   4.3034368e-01   4.0200581e-01   3.7553188e-01
   2.0769167e+03   4.3039439e-01   4.0201971e-01   3.7551359e-01
   2.0770000e+03   4.3041924e-01   4.0201019e-01   3.7547415e-01
   2.0770833e+03   4.3041186e-01   4.0197154e-01   3.7540837e-01
   2.0771667e+03   4.3040421e-01   4.0193263e-01   3.7534237e-01
   2.0772500e+03   4.3041870e-01   4.0191373e-01   3.7529443e-01
   2.0773333e+03   4.3046607e-01   4.0192454e-01   3.7527333e-01
   2.0774167e+03   4.3050717e-01   4.0192968e-01   3.7524709e-01
   2.0775000e+03   4.3053032e-01   4.0191858e-01   3.7520619e-01
   2.0775833e+03   4.3052293e-01   4.0187987e-01   3.7514034e-01
   2.0776667e+03   4.3048839e-01   4.0181661e-01   3.7505235e-01
   2.0777500e+03   4.3046828e-01   4.0176640e-01   3.7497613e-01
   2.0778333e+03   4.3050434e-01   4.0176693e-01   3.7494571e-01
   2.0779167e+03   4.3055512e-01   4.0178074e-01   3.7492727e-01
   2.0780000e+03   4.3058015e-01   4.0177129e-01   3.7488782e-01
   2.0780833e+03   4.3057304e-01   4.0173278e-01   3.7482216e-01
   2.0781667e+03   4.3056566e-01   4.0169403e-01   3.7475627e-01
   2.0782500e+03   4.3058036e-01   4.0167521e-01   3.7470836e-01
   2.0783333e+03   4.3062783e-01   4.0168598e-01   3.7468714e-01
   2.0784167e+03   4.3066882e-01   4.0169088e-01   3.7466061e-01
   2.0785000e+03   4.3069177e-01   4.0167948e-01   3.7461938e-01
   2.0785833e+03   4.3068408e-01   4.0164040e-01   3.7455317e-01
   2.0786667e+03   4.3064916e-01   4.0157674e-01   3.7446481e-01
   2.0787500e+03   4.3062872e-01   4.0152613e-01   3.7438821e-01
   2.0788333e+03   4.3066464e-01   4.0152640e-01   3.7435748e-01
   2.0789167e+03   4.3071547e-01   4.0154011e-01   3.7433886e-01
   2.0790000e+03   4.3074070e-01   4.0153070e-01   3.7429939e-01
   2.0790833e+03   4.3073385e-01   4.0149234e-01   3.7423381e-01
   2.0791667e+03   4.3072673e-01   4.0145372e-01   3.7416800e-01
   2.0792500e+03   4.3074165e-01   4.0143498e-01   3.7412011e-01
   2.0793333e+03   4.3078922e-01   4.0144567e-01   3.7409872e-01
   2.0794167e+03   4.3083010e-01   4.0145032e-01   3.7407189e-01
   2.0795000e+03   4.3085285e-01   4.0143860e-01   3.7403030e-01
   2.0795833e+03   4.3084486e-01   4.0139914e-01   3.7396371e-01
   2.0796667e+03   4.3080956e-01   4.0133506e-01   3.7387494e-01
   2.0797500e+03   4.3078878e-01   4.0128406e-01   3.7379796e-01
   2.0798333e+03   4.3082456e-01   4.0128405e-01   3.7376689e-01
   2.0799167e+03   4.3087545e-01   4.0129765e-01   3.7374806e-01
   2.0800000e+03   4.3090087e-01   4.0128826e-01   3.7370854e-01
   2.0800833e+03   4.3089429e-01   4.0125002e-01   3.7364302e-01
   2.0801667e+03   4.3088743e-01   4.0121153e-01   3.7357727e-01
   2.0802500e+03   4.3090257e-01   4.0119285e-01   3.7352936e-01
   2.0803333e+03   4.3095023e-01   4.0120345e-01   3.7350779e-01
   2.0804167e+03   4.3099100e-01   4.0120783e-01   3.7348062e-01
   2.0805000e+03   4.3101356e-01   4.0119579e-01   3.7343865e-01
   2.0805833e+03   4.3100526e-01   4.0115594e-01   3.7337165e-01
   2.0806667e+03   4.3096958e-01   4.0109143e-01   3.7328247e-01
   2.0807500e+03   4.3094846e-01   4.0104001e-01   3.7320506e-01
   2.0808333e+03   4.3098410e-01   4.0103970e-01   3.7317363e-01
   2.0809167e+03   4.3103505e-01   4.0105317e-01   3.7315457e-01
   2.0810000e+03   4.3106066e-01   4.0104380e-01   3.7311497e-01
   2.0810833e+03   4.3105434e-01   4.0100567e-01   3.7304948e-01
   2.0811667e+03   4.3104775e-01   4.0096728e-01   3.7298377e-01
   2.0812500e+03   4.3106311e-01   4.0094865e-01   3.7293581e-01
   2.0813333e+03   4.3111086e-01   4.0095915e-01   3.7291404e-01
   2.0814167e+03   4.3115152e-01   4.0096325e-01   3.7288650e-01
   2.0815000e+03   4.3117387e-01   4.0095087e-01   3.7284413e-01
   2.0815833e+03   4.3116527e-01   4.0091061e-01   3.7277670e-01
   2.0816667e+03   4.3112921e-01   4.0084565e-01   3.7268707e-01
   2.0817500e+03   4.3110774e-01   4.0079381e-01   3.7260922e-01
   2.0818333e+03   4.3114324e-01   4.0079319e-01   3.7257740e-01
   2.0819167e+03   4.3119426e-01   4.0080652e-01   3.7255809e-01
   2.0820000e+03   4.3122006e-01   4.0079715e-01   3.7251838e-01
   2.0820833e+03   4.3121400e-01   4.0075911e-01   3.7245290e-01
   2.0821667e+03   4.3120767e-01   4.0072082e-01   3.7238720e-01
   2.0822500e+03   4.3122324e-01   4.0070222e-01   3.7233917e-01
   2.0823333e+03   4.3127109e-01   4.0071261e-01   3.7231716e-01
   2.0824167e+03   4.3131163e-01   4.0071641e-01   3.7228923e-01
   2.0825000e+03   4.3133379e-01   4.0070367e-01   3.7224644e-01
   2.0825833e+03   4.3132488e-01   4.0066299e-01   3.7217855e-01
   2.0826667e+03   4.3128844e-01   4.0059757e-01   3.7208845e-01
   2.0827500e+03   4.3126663e-01   4.0054529e-01   3.7201014e-01
   2.0828333e+03   4.3130199e-01   4.0054435e-01   3.7197790e-01
   2.0829167e+03   4.3135306e-01   4.0055752e-01   3.7195831e-01
   2.0830000e+03   4.3137906e-01   4.0054814e-01   3.7191847e-01
   2.0830833e+03   4.3137325e-01   4.0051018e-01   3.7185298e-01
   2.0831667e+03   4.3136718e-01   4.0047197e-01   3.7178726e-01
   2.0832500e+03   4.3138298e-01   4.0045338e-01   3.7173914e-01
   2.0833333e+03   4.3143092e-01   4.0046364e-01   3.7171687e-01
   2.0834167e+03   4.3147135e-01   4.0046713e-01   3.7168852e-01
   2.0835000e+03   4.3149330e-01   4.0045402e-01   3.7164527e-01
   2.0835833e+03   4.3148408e-01   4.0041291e-01   3.7157691e-01
   2.0836667e+03   4.3144727e-01   4.0034702e-01   3.7148632e-01
   2.0837500e+03   4.3142511e-01   4.0029428e-01   3.7140752e-01
   2.0838333e+03   4.3146033e-01   4.0029301e-01   3.7137485e-01
   2.0839167e+03   4.3151145e-01   4.0030600e-01   3.7135494e-01
   2.0840000e+03   4.3153764e-01   4.0029659e-01   3.7131495e-01
   2.0840833e+03   4.3153210e-01   4.0025870e-01   3.7124942e-01
   2.0841667e+03   4.3152629e-01   4.0022055e-01   3.7118366e-01
   2.0842500e+03   4.3154231e-01   4.0020197e-01   3.7113541e-01
   2.0843333e+03   4.3159034e-01   4.0021208e-01   3.7111286e-01
   2.0844167e+03   4.3163065e-01   4.0021525e-01   3.7108407e-01
   2.0845000e+03   4.3165240e-01   4.0020176e-01   3.7104035e-01
   2.0845833e+03   4.3164288e-01   4.0016020e-01   3.7097148e-01
   2.0846667e+03   4.3160567e-01   4.0009382e-01   3.7088038e-01
   2.0847500e+03   4.3158317e-01   4.0004061e-01   3.7080107e-01
   2.0848333e+03   4.3161825e-01   4.0003900e-01   3.7076793e-01
   2.0849167e+03   4.3166943e-01   4.0005180e-01   3.7074769e-01
   2.0850000e+03   4.3169580e-01   4.0004234e-01   3.7070751e-01
   2.0850833e+03   4.3169053e-01   4.0000450e-01   3.7064192e-01
   2.0851667e+03   4.3168498e-01   3.9996641e-01   3.7057610e-01
   2.0852500e+03   4.3170121e-01   3.9994782e-01   3.7052770e-01
   2.0853333e+03   4.3174933e-01   3.9995777e-01   3.7050484e-01
   2.0854167e+03   4.3178953e-01   3.9996060e-01   3.7047559e-01
   2.0855000e+03   4.3181108e-01   3.9994671e-01   3.7043136e-01
   2.0855833e+03   4.3180124e-01   3.9990469e-01   3.7036197e-01
   2.0856667e+03   4.3176366e-01   3.9983781e-01   3.7027034e-01
   2.0857500e+03   4.3174081e-01   3.9978413e-01   3.7019049e-01
   2.0858333e+03   4.3177574e-01   3.9978214e-01   3.7015687e-01
   2.0859167e+03   4.3182698e-01   3.9979474e-01   3.7013627e-01
   2.0860000e+03   4.3185354e-01   3.9978522e-01   3.7009588e-01
   2.0860833e+03   4.3184852e-01   3.9974743e-01   3.7003020e-01
   2.0861667e+03   4.3184324e-01   3.9970938e-01   3.6996429e-01
   2.0862500e+03   4.3185969e-01   3.9969075e-01   3.6991572e-01
   2.0863333e+03   4.3190790e-01   3.9970053e-01   3.6989252e-01
   2.0864167e+03   4.3194798e-01   3.9970301e-01   3.6986278e-01
   2.0865000e+03   4.3196933e-01   3.9968870e-01   3.6981803e-01
   2.0865833e+03   4.3195918e-01   3.9964621e-01   3.6974809e-01
   2.0866667e+03   4.3192121e-01   3.9957883e-01   3.6965590e-01
   2.0867500e+03   4.3189801e-01   3.9952464e-01   3.6957550e-01
   2.0868333e+03   4.3193280e-01   3.9952228e-01   3.6954137e-01
   2.0869167e+03   4.3198409e-01   3.9953466e-01   3.6952038e-01
   2.0870000e+03   4.3201084e-01   3.9952507e-01   3.6947976e-01
   2.0870833e+03   4.3200609e-01   3.9948730e-01   3.6941397e-01
   2.0871667e+03   4.3200106e-01   3.9944927e-01   3.6934794e-01
   2.0872500e+03   4.3201772e-01   3.9943061e-01   3.6929917e-01
   2.0873333e+03   4.3206603e-01   3.9944019e-01   3.6927561e-01
   2.0874167e+03   4.3210599e-01   3.9944231e-01   3.6924536e-01
   2.0875000e+03   4.3212713e-01   3.9942758e-01   3.6920006e-01
   2.0875833e+03   4.3211667e-01   3.9938460e-01   3.6912955e-01
   2.0876667e+03   4.3207831e-01   3.9931669e-01   3.6903679e-01
   2.0877500e+03   4.3205477e-01   3.9926200e-01   3.6895581e-01
   2.0878333e+03   4.3208941e-01   3.9925925e-01   3.6892114e-01
   2.0879167e+03   4.3214076e-01   3.9927139e-01   3.6889974e-01
   2.0880000e+03   4.3216770e-01   3.9926172e-01   3.6885886e-01
   2.0880833e+03   4.3216320e-01   3.9922396e-01   3.6879293e-01
   2.0881667e+03   4.3215844e-01   3.9918594e-01   3.6872676e-01
   2.0882500e+03   4.3217531e-01   3.9916722e-01   3.6867778e-01
   2.0883333e+03   4.3222371e-01   3.9917660e-01   3.6865383e-01
   2.0884167e+03   4.3226356e-01   3.9917833e-01   3.6862303e-01
   2.0885000e+03   4.3228449e-01   3.9916316e-01   3.6857716e-01
   2.0885833e+03   4.3227372e-01   3.9911969e-01   3.6850606e-01
   2.0886667e+03   4.3223497e-01   3.9905124e-01   3.6841270e-01
   2.0887500e+03   4.3221108e-01   3.9899603e-01   3.6833113e-01
   2.0888333e+03   4.3224557e-01   3.9899287e-01   3.6829590e-01
   2.0889167e+03   4.3229697e-01   3.9900477e-01   3.6827406e-01
   2.0890000e+03   4.3232410e-01   3.9899499e-01   3.6823290e-01
   2.0890833e+03   4.3231986e-01   3.9895723e-01   3.6816681e-01
   2.0891667e+03   4.3231536e-01   3.9891921e-01   3.6810048e-01
   2.0892500e+03   4.3233245e-01   3.9890042e-01   3.6805125e-01
   2.0893333e+03   4.3238093e-01   3.9890958e-01   3.6802688e-01
   2.0894167e+03   4.3242066e-01   3.9891092e-01   3.6799553e-01
   2.0895000e+03   4.3244139e-01   3.9889529e-01   3.6794906e-01
   2.0895833e+03   4.3243030e-01   3.9885131e-01   3.6787734e-01
   2.0896667e+03   4.3239117e-01   3.9878231e-01   3.6778337e-01
   2.0897500e+03   4.3236693e-01   3.9872657e-01   3.6770118e-01
   2.0898333e+03   4.3240127e-01   3.9872299e-01   3.6766536e-01
   2.0899167e+03   4.3245272e-01   3.9873462e-01   3.6764306e-01
   2.0900000e+03   4.3248004e-01   3.9872473e-01   3.6760160e-01
   2.0900833e+03   4.3247606e-01   3.9868695e-01   3.6753532e-01
   2.0901667e+03   4.3247181e-01   3.9864892e-01   3.6746880e-01
   2.0902500e+03   4.3248912e-01   3.9863004e-01   3.6741930e-01
   2.0903333e+03   4.3253769e-01   3.9863897e-01   3.6739449e-01
   2.0904167e+03   4.3257730e-01   3.9863989e-01   3.6736255e-01
   2.0905000e+03   4.3259782e-01   3.9862380e-01   3.6731547e-01
   2.0905833e+03   4.3258642e-01   3.9857929e-01   3.6724312e-01
   2.0906667e+03   4.3254689e-01   3.9850974e-01   3.6714850e-01
   2.0907500e+03   4.3252230e-01   3.9845346e-01   3.6706567e-01
   2.0908333e+03   4.3255650e-01   3.9844944e-01   3.6702925e-01
   2.0909167e+03   4.3260800e-01   3.9846079e-01   3.6700646e-01
   2.0910000e+03   4.3263551e-01   3.9845077e-01   3.6696467e-01
   2.0910833e+03   4.3263179e-01   3.9841296e-01   3.6689818e-01
   2.0911667e+03   4.3262780e-01   3.9837489e-01   3.6683145e-01
   2.0912500e+03   4.3264532e-01   3.9835592e-01   3.6678165e-01
   2.0913333e+03   4.3269398e-01   3.9836460e-01   3.6675639e-01
   2.0914167e+03   4.3273347e-01   3.9836510e-01   3.6672383e-01
   2.0915000e+03   4.3275377e-01   3.9834853e-01   3.6667611e-01
   2.0915833e+03   4.3274206e-01   3.9830348e-01   3.6660310e-01
   2.0916667e+03   4.3270214e-01   3.9823335e-01   3.6650783e-01
   2.0917500e+03   4.3267720e-01   3.9817651e-01   3.6642433e-01
   2.0918333e+03   4.3271124e-01   3.9817205e-01   3.6638728e-01
   2.0919167e+03   4.3276280e-01   3.9818311e-01   3.6636398e-01
   2.0920000e+03   4.3279049e-01   3.9817294e-01   3.6632183e-01
   2.0920833e+03   4.3278703e-01   3.9813509e-01   3.6625511e-01
   2.0921667e+03   4.3278330e-01   3.9809698e-01   3.6618815e-01
   2.0922500e+03   4.3280104e-01   3.9807789e-01   3.6613803e-01
   2.0923333e+03   4.3284978e-01   3.9808631e-01   3.6611228e-01
   2.0924167e+03   4.3288915e-01   3.9808637e-01   3.6607909e-01
   2.0925000e+03   4.3290925e-01   3.9806930e-01   3.6603070e-01
   2.0925833e+03   4.3289722e-01   3.9802370e-01   3.6595702e-01
   2.0926667e+03   4.3285691e-01   3.9795299e-01   3.6586107e-01
   2.0927500e+03   4.3283161e-01   3.9789558e-01   3.6577689e-01
   2.0928333e+03   4.3286550e-01   3.9789065e-01   3.6573919e-01
   2.0929167e+03   4.3291712e-01   3.9790141e-01   3.6571535e-01
   2.0930000e+03   4.3294499e-01   3.9789108e-01   3.6567282e-01
   2.0930833e+03   4.3294179e-01   3.9785317e-01   3.6560584e-01
   2.0931667e+03   4.3293832e-01   3.9781500e-01   3.6553862e-01
   2.0932500e+03   4.3295627e-01   3.9779579e-01   3.6548817e-01
   2.0933333e+03   4.3300510e-01   3.9780393e-01   3.6546190e-01
   2.0934167e+03   4.3304434e-01   3.9780354e-01   3.6542805e-01
   2.0935000e+03   4.3306423e-01   3.9778596e-01   3.6537898e-01
   2.0935833e+03   4.3305188e-01   3.9773980e-01   3.6530460e-01
   2.0936667e+03   4.3301118e-01   3.9766849e-01   3.6520795e-01
   2.0937500e+03   4.3298553e-01   3.9761050e-01   3.6512307e-01
   2.0938333e+03   4.3301927e-01   3.9760510e-01   3.6508469e-01
   2.0939167e+03   4.3307093e-01   3.9761553e-01   3.6506029e-01
   2.0940000e+03   4.3309899e-01   3.9760503e-01   3.6501735e-01
   2.0940833e+03   4.3309604e-01   3.9756705e-01   3.6495010e-01
   2.0941667e+03   4.3309283e-01   3.9752880e-01   3.6488260e-01
   2.0942500e+03   4.3311099e-01   3.9750946e-01   3.6483178e-01
   2.0943333e+03   4.3315991e-01   3.9751730e-01   3.6480497e-01
   2.0944167e+03   4.3319903e-01   3.9751644e-01   3.6477045e-01
   2.0945000e+03   4.3321870e-01   3.9749834e-01   3.6472067e-01
   2.0945833e+03   4.3320604e-01   3.9745161e-01   3.6464556e-01
   2.0946667e+03   4.3316494e-01   3.9737969e-01   3.6454820e-01
   2.0947500e+03   4.3313894e-01   3.9732111e-01   3.6446260e-01
   2.0948333e+03   4.3317253e-01   3.9731521e-01   3.6442351e-01
   2.0949167e+03   4.3322424e-01   3.9732531e-01   3.6439853e-01
   2.0950000e+03   4.3325248e-01   3.9731462e-01   3.6435517e-01
   2.0950833e+03   4.3324979e-01   3.9727655e-01   3.6428761e-01
   2.0951667e+03   4.3324684e-01   3.9723822e-01   3.6421981e-01
   2.0952500e+03   4.3326521e-01   3.9721872e-01   3.6416860e-01
   2.0953333e+03   4.3331421e-01   3.9722626e-01   3.6414123e-01
   2.0954167e+03   4.3335321e-01   3.9722492e-01   3.6410600e-01
   2.0955000e+03   4.3337267e-01   3.9720629e-01   3.6405549e-01
   2.0955833e+03   4.3335969e-01   3.9715896e-01   3.6397965e-01
   2.0956667e+03   4.3331820e-01   3.9708643e-01   3.6388155e-01
   2.0957500e+03   4.3329183e-01   3.9702724e-01   3.6379520e-01
   2.0958333e+03   4.3332527e-01   3.9702083e-01   3.6375540e-01
   2.0959167e+03   4.3337703e-01   3.9703058e-01   3.6372981e-01
   2.0960000e+03   4.3340546e-01   3.9701969e-01   3.6368600e-01
   2.0960833e+03   4.3340302e-01   3.9698152e-01   3.6361811e-01
   2.0961667e+03   4.3340033e-01   3.9694310e-01   3.6354998e-01
   2.0962500e+03   4.3341891e-01   3.9692343e-01   3.6349836e-01
   2.0963333e+03   4.3346800e-01   3.9693064e-01   3.6347041e-01
   2.0964167e+03   4.3350687e-01   3.9692881e-01   3.6343446e-01
   2.0965000e+03   4.3352612e-01   3.9690963e-01   3.6338319e-01
   2.0965833e+03   4.3351282e-01   3.9686170e-01   3.6330659e-01
   2.0966667e+03   4.3347093e-01   3.9678853e-01   3.6320773e-01
   2.0967500e+03   4.3344421e-01   3.9672873e-01   3.6312063e-01
   2.0968333e+03   4.3347749e-01   3.9672181e-01   3.6308008e-01
   2.0969167e+03   4.3352930e-01   3.9673119e-01   3.6305386e-01
   2.0970000e+03   4.3355791e-01   3.9672008e-01   3.6300957e-01
   2.0970833e+03   4.3355573e-01   3.9668180e-01   3.6294134e-01
   2.0971667e+03   4.3355329e-01   3.9664326e-01   3.6287286e-01
   2.0972500e+03   4.3357209e-01   3.9662341e-01   3.6282080e-01
   2.0973333e+03   4.3362126e-01   3.9663029e-01   3.6279224e-01
   2.0974167e+03   4.3366000e-01   3.9662795e-01   3.6275554e-01
   2.0975000e+03   4.3367904e-01   3.9660820e-01   3.6270350e-01
   2.0975833e+03   4.3366541e-01   3.9655967e-01   3.6262612e-01
   2.0976667e+03   4.3362313e-01   3.9648585e-01   3.6252649e-01
   2.0977500e+03   4.3359605e-01   3.9642542e-01   3.6243861e-01
   2.0978333e+03   4.3362917e-01   3.9641796e-01   3.6239729e-01
   2.0979167e+03   4.3368103e-01   3.9642697e-01   3.6237041e-01
   2.0980000e+03   4.3370983e-01   3.9641563e-01   3.6232563e-01
   2.0980833e+03   4.3370790e-01   3.9637722e-01   3.6225702e-01
   2.0981667e+03   4.3370572e-01   3.9633856e-01   3.6218817e-01
   2.0982500e+03   4.3372473e-01   3.9631851e-01   3.6213566e-01
   2.0983333e+03   4.3377398e-01   3.9632504e-01   3.6210647e-01
   2.0984167e+03   4.3381260e-01   3.9632218e-01   3.6206900e-01
   2.0985000e+03   4.3383142e-01   3.9630186e-01   3.6201617e-01
   2.0985833e+03   4.3381747e-01   3.9625269e-01   3.6193798e-01
   2.0986667e+03   4.3377479e-01   3.9617823e-01   3.6183756e-01
   2.0987500e+03   4.3374735e-01   3.9611715e-01   3.6174888e-01
   2.0988333e+03   4.3378032e-01   3.9610915e-01   3.6170677e-01
   2.0989167e+03   4.3383222e-01   3.9611776e-01   3.6167921e-01
   2.0990000e+03   4.3386120e-01   3.9610618e-01   3.6163391e-01
   2.0990833e+03   4.3385954e-01   3.9606763e-01   3.6156491e-01
   2.0991667e+03   4.3385761e-01   3.9602883e-01   3.6149567e-01
   2.0992500e+03   4.3387683e-01   3.9600857e-01   3.6144268e-01
   2.0993333e+03   4.3392616e-01   3.9601474e-01   3.6141283e-01
   2.0994167e+03   4.3396465e-01   3.9601133e-01   3.6137456e-01
   2.0995000e+03   4.3398325e-01   3.9599043e-01   3.6132092e-01
   2.0995833e+03   4.3396898e-01   3.9594062e-01   3.6124191e-01
   2.0996667e+03   4.3392590e-01   3.9586549e-01   3.6114068e-01
   2.0997500e+03   4.3389810e-01   3.9580376e-01   3.6105118e-01
   2.0998333e+03   4.3393091e-01   3.9579520e-01   3.6100827e-01
   2.0999167e+03   4.3398286e-01   3.9580340e-01   3.6098001e-01
   2.1000000e+03   4.3401202e-01   3.9579156e-01   3.6093416e-01
   2.1000833e+03   4.3401061e-01   3.9575287e-01   3.6086475e-01
   2.1001667e+03   4.3400894e-01   3.9571391e-01   3.6079509e-01
   2.1002500e+03   4.3402837e-01   3.9569343e-01   3.6074159e-01
   2.1003333e+03   4.3407779e-01   3.9569921e-01   3.6071107e-01
   2.1004167e+03   4.3411615e-01   3.9569526e-01   3.6067199e-01
   2.1005000e+03   4.3413453e-01   3.9567375e-01   3.6061751e-01
   2.1005833e+03   4.3411994e-01   3.9562330e-01   3.6053766e-01
   2.1006667e+03   4.3407645e-01   3.9554749e-01   3.6043561e-01
   2.1007500e+03   4.3404830e-01   3.9548509e-01   3.6034527e-01
   2.1008333e+03   4.3408095e-01   3.9547596e-01   3.6030152e-01
   2.1009167e+03   4.3413294e-01   3.9548374e-01   3.6027254e-01
