   2.0000000e+03   1.0000000e+00   1.0000000e+00   1.0000000e+00
   2.0000833e+03   1.0000000e+00   1.0000000e+00   1.0000000e+00
   2.0001667e+03   1.0000000e+00   1.0000000e+00   1.0000000e+00
   2.0002500e+03   1.0000000e+00   1.0000000e+00   1.0000000e+00
   2.0003333e+03   1.0000000e+00   1.0000000e+00   1.0000000e+00
   2.0004167e+03   1.0000000e+00   1.0000000e+00   1.0000000e+00
   2.0005000e+03   1.0000000e+00   1.0000000e+00   1.0000000e+00
   2.0005833e+03   1.0000000e+00   1.0000000e+00   1.0000000e+00
   2.0006667e+03   1.0000000e+00   1.0000000e+00   1.0000000e+00
   2.0007500e+03   1.0000000e+00   1.0000000e+00   1.0000000e+00
   2.0008333e+03   1.0000000e+00   1.0000000e+00   1.0000000e+00
   2.0009167e+03   1.0000000e+00   1.0000000e+00   1.0000000e+00
   2.0010000e+03   9.9993832e-01   9.9993790e-01   9.9993749e-01
   2.0010833e+03   9.9980306e-01   9.9980184e-01   9.9980062e-01
   2.0011667e+03   9.9966845e-01   9.9966603e-01   9.9966360e-01
   2.0012500e+03   9.9958279e-01   9.9957873e-01   9.9957466e-01
   2.0013333e+03   9.9960356e-01   9.9959735e-01   9.9959115e-01
   2.0014167e+03   9.9968323e-01   9.9967440e-01   9.9966558e-01
   2.0015000e+03   9.9976500e-01   9.9975312e-01   9.9974123e-01
   2.0015833e+03   9.9982509e-01   9.9980974e-01   9.9979438e-01
   2.0016667e+03   9.9985446e-01   9.9983526e-01   9.9981606e-01
   2.0017500e+03   9.9989367e-01   9.9987018e-01   9.9984670e-01
   2.0018333e+03   9.9997550e-01   9.9994722e-01   9.9991895e-01
   2.0019167e+03   1.0000131e+00   9.9997966e-01   9.9994626e-01
   2.0020000e+03   9.9995455e-01   9.9991580e-01   9.9987706e-01
   2.0020833e+03   9.9982313e-01   9.9977881e-01   9.9973449e-01
   2.0021667e+03   9.9969236e-01   9.9964208e-01   9.9959180e-01
   2.0022500e+03   9.9961009e-01   9.9955333e-01   9.9949656e-01
   2.0023333e+03   9.9963296e-01   9.9956901e-01   9.9950506e-01
   2.0024167e+03   9.9971309e-01   9.9964136e-01   9.9956963e-01
   2.0025000e+03   9.9979460e-01   9.9971465e-01   9.9963472e-01
   2.0025833e+03   9.9985331e-01   9.9976482e-01   9.9967633e-01
   2.0026667e+03   9.9988057e-01   9.9978321e-01   9.9968586e-01
   2.0027500e+03   9.9991787e-01   9.9981120e-01   9.9970455e-01
   2.0028333e+03   9.9999944e-01   9.9988287e-01   9.9976632e-01
   2.0029167e+03   1.0000388e+00   9.9991210e-01   9.9978540e-01
   2.0030000e+03   9.9998342e-01   9.9984656e-01   9.9970971e-01
   2.0030833e+03   9.9985580e-01   9.9970871e-01   9.9956164e-01
   2.0031667e+03   9.9972883e-01   9.9957113e-01   9.9941345e-01
   2.0032500e+03   9.9964993e-01   9.9948101e-01   9.9931212e-01
   2.0033333e+03   9.9967487e-01   9.9949383e-01   9.9931282e-01
   2.0034167e+03   9.9975542e-01   9.9956156e-01   9.9936774e-01
   2.0035000e+03   9.9983661e-01   9.9962953e-01   9.9942248e-01
   2.0035833e+03   9.9989392e-01   9.9967332e-01   9.9945276e-01
   2.0036667e+03   9.9991902e-01   9.9968468e-01   9.9945039e-01
   2.0037500e+03   9.9995438e-01   9.9970583e-01   9.9945734e-01
   2.0038333e+03   1.0000356e+00   9.9977221e-01   9.9950885e-01
   2.0039167e+03   1.0000768e+00   9.9979831e-01   9.9951991e-01
   2.0040000e+03   1.0000245e+00   9.9973116e-01   9.9943792e-01
   2.0040833e+03   9.9990064e-01   9.9959254e-01   9.9928454e-01
   2.0041667e+03   9.9977743e-01   9.9945419e-01   9.9913105e-01
   2.0042500e+03   9.9970186e-01   9.9936278e-01   9.9902381e-01
   2.0043333e+03   9.9972884e-01   9.9937281e-01   9.9901691e-01
   2.0044167e+03   9.9980976e-01   9.9943602e-01   9.9906240e-01
   2.0045000e+03   9.9989062e-01   9.9949874e-01   9.9910701e-01
   2.0045833e+03   9.9994647e-01   9.9953625e-01   9.9912620e-01
   2.0046667e+03   9.9996937e-01   9.9954066e-01   9.9911213e-01
   2.0047500e+03   1.0000027e+00   9.9955507e-01   9.9910759e-01
   2.0048333e+03   1.0000837e+00   9.9961626e-01   9.9914906e-01
   2.0049167e+03   1.0001265e+00   9.9963931e-01   9.9915231e-01
   2.0050000e+03   1.0000773e+00   9.9957063e-01   9.9906421e-01
   2.0050833e+03   9.9995719e-01   9.9943132e-01   9.9890571e-01
   2.0051667e+03   9.9983772e-01   9.9929227e-01   9.9874711e-01
   2.0052500e+03   9.9976545e-01   9.9919965e-01   9.9863416e-01
   2.0053333e+03   9.9979442e-01   9.9920698e-01   9.9861987e-01
   2.0054167e+03   9.9987569e-01   9.9926574e-01   9.9865615e-01
   2.0055000e+03   9.9995616e-01   9.9932331e-01   9.9869084e-01
   2.0055833e+03   1.0000105e+00   9.9935463e-01   9.9869916e-01
   2.0056667e+03   1.0000312e+00   9.9935219e-01   9.9867365e-01
   2.0057500e+03   1.0000625e+00   9.9935994e-01   9.9865784e-01
   2.0058333e+03   1.0001431e+00   9.9941602e-01   9.9868949e-01
   2.0059167e+03   1.0001876e+00   9.9943610e-01   9.9868512e-01
   2.0060000e+03   1.0001414e+00   9.9936598e-01   9.9859112e-01
   2.0060833e+03   1.0000250e+00   9.9922605e-01   9.9842770e-01
   2.0061667e+03   9.9990925e-01   9.9908639e-01   9.9826419e-01
   2.0062500e+03   9.9984024e-01   9.9899264e-01   9.9814573e-01
   2.0063333e+03   9.9987118e-01   9.9899735e-01   9.9812426e-01
   2.0064167e+03   9.9995276e-01   9.9905175e-01   9.9815154e-01
   2.0065000e+03   1.0000328e+00   9.9910425e-01   9.9817655e-01
   2.0065833e+03   1.0000856e+00   9.9912948e-01   9.9817422e-01
   2.0066667e+03   1.0001040e+00   9.9912028e-01   9.9813750e-01
   2.0067500e+03   1.0001333e+00   9.9912146e-01   9.9811066e-01
   2.0068333e+03   1.0002134e+00   9.9917253e-01   9.9813271e-01
   2.0069167e+03   1.0002596e+00   9.9918973e-01   9.9812095e-01
   2.0070000e+03   1.0002164e+00   9.9911824e-01   9.9802125e-01
   2.0070833e+03   1.0001037e+00   9.9897777e-01   9.9785310e-01
   2.0071667e+03   9.9999158e-01   9.9883757e-01   9.9768488e-01
   2.0072500e+03   9.9992581e-01   9.9874277e-01   9.9756111e-01
   2.0073333e+03   9.9995867e-01   9.9874495e-01   9.9753267e-01
   2.0074167e+03   1.0000405e+00   9.9879508e-01   9.9755117e-01
   2.0075000e+03   1.0001201e+00   9.9884261e-01   9.9756672e-01
   2.0075833e+03   1.0001714e+00   9.9886183e-01   9.9755399e-01
   2.0076667e+03   1.0001874e+00   9.9884596e-01   9.9750629e-01
   2.0077500e+03   1.0002146e+00   9.9884068e-01   9.9746866e-01
   2.0078333e+03   1.0002942e+00   9.9888681e-01   9.9748135e-01
   2.0079167e+03   1.0003421e+00   9.9890122e-01   9.9746240e-01
   2.0080000e+03   1.0003018e+00   9.9882845e-01   9.9735721e-01
   2.0080833e+03   1.0001927e+00   9.9868752e-01   9.9718453e-01
   2.0081667e+03   1.0000843e+00   9.9854687e-01   9.9701180e-01
   2.0082500e+03   1.0000217e+00   9.9845109e-01   9.9688292e-01
   2.0083333e+03   1.0000565e+00   9.9845082e-01   9.9684773e-01
   2.0084167e+03   1.0001385e+00   9.9849677e-01   9.9685767e-01
   2.0085000e+03   1.0002176e+00   9.9853941e-01   9.9686399e-01
   2.0085833e+03   1.0002673e+00   9.9855273e-01   9.9684109e-01
   2.0086667e+03   1.0002809e+00   9.9853028e-01   9.9678266e-01
   2.0087500e+03   1.0003059e+00   9.9851862e-01   9.9673448e-01
   2.0088333e+03   1.0003851e+00   9.9855992e-01   9.9673803e-01
   2.0089167e+03   1.0004346e+00   9.9857162e-01   9.9671212e-01
   2.0090000e+03   1.0003972e+00   9.9849765e-01   9.9660163e-01
   2.0090833e+03   1.0002917e+00   9.9835634e-01   9.9642463e-01
   2.0091667e+03   1.0001869e+00   9.9821531e-01   9.9624759e-01
   2.0092500e+03   1.0001275e+00   9.9811865e-01   9.9611382e-01
   2.0093333e+03   1.0001641e+00   9.9811601e-01   9.9607208e-01
   2.0094167e+03   1.0002463e+00   9.9815787e-01   9.9607369e-01
   2.0095000e+03   1.0003249e+00   9.9819571e-01   9.9607101e-01
   2.0095833e+03   1.0003729e+00   9.9820321e-01   9.9603818e-01
   2.0096667e+03   1.0003841e+00   9.9817429e-01   9.9596926e-01
   2.0097500e+03   1.0004069e+00   9.9815635e-01   9.9591077e-01
   2.0098333e+03   1.0004856e+00   9.9819290e-01   9.9590541e-01
   2.0099167e+03   1.0005366e+00   9.9820198e-01   9.9587276e-01
   2.0100000e+03   1.0005021e+00   9.9812688e-01   9.9575719e-01
   2.0100833e+03   1.0004002e+00   9.9798528e-01   9.9557607e-01
   2.0101667e+03   1.0002989e+00   9.9784395e-01   9.9539492e-01
   2.0102500e+03   1.0002427e+00   9.9774648e-01   9.9525646e-01
   2.0103333e+03   1.0002811e+00   9.9774156e-01   9.9520839e-01
   2.0104167e+03   1.0003635e+00   9.9777942e-01   9.9520192e-01
   2.0105000e+03   1.0004415e+00   9.9781256e-01   9.9519047e-01
   2.0105833e+03   1.0004878e+00   9.9781434e-01   9.9514795e-01
   2.0106667e+03   1.0004966e+00   9.9777903e-01   9.9506878e-01
   2.0107500e+03   1.0005171e+00   9.9775491e-01   9.9500023e-01
   2.0108333e+03   1.0005952e+00   9.9778680e-01   9.9498620e-01
   2.0109167e+03   1.0006477e+00   9.9779334e-01   9.9494702e-01
   2.0110000e+03   1.0006162e+00   9.9771722e-01   9.9482658e-01
   2.0110833e+03   1.0005178e+00   9.9757539e-01   9.9464155e-01
   2.0111667e+03   1.0004200e+00   9.9743385e-01   9.9445650e-01
   2.0112500e+03   1.0003668e+00   9.9733565e-01   9.9431355e-01
   2.0113333e+03   1.0004071e+00   9.9732854e-01   9.9425938e-01
   2.0114167e+03   1.0004896e+00   9.9736249e-01   9.9424503e-01
   2.0115000e+03   1.0005670e+00   9.9739102e-01   9.9422505e-01
   2.0115833e+03   1.0006115e+00   9.9738716e-01   9.9417309e-01
   2.0116667e+03   1.0006178e+00   9.9734558e-01   9.9408392e-01
   2.0117500e+03   1.0006361e+00   9.9731536e-01   9.9400555e-01
   2.0118333e+03   1.0007135e+00   9.9734269e-01   9.9398309e-01
   2.0119167e+03   1.0007675e+00   9.9734678e-01   9.9393760e-01
   2.0120000e+03   1.0007388e+00   9.9726970e-01   9.9381251e-01
   2.0120833e+03   1.0006439e+00   9.9712774e-01   9.9362377e-01
   2.0121667e+03   1.0005497e+00   9.9698607e-01   9.9343502e-01
   2.0122500e+03   1.0004996e+00   9.9688723e-01   9.9328780e-01
   2.0123333e+03   1.0005416e+00   9.9687801e-01   9.9322774e-01
   2.0124167e+03   1.0006242e+00   9.9690814e-01   9.9320576e-01
   2.0125000e+03   1.0007009e+00   9.9693215e-01   9.9317749e-01
   2.0125833e+03   1.0007437e+00   9.9692276e-01   9.9311632e-01
   2.0126667e+03   1.0007474e+00   9.9687498e-01   9.9301740e-01
   2.0127500e+03   1.0007633e+00   9.9683877e-01   9.9292946e-01
   2.0128333e+03   1.0008401e+00   9.9686163e-01   9.9289880e-01
   2.0129167e+03   1.0008956e+00   9.9686336e-01   9.9284723e-01
   2.0130000e+03   1.0008696e+00   9.9678541e-01   9.9271770e-01
   2.0130833e+03   1.0007783e+00   9.9664340e-01   9.9252546e-01
   2.0131667e+03   1.0006875e+00   9.9650167e-01   9.9233322e-01
   2.0132500e+03   1.0006404e+00   9.9640227e-01   9.9218194e-01
   2.0133333e+03   1.0006841e+00   9.9639104e-01   9.9211622e-01
   2.0134167e+03   1.0007668e+00   9.9641744e-01   9.9208684e-01
   2.0135000e+03   1.0008428e+00   9.9643702e-01   9.9205051e-01
   2.0135833e+03   1.0008837e+00   9.9642219e-01   9.9198038e-01
   2.0136667e+03   1.0008849e+00   9.9636832e-01   9.9187196e-01
   2.0137500e+03   1.0008984e+00   9.9632621e-01   9.9177470e-01
   2.0138333e+03   1.0009745e+00   9.9634469e-01   9.9173608e-01
   2.0139167e+03   1.0010314e+00   9.9634415e-01   9.9167866e-01
   2.0140000e+03   1.0010082e+00   9.9626542e-01   9.9154490e-01
   2.0140833e+03   1.0009203e+00   9.9612343e-01   9.9134936e-01
   2.0141667e+03   1.0008329e+00   9.9598173e-01   9.9115385e-01
   2.0142500e+03   1.0007889e+00   9.9588186e-01   9.9099872e-01
   2.0143333e+03   1.0008343e+00   9.9586870e-01   9.9092756e-01
   2.0144167e+03   1.0009169e+00   9.9589146e-01   9.9089101e-01
   2.0145000e+03   1.0009922e+00   9.9590671e-01   9.9084687e-01
   2.0145833e+03   1.0010313e+00   9.9588654e-01   9.9076803e-01
   2.0146667e+03   1.0010298e+00   9.9582667e-01   9.9065036e-01
   2.0147500e+03   1.0010409e+00   9.9577875e-01   9.9054401e-01
   2.0148333e+03   1.0011163e+00   9.9579295e-01   9.9049767e-01
   2.0149167e+03   1.0011746e+00   9.9579023e-01   9.9043462e-01
   2.0150000e+03   1.0011541e+00   9.9571080e-01   9.9029686e-01
   2.0150833e+03   1.0010696e+00   9.9556892e-01   9.9009824e-01
   2.0151667e+03   1.0009856e+00   9.9542733e-01   9.8989965e-01
   2.0152500e+03   1.0009445e+00   9.9532707e-01   9.8974089e-01
   2.0153333e+03   1.0009916e+00   9.9531206e-01   9.8966451e-01
   2.0154167e+03   1.0010742e+00   9.9533128e-01   9.8962104e-01
   2.0155000e+03   1.0011487e+00   9.9534229e-01   9.8956932e-01
   2.0155833e+03   1.0011859e+00   9.9531687e-01   9.8948201e-01
   2.0156667e+03   1.0011817e+00   9.9525110e-01   9.8935534e-01
   2.0157500e+03   1.0011904e+00   9.9519748e-01   9.8924017e-01
   2.0158333e+03   1.0012650e+00   9.9520749e-01   9.8918635e-01
   2.0159167e+03   1.0013246e+00   9.9520267e-01   9.8911790e-01
   2.0160000e+03   1.0013068e+00   9.9512262e-01   9.8897634e-01
   2.0160833e+03   1.0012257e+00   9.9498093e-01   9.8877485e-01
   2.0161667e+03   1.0011451e+00   9.9483955e-01   9.8857340e-01
   2.0162500e+03   1.0011070e+00   9.9473898e-01   9.8841122e-01
   2.0163333e+03   1.0011556e+00   9.9472221e-01   9.8832985e-01
   2.0164167e+03   1.0012382e+00   9.9473798e-01   9.8827969e-01
   2.0165000e+03   1.0013118e+00   9.9474485e-01   9.8822064e-01
   2.0165833e+03   1.0013471e+00   9.9471427e-01   9.8812511e-01
   2.0166667e+03   1.0013402e+00   9.9464269e-01   9.8798968e-01
   2.0167500e+03   1.0013464e+00   9.9458346e-01   9.8786593e-01
   2.0168333e+03   1.0014202e+00   9.9458938e-01   9.8780488e-01
   2.0169167e+03   1.0014811e+00   9.9458256e-01   9.8773126e-01
   2.0170000e+03   1.0014660e+00   9.9450198e-01   9.8758612e-01
   2.0170833e+03   1.0013882e+00   9.9436057e-01   9.8738196e-01
   2.0171667e+03   1.0013109e+00   9.9421946e-01   9.8717787e-01
   2.0172500e+03   1.0012757e+00   9.9411866e-01   9.8701248e-01
   2.0173333e+03   1.0013259e+00   9.9410023e-01   9.8692635e-01
   2.0174167e+03   1.0014084e+00   9.9411264e-01   9.8686973e-01
   2.0175000e+03   1.0014811e+00   9.9411546e-01   9.8680359e-01
   2.0175833e+03   1.0015144e+00   9.9407982e-01   9.8670009e-01
   2.0176667e+03   1.0015048e+00   9.9400254e-01   9.8655616e-01
   2.0177500e+03   1.0015084e+00   9.9393780e-01   9.8642408e-01
   2.0178333e+03   1.0015813e+00   9.9393971e-01   9.8635604e-01
   2.0179167e+03   1.0016435e+00   9.9393098e-01   9.8627747e-01
   2.0180000e+03   1.0016310e+00   9.9384996e-01   9.8612897e-01
   2.0180833e+03   1.0015565e+00   9.9370890e-01   9.8592237e-01
   2.0181667e+03   1.0014826e+00   9.9356815e-01   9.8571584e-01
   2.0182500e+03   1.0014502e+00   9.9346722e-01   9.8554746e-01
   2.0183333e+03   1.0015020e+00   9.9344721e-01   9.8545679e-01
   2.0184167e+03   1.0015843e+00   9.9345635e-01   9.8539396e-01
   2.0185000e+03   1.0016562e+00   9.9345521e-01   9.8532097e-01
   2.0185833e+03   1.0016874e+00   9.9341462e-01   9.8520974e-01
   2.0186667e+03   1.0016750e+00   9.9333173e-01   9.8505756e-01
   2.0187500e+03   1.0016760e+00   9.9326157e-01   9.8491740e-01
   2.0188333e+03   1.0017480e+00   9.9325957e-01   9.8484261e-01
   2.0189167e+03   1.0018115e+00   9.9324901e-01   9.8475933e-01
   2.0190000e+03   1.0018016e+00   9.9316764e-01   9.8460768e-01
   2.0190833e+03   1.0017304e+00   9.9302702e-01   9.8439884e-01
   2.0191667e+03   1.0016597e+00   9.9288672e-01   9.8419009e-01
   2.0192500e+03   1.0016302e+00   9.9278573e-01   9.8401893e-01
   2.0193333e+03   1.0016835e+00   9.9276423e-01   9.8392396e-01
   2.0194167e+03   1.0017656e+00   9.9277020e-01   9.8385514e-01
   2.0195000e+03   1.0018365e+00   9.9276520e-01   9.8377555e-01
   2.0195833e+03   1.0018657e+00   9.9271974e-01   9.8365684e-01
   2.0196667e+03   1.0018504e+00   9.9263134e-01   9.8349666e-01
   2.0197500e+03   1.0018488e+00   9.9255586e-01   9.8334868e-01
   2.0198333e+03   1.0019199e+00   9.9255005e-01   9.8326738e-01
   2.0199167e+03   1.0019845e+00   9.9253776e-01   9.8317961e-01
   2.0200000e+03   1.0019771e+00   9.9245611e-01   9.8302504e-01
   2.0200833e+03   1.0019092e+00   9.9231602e-01   9.8281417e-01
   2.0201667e+03   1.0018418e+00   9.9217624e-01   9.8260340e-01
   2.0202500e+03   1.0018151e+00   9.9207529e-01   9.8242968e-01
   2.0203333e+03   1.0018698e+00   9.9205239e-01   9.8233063e-01
   2.0204167e+03   1.0019517e+00   9.9205528e-01   9.8225608e-01
   2.0205000e+03   1.0020217e+00   9.9204651e-01   9.8217012e-01
   2.0205833e+03   1.0020487e+00   9.9199628e-01   9.8204418e-01
   2.0206667e+03   1.0020305e+00   9.9190246e-01   9.8187625e-01
   2.0207500e+03   1.0020262e+00   9.9182176e-01   9.8172068e-01
   2.0208333e+03   1.0020963e+00   9.9181224e-01   9.8163312e-01
   2.0209167e+03   1.0021621e+00   9.9179830e-01   9.8154109e-01
   2.0210000e+03   1.0021573e+00   9.9171646e-01   9.8138382e-01
   2.0210833e+03   1.0020926e+00   9.9157698e-01   9.8117113e-01
   2.0211667e+03   1.0020284e+00   9.9143781e-01   9.8095856e-01
   2.0212500e+03   1.0020044e+00   9.9133698e-01   9.8078250e-01
   2.0213333e+03   1.0020606e+00   9.9131277e-01   9.8067959e-01
   2.0214167e+03   1.0021422e+00   9.9131268e-01   9.8059954e-01
   2.0215000e+03   1.0022112e+00   9.9130024e-01   9.8050746e-01
   2.0215833e+03   1.0022360e+00   9.9124533e-01   9.8037454e-01
   2.0216667e+03   1.0022149e+00   9.9114619e-01   9.8019910e-01
   2.0217500e+03   1.0022079e+00   9.9106036e-01   9.8003620e-01
   2.0218333e+03   1.0022770e+00   9.9104722e-01   9.7994261e-01
   2.0219167e+03   1.0023439e+00   9.9103172e-01   9.7984656e-01
   2.0220000e+03   1.0023416e+00   9.9094979e-01   9.7968680e-01
   2.0220833e+03   1.0022801e+00   9.9081100e-01   9.7947251e-01
   2.0221667e+03   1.0022191e+00   9.9067253e-01   9.7925835e-01
   2.0222500e+03   1.0021978e+00   9.9057190e-01   9.7908016e-01
   2.0223333e+03   1.0022554e+00   9.9054647e-01   9.7897362e-01
   2.0224167e+03   1.0023367e+00   9.9054348e-01   9.7888831e-01
   2.0225000e+03   1.0024046e+00   9.9052747e-01   9.7879035e-01
   2.0225833e+03   1.0024273e+00   9.9046798e-01   9.7865069e-01
   2.0226667e+03   1.0024031e+00   9.9036362e-01   9.7846800e-01
   2.0227500e+03   1.0023934e+00   9.9027276e-01   9.7829802e-01
   2.0228333e+03   1.0024614e+00   9.9025608e-01   9.7819865e-01
   2.0229167e+03   1.0025294e+00   9.9023913e-01   9.7809880e-01
   2.0230000e+03   1.0025296e+00   9.9015718e-01   9.7793677e-01
   2.0230833e+03   1.0024712e+00   9.9001916e-01   9.7772108e-01
   2.0231667e+03   1.0024133e+00   9.8988148e-01   9.7750554e-01
   2.0232500e+03   1.0023948e+00   9.8978113e-01   9.7732544e-01
   2.0233333e+03   1.0024538e+00   9.8975458e-01   9.7721551e-01
   2.0234167e+03   1.0025347e+00   9.8974879e-01   9.7712517e-01
   2.0235000e+03   1.0026015e+00   9.8972929e-01   9.7702157e-01
   2.0235833e+03   1.0026219e+00   9.8966533e-01   9.7687542e-01
   2.0236667e+03   1.0025947e+00   9.8955583e-01   9.7668572e-01
   2.0237500e+03   1.0025821e+00   9.8946003e-01   9.7650890e-01
   2.0238333e+03   1.0026491e+00   9.8943993e-01   9.7640398e-01
   2.0239167e+03   1.0027181e+00   9.8942160e-01   9.7630057e-01
   2.0240000e+03   1.0027207e+00   9.8933973e-01   9.7613649e-01
   2.0240833e+03   1.0026655e+00   9.8920257e-01   9.7591962e-01
   2.0241667e+03   1.0026108e+00   9.8906575e-01   9.7570291e-01
   2.0242500e+03   1.0025949e+00   9.8896578e-01   9.7552112e-01
   2.0243333e+03   1.0026552e+00   9.8893819e-01   9.7540801e-01
   2.0244167e+03   1.0027357e+00   9.8892969e-01   9.7531288e-01
   2.0245000e+03   1.0028014e+00   9.8890680e-01   9.7520388e-01
   2.0245833e+03   1.0028195e+00   9.8883845e-01   9.7505149e-01
   2.0246667e+03   1.0027892e+00   9.8872392e-01   9.7485502e-01
   2.0247500e+03   1.0027738e+00   9.8862329e-01   9.7467161e-01
   2.0248333e+03   1.0028396e+00   9.8859984e-01   9.7456139e-01
   2.0249167e+03   1.0029097e+00   9.8858023e-01   9.7445465e-01
   2.0250000e+03   1.0029146e+00   9.8849852e-01   9.7428873e-01
   2.0250833e+03   1.0028625e+00   9.8836229e-01   9.7407087e-01
   2.0251667e+03   1.0028108e+00   9.8822636e-01   9.7385317e-01
   2.0252500e+03   1.0027975e+00   9.8812681e-01   9.7366986e-01
   2.0253333e+03   1.0028590e+00   9.8809825e-01   9.7355381e-01
   2.0254167e+03   1.0029392e+00   9.8808719e-01   9.7345422e-01
   2.0255000e+03   1.0030037e+00   9.8806112e-01   9.7334021e-01
   2.0255833e+03   1.0030196e+00   9.8798868e-01   9.7318206e-01
   2.0256667e+03   1.0029864e+00   9.8786949e-01   9.7297943e-01
   2.0257500e+03   1.0029683e+00   9.8776443e-01   9.7279007e-01
   2.0258333e+03   1.0030331e+00   9.8773797e-01   9.7267514e-01
   2.0259167e+03   1.0031040e+00   9.8771723e-01   9.7256551e-01
   2.0260000e+03   1.0031111e+00   9.8763572e-01   9.7239811e-01
   2.0260833e+03   1.0030617e+00   9.8750042e-01   9.7217960e-01
   2.0261667e+03   1.0030127e+00   9.8736546e-01   9.7196131e-01
   2.0262500e+03   1.0030018e+00   9.8726645e-01   9.7177700e-01
   2.0263333e+03   1.0030644e+00   9.8723721e-01   9.7165869e-01
   2.0264167e+03   1.0031442e+00   9.8722401e-01   9.7155547e-01
   2.0265000e+03   1.0032076e+00   9.8719520e-01   9.7143735e-01
   2.0265833e+03   1.0032214e+00   9.8711917e-01   9.7127439e-01
   2.0266667e+03   1.0031854e+00   9.8699585e-01   9.7106654e-01
   2.0267500e+03   1.0031646e+00   9.8688684e-01   9.7087217e-01
   2.0268333e+03   1.0032283e+00   9.8685781e-01   9.7075344e-01
   2.0269167e+03   1.0033001e+00   9.8683638e-01   9.7064180e-01
   2.0270000e+03   1.0033092e+00   9.8675548e-01   9.7047378e-01
   2.0270833e+03   1.0032625e+00   9.8662152e-01   9.7025547e-01
   2.0271667e+03   1.0032163e+00   9.8648794e-01   9.7003744e-01
   2.0272500e+03   1.0032076e+00   9.8638990e-01   9.6985299e-01
   2.0273333e+03   1.0032714e+00   9.8636040e-01   9.6973331e-01
   2.0274167e+03   1.0033507e+00   9.8634550e-01   9.6962736e-01
   2.0275000e+03   1.0034130e+00   9.8631440e-01   9.6950602e-01
   2.0275833e+03   1.0034246e+00   9.8623520e-01   9.6933912e-01
   2.0276667e+03   1.0033857e+00   9.8610815e-01   9.6912693e-01
   2.0277500e+03   1.0033623e+00   9.8599563e-01   9.6892841e-01
   2.0278333e+03   1.0034248e+00   9.8596447e-01   9.6880678e-01
   2.0279167e+03   1.0034974e+00   9.8594277e-01   9.6869403e-01
   2.0280000e+03   1.0035087e+00   9.8586292e-01   9.6852625e-01
   2.0280833e+03   1.0034647e+00   9.8573071e-01   9.6830897e-01
   2.0281667e+03   1.0034211e+00   9.8559891e-01   9.6809205e-01
   2.0282500e+03   1.0034148e+00   9.8550226e-01   9.6790831e-01
   2.0283333e+03   1.0034796e+00   9.8547294e-01   9.6778815e-01
   2.0284167e+03   1.0035585e+00   9.8545675e-01   9.6768035e-01
   2.0285000e+03   1.0036196e+00   9.8542380e-01   9.6755668e-01
   2.0285833e+03   1.0036290e+00   9.8534186e-01   9.6738673e-01
   2.0286667e+03   1.0035872e+00   9.8521151e-01   9.6717104e-01
   2.0287500e+03   1.0035610e+00   9.8509588e-01   9.6696926e-01
   2.0288333e+03   1.0036224e+00   9.8506302e-01   9.6684560e-01
   2.0289167e+03   1.0036958e+00   9.8504150e-01   9.6673262e-01
   2.0290000e+03   1.0037091e+00   9.8496310e-01   9.6656595e-01
   2.0290833e+03   1.0036677e+00   9.8483305e-01   9.6635054e-01
   2.0291667e+03   1.0036269e+00   9.8470345e-01   9.6613555e-01
   2.0292500e+03   1.0036228e+00   9.8460860e-01   9.6595337e-01
   2.0293333e+03   1.0036887e+00   9.8457988e-01   9.6583359e-01
   2.0294167e+03   1.0037670e+00   9.8456286e-01   9.6572484e-01
   2.0295000e+03   1.0038269e+00   9.8452847e-01   9.6559972e-01
   2.0295833e+03   1.0038341e+00   9.8444422e-01   9.6542758e-01
   2.0296667e+03   1.0037893e+00   9.8431097e-01   9.6520926e-01
   2.0297500e+03   1.0037604e+00   9.8419266e-01   9.6500505e-01
   2.0298333e+03   1.0038206e+00   9.8415854e-01   9.6488025e-01
   2.0299167e+03   1.0038948e+00   9.8413761e-01   9.6476791e-01
   2.0300000e+03   1.0039101e+00   9.8406109e-01   9.6460319e-01
   2.0300833e+03   1.0038713e+00   9.8393358e-01   9.6439044e-01
   2.0301667e+03   1.0038330e+00   9.8380649e-01   9.6417814e-01
   2.0302500e+03   1.0038310e+00   9.8371375e-01   9.6399824e-01
   2.0303333e+03   1.0038979e+00   9.8368599e-01   9.6387961e-01
   2.0304167e+03   1.0039757e+00   9.8366855e-01   9.6377074e-01
   2.0305000e+03   1.0040345e+00   9.8363320e-01   9.6364501e-01
   2.0305833e+03   1.0040396e+00   9.8354720e-01   9.6347159e-01
   2.0306667e+03   1.0039923e+00   9.8341172e-01   9.6325159e-01
   2.0307500e+03   1.0039609e+00   9.8329136e-01   9.6304590e-01
   2.0308333e+03   1.0040201e+00   9.8325641e-01   9.6292067e-01
   2.0309167e+03   1.0040949e+00   9.8323620e-01   9.6280936e-01
   2.0310000e+03   1.0041118e+00   9.8316141e-01   9.6264668e-01
   2.0310833e+03   1.0040752e+00   9.8303618e-01   9.6243653e-01
   2.0311667e+03   1.0040390e+00   9.8291136e-01   9.6222682e-01
   2.0312500e+03   1.0040389e+00   9.8282056e-01   9.6204917e-01
   2.0313333e+03   1.0041065e+00   9.8279371e-01   9.6193177e-01
   2.0314167e+03   1.0041839e+00   9.8277599e-01   9.6182298e-01
   2.0315000e+03   1.0042417e+00   9.8273985e-01   9.6169688e-01
   2.0315833e+03   1.0042449e+00   9.8265229e-01   9.6152243e-01
   2.0316667e+03   1.0041951e+00   9.8251476e-01   9.6130098e-01
   2.0317500e+03   1.0041614e+00   9.8239250e-01   9.6109396e-01
   2.0318333e+03   1.0042196e+00   9.8235677e-01   9.6096838e-01
   2.0319167e+03   1.0042950e+00   9.8233728e-01   9.6085812e-01
   2.0320000e+03   1.0043135e+00   9.8226423e-01   9.6069750e-01
   2.0320833e+03   1.0042790e+00   9.8214127e-01   9.6048998e-01
   2.0321667e+03   1.0042449e+00   9.8201874e-01   9.6028289e-01
   2.0322500e+03   1.0042466e+00   9.8192986e-01   9.6010751e-01
   2.0323333e+03   1.0043150e+00   9.8190395e-01   9.5999138e-01
   2.0324167e+03   1.0043919e+00   9.8188594e-01   9.5988271e-01
   2.0325000e+03   1.0044486e+00   9.8184901e-01   9.5975627e-01
   2.0325833e+03   1.0044499e+00   9.8175992e-01   9.5958083e-01
   2.0326667e+03   1.0043976e+00   9.8162035e-01   9.5935797e-01
   2.0327500e+03   1.0043617e+00   9.8149619e-01   9.5914966e-01
   2.0328333e+03   1.0044188e+00   9.8145968e-01   9.5902377e-01
   2.0329167e+03   1.0044947e+00   9.8144092e-01   9.5891458e-01
   2.0330000e+03   1.0045148e+00   9.8136961e-01   9.5875606e-01
   2.0330833e+03   1.0044824e+00   9.8124894e-01   9.5855118e-01
   2.0331667e+03   1.0044505e+00   9.8112869e-01   9.5834675e-01
   2.0332500e+03   1.0044539e+00   9.8104176e-01   9.5817367e-01
   2.0333333e+03   1.0045231e+00   9.8101679e-01   9.5805883e-01
   2.0334167e+03   1.0045995e+00   9.8099851e-01   9.5795031e-01
   2.0335000e+03   1.0046551e+00   9.8096079e-01   9.5782358e-01
   2.0335833e+03   1.0046545e+00   9.8087016e-01   9.5764717e-01
   2.0336667e+03   1.0045997e+00   9.8072856e-01   9.5742294e-01
   2.0337500e+03   1.0045614e+00   9.8060251e-01   9.5721337e-01
   2.0338333e+03   1.0046174e+00   9.8056524e-01   9.5708720e-01
   2.0339167e+03   1.0046939e+00   9.8054720e-01   9.5697913e-01
   2.0340000e+03   1.0047155e+00   9.8047765e-01   9.5682272e-01
   2.0340833e+03   1.0046853e+00   9.8035927e-01   9.5662053e-01
   2.0341667e+03   1.0046554e+00   9.8024131e-01   9.5641877e-01
   2.0342500e+03   1.0046605e+00   9.8015633e-01   9.5624801e-01
   2.0343333e+03   1.0047305e+00   9.8013230e-01   9.5613450e-01
   2.0344167e+03   1.0048064e+00   9.8011376e-01   9.5602618e-01
   2.0345000e+03   1.0048609e+00   9.8007527e-01   9.5589917e-01
   2.0345833e+03   1.0048584e+00   9.7998311e-01   9.5572184e-01
   2.0346667e+03   1.0048010e+00   9.7983948e-01   9.5549626e-01
   2.0347500e+03   1.0047603e+00   9.7971155e-01   9.5528548e-01
   2.0348333e+03   1.0048152e+00   9.7967352e-01   9.5515906e-01
   2.0349167e+03   1.0048922e+00   9.7965622e-01   9.5505213e-01
   2.0350000e+03   1.0049154e+00   9.7958842e-01   9.5489788e-01
   2.0350833e+03   1.0048872e+00   9.7947235e-01   9.5469839e-01
   2.0351667e+03   1.0048594e+00   9.7935668e-01   9.5449933e-01
   2.0352500e+03   1.0048663e+00   9.7927365e-01   9.5433093e-01
   2.0353333e+03   1.0049370e+00   9.7925057e-01   9.5421878e-01
   2.0354167e+03   1.0050123e+00   9.7923177e-01   9.5411067e-01
   2.0355000e+03   1.0050658e+00   9.7919252e-01   9.5398343e-01
   2.0355833e+03   1.0050612e+00   9.7909884e-01   9.5380521e-01
   2.0356667e+03   1.0050013e+00   9.7895319e-01   9.5357833e-01
   2.0357500e+03   1.0049582e+00   9.7882339e-01   9.5336636e-01
   2.0358333e+03   1.0050120e+00   9.7878461e-01   9.5323973e-01
   2.0359167e+03   1.0050895e+00   9.7876805e-01   9.5313398e-01
   2.0360000e+03   1.0051143e+00   9.7870202e-01   9.5298190e-01
   2.0360833e+03   1.0050881e+00   9.7858824e-01   9.5278514e-01
   2.0361667e+03   1.0050623e+00   9.7847488e-01   9.5258881e-01
   2.0362500e+03   1.0050710e+00   9.7839381e-01   9.5242278e-01
   2.0363333e+03   1.0051424e+00   9.7837169e-01   9.5231203e-01
   2.0364167e+03   1.0052171e+00   9.7835264e-01   9.5220418e-01
   2.0365000e+03   1.0052694e+00   9.7831263e-01   9.5207673e-01
   2.0365833e+03   1.0052628e+00   9.7821744e-01   9.5189766e-01
   2.0366667e+03   1.0052003e+00   9.7806977e-01   9.5166951e-01
   2.0367500e+03   1.0051548e+00   9.7793810e-01   9.5145638e-01
   2.0368333e+03   1.0052075e+00   9.7789858e-01   9.5132958e-01
   2.0369167e+03   1.0052855e+00   9.7788278e-01   9.5122503e-01
   2.0370000e+03   1.0053117e+00   9.7781851e-01   9.5107516e-01
   2.0370833e+03   1.0052876e+00   9.7770705e-01   9.5088115e-01
   2.0371667e+03   1.0052639e+00   9.7759599e-01   9.5068758e-01
   2.0372500e+03   1.0052742e+00   9.7751688e-01   9.5052396e-01
   2.0373333e+03   1.0053463e+00   9.7749573e-01   9.5041462e-01
   2.0374167e+03   1.0054204e+00   9.7747644e-01   9.5030706e-01
   2.0375000e+03   1.0054716e+00   9.7743568e-01   9.5017945e-01
   2.0375833e+03   1.0054630e+00   9.7733898e-01   9.4999955e-01
   2.0376667e+03   1.0053978e+00   9.7718931e-01   9.4977016e-01
   2.0377500e+03   1.0053498e+00   9.7705577e-01   9.4955592e-01
   2.0378333e+03   1.0054014e+00   9.7701551e-01   9.4942898e-01
   2.0379167e+03   1.0054798e+00   9.7700048e-01   9.4932567e-01
   2.0380000e+03   1.0055076e+00   9.7693799e-01   9.4917802e-01
   2.0380833e+03   1.0054855e+00   9.7682884e-01   9.4898679e-01
   2.0381667e+03   1.0054638e+00   9.7672009e-01   9.4879600e-01
   2.0382500e+03   1.0054758e+00   9.7664296e-01   9.4863481e-01
   2.0383333e+03   1.0055486e+00   9.7662278e-01   9.4852693e-01
   2.0384167e+03   1.0056220e+00   9.7660326e-01   9.4841969e-01
   2.0385000e+03   1.0056720e+00   9.7656175e-01   9.4829195e-01
   2.0385833e+03   1.0056614e+00   9.7646355e-01   9.4811126e-01
   2.0386667e+03   1.0055936e+00   9.7631188e-01   9.4788066e-01
   2.0387500e+03   1.0055431e+00   9.7617648e-01   9.4766533e-01
   2.0388333e+03   1.0055935e+00   9.7613550e-01   9.4753828e-01
   2.0389167e+03   1.0056724e+00   9.7612123e-01   9.4743624e-01
   2.0390000e+03   1.0057016e+00   9.7606052e-01   9.4729086e-01
   2.0390833e+03   1.0056815e+00   9.7595369e-01   9.4710243e-01
   2.0391667e+03   1.0056618e+00   9.7584727e-01   9.4691444e-01
   2.0392500e+03   1.0056754e+00   9.7577211e-01   9.4675571e-01
   2.0393333e+03   1.0057489e+00   9.7575291e-01   9.4664931e-01
   2.0394167e+03   1.0058217e+00   9.7573316e-01   9.4654243e-01
   2.0395000e+03   1.0058705e+00   9.7569092e-01   9.4641459e-01
   2.0395833e+03   1.0058578e+00   9.7559122e-01   9.4623315e-01
   2.0396667e+03   1.0057873e+00   9.7543756e-01   9.4600137e-01
   2.0397500e+03   1.0057343e+00   9.7530031e-01   9.4578499e-01
   2.0398333e+03   1.0057835e+00   9.7525861e-01   9.4565786e-01
   2.0399167e+03   1.0058628e+00   9.7524511e-01   9.4555712e-01
   2.0400000e+03   1.0058935e+00   9.7518619e-01   9.4541402e-01
   2.0400833e+03   1.0058754e+00   9.7508169e-01   9.4522843e-01
   2.0401667e+03   1.0058576e+00   9.7497759e-01   9.4504327e-01
   2.0402500e+03   1.0058729e+00   9.7490441e-01   9.4488702e-01
   2.0403333e+03   1.0059470e+00   9.7488621e-01   9.4478213e-01
   2.0404167e+03   1.0060192e+00   9.7486624e-01   9.4467564e-01
   2.0405000e+03   1.0060667e+00   9.7482326e-01   9.4454773e-01
   2.0405833e+03   1.0060519e+00   9.7472208e-01   9.4436556e-01
   2.0406667e+03   1.0059787e+00   9.7456643e-01   9.4413264e-01
   2.0407500e+03   1.0059232e+00   9.7442734e-01   9.4391524e-01
   2.0408333e+03   1.0059712e+00   9.7438492e-01   9.4378807e-01
   2.0409167e+03   1.0060509e+00   9.7437221e-01   9.4368866e-01
   2.0410000e+03   1.0060830e+00   9.7431508e-01   9.4354788e-01
   2.0410833e+03   1.0060669e+00   9.7421291e-01   9.4336513e-01
   2.0411667e+03   1.0060511e+00   9.7411114e-01   9.4318283e-01
   2.0412500e+03   1.0060680e+00   9.7403995e-01   9.4302910e-01
   2.0413333e+03   1.0061427e+00   9.7402274e-01   9.4292575e-01
   2.0414167e+03   1.0062142e+00   9.7400256e-01   9.4281967e-01
   2.0415000e+03   1.0062605e+00   9.7395886e-01   9.4269173e-01
   2.0415833e+03   1.0062435e+00   9.7385620e-01   9.4250887e-01
   2.0416667e+03   1.0061676e+00   9.7369857e-01   9.4227484e-01
   2.0417500e+03   1.0061096e+00   9.7355764e-01   9.4205645e-01
   2.0418333e+03   1.0061563e+00   9.7351451e-01   9.4192927e-01
   2.0419167e+03   1.0062364e+00   9.7350259e-01   9.4183121e-01
   2.0420000e+03   1.0062699e+00   9.7344727e-01   9.4169277e-01
   2.0420833e+03   1.0062557e+00   9.7334743e-01   9.4151291e-01
   2.0421667e+03   1.0062419e+00   9.7324800e-01   9.4133348e-01
   2.0422500e+03   1.0062604e+00   9.7317881e-01   9.4118229e-01
   2.0423333e+03   1.0063357e+00   9.7316260e-01   9.4108051e-01
   2.0424167e+03   1.0064065e+00   9.7314221e-01   9.4097489e-01
   2.0425000e+03   1.0064515e+00   9.7309780e-01   9.4084694e-01
   2.0425833e+03   1.0064324e+00   9.7299366e-01   9.4066342e-01
   2.0426667e+03   1.0063537e+00   9.7283405e-01   9.4042831e-01
   2.0427500e+03   1.0062931e+00   9.7269129e-01   9.4020896e-01
   2.0428333e+03   1.0063385e+00   9.7264746e-01   9.4008180e-01
   2.0429167e+03   1.0064190e+00   9.7263634e-01   9.3998513e-01
   2.0430000e+03   1.0064539e+00   9.7258282e-01   9.3984906e-01
   2.0430833e+03   1.0064416e+00   9.7248533e-01   9.3967210e-01
   2.0431667e+03   1.0064297e+00   9.7238824e-01   9.3949558e-01
   2.0432500e+03   1.0064499e+00   9.7232105e-01   9.3934695e-01
   2.0433333e+03   1.0065258e+00   9.7230585e-01   9.3924677e-01
   2.0434167e+03   1.0065958e+00   9.7228526e-01   9.3914163e-01
   2.0435000e+03   1.0066395e+00   9.7224014e-01   9.3901371e-01
   2.0435833e+03   1.0066182e+00   9.7213454e-01   9.3882956e-01
   2.0436667e+03   1.0065368e+00   9.7197296e-01   9.3859340e-01
   2.0437500e+03   1.0064736e+00   9.7182837e-01   9.3837313e-01
   2.0438333e+03   1.0065177e+00   9.7178385e-01   9.3824601e-01
   2.0439167e+03   1.0065985e+00   9.7177353e-01   9.3815077e-01
   2.0440000e+03   1.0066348e+00   9.7172183e-01   9.3801709e-01
   2.0440833e+03   1.0066244e+00   9.7162668e-01   9.3784306e-01
   2.0441667e+03   1.0066145e+00   9.7153194e-01   9.3766946e-01
   2.0442500e+03   1.0066362e+00   9.7146675e-01   9.3752343e-01
   2.0443333e+03   1.0067126e+00   9.7145257e-01   9.3742488e-01
   2.0444167e+03   1.0067819e+00   9.7143179e-01   9.3732025e-01
   2.0445000e+03   1.0068242e+00   9.7138597e-01   9.3719238e-01
   2.0445833e+03   1.0068008e+00   9.7127890e-01   9.3700764e-01
   2.0446667e+03   1.0067165e+00   9.7111536e-01   9.3677046e-01
   2.0447500e+03   1.0066507e+00   9.7096895e-01   9.3654928e-01
   2.0448333e+03   1.0066935e+00   9.7092374e-01   9.3642225e-01
   2.0449167e+03   1.0067746e+00   9.7091423e-01   9.3632846e-01
   2.0450000e+03   1.0068123e+00   9.7086435e-01   9.3619720e-01
   2.0450833e+03   1.0068038e+00   9.7077156e-01   9.3602612e-01
   2.0451667e+03   1.0067957e+00   9.7067917e-01   9.3585548e-01
   2.0452500e+03   1.0068190e+00   9.7061600e-01   9.3571206e-01
   2.0453333e+03   1.0068959e+00   9.7060284e-01   9.3561517e-01
   2.0454167e+03   1.0069645e+00   9.7058188e-01   9.3551108e-01
   2.0455000e+03   1.0070055e+00   9.7053536e-01   9.3538331e-01
   2.0455833e+03   1.0069798e+00   9.7042684e-01   9.3519800e-01
   2.0456667e+03   1.0068927e+00   9.7026133e-01   9.3495982e-01
   2.0457500e+03   1.0068242e+00   9.7011310e-01   9.3473778e-01
   2.0458333e+03   1.0068657e+00   9.7006722e-01   9.3461086e-01
   2.0459167e+03   1.0069471e+00   9.7005852e-01   9.3451854e-01
   2.0460000e+03   1.0069861e+00   9.7001047e-01   9.3438973e-01
   2.0460833e+03   1.0069795e+00   9.6992004e-01   9.3422163e-01
   2.0461667e+03   1.0069733e+00   9.6983001e-01   9.3405397e-01
   2.0462500e+03   1.0069981e+00   9.6976886e-01   9.3391319e-01
   2.0463333e+03   1.0070756e+00   9.6975673e-01   9.3381799e-01
   2.0464167e+03   1.0071433e+00   9.6973559e-01   9.3371447e-01
   2.0465000e+03   1.0071829e+00   9.6968838e-01   9.3358682e-01
   2.0465833e+03   1.0071550e+00   9.6957841e-01   9.3340097e-01
   2.0466667e+03   1.0070651e+00   9.6941094e-01   9.3316183e-01
   2.0467500e+03   1.0069939e+00   9.6926091e-01   9.3293895e-01
   2.0468333e+03   1.0070340e+00   9.6921435e-01   9.3281217e-01
   2.0469167e+03   1.0071157e+00   9.6920648e-01   9.3272136e-01
   2.0470000e+03   1.0071560e+00   9.6916026e-01   9.3259503e-01
   2.0470833e+03   1.0071513e+00   9.6907220e-01   9.3242993e-01
   2.0471667e+03   1.0071469e+00   9.6898453e-01   9.3226526e-01
   2.0472500e+03   1.0071732e+00   9.6892540e-01   9.3212715e-01
   2.0473333e+03   1.0072512e+00   9.6891431e-01   9.3203366e-01
   2.0474167e+03   1.0073181e+00   9.6889300e-01   9.3193076e-01
   2.0475000e+03   1.0073563e+00   9.6884511e-01   9.3180325e-01
   2.0475833e+03   1.0073261e+00   9.6873369e-01   9.3161689e-01
   2.0476667e+03   1.0072334e+00   9.6856428e-01   9.3137682e-01
   2.0477500e+03   1.0071595e+00   9.6841243e-01   9.3115313e-01
   2.0478333e+03   1.0071982e+00   9.6836521e-01   9.3102652e-01
   2.0479167e+03   1.0072801e+00   9.6835817e-01   9.3093725e-01
   2.0480000e+03   1.0073218e+00   9.6831379e-01   9.3081341e-01
   2.0480833e+03   1.0073189e+00   9.6822810e-01   9.3065134e-01
   2.0481667e+03   1.0073163e+00   9.6814280e-01   9.3048970e-01
   2.0482500e+03   1.0073441e+00   9.6808571e-01   9.3035428e-01
   2.0483333e+03   1.0074226e+00   9.6807566e-01   9.3026254e-01
   2.0484167e+03   1.0074886e+00   9.6805419e-01   9.3016026e-01
   2.0485000e+03   1.0075254e+00   9.6800562e-01   9.3003294e-01
   2.0485833e+03   1.0074929e+00   9.6789276e-01   9.2984610e-01
   2.0486667e+03   7.0517810e-01   6.7740498e-01   6.5072358e-01
   2.0487500e+03   7.0512446e-01   6.7729743e-01   6.5056645e-01
   2.0488333e+03   7.0515057e-01   6.7726391e-01   6.5047797e-01
   2.0489167e+03   7.0520808e-01   6.7725957e-01   6.5041657e-01
   2.0490000e+03   7.0523815e-01   6.7722979e-01   6.5033165e-01
   2.0490833e+03   7.0523740e-01   6.7717147e-01   6.5022034e-01
   2.0491667e+03   7.0523690e-01   6.7711343e-01   6.5010932e-01
   2.0492500e+03   7.0525740e-01   6.7707489e-01   6.5001644e-01
   2.0493333e+03   7.0531261e-01   6.7706859e-01   6.4995346e-01
   2.0494167e+03   7.0535825e-01   6.7705345e-01   6.4988233e-01
   2.0495000e+03   7.0538300e-01   6.7701898e-01   6.4979335e-01
   2.0495833e+03   7.0535861e-01   6.7693898e-01   6.4966224e-01
   2.0496667e+03   7.0528962e-01   6.7681767e-01   6.4949294e-01
   2.0497500e+03   7.0523406e-01   6.7670886e-01   6.4933528e-01
   2.0498333e+03   7.0525916e-01   6.7667488e-01   6.4924696e-01
   2.0499167e+03   7.0531682e-01   6.7667113e-01   6.4918668e-01
   2.0500000e+03   7.0534778e-01   6.7664265e-01   6.4910354e-01
   2.0500833e+03   7.0534823e-01   6.7658595e-01   6.4899433e-01
   2.0501667e+03   7.0534888e-01   6.7652946e-01   6.4888536e-01
   2.0502500e+03   7.0537025e-01   6.7649222e-01   6.4879427e-01
   2.0503333e+03   7.0542571e-01   6.7648661e-01   6.4873250e-01
   2.0504167e+03   7.0547087e-01   6.7647149e-01   6.4866197e-01
   2.0505000e+03   7.0549490e-01   6.7643683e-01   6.4857340e-01
   2.0505833e+03   7.0546940e-01   6.7635632e-01   6.4844245e-01
   2.0506667e+03   7.0539913e-01   6.7623436e-01   6.4827320e-01
   2.0507500e+03   7.0534245e-01   6.7612505e-01   6.4811570e-01
   2.0508333e+03   7.0536701e-01   6.7609105e-01   6.4802795e-01
   2.0509167e+03   7.0542475e-01   6.7608782e-01   6.4796871e-01
   2.0510000e+03   7.0545608e-01   6.7606016e-01   6.4788692e-01
   2.0510833e+03   7.0545708e-01   6.7600445e-01   6.4777922e-01
   2.0511667e+03   7.0545827e-01   6.7594895e-01   6.4767176e-01
   2.0512500e+03   7.0548008e-01   6.7591259e-01   6.4758206e-01
   2.0513333e+03   7.0553567e-01   6.7590754e-01   6.4752136e-01
   2.0514167e+03   7.0558057e-01   6.7589263e-01   6.4745158e-01
   2.0515000e+03   7.0560415e-01   6.7585801e-01   6.4736362e-01
   2.0515833e+03   7.0557794e-01   6.7577733e-01   6.4723311e-01
   2.0516667e+03   7.0550676e-01   6.7565506e-01   6.4706419e-01
   2.0517500e+03   7.0544923e-01   6.7554547e-01   6.4690706e-01
   2.0518333e+03   7.0547335e-01   6.7551152e-01   6.4681991e-01
   2.0519167e+03   7.0553115e-01   6.7550877e-01   6.4676166e-01
   2.0520000e+03   7.0556287e-01   6.7548192e-01   6.4668115e-01
   2.0520833e+03   7.0556441e-01   6.7542717e-01   6.4657491e-01
   2.0521667e+03   7.0556613e-01   6.7537262e-01   6.4646890e-01
   2.0522500e+03   7.0558839e-01   6.7533711e-01   6.4638054e-01
   2.0523333e+03   7.0564410e-01   6.7533261e-01   6.4632087e-01
   2.0524167e+03   7.0568873e-01   6.7531787e-01   6.4625178e-01
   2.0525000e+03   7.0571186e-01   6.7528327e-01   6.4616438e-01
   2.0525833e+03   7.0568493e-01   6.7520240e-01   6.4603426e-01
   2.0526667e+03   7.0561284e-01   6.7507979e-01   6.4586563e-01
   2.0527500e+03   7.0555446e-01   6.7496990e-01   6.4570881e-01
   2.0528333e+03   7.0557814e-01   6.7493596e-01   6.4562221e-01
   2.0529167e+03   7.0563599e-01   6.7493367e-01   6.4556489e-01
   2.0530000e+03   7.0566809e-01   6.7490759e-01   6.4548562e-01
   2.0530833e+03   7.0567017e-01   6.7485377e-01   6.4538079e-01
   2.0531667e+03   7.0567243e-01   6.7480017e-01   6.4527619e-01
   2.0532500e+03   7.0569512e-01   6.7476548e-01   6.4518910e-01
   2.0533333e+03   7.0575096e-01   6.7476149e-01   6.4513041e-01
   2.0534167e+03   7.0579531e-01   6.7474689e-01   6.4506196e-01
   2.0535000e+03   7.0581799e-01   6.7471229e-01   6.4497507e-01
   2.0535833e+03   7.0579034e-01   6.7463119e-01   6.4484530e-01
   2.0536667e+03   7.0571734e-01   6.7450822e-01   6.4467691e-01
   2.0537500e+03   7.0565811e-01   6.7439801e-01   6.4452035e-01
   2.0538333e+03   7.0568133e-01   6.7436407e-01   6.4443425e-01
   2.0539167e+03   7.0573925e-01   6.7436221e-01   6.4437781e-01
   2.0540000e+03   7.0577172e-01   6.7433686e-01   6.4429973e-01
   2.0540833e+03   7.0577433e-01   6.7428396e-01   6.4419625e-01
   2.0541667e+03   7.0577713e-01   6.7423126e-01   6.4409300e-01
   2.0542500e+03   7.0580026e-01   6.7419737e-01   6.4400715e-01
   2.0543333e+03   7.0585622e-01   6.7419386e-01   6.4394938e-01
   2.0544167e+03   7.0590029e-01   6.7417939e-01   6.4388152e-01
   2.0545000e+03   7.0592251e-01   6.7414476e-01   6.4379510e-01
   2.0545833e+03   7.0589413e-01   6.7406341e-01   6.4366562e-01
   2.0546667e+03   7.0582023e-01   6.7394005e-01   6.4349742e-01
   2.0547500e+03   7.0576013e-01   6.7382949e-01   6.4334107e-01
   2.0548333e+03   7.0578291e-01   6.7379551e-01   6.4325542e-01
   2.0549167e+03   7.0584087e-01   6.7379406e-01   6.4319982e-01
   2.0550000e+03   7.0587371e-01   6.7376943e-01   6.4312287e-01
   2.0550833e+03   7.0587687e-01   6.7371741e-01   6.4302069e-01
   2.0551667e+03   7.0588020e-01   6.7366559e-01   6.4291874e-01
   2.0552500e+03   7.0590375e-01   6.7363248e-01   6.4283408e-01
   2.0553333e+03   7.0595984e-01   6.7362942e-01   6.4277718e-01
   2.0554167e+03   7.0600363e-01   6.7361504e-01   6.4270986e-01
   2.0555000e+03   7.0602539e-01   6.7358035e-01   6.4262385e-01
   2.0555833e+03   7.0599628e-01   6.7349874e-01   6.4249462e-01
   2.0556667e+03   7.0592146e-01   6.7337496e-01   6.4232656e-01
   2.0557500e+03   7.0586050e-01   6.7326403e-01   6.4217038e-01
   2.0558333e+03   7.0588282e-01   6.7322998e-01   6.4208514e-01
   2.0559167e+03   7.0594084e-01   6.7322891e-01   6.4203031e-01
   2.0560000e+03   7.0597405e-01   6.7320497e-01   6.4195444e-01
   2.0560833e+03   7.0597773e-01   6.7315381e-01   6.4185353e-01
   2.0561667e+03   7.0598160e-01   6.7310285e-01   6.4175283e-01
   2.0562500e+03   7.0600558e-01   6.7307047e-01   6.4166929e-01
   2.0563333e+03   7.0606178e-01   6.7306785e-01   6.4161321e-01
   2.0564167e+03   7.0610529e-01   6.7305353e-01   6.4154638e-01
   2.0565000e+03   7.0612659e-01   6.7301876e-01   6.4146074e-01
   2.0565833e+03   7.0609675e-01   6.7293685e-01   6.4133171e-01
   2.0566667e+03   7.0602101e-01   6.7281264e-01   6.4116375e-01
   2.0567500e+03   7.0595918e-01   6.7270130e-01   6.4100769e-01
   2.0568333e+03   7.0598104e-01   6.7266717e-01   6.4092280e-01
   2.0569167e+03   7.0603911e-01   6.7266644e-01   6.4086870e-01
   2.0570000e+03   7.0607269e-01   6.7264316e-01   6.4079387e-01
   2.0570833e+03   7.0607690e-01   6.7259284e-01   6.4069415e-01
   2.0571667e+03   7.0608129e-01   6.7254270e-01   6.4059465e-01
   2.0572500e+03   7.0610570e-01   6.7251105e-01   6.4051220e-01
   2.0573333e+03   7.0616202e-01   6.7250883e-01   6.4045689e-01
   2.0574167e+03   7.0620524e-01   6.7249455e-01   6.4039050e-01
   2.0575000e+03   7.0622607e-01   6.7245967e-01   6.4030518e-01
   2.0575833e+03   7.0619549e-01   6.7237743e-01   6.4017630e-01
   2.0576667e+03   7.0611883e-01   6.7225276e-01   6.4000839e-01
   2.0577500e+03   7.0605614e-01   6.7214100e-01   6.3985241e-01
   2.0578333e+03   7.0607754e-01   6.7210676e-01   6.3976782e-01
   2.0579167e+03   7.0613564e-01   6.7210635e-01   6.3971440e-01
   2.0580000e+03   7.0616959e-01   6.7208371e-01   6.3964055e-01
   2.0580833e+03   7.0617433e-01   6.7203419e-01   6.3954199e-01
   2.0581667e+03   7.0617925e-01   6.7198486e-01   6.3944364e-01
   2.0582500e+03   7.0620408e-01   6.7195389e-01   6.3936222e-01
   2.0583333e+03   7.0626051e-01   6.7195205e-01   6.3930763e-01
   2.0584167e+03   7.0630344e-01   6.7193779e-01   6.3924163e-01
   2.0585000e+03   7.0632380e-01   6.7190277e-01   6.3915658e-01
   2.0585833e+03   7.0629248e-01   6.7182019e-01   6.3902780e-01
   2.0586667e+03   7.0621490e-01   6.7169503e-01   6.3885990e-01
   2.0587500e+03   7.0615133e-01   6.7158282e-01   6.3870395e-01
   2.0588333e+03   7.0617227e-01   6.7154843e-01   6.3861961e-01
   2.0589167e+03   7.0623042e-01   6.7154833e-01   6.3856683e-01
   2.0590000e+03   7.0626472e-01   6.7152629e-01   6.3849390e-01
   2.0590833e+03   7.0626999e-01   6.7147755e-01   6.3839645e-01
   2.0591667e+03   7.0627544e-01   6.7142900e-01   6.3829920e-01
   2.0592500e+03   7.0630069e-01   6.7139869e-01   6.3821876e-01
   2.0593333e+03   7.0635722e-01   6.7139720e-01   6.3816484e-01
   2.0594167e+03   7.0639986e-01   6.7138293e-01   6.3809919e-01
   2.0595000e+03   7.0641975e-01   6.7134775e-01   6.3801436e-01
   2.0595833e+03   7.0638769e-01   6.7126479e-01   6.3788564e-01
   2.0596667e+03   7.0630917e-01   6.7113912e-01   6.3771770e-01
   2.0597500e+03   7.0624473e-01   6.7102644e-01   6.3756173e-01
   2.0598333e+03   7.0626520e-01   6.7099189e-01   6.3747760e-01
   2.0599167e+03   7.0632339e-01   6.7099206e-01   6.3742540e-01
   2.0600000e+03   7.0635805e-01   6.7097060e-01   6.3735336e-01
   2.0600833e+03   7.0636384e-01   6.7092261e-01   6.3725696e-01
   2.0601667e+03   7.0636981e-01   6.7087481e-01   6.3716076e-01
   2.0602500e+03   7.0639548e-01   6.7084514e-01   6.3708125e-01
   2.0603333e+03   7.0645212e-01   6.7084397e-01   6.3702795e-01
   2.0604167e+03   7.0649446e-01   6.7082966e-01   6.3696260e-01
   2.0605000e+03   7.0651388e-01   6.7079430e-01   6.3687794e-01
   2.0605833e+03   7.0648107e-01   6.7071095e-01   6.3674923e-01
   2.0606667e+03   7.0640162e-01   6.7058474e-01   6.3658120e-01
   2.0607500e+03   7.0633630e-01   6.7047155e-01   6.3642517e-01
   2.0608333e+03   7.0635630e-01   6.7043681e-01   6.3634121e-01
   2.0609167e+03   7.0641452e-01   6.7043723e-01   6.3628954e-01
   2.0610000e+03   7.0644955e-01   6.7041633e-01   6.3621833e-01
   2.0610833e+03   7.0645586e-01   6.7036907e-01   6.3612294e-01
   2.0611667e+03   7.0646234e-01   6.7032198e-01   6.3602774e-01
   2.0612500e+03   7.0648843e-01   6.7029293e-01   6.3594912e-01
   2.0613333e+03   7.0654518e-01   6.7029206e-01   6.3589639e-01
   2.0614167e+03   7.0658721e-01   6.7027768e-01   6.3583128e-01
   2.0615000e+03   7.0660615e-01   6.7024211e-01   6.3574675e-01
   2.0615833e+03   7.0657260e-01   6.7015833e-01   6.3561800e-01
   2.0616667e+03   7.0649221e-01   6.7003157e-01   6.3544985e-01
   2.0617500e+03   7.0642601e-01   6.6991786e-01   6.3529371e-01
   2.0618333e+03   7.0644553e-01   6.6988290e-01   6.3520986e-01
   2.0619167e+03   7.0650379e-01   6.6988353e-01   6.3515868e-01
   2.0620000e+03   7.0653917e-01   6.6986317e-01   6.3508825e-01
   2.0620833e+03   7.0654599e-01   6.6981660e-01   6.3499382e-01
   2.0621667e+03   7.0655300e-01   6.6977022e-01   6.3489957e-01
   2.0622500e+03   7.0657950e-01   6.6974175e-01   6.3482178e-01
   2.0623333e+03   7.0663635e-01   6.6974115e-01   6.3476958e-01
   2.0624167e+03   7.0667808e-01   6.6972668e-01   6.3470467e-01
   2.0625000e+03   7.0669654e-01   6.6969087e-01   6.3462022e-01
   2.0625833e+03   7.0666223e-01   6.6960665e-01   6.3449140e-01
   2.0626667e+03   7.0658091e-01   6.6947930e-01   6.3432307e-01
   2.0627500e+03   7.0651382e-01   6.6936504e-01   6.3416678e-01
   2.0628333e+03   7.0653286e-01   6.6932984e-01   6.3408300e-01
   2.0629167e+03   7.0659115e-01   6.6933067e-01   6.3403225e-01
   2.0630000e+03   7.0662688e-01   6.6931080e-01   6.3396256e-01
   2.0630833e+03   7.0663422e-01   6.6926491e-01   6.3386903e-01
   2.0631667e+03   7.0664174e-01   6.6921920e-01   6.3377570e-01
   2.0632500e+03   7.0666865e-01   6.6919129e-01   6.3369869e-01
   2.0633333e+03   7.0672560e-01   6.6919093e-01   6.3364696e-01
   2.0634167e+03   7.0676702e-01   6.6917635e-01   6.3358221e-01
   2.0635000e+03   7.0678500e-01   6.6914028e-01   6.3349779e-01
   2.0635833e+03   7.0674993e-01   6.6905558e-01   6.3336884e-01
   2.0636667e+03   7.0666767e-01   6.6892763e-01   6.3320030e-01
   2.0637500e+03   7.0659969e-01   6.6881280e-01   6.3304382e-01
   2.0638333e+03   7.0661825e-01   6.6877733e-01   6.3296006e-01
   2.0639167e+03   7.0667656e-01   6.6877832e-01   6.3290969e-01
   2.0640000e+03   7.0671265e-01   6.6875894e-01   6.3284069e-01
   2.0640833e+03   7.0672050e-01   6.6871369e-01   6.3274802e-01
   2.0641667e+03   7.0672854e-01   6.6866862e-01   6.3265554e-01
   2.0642500e+03   7.0675586e-01   6.6864124e-01   6.3257928e-01
   2.0643333e+03   7.0681289e-01   6.6864111e-01   6.3252797e-01
   2.0644167e+03   7.0685401e-01   6.6862639e-01   6.3246333e-01
   2.0645000e+03   7.0687150e-01   6.6859003e-01   6.3237889e-01
   2.0645833e+03   7.0683567e-01   6.6850483e-01   6.3224978e-01
   2.0646667e+03   7.0675246e-01   6.6837625e-01   6.3208098e-01
   2.0647500e+03   7.0668359e-01   6.6826082e-01   6.3192426e-01
   2.0648333e+03   7.0670167e-01   6.6822507e-01   6.3184047e-01
   2.0649167e+03   7.0676001e-01   6.6822619e-01   6.3179045e-01
   2.0650000e+03   7.0679644e-01   6.6820726e-01   6.3172208e-01
   2.0650833e+03   7.0680480e-01   6.6816264e-01   6.3163023e-01
   2.0651667e+03   7.0681335e-01   6.6811819e-01   6.3153856e-01
   2.0652500e+03   7.0684107e-01   6.6809132e-01   6.3146298e-01
   2.0653333e+03   7.0689820e-01   6.6809137e-01   6.3141205e-01
   2.0654167e+03   7.0693901e-01   6.6807649e-01   6.3134747e-01
   2.0655000e+03   7.0695600e-01   6.6803981e-01   6.3126297e-01
   2.0655833e+03   7.0691941e-01   6.6795410e-01   6.3113365e-01
   2.0656667e+03   7.0683526e-01   6.6782486e-01   6.3096455e-01
   2.0657500e+03   7.0676549e-01   6.6770881e-01   6.3080755e-01
   2.0658333e+03   7.0678309e-01   6.6767274e-01   6.3072369e-01
   2.0659167e+03   7.0684144e-01   6.6767398e-01   6.3067396e-01
   2.0660000e+03   7.0687821e-01   6.6765547e-01   6.3060618e-01
   2.0660833e+03   7.0688709e-01   6.6761145e-01   6.3051510e-01
   2.0661667e+03   7.0689614e-01   6.6756759e-01   6.3042418e-01
   2.0662500e+03   7.0692427e-01   6.6754120e-01   6.3034925e-01
   2.0663333e+03   7.0698149e-01   6.6754142e-01   6.3029865e-01
   2.0664167e+03   7.0702198e-01   6.6752634e-01   6.3023408e-01
   2.0665000e+03   7.0703848e-01   6.6748933e-01   6.3014948e-01
   2.0665833e+03   7.0700112e-01   6.6740307e-01   6.3001990e-01
   2.0666667e+03   7.0691602e-01   6.6727315e-01   6.2985046e-01
   2.0667500e+03   7.0684535e-01   6.6715646e-01   6.2969314e-01
   2.0668333e+03   7.0686246e-01   6.6712005e-01   6.2960916e-01
   2.0669167e+03   7.0692083e-01   6.6712138e-01   6.2955967e-01
   2.0670000e+03   7.0695794e-01   6.6710327e-01   6.2949244e-01
   2.0670833e+03   7.0696733e-01   6.6705981e-01   6.2940207e-01
   2.0671667e+03   7.0697688e-01   6.6701652e-01   6.2931187e-01
   2.0672500e+03   7.0700541e-01   6.6699058e-01   6.2923753e-01
   2.0673333e+03   7.0706272e-01   6.6699095e-01   6.2918722e-01
   2.0674167e+03   7.0710288e-01   6.6697565e-01   6.2912262e-01
   2.0675000e+03   7.0711889e-01   6.6693827e-01   6.2903787e-01
   2.0675833e+03   7.0708076e-01   6.6685144e-01   6.2890799e-01
   2.0676667e+03   7.0699470e-01   6.6672083e-01   6.2873817e-01
   2.0677500e+03   7.0692314e-01   6.6660347e-01   6.2858048e-01
   2.0678333e+03   7.0693975e-01   6.6656669e-01   6.2849634e-01
   2.0679167e+03   7.0699814e-01   6.6656808e-01   6.2844705e-01
   2.0680000e+03   7.0703559e-01   6.6655034e-01   6.2838031e-01
   2.0680833e+03   7.0704548e-01   6.6650743e-01   6.2829062e-01
   2.0681667e+03   7.0705553e-01   6.6646468e-01   6.2820108e-01
   2.0682500e+03   7.0708446e-01   6.6643917e-01   6.2812729e-01
   2.0683333e+03   7.0714185e-01   6.6643965e-01   6.2807721e-01
   2.0684167e+03   7.0718170e-01   6.6642411e-01   6.2801253e-01
   2.0685000e+03   7.0719720e-01   6.6638635e-01   6.2792759e-01
   2.0685833e+03   7.0715830e-01   6.6629893e-01   6.2779737e-01
   2.0686667e+03   7.0707128e-01   6.6616758e-01   6.2762712e-01
   2.0687500e+03   7.0699881e-01   6.6604954e-01   6.2746902e-01
   2.0688333e+03   7.0701493e-01   6.6601237e-01   6.2738468e-01
   2.0689167e+03   7.0707333e-01   6.6601379e-01   6.2733554e-01
   2.0690000e+03   7.0711112e-01   6.6599640e-01   6.2726925e-01
   2.0690833e+03   7.0712150e-01   6.6595401e-01   6.2718018e-01
   2.0691667e+03   7.0713206e-01   6.6591178e-01   6.2709127e-01
   2.0692500e+03   7.0716139e-01   6.6588667e-01   6.2701797e-01
   2.0693333e+03   7.0721886e-01   6.6588723e-01   6.2696809e-01
   2.0694167e+03   7.0725838e-01   6.6587143e-01   6.2690328e-01
   2.0695000e+03   7.0727338e-01   6.6583325e-01   6.2681810e-01
   2.0695833e+03   7.0723370e-01   6.6574521e-01   6.2668750e-01
   2.0696667e+03   7.0714572e-01   6.6561312e-01   6.2651678e-01
   2.0697500e+03   7.0707235e-01   6.6549437e-01   6.2635824e-01
   2.0698333e+03   7.0708796e-01   6.6545678e-01   6.2627365e-01
   2.0699167e+03   7.0714637e-01   6.6545821e-01   6.2622461e-01
   2.0700000e+03   7.0718449e-01   6.6544114e-01   6.2615872e-01
   2.0700833e+03   7.0719538e-01   6.6539924e-01   6.2607023e-01
   2.0701667e+03   7.0720644e-01   6.6535750e-01   6.2598189e-01
   2.0702500e+03   7.0723615e-01   6.6533277e-01   6.2590905e-01
   2.0703333e+03   7.0729370e-01   6.6533340e-01   6.2585931e-01
   2.0704167e+03   7.0733289e-01   6.6531729e-01   6.2579433e-01
   2.0705000e+03   7.0734738e-01   6.6527868e-01   6.2570887e-01
   2.0705833e+03   7.0730693e-01   6.6519000e-01   6.2557784e-01
   2.0706667e+03   7.0721799e-01   6.6505714e-01   6.2540662e-01
   2.0707500e+03   7.0714370e-01   6.6493766e-01   6.2524758e-01
   2.0708333e+03   7.0715881e-01   6.6489962e-01   6.2516270e-01
   2.0709167e+03   7.0721722e-01   6.6490104e-01   6.2511372e-01
   2.0710000e+03   7.0725568e-01   6.6488427e-01   6.2504819e-01
   2.0710833e+03   7.0726706e-01   6.6484283e-01   6.2496023e-01
   2.0711667e+03   7.0727861e-01   6.6480155e-01   6.2487242e-01
   2.0712500e+03   7.0730872e-01   6.6477717e-01   6.2479998e-01
   2.0713333e+03   7.0736634e-01   6.6477784e-01   6.2475034e-01
   2.0714167e+03   7.0740520e-01   6.6476142e-01   6.2468515e-01
   2.0715000e+03   7.0741919e-01   6.6472234e-01   6.2459936e-01
   2.0715833e+03   7.0737795e-01   6.6463300e-01   6.2446787e-01
   2.0716667e+03   7.0728804e-01   6.6449935e-01   6.2429610e-01
   2.0717500e+03   7.0721284e-01   6.6437910e-01   6.2413653e-01
   2.0718333e+03   7.0722744e-01   6.6434060e-01   6.2405131e-01
   2.0719167e+03   7.0728586e-01   6.6434198e-01   6.2400235e-01
   2.0720000e+03   7.0732464e-01   6.6432548e-01   6.2393713e-01
   2.0720833e+03   7.0733652e-01   6.6428448e-01   6.2384965e-01
   2.0721667e+03   7.0734856e-01   6.6424364e-01   6.2376232e-01
   2.0722500e+03   7.0737906e-01   6.6421959e-01   6.2369025e-01
   2.0723333e+03   7.0743675e-01   6.6422026e-01   6.2364065e-01
   2.0724167e+03   7.0747528e-01   6.6420350e-01   6.2357521e-01
   2.0725000e+03   7.0748875e-01   6.6416394e-01   6.2348905e-01
   2.0725833e+03   7.0744673e-01   6.6407391e-01   6.2335705e-01
   2.0726667e+03   7.0735585e-01   6.6393945e-01   6.2318469e-01
   2.0727500e+03   7.0727972e-01   6.6381842e-01   6.2302456e-01
   2.0728333e+03   7.0729382e-01   6.6377943e-01   6.2293896e-01
   2.0729167e+03   7.0735224e-01   6.6378073e-01   6.2288996e-01
   2.0730000e+03   7.0739135e-01   6.6376447e-01   6.2282500e-01
   2.0730833e+03   7.0740371e-01   6.6372390e-01   6.2273797e-01
   2.0731667e+03   7.0741625e-01   6.6368347e-01   6.2265107e-01
   2.0732500e+03   7.0744714e-01   6.6365972e-01   6.2257931e-01
   2.0733333e+03   7.0750489e-01   6.6366038e-01   6.2252972e-01
   2.0734167e+03   7.0754308e-01   6.6364324e-01   6.2246398e-01
   2.0735000e+03   7.0755603e-01   6.6360317e-01   6.2237741e-01
   2.0735833e+03   7.0751323e-01   6.6351243e-01   6.2224486e-01
   2.0736667e+03   7.0742137e-01   6.6337713e-01   6.2207188e-01
   2.0737500e+03   7.0734433e-01   6.6325530e-01   6.2191113e-01
   2.0738333e+03   7.0735791e-01   6.6321580e-01   6.2182511e-01
   2.0739167e+03   7.0741633e-01   6.6321701e-01   6.2177603e-01
   2.0740000e+03   7.0745576e-01   6.6320097e-01   6.2171129e-01
   2.0740833e+03   7.0746861e-01   6.6316078e-01   6.2162465e-01
   2.0741667e+03   7.0748164e-01   6.6312074e-01   6.2153814e-01
   2.0742500e+03   7.0751291e-01   6.6309726e-01   6.2146666e-01
   2.0743333e+03   7.0757073e-01   6.6309788e-01   6.2141703e-01
   2.0744167e+03   7.0760858e-01   6.6308035e-01   6.2135094e-01
   2.0745000e+03   7.0762101e-01   6.6303975e-01   6.2126391e-01
   2.0745833e+03   7.0757741e-01   6.6294827e-01   6.2113077e-01
   2.0746667e+03   7.0748458e-01   6.6281212e-01   6.2095713e-01
   2.0747500e+03   7.0740661e-01   6.6268946e-01   6.2079574e-01
   2.0748333e+03   7.0741968e-01   6.6264942e-01   6.2070925e-01
   2.0749167e+03   7.0747809e-01   6.6265051e-01   6.2066004e-01
   2.0750000e+03   7.0751784e-01   6.6263466e-01   6.2059548e-01
   2.0750833e+03   7.0753117e-01   6.6259483e-01   6.2050918e-01
   2.0751667e+03   7.0754465e-01   6.6255513e-01   6.2042299e-01
   2.0752500e+03   7.0757627e-01   6.6253186e-01   6.2035171e-01
   2.0753333e+03   7.0763415e-01   6.6253241e-01   6.2030199e-01
   2.0754167e+03   7.0767170e-01   6.6251451e-01   6.2023555e-01
   2.0755000e+03   7.0768370e-01   6.6247342e-01   6.2014810e-01
   2.0755833e+03   7.0763946e-01   6.6238133e-01   6.2001446e-01
   2.0756667e+03   7.0754587e-01   6.6224450e-01   6.1984029e-01
   2.0757500e+03   7.0746721e-01   6.6212121e-01   6.1967841e-01
   2.0758333e+03   7.0747990e-01   6.6208073e-01   6.1959153e-01
   2.0759167e+03   7.0753831e-01   6.6208169e-01   6.1954216e-01
   2.0760000e+03   7.0757827e-01   6.6206591e-01   6.1947764e-01
   2.0760833e+03   7.0759192e-01   6.6202627e-01   6.1939151e-01
   2.0761667e+03   7.0760573e-01   6.6198676e-01   6.1930549e-01
   2.0762500e+03   7.0763759e-01   6.6196360e-01   6.1923428e-01
   2.0763333e+03   7.0769552e-01   6.6196404e-01   6.1918441e-01
   2.0764167e+03   7.0773284e-01   6.6194580e-01   6.1911764e-01
   2.0765000e+03   7.0774449e-01   6.6190430e-01   6.1902980e-01
   2.0765833e+03   7.0769973e-01   6.6181167e-01   6.1889571e-01
   2.0766667e+03   7.0760548e-01   6.6167423e-01   6.1872108e-01
   2.0767500e+03   7.0752620e-01   6.6155036e-01   6.1855873e-01
   2.0768333e+03   7.0753855e-01   6.6150946e-01   6.1847144e-01
   2.0769167e+03   7.0759695e-01   6.6151025e-01   6.1842187e-01
   2.0770000e+03   7.0763713e-01   6.6149451e-01   6.1835734e-01
   2.0770833e+03   7.0765110e-01   6.6145504e-01   6.1827134e-01
   2.0771667e+03   7.0766522e-01   6.6141570e-01   6.1818545e-01
   2.0772500e+03   7.0769734e-01   6.6139263e-01   6.1811427e-01
   2.0773333e+03   7.0775530e-01   6.6139293e-01   6.1806421e-01
   2.0774167e+03   7.0779240e-01   6.6137434e-01   6.1799706e-01
   2.0775000e+03   7.0780370e-01   6.6133238e-01   6.1790879e-01
   2.0775833e+03   7.0775840e-01   6.6123921e-01   6.1777422e-01
   2.0776667e+03   7.0766351e-01   6.6110114e-01   6.1759908e-01
   2.0777500e+03   7.0758361e-01   6.6097666e-01   6.1743622e-01
   2.0778333e+03   7.0759561e-01   6.6093531e-01   6.1734849e-01
   2.0779167e+03   7.0765401e-01   6.6093591e-01   6.1729867e-01
   2.0780000e+03   7.0769439e-01   6.6092020e-01   6.1723409e-01
   2.0780833e+03   7.0770868e-01   6.6088087e-01   6.1714818e-01
   2.0781667e+03   7.0772313e-01   6.6084167e-01   6.1706236e-01
   2.0782500e+03   7.0775549e-01   6.6081866e-01   6.1699117e-01
   2.0783333e+03   7.0781349e-01   6.6081881e-01   6.1694089e-01
   2.0784167e+03   7.0785036e-01   6.6079983e-01   6.1687332e-01
   2.0785000e+03   7.0786131e-01   6.6075742e-01   6.1678458e-01
   2.0785833e+03   7.0781548e-01   6.6066366e-01   6.1664948e-01
   2.0786667e+03   7.0771993e-01   6.6052496e-01   6.1647380e-01
   2.0787500e+03   7.0763941e-01   6.6039984e-01   6.1631040e-01
   2.0788333e+03   7.0765107e-01   6.6035802e-01   6.1622219e-01
   2.0789167e+03   7.0770946e-01   6.6035841e-01   6.1617207e-01
   2.0790000e+03   7.0775005e-01   6.6034270e-01   6.1610740e-01
   2.0790833e+03   7.0776466e-01   6.6030349e-01   6.1602153e-01
   2.0791667e+03   7.0777942e-01   6.6026441e-01   6.1593576e-01
   2.0792500e+03   7.0781203e-01   6.6024144e-01   6.1586451e-01
   2.0793333e+03   7.0787007e-01   6.6024141e-01   6.1581396e-01
   2.0794167e+03   7.0790670e-01   6.6022202e-01   6.1574593e-01
   2.0795000e+03   7.0791730e-01   6.6017912e-01   6.1565668e-01
   2.0795833e+03   7.0787094e-01   6.6008476e-01   6.1552101e-01
   2.0796667e+03   7.0777473e-01   6.5994539e-01   6.1534475e-01
   2.0797500e+03   7.0769360e-01   6.5981963e-01   6.1518077e-01
   2.0798333e+03   7.0770491e-01   6.5977732e-01   6.1509204e-01
   2.0799167e+03   7.0776329e-01   6.5977747e-01   6.1504158e-01
   2.0800000e+03   7.0780409e-01   6.5976173e-01   6.1497679e-01
   2.0800833e+03   7.0781901e-01   6.5972263e-01   6.1489092e-01
   2.0801667e+03   7.0783409e-01   6.5968364e-01   6.1480514e-01
   2.0802500e+03   7.0786695e-01   6.5966068e-01   6.1473380e-01
   2.0803333e+03   7.0792502e-01   6.5966044e-01   6.1468293e-01
   2.0804167e+03   7.0796142e-01   6.5964063e-01   6.1461440e-01
   2.0805000e+03   7.0797167e-01   6.5959721e-01   6.1452460e-01
   2.0805833e+03   7.0792477e-01   6.5950224e-01   6.1438833e-01
   2.0806667e+03   7.0782791e-01   6.5936219e-01   6.1421146e-01
   2.0807500e+03   7.0774615e-01   6.5923576e-01   6.1404686e-01
   2.0808333e+03   7.0775711e-01   6.5919293e-01   6.1395756e-01
   2.0809167e+03   7.0781548e-01   6.5919282e-01   6.1390673e-01
   2.0810000e+03   7.0785648e-01   6.5917703e-01   6.1384176e-01
   2.0810833e+03   7.0787172e-01   6.5913800e-01   6.1375585e-01
   2.0811667e+03   7.0788711e-01   6.5909908e-01   6.1367003e-01
   2.0812500e+03   7.0792022e-01   6.5907611e-01   6.1359855e-01
   2.0813333e+03   7.0797833e-01   6.5907565e-01   6.1354732e-01
   2.0814167e+03   7.0801449e-01   6.5905538e-01   6.1347826e-01
   2.0815000e+03   7.0802439e-01   6.5901143e-01   6.1338786e-01
   2.0815833e+03   7.0797696e-01   6.5891582e-01   6.1325095e-01
   2.0816667e+03   7.0787943e-01   6.5877506e-01   6.1307343e-01
   2.0817500e+03   7.0779705e-01   6.5864795e-01   6.1290818e-01
   2.0818333e+03   7.0780766e-01   6.5860458e-01   6.1281828e-01
   2.0819167e+03   7.0786602e-01   6.5860418e-01   6.1276703e-01
   2.0820000e+03   7.0790722e-01   6.5858832e-01   6.1270184e-01
   2.0820833e+03   7.0792278e-01   6.5854934e-01   6.1261585e-01
   2.0821667e+03   7.0793848e-01   6.5851047e-01   6.1252994e-01
   2.0822500e+03   7.0797183e-01   6.5848747e-01   6.1245829e-01
   2.0823333e+03   7.0802997e-01   6.5848675e-01   6.1240666e-01
   2.0824167e+03   7.0806590e-01   6.5846601e-01   6.1233701e-01
   2.0825000e+03   7.0807544e-01   6.5842151e-01   6.1224598e-01
   2.0825833e+03   7.0802748e-01   6.5832523e-01   6.1210840e-01
   2.0826667e+03   7.0792929e-01   6.5818375e-01   6.1193020e-01
   2.0827500e+03   7.0784629e-01   6.5805593e-01   6.1176426e-01
   2.0828333e+03   7.0785654e-01   6.5801199e-01   6.1167372e-01
   2.0829167e+03   7.0791488e-01   6.5801130e-01   6.1162200e-01
   2.0830000e+03   7.0795630e-01   6.5799534e-01   6.1155656e-01
   2.0830833e+03   7.0797216e-01   6.5795639e-01   6.1147044e-01
   2.0831667e+03   7.0798818e-01   6.5791754e-01   6.1138441e-01
   2.0832500e+03   7.0802177e-01   6.5789448e-01   6.1131253e-01
   2.0833333e+03   7.0807995e-01   6.5789349e-01   6.1126047e-01
   2.0834167e+03   7.0811564e-01   6.5787225e-01   6.1119020e-01
   2.0835000e+03   7.0812482e-01   6.5782717e-01   6.1109850e-01
   2.0835833e+03   7.0807632e-01   6.5773020e-01   6.1096021e-01
   2.0836667e+03   7.0797747e-01   6.5758798e-01   6.1078128e-01
   2.0837500e+03   7.0789384e-01   6.5745943e-01   6.1061463e-01
   2.0838333e+03   7.0790374e-01   6.5741492e-01   6.1052340e-01
   2.0839167e+03   7.0796207e-01   6.5741389e-01   6.1047119e-01
   2.0840000e+03   7.0800368e-01   6.5739781e-01   6.1040545e-01
   2.0840833e+03   7.0801986e-01   6.5735886e-01   6.1031916e-01
   2.0841667e+03   7.0803619e-01   6.5732002e-01   6.1023296e-01
   2.0842500e+03   7.0807003e-01   6.5729687e-01   6.1016082e-01
   2.0843333e+03   7.0812823e-01   6.5729558e-01   6.1010827e-01
   2.0844167e+03   7.0816368e-01   6.5727383e-01   6.1003734e-01
   2.0845000e+03   7.0817251e-01   6.5722814e-01   6.0994493e-01
   2.0845833e+03   7.0812346e-01   6.5713048e-01   6.0980590e-01
   2.0846667e+03   7.0802396e-01   6.5698749e-01   6.0962622e-01
   2.0847500e+03   7.0793970e-01   6.5685819e-01   6.0945881e-01
   2.0848333e+03   7.0794924e-01   6.5681307e-01   6.0936686e-01
   2.0849167e+03   7.0800756e-01   6.5681169e-01   6.0931411e-01
   2.0850000e+03   7.0804937e-01   6.5679547e-01   6.0924803e-01
   2.0850833e+03   7.0806586e-01   6.5675650e-01   6.0916154e-01
   2.0851667e+03   7.0808250e-01   6.5671763e-01   6.0907512e-01
   2.0852500e+03   7.0811658e-01   6.5669438e-01   6.0900268e-01
   2.0853333e+03   7.0817481e-01   6.5669277e-01   6.0894961e-01
   2.0854167e+03   7.0821002e-01   6.5667048e-01   6.0887799e-01
   2.0855000e+03   7.0821849e-01   6.5662417e-01   6.0878483e-01
   2.0855833e+03   7.0816890e-01   6.5652578e-01   6.0864501e-01
   2.0856667e+03   7.0806873e-01   6.5638201e-01   6.0846455e-01
   2.0857500e+03   7.0798384e-01   6.5625195e-01   6.0829635e-01
   2.0858333e+03   7.0799303e-01   6.5620620e-01   6.0820364e-01
   2.0859167e+03   7.0805133e-01   6.5620444e-01   6.0815030e-01
   2.0860000e+03   7.0809334e-01   6.5618805e-01   6.0808384e-01
   2.0860833e+03   7.0811014e-01   6.5614904e-01   6.0799711e-01
   2.0861667e+03   7.0812709e-01   6.5611013e-01   6.0791045e-01
   2.0862500e+03   7.0816141e-01   6.5608675e-01   6.0783766e-01
   2.0863333e+03   7.0821967e-01   6.5608479e-01   6.0778403e-01
   2.0864167e+03   7.0825464e-01   6.5606193e-01   6.0771166e-01
   2.0865000e+03   7.0826274e-01   6.5601498e-01   6.0761772e-01
   2.0865833e+03   7.0821262e-01   6.5591584e-01   6.0747709e-01
   2.0866667e+03   7.0811178e-01   6.5577128e-01   6.0729580e-01
   2.0867500e+03   7.0802626e-01   6.5564042e-01   6.0712678e-01
   2.0868333e+03   7.0803509e-01   6.5559403e-01   6.0703328e-01
   2.0869167e+03   7.0809337e-01   6.5559187e-01   6.0697932e-01
   2.0870000e+03   7.0813558e-01   6.5557529e-01   6.0691244e-01
   2.0870833e+03   7.0815269e-01   6.5553621e-01   6.0682542e-01
   2.0871667e+03   7.0816995e-01   6.5549723e-01   6.0673846e-01
   2.0872500e+03   7.0820450e-01   6.5547370e-01   6.0666530e-01
   2.0873333e+03   7.0826279e-01   6.5547138e-01   6.0661106e-01
   2.0874167e+03   7.0829751e-01   6.5544793e-01   6.0653792e-01
   2.0875000e+03   7.0830526e-01   6.5540031e-01   6.0644316e-01
   2.0875833e+03   7.0825459e-01   6.5530041e-01   6.0630167e-01
   2.0876667e+03   7.0815308e-01   6.5515503e-01   6.0611953e-01
   2.0877500e+03   7.0806694e-01   6.5502336e-01   6.0594965e-01
   2.0878333e+03   7.0807541e-01   6.5497630e-01   6.0585532e-01
   2.0879167e+03   7.0813366e-01   6.5497371e-01   6.0580069e-01
   2.0880000e+03   7.0817607e-01   6.5495692e-01   6.0573335e-01
   2.0880833e+03   7.0819349e-01   6.5491775e-01   6.0564601e-01
   2.0881667e+03   7.0821106e-01   6.5487868e-01   6.0555873e-01
   2.0882500e+03   7.0824585e-01   6.5485498e-01   6.0548514e-01
   2.0883333e+03   7.0830416e-01   6.5485226e-01   6.0543025e-01
   2.0884167e+03   7.0833864e-01   6.5482820e-01   6.0535630e-01
   2.0885000e+03   7.0834602e-01   6.5477990e-01   6.0526068e-01
   2.0885833e+03   7.0829481e-01   6.5467921e-01   6.0511830e-01
   2.0886667e+03   7.0819263e-01   6.5453299e-01   6.0493529e-01
   2.0887500e+03   7.0810585e-01   6.5440050e-01   6.0476451e-01
   2.0888333e+03   7.0811396e-01   6.5435274e-01   6.0466931e-01
   2.0889167e+03   7.0817220e-01   6.5434971e-01   6.0461398e-01
   2.0890000e+03   7.0821480e-01   6.5433268e-01   6.0454614e-01
   2.0890833e+03   7.0823253e-01   6.5429340e-01   6.0445843e-01
   2.0891667e+03   7.0825040e-01   6.5425422e-01   6.0437078e-01
   2.0892500e+03   7.0828543e-01   6.5423032e-01   6.0429673e-01
   2.0893333e+03   7.0834377e-01   6.5422718e-01   6.0424116e-01
   2.0894167e+03   7.0837800e-01   6.5420249e-01   6.0416636e-01
   2.0895000e+03   7.0838501e-01   6.5415348e-01   6.0406984e-01
   2.0895833e+03   7.0833325e-01   6.5405199e-01   6.0392655e-01
   2.0896667e+03   7.0823041e-01   6.5390491e-01   6.0374261e-01
   2.0897500e+03   7.0814300e-01   6.5377158e-01   6.0357092e-01
   2.0898333e+03   7.0815074e-01   6.5372310e-01   6.0347481e-01
   2.0899167e+03   7.0820896e-01   6.5371960e-01   6.0341874e-01
   2.0900000e+03   7.0825176e-01   6.5370231e-01   6.0335036e-01
   2.0900833e+03   7.0826979e-01   6.5366290e-01   6.0326224e-01
   2.0901667e+03   7.0828796e-01   6.5362358e-01   6.0317419e-01
   2.0902500e+03   7.0832322e-01   6.5359946e-01   6.0309963e-01
   2.0903333e+03   7.0838159e-01   6.5359588e-01   6.0304335e-01
   2.0904167e+03   7.0841557e-01   6.5357054e-01   6.0296765e-01
   2.0905000e+03   7.0842222e-01   6.5352079e-01   6.0287020e-01
   2.0905833e+03   7.0836991e-01   6.5341848e-01   6.0272595e-01
   2.0906667e+03   7.0826640e-01   6.5327053e-01   6.0254107e-01
   2.0907500e+03   7.0817835e-01   6.5313633e-01   6.0236843e-01
   2.0908333e+03   7.0818573e-01   6.5308712e-01   6.0227138e-01
   2.0909167e+03   7.0824392e-01   6.5308313e-01   6.0221453e-01
   2.0910000e+03   7.0828691e-01   6.5306556e-01   6.0214556e-01
   2.0910833e+03   7.0830525e-01   6.5302599e-01   6.0205701e-01
   2.0911667e+03   7.0832373e-01   6.5298651e-01   6.0196850e-01
   2.0912500e+03   7.0835923e-01   6.5296214e-01   6.0189341e-01
   2.0913333e+03   7.0841761e-01   6.5295810e-01   6.0183636e-01
   2.0914167e+03   7.0845134e-01   6.5293208e-01   6.0175973e-01
   2.0915000e+03   7.0845762e-01   6.5288158e-01   6.0166132e-01
   2.0915833e+03   7.0840477e-01   6.5277843e-01   6.0151609e-01
   2.0916667e+03   7.0830058e-01   6.5262958e-01   6.0133023e-01
   2.0917500e+03   7.0821190e-01   6.5249450e-01   6.0115659e-01
   2.0918333e+03   7.0821892e-01   6.5244454e-01   6.0105857e-01
   2.0919167e+03   7.0827708e-01   6.5244003e-01   6.0100090e-01
   2.0920000e+03   7.0832027e-01   6.5242215e-01   6.0093132e-01
   2.0920833e+03   7.0833890e-01   6.5238240e-01   6.0084228e-01
   2.0921667e+03   7.0835769e-01   6.5234274e-01   6.0075329e-01
   2.0922500e+03   7.0839341e-01   6.5231810e-01   6.0067762e-01
   2.0923333e+03   7.0845182e-01   6.5231358e-01   6.0061977e-01
   2.0924167e+03   7.0848530e-01   6.5228686e-01   6.0054218e-01
   2.0925000e+03   7.0849121e-01   6.5223559e-01   6.0044277e-01
   2.0925833e+03   7.0843780e-01   6.5213157e-01   6.0029651e-01
   2.0926667e+03   7.0833295e-01   6.5198181e-01   6.0010964e-01
   2.0927500e+03   7.0824363e-01   6.5184583e-01   5.9993500e-01
   2.0928333e+03   7.0825028e-01   6.5179509e-01   5.9983596e-01
   2.0929167e+03   7.0830842e-01   6.5179004e-01   5.9977743e-01
   2.0930000e+03   7.0835179e-01   6.5177183e-01   5.9970719e-01
   2.0930833e+03   7.0837073e-01   6.5173188e-01   5.9961763e-01
   2.0931667e+03   7.0838982e-01   6.5169202e-01   5.9952812e-01
   2.0932500e+03   7.0842578e-01   6.5166709e-01   5.9945183e-01
   2.0933333e+03   7.0848420e-01   6.5166206e-01   5.9939314e-01
   2.0934167e+03   7.0851743e-01   6.5163462e-01   5.9931455e-01
   2.0935000e+03   7.0852297e-01   6.5158256e-01   5.9921411e-01
   2.0935833e+03   7.0846901e-01   6.5147766e-01   5.9906680e-01
   2.0936667e+03   7.0836348e-01   6.5132697e-01   5.9887889e-01
   2.0937500e+03   7.0827352e-01   6.5119007e-01   5.9870320e-01
   2.0938333e+03   7.0827981e-01   6.5113853e-01   5.9860311e-01
   2.0939167e+03   7.0833791e-01   6.5113292e-01   5.9854369e-01
   2.0940000e+03   7.0838148e-01   6.5111436e-01   5.9847276e-01
   2.0940833e+03   7.0840072e-01   6.5107418e-01   5.9838264e-01
   2.0941667e+03   7.0842010e-01   6.5103409e-01   5.9829257e-01
   2.0942500e+03   7.0845629e-01   6.5100885e-01   5.9821562e-01
   2.0943333e+03   7.0851473e-01   6.5100329e-01   5.9815606e-01
   2.0944167e+03   7.0854771e-01   6.5097511e-01   5.9807643e-01
   2.0945000e+03   7.0855288e-01   6.5092224e-01   5.9797491e-01
   2.0945833e+03   7.0849837e-01   6.5081643e-01   5.9782652e-01
   2.0946667e+03   7.0839216e-01   6.5066479e-01   5.9763755e-01
   2.0947500e+03   7.0830156e-01   6.5052696e-01   5.9746078e-01
   2.0948333e+03   7.0830748e-01   6.5047460e-01   5.9735962e-01
   2.0949167e+03   7.0836556e-01   6.5046840e-01   5.9729926e-01
   2.0950000e+03   7.0840931e-01   6.5044947e-01   5.9722759e-01
   2.0950833e+03   7.0842885e-01   6.5040905e-01   5.9713688e-01
   2.0951667e+03   7.0844854e-01   6.5036870e-01   5.9704621e-01
   2.0952500e+03   7.0848495e-01   6.5034313e-01   5.9696857e-01
   2.0953333e+03   7.0854341e-01   6.5033702e-01   5.9690809e-01
   2.0954167e+03   7.0857613e-01   6.5030807e-01   5.9682740e-01
   2.0955000e+03   7.0858092e-01   6.5025436e-01   5.9672477e-01
   2.0955833e+03   7.0852586e-01   6.5014764e-01   5.9657527e-01
   2.0956667e+03   7.0841898e-01   6.4999504e-01   5.9638520e-01
   2.0957500e+03   7.0832774e-01   6.4985624e-01   5.9620732e-01
   2.0958333e+03   7.0833328e-01   6.4980304e-01   5.9610504e-01
   2.0959167e+03   7.0839133e-01   6.4979624e-01   5.9604371e-01
   2.0960000e+03   7.0843527e-01   6.4977691e-01   5.9597128e-01
   2.0960833e+03   7.0845511e-01   6.4973622e-01   5.9587994e-01
   2.0961667e+03   7.0847509e-01   6.4969560e-01   5.9578863e-01
   2.0962500e+03   7.0851174e-01   6.4966967e-01   5.9571026e-01
   2.0963333e+03   7.0857021e-01   6.4966298e-01   5.9564883e-01
   2.0964167e+03   7.0860268e-01   6.4963326e-01   5.9556703e-01
   2.0965000e+03   7.0860709e-01   6.4957869e-01   5.9546326e-01
   2.0965833e+03   7.0855147e-01   6.4947103e-01   5.9531261e-01
   2.0966667e+03   7.0844392e-01   6.4931744e-01   5.9512142e-01
   2.0967500e+03   7.0835203e-01   6.4917767e-01   5.9494241e-01
   2.0968333e+03   7.0835720e-01   6.4912362e-01   5.9483898e-01
   2.0969167e+03   7.0841522e-01   6.4911618e-01   5.9477665e-01
   2.0970000e+03   7.0845934e-01   6.4909643e-01   5.9470340e-01
   2.0970833e+03   7.0847948e-01   6.4905545e-01   5.9461139e-01
   2.0971667e+03   7.0849976e-01   6.4901454e-01   5.9451942e-01
   2.0972500e+03   7.0853663e-01   6.4898823e-01   5.9444027e-01
   2.0973333e+03   7.0859512e-01   6.4898094e-01   5.9437786e-01
   2.0974167e+03   7.0862733e-01   6.4895041e-01   5.9429491e-01
   2.0975000e+03   7.0863137e-01   6.4889497e-01   5.9418998e-01
   2.0975833e+03   7.0857519e-01   6.4878634e-01   5.9403816e-01
   2.0976667e+03   7.0846696e-01   6.4863176e-01   5.9384581e-01
   2.0977500e+03   7.0837443e-01   6.4849100e-01   5.9366563e-01
   2.0978333e+03   7.0837923e-01   6.4843606e-01   5.9356103e-01
   2.0979167e+03   7.0843721e-01   6.4842798e-01   5.9349765e-01
   2.0980000e+03   7.0848152e-01   6.4840779e-01   5.9342356e-01
   2.0980833e+03   7.0850195e-01   6.4836649e-01   5.9333085e-01
   2.0981667e+03   7.0852253e-01   6.4832526e-01   5.9323816e-01
   2.0982500e+03   7.0855962e-01   6.4829854e-01   5.9315821e-01
   2.0983333e+03   7.0861812e-01   6.4829064e-01   5.9309477e-01
   2.0984167e+03   7.0865007e-01   6.4825928e-01   5.9301065e-01
   2.0985000e+03   7.0865373e-01   6.4820294e-01   5.9290452e-01
   2.0985833e+03   7.0859700e-01   6.4809334e-01   5.9275149e-01
   2.0986667e+03   7.0848808e-01   6.4793774e-01   5.9255796e-01
   2.0987500e+03   7.0839491e-01   6.4779597e-01   5.9237659e-01
   2.0988333e+03   7.0839933e-01   6.4774013e-01   5.9227077e-01
   2.0989167e+03   7.0845728e-01   6.4773138e-01   5.9220631e-01
   2.0990000e+03   7.0850177e-01   6.4771072e-01   5.9213134e-01
   2.0990833e+03   7.0852250e-01   6.4766908e-01   5.9203789e-01
   2.0991667e+03   7.0854337e-01   6.4762752e-01   5.9194446e-01
   2.0992500e+03   7.0858070e-01   6.4760038e-01   5.9186367e-01
   2.0993333e+03   7.0863920e-01   6.4759183e-01   5.9179917e-01
   2.0994167e+03   7.0867089e-01   6.4755962e-01   5.9171384e-01
   2.0995000e+03   7.0867417e-01   6.4750237e-01   5.9160647e-01
   2.0995833e+03   7.0861688e-01   6.4739177e-01   5.9145220e-01
   2.0996667e+03   7.0850729e-01   6.4723514e-01   5.9125747e-01
   2.0997500e+03   7.0841347e-01   6.4709235e-01   5.9107489e-01
   2.0998333e+03   7.0841751e-01   6.4703559e-01   5.9096782e-01
   2.0999167e+03   7.0847542e-01   6.4702613e-01   5.9090224e-01
   2.1000000e+03   7.0852010e-01   6.4700499e-01   5.9082636e-01
   2.1000833e+03   7.0854112e-01   6.4696299e-01   5.9073213e-01
   2.1001667e+03   7.0856229e-01   6.4692107e-01   5.9063792e-01
   2.1002500e+03   7.0859983e-01   6.4689348e-01   5.9055626e-01
   2.1003333e+03   7.0865835e-01   6.4688427e-01   5.9049066e-01
   2.1004167e+03   7.0868977e-01   6.4685119e-01   5.9040409e-01
   2.1005000e+03   7.0869268e-01   6.4679300e-01   5.9029545e-01
   2.1005833e+03   7.0863482e-01   6.4668139e-01   5.9013992e-01
   2.1006667e+03   7.0852454e-01   6.4652371e-01   5.8994396e-01
   2.1007500e+03   7.0843008e-01   6.4637987e-01   5.8976012e-01
   2.1008333e+03   7.0843375e-01   6.4632217e-01   5.8965178e-01
   2.1009167e+03   7.0849162e-01   6.4631200e-01   5.8958505e-01
