   2.0000000e+03   1.0000000e+00   1.0000000e+00   1.0000000e+00
   2.0000833e+03   1.0000000e+00   1.0000000e+00   1.0000000e+00
   2.0001667e+03   1.0000000e+00   1.0000000e+00   1.0000000e+00
   2.0002500e+03   1.0000000e+00   1.0000000e+00   1.0000000e+00
   2.0003333e+03   1.0000000e+00   1.0000000e+00   1.0000000e+00
   2.0004167e+03   1.0000000e+00   1.0000000e+00   1.0000000e+00
   2.0005000e+03   1.0000000e+00   1.0000000e+00   1.0000000e+00
   2.0005833e+03   1.0000000e+00   1.0000000e+00   1.0000000e+00
   2.0006667e+03   1.0000000e+00   1.0000000e+00   1.0000000e+00
   2.0007500e+03   1.0000000e+00   1.0000000e+00   1.0000000e+00
   2.0008333e+03   1.0000000e+00   1.0000000e+00   1.0000000e+00
   2.0009167e+03   1.0000000e+00   1.0000000e+00   1.0000000e+00
   2.0010000e+03   9.9954437e-01   9.9954400e-01   9.9954363e-01
   2.0010833e+03   9.9898368e-01   9.9898261e-01   9.9898154e-01
   2.0011667e+03   9.9850928e-01   9.9850711e-01   9.9850494e-01
   2.0012500e+03   9.9833091e-01   9.9832707e-01   9.9832323e-01
   2.0013333e+03   9.9849949e-01   9.9849325e-01   9.9848700e-01
   2.0014167e+03   9.9881942e-01   9.9881013e-01   9.9880084e-01
   2.0015000e+03   9.9912179e-01   9.9910896e-01   9.9909614e-01
   2.0015833e+03   5.9963105e-01   5.9962097e-01   5.9961089e-01
   2.0016667e+03   5.9980287e-01   5.9979009e-01   5.9977731e-01
   2.0017500e+03   5.9999691e-01   5.9998109e-01   5.9996526e-01
   2.0018333e+03   6.0010763e-01   6.0008862e-01   6.0006962e-01
   2.0019167e+03   6.0001941e-01   5.9999737e-01   5.9997533e-01
   2.0020000e+03   5.9974993e-01   5.9972504e-01   5.9970015e-01
   2.0020833e+03   5.9941755e-01   5.9938976e-01   5.9936197e-01
   2.0021667e+03   5.9913683e-01   5.9910579e-01   5.9907475e-01
   2.0022500e+03   5.9903316e-01   5.9899815e-01   5.9896314e-01
   2.0023333e+03   5.9913638e-01   5.9909651e-01   5.9905665e-01
   2.0024167e+03   5.9932873e-01   5.9928344e-01   5.9923815e-01
   2.0025000e+03   5.9950925e-01   5.9945828e-01   5.9940730e-01
   2.0025833e+03   5.9966572e-01   5.9960885e-01   5.9955199e-01
   2.0026667e+03   5.9983635e-01   5.9977325e-01   5.9971015e-01
   2.0027500e+03   6.0003063e-01   5.9996091e-01   5.9989119e-01
   2.0028333e+03   6.0014332e-01   6.0006702e-01   5.9999072e-01
   2.0029167e+03   6.0005838e-01   5.9997608e-01   5.9989379e-01
   2.0030000e+03   5.9979278e-01   5.9970507e-01   5.9961737e-01
   2.0030833e+03   5.9946443e-01   5.9937139e-01   5.9927837e-01
   2.0031667e+03   5.9918761e-01   5.9908880e-01   5.9899001e-01
   2.0032500e+03   5.9908727e-01   5.9898159e-01   5.9887594e-01
   2.0033333e+03   5.9919254e-01   5.9907867e-01   5.9896482e-01
   2.0034167e+03   5.9938527e-01   5.9926245e-01   5.9913966e-01
   2.0035000e+03   5.9956486e-01   5.9943289e-01   5.9930093e-01
   2.0035833e+03   5.9971979e-01   5.9957850e-01   5.9943724e-01
   2.0036667e+03   5.9988921e-01   5.9973824e-01   5.9958731e-01
   2.0037500e+03   6.0008371e-01   5.9992262e-01   5.9976157e-01
   2.0038333e+03   6.0019836e-01   6.0002736e-01   5.9985641e-01
   2.0039167e+03   6.0011667e-01   5.9993679e-01   5.9975696e-01
   2.0040000e+03   5.9985494e-01   5.9966714e-01   5.9947941e-01
   2.0040833e+03   5.9953059e-01   5.9933512e-01   5.9913971e-01
   2.0041667e+03   5.9925765e-01   5.9905396e-01   5.9885033e-01
   2.0042500e+03   5.9916063e-01   5.9894723e-01   5.9873391e-01
   2.0043333e+03   5.9926793e-01   5.9904307e-01   5.9881830e-01
   2.0044167e+03   5.9946102e-01   5.9922377e-01   5.9898662e-01
   2.0045000e+03   5.9963966e-01   5.9938986e-01   5.9914016e-01
   2.0045833e+03   5.9979302e-01   5.9953058e-01   5.9926825e-01
   2.0046667e+03   5.9996120e-01   5.9968572e-01   5.9941036e-01
   2.0047500e+03   6.0015590e-01   5.9986688e-01   5.9957799e-01
   2.0048333e+03   6.0027249e-01   5.9997031e-01   5.9966828e-01
   2.0049167e+03   6.0019405e-01   5.9988015e-01   5.9956642e-01
   2.0050000e+03   5.9993616e-01   5.9961192e-01   5.9928786e-01
   2.0050833e+03   5.9961579e-01   5.9928160e-01   5.9894759e-01
   2.0051667e+03   5.9934672e-01   5.9900191e-01   5.9865730e-01
   2.0052500e+03   5.9925300e-01   5.9889573e-01   5.9853866e-01
   2.0053333e+03   5.9936231e-01   5.9899039e-01   5.9861868e-01
   2.0054167e+03   5.9955574e-01   5.9916806e-01   5.9878063e-01
   2.0055000e+03   5.9973341e-01   5.9932987e-01   5.9892659e-01
   2.0055833e+03   5.9988517e-01   5.9946575e-01   5.9904661e-01
   2.0056667e+03   6.0005209e-01   5.9961635e-01   5.9918093e-01
   2.0057500e+03   6.0024697e-01   5.9979435e-01   5.9934207e-01
   2.0058333e+03   6.0036548e-01   5.9989653e-01   5.9942793e-01
   2.0059167e+03   6.0029026e-01   5.9980684e-01   5.9932379e-01
   2.0060000e+03   6.0003620e-01   5.9954007e-01   5.9904435e-01
   2.0060833e+03   5.9971980e-01   5.9921150e-01   5.9870362e-01
   2.0061667e+03   5.9945458e-01   5.9893334e-01   5.9841254e-01
   2.0062500e+03   5.9936414e-01   5.9882774e-01   5.9829181e-01
   2.0063333e+03   5.9947546e-01   5.9892128e-01   5.9836760e-01
   2.0064167e+03   5.9966920e-01   5.9909599e-01   5.9852332e-01
   2.0065000e+03   5.9984587e-01   5.9925357e-01   5.9866185e-01
   2.0065833e+03   5.9999600e-01   5.9938467e-01   5.9877396e-01
   2.0066667e+03   6.0016163e-01   5.9953080e-01   5.9890063e-01
   2.0067500e+03   6.0035667e-01   5.9970571e-01   5.9905544e-01
   2.0068333e+03   6.0047708e-01   5.9980668e-01   5.9913701e-01
   2.0069167e+03   6.0040508e-01   5.9971751e-01   5.9903072e-01
   2.0070000e+03   6.0015482e-01   5.9945226e-01   5.9875051e-01
   2.0070833e+03   5.9984237e-01   5.9912548e-01   5.9840944e-01
   2.0071667e+03   5.9958098e-01   5.9884890e-01   5.9811769e-01
   2.0072500e+03   5.9949382e-01   5.9874394e-01   5.9799499e-01
   2.0073333e+03   5.9960711e-01   5.9883642e-01   5.9806670e-01
   2.0074167e+03   5.9980115e-01   5.9900823e-01   5.9821634e-01
   2.0075000e+03   5.9997680e-01   5.9916165e-01   5.9834759e-01
   2.0075833e+03   6.0012528e-01   5.9928803e-01   5.9845194e-01
   2.0076667e+03   6.0028958e-01   5.9942975e-01   5.9857113e-01
   2.0077500e+03   6.0048476e-01   5.9960161e-01   5.9871975e-01
   2.0078333e+03   6.0060706e-01   5.9970145e-01   5.9879718e-01
   2.0079167e+03   6.0053825e-01   5.9961286e-01   5.9868886e-01
   2.0080000e+03   6.0029179e-01   5.9934917e-01   5.9840800e-01
   2.0080833e+03   5.9998327e-01   5.9902423e-01   5.9806670e-01
   2.0081667e+03   5.9972569e-01   5.9874927e-01   5.9777441e-01
   2.0082500e+03   5.9964178e-01   5.9864501e-01   5.9764987e-01
   2.0083333e+03   5.9975705e-01   5.9873648e-01   5.9771762e-01
   2.0084167e+03   5.9995135e-01   5.9890545e-01   5.9786133e-01
   2.0085000e+03   6.0012595e-01   5.9905477e-01   5.9798547e-01
   2.0085833e+03   6.0027275e-01   5.9917650e-01   5.9808222e-01
   2.0086667e+03   6.0043570e-01   5.9931386e-01   5.9819409e-01
   2.0087500e+03   6.0063100e-01   5.9948275e-01   5.9833667e-01
   2.0088333e+03   6.0075518e-01   5.9958150e-01   5.9841009e-01
   2.0089167e+03   6.0068955e-01   5.9949354e-01   5.9829988e-01
   2.0090000e+03   6.0044686e-01   5.9923147e-01   5.9801850e-01
   2.0090833e+03   6.0014226e-01   5.9890842e-01   5.9767709e-01
   2.0091667e+03   5.9988848e-01   5.9863513e-01   5.9738437e-01
   2.0092500e+03   5.9980781e-01   5.9853162e-01   5.9725812e-01
   2.0093333e+03   5.9992502e-01   5.9862214e-01   5.9732206e-01
   2.0094167e+03   6.0011958e-01   5.9878833e-01   5.9745999e-01
   2.0095000e+03   6.0029310e-01   5.9893361e-01   5.9757717e-01
   2.0095833e+03   6.0043819e-01   5.9905076e-01   5.9766649e-01
   2.0096667e+03   6.0059976e-01   5.9918383e-01   5.9777118e-01
   2.0097500e+03   6.0079515e-01   5.9934980e-01   5.9790788e-01
   2.0098333e+03   6.0092119e-01   5.9944753e-01   5.9797744e-01
   2.0099167e+03   6.0085872e-01   5.9936025e-01   5.9786547e-01
   2.0100000e+03   6.0061980e-01   5.9909984e-01   5.9758368e-01
   2.0100833e+03   6.0031909e-01   5.9877874e-01   5.9724229e-01
   2.0101667e+03   6.0006910e-01   5.9850717e-01   5.9694926e-01
   2.0102500e+03   5.9999165e-01   5.9840446e-01   5.9682143e-01
   2.0103333e+03   6.0011079e-01   5.9849409e-01   5.9688170e-01
   2.0104167e+03   6.0030558e-01   5.9865756e-01   5.9701400e-01
   2.0105000e+03   6.0047800e-01   5.9879887e-01   5.9712438e-01
   2.0105833e+03   6.0062135e-01   5.9891148e-01   5.9720643e-01
   2.0106667e+03   6.0078152e-01   5.9904032e-01   5.9730412e-01
   2.0107500e+03   6.0097698e-01   5.9920345e-01   5.9743509e-01
   2.0108333e+03   6.0110485e-01   5.9930021e-01   5.9750092e-01
   2.0109167e+03   6.0104554e-01   5.9921367e-01   5.9738732e-01
   2.0110000e+03   6.0081036e-01   5.9895497e-01   5.9710525e-01
   2.0110833e+03   6.0051354e-01   5.9863586e-01   5.9676399e-01
   2.0111667e+03   6.0026731e-01   5.9836607e-01   5.9647078e-01
   2.0112500e+03   6.0019307e-01   5.9826421e-01   5.9634149e-01
   2.0113333e+03   6.0031413e-01   5.9835301e-01   5.9639824e-01
   2.0114167e+03   6.0050913e-01   5.9851382e-01   5.9652507e-01
   2.0115000e+03   6.0068042e-01   5.9865122e-01   5.9662881e-01
   2.0115833e+03   6.0082199e-01   5.9875937e-01   5.9670375e-01
   2.0116667e+03   6.0098074e-01   5.9888404e-01   5.9679459e-01
   2.0117500e+03   6.0117624e-01   5.9904438e-01   5.9692000e-01
   2.0118333e+03   6.0130594e-01   5.9914024e-01   5.9698226e-01
   2.0119167e+03   6.0124976e-01   5.9905448e-01   5.9686715e-01
   2.0120000e+03   6.0101831e-01   5.9879755e-01   5.9658492e-01
   2.0120833e+03   6.0072536e-01   5.9848048e-01   5.9624391e-01
   2.0121667e+03   6.0048288e-01   5.9821251e-01   5.9595064e-01
   2.0122500e+03   6.0041183e-01   5.9811157e-01   5.9582003e-01
   2.0123333e+03   6.0053480e-01   5.9819960e-01   5.9587339e-01
   2.0124167e+03   6.0072998e-01   5.9835781e-01   5.9599491e-01
   2.0125000e+03   6.0090011e-01   5.9849136e-01   5.9609217e-01
   2.0125833e+03   3.0051994e-01   2.9929755e-01   2.9808009e-01
   2.0126667e+03   3.0059858e-01   2.9935784e-01   2.9812217e-01
   2.0127500e+03   3.0069635e-01   2.9943664e-01   2.9818216e-01
   2.0128333e+03   3.0076210e-01   2.9948415e-01   2.9821158e-01
   2.0129167e+03   3.0073557e-01   2.9944170e-01   2.9815334e-01
   2.0130000e+03   3.0062171e-01   2.9931414e-01   2.9801220e-01
   2.0130833e+03   3.0047716e-01   2.9915665e-01   2.9784189e-01
   2.0131667e+03   3.0035779e-01   2.9902360e-01   2.9769528e-01
   2.0132500e+03   3.0032385e-01   2.9897361e-01   2.9762938e-01
   2.0133333e+03   3.0038627e-01   2.9901727e-01   2.9765444e-01
   2.0134167e+03   3.0048395e-01   2.9909511e-01   2.9771263e-01
   2.0135000e+03   3.0056842e-01   2.9915999e-01   2.9775810e-01
   2.0135833e+03   3.0063740e-01   2.9920969e-01   2.9778871e-01
   2.0136667e+03   3.0071529e-01   2.9926796e-01   2.9782753e-01
   2.0137500e+03   3.0081306e-01   2.9934543e-01   2.9788490e-01
   2.0138333e+03   3.0087971e-01   2.9939255e-01   2.9791268e-01
   2.0139167e+03   3.0085473e-01   2.9935054e-01   2.9785382e-01
   2.0140000e+03   3.0074271e-01   2.9922392e-01   2.9771273e-01
   2.0140833e+03   3.0060008e-01   2.9906750e-01   2.9754266e-01
   2.0141667e+03   3.0048257e-01   2.9893541e-01   2.9739614e-01
   2.0142500e+03   3.0045022e-01   2.9888593e-01   2.9732971e-01
   2.0143333e+03   3.0051358e-01   2.9892926e-01   2.9735323e-01
   2.0144167e+03   3.0061133e-01   2.9900587e-01   2.9740891e-01
   2.0145000e+03   3.0069519e-01   2.9906889e-01   2.9745131e-01
   2.0145833e+03   3.0076323e-01   2.9911645e-01   2.9747862e-01
   2.0146667e+03   3.0084037e-01   2.9917273e-01   2.9751427e-01
   2.0147500e+03   3.0093813e-01   2.9924890e-01   2.9756909e-01
   2.0148333e+03   3.0100566e-01   2.9929566e-01   2.9759529e-01
   2.0149167e+03   3.0098223e-01   2.9925413e-01   2.9753588e-01
   2.0150000e+03   3.0087206e-01   2.9912846e-01   2.9739490e-01
   2.0150833e+03   3.0073134e-01   2.9897314e-01   2.9722514e-01
   2.0151667e+03   3.0061568e-01   2.9884204e-01   2.9707877e-01
   2.0152500e+03   3.0058491e-01   2.9879309e-01   2.9701188e-01
   2.0153333e+03   3.0064919e-01   2.9883613e-01   2.9703393e-01
   2.0154167e+03   3.0074700e-01   2.9891153e-01   2.9708719e-01
   2.0155000e+03   3.0083024e-01   2.9897273e-01   2.9712660e-01
   2.0155833e+03   3.0089734e-01   2.9901818e-01   2.9715068e-01
   2.0156667e+03   3.0097370e-01   2.9907251e-01   2.9718323e-01
   2.0157500e+03   3.0107144e-01   2.9914741e-01   2.9723559e-01
   2.0158333e+03   3.0113985e-01   2.9919383e-01   2.9726030e-01
   2.0159167e+03   3.0111795e-01   2.9915281e-01   2.9720041e-01
   2.0160000e+03   3.0100962e-01   2.9902813e-01   2.9705959e-01
   2.0160833e+03   3.0087081e-01   2.9887392e-01   2.9689019e-01
   2.0161667e+03   3.0075700e-01   2.9874383e-01   2.9674404e-01
   2.0162500e+03   3.0072779e-01   2.9869545e-01   2.9667675e-01
   2.0163333e+03   3.0079299e-01   2.9873823e-01   2.9669740e-01
   2.0164167e+03   3.0089085e-01   2.9881246e-01   2.9674833e-01
   2.0165000e+03   3.0097346e-01   2.9887185e-01   2.9678482e-01
   2.0165833e+03   3.0103959e-01   2.9891523e-01   2.9680577e-01
   2.0166667e+03   3.0111516e-01   2.9896763e-01   2.9683531e-01
   2.0167500e+03   3.0121287e-01   2.9904130e-01   2.9688528e-01
   2.0168333e+03   3.0128215e-01   2.9908743e-01   2.9690858e-01
   2.0169167e+03   3.0126178e-01   2.9904694e-01   2.9684827e-01
   2.0170000e+03   3.0115528e-01   2.9892326e-01   2.9670768e-01
   2.0170833e+03   3.0101836e-01   2.9877020e-01   2.9653871e-01
   2.0171667e+03   3.0090640e-01   2.9864114e-01   2.9639283e-01
   2.0172500e+03   3.0087875e-01   2.9859336e-01   2.9632521e-01
   2.0173333e+03   3.0094486e-01   2.9863590e-01   2.9634454e-01
   2.0174167e+03   3.0104276e-01   2.9870899e-01   2.9639320e-01
   2.0175000e+03   3.0112472e-01   2.9876662e-01   2.9642687e-01
   2.0175833e+03   3.0118987e-01   2.9880796e-01   2.9644476e-01
   2.0176667e+03   3.0126464e-01   2.9885846e-01   2.9647138e-01
   2.0177500e+03   3.0136230e-01   2.9893093e-01   2.9651904e-01
   2.0178333e+03   3.0143244e-01   2.9897678e-01   2.9654100e-01
   2.0179167e+03   3.0141360e-01   2.9893686e-01   2.9648034e-01
   2.0180000e+03   3.0130892e-01   2.9881422e-01   2.9634004e-01
   2.0180833e+03   3.0117390e-01   2.9866232e-01   2.9617155e-01
   2.0181667e+03   3.0106376e-01   2.9853433e-01   2.9602601e-01
   2.0182500e+03   3.0103767e-01   2.9848716e-01   2.9595813e-01
   2.0183333e+03   3.0110468e-01   2.9852950e-01   2.9597621e-01
   2.0184167e+03   3.0120260e-01   2.9860149e-01   2.9602270e-01
   2.0185000e+03   3.0128390e-01   2.9865738e-01   2.9605363e-01
   2.0185833e+03   3.0134806e-01   2.9869671e-01   2.9606854e-01
   2.0186667e+03   3.0142201e-01   2.9874535e-01   2.9609232e-01
   2.0187500e+03   3.0151962e-01   2.9881664e-01   2.9613776e-01
   2.0188333e+03   3.0159061e-01   2.9886226e-01   2.9615845e-01
   2.0189167e+03   3.0157329e-01   2.9882293e-01   2.9609751e-01
   2.0190000e+03   3.0147042e-01   2.9870134e-01   2.9595756e-01
   2.0190833e+03   3.0133728e-01   2.9855064e-01   2.9578961e-01
   2.0191667e+03   3.0122897e-01   2.9842374e-01   2.9564447e-01
   2.0192500e+03   3.0120443e-01   2.9837722e-01   2.9557639e-01
   2.0193333e+03   3.0127233e-01   2.9841939e-01   2.9559330e-01
   2.0194167e+03   3.0137027e-01   2.9849030e-01   2.9563769e-01
   2.0195000e+03   3.0145089e-01   2.9854449e-01   2.9566596e-01
   2.0195833e+03   3.0151404e-01   2.9858183e-01   2.9567798e-01
   2.0196667e+03   3.0158715e-01   2.9862865e-01   2.9569900e-01
   2.0197500e+03   3.0168469e-01   2.9869880e-01   2.9574230e-01
   2.0198333e+03   3.0175653e-01   2.9874422e-01   2.9576180e-01
   2.0199167e+03   3.0174072e-01   2.9870550e-01   2.9570064e-01
   2.0200000e+03   3.0163966e-01   2.9858500e-01   2.9556111e-01
   2.0200833e+03   3.0150840e-01   2.9843551e-01   2.9539377e-01
   2.0201667e+03   3.0140191e-01   2.9830972e-01   2.9524908e-01
   2.0202500e+03   3.0137891e-01   2.9826388e-01   2.9518087e-01
   2.0203333e+03   3.0144770e-01   2.9830591e-01   2.9519669e-01
   2.0204167e+03   3.0154564e-01   2.9837578e-01   2.9523906e-01
   2.0205000e+03   3.0162557e-01   2.9842831e-01   2.9526475e-01
   2.0205833e+03   3.0168769e-01   2.9846370e-01   2.9527397e-01
   2.0206667e+03   3.0175995e-01   2.9850871e-01   2.9529232e-01
   2.0207500e+03   3.0185741e-01   2.9857776e-01   2.9533355e-01
   2.0208333e+03   3.0193009e-01   2.9862300e-01   2.9535194e-01
   2.0209167e+03   3.0191578e-01   2.9858493e-01   2.9529064e-01
   2.0210000e+03   3.0181652e-01   2.9846554e-01   2.9515157e-01
   2.0210833e+03   3.0168714e-01   2.9831730e-01   2.9498490e-01
   2.0211667e+03   3.0158246e-01   2.9819265e-01   2.9484073e-01
   2.0212500e+03   3.0156099e-01   2.9814751e-01   2.9477246e-01
   2.0213333e+03   3.0163066e-01   2.9818943e-01   2.9478726e-01
   2.0214167e+03   3.0172859e-01   2.9825829e-01   2.9482770e-01
   2.0215000e+03   3.0180781e-01   2.9830918e-01   2.9485089e-01
   2.0215833e+03   3.0186889e-01   2.9834265e-01   2.9485739e-01
   2.0216667e+03   3.0194028e-01   2.9838590e-01   2.9487314e-01
   2.0217500e+03   3.0203765e-01   2.9845387e-01   2.9491240e-01
   2.0218333e+03   3.0211115e-01   2.9849897e-01   2.9492975e-01
   2.0219167e+03   3.0209834e-01   2.9846158e-01   2.9486837e-01
   2.0220000e+03   3.0200088e-01   2.9834332e-01   2.9472984e-01
   2.0220833e+03   3.0187336e-01   2.9819634e-01   2.9456389e-01
   2.0221667e+03   3.0177050e-01   2.9807286e-01   2.9442030e-01
   2.0222500e+03   3.0175056e-01   2.9802845e-01   2.9435203e-01
   2.0223333e+03   3.0182109e-01   2.9807030e-01   2.9436589e-01
   2.0224167e+03   3.0191901e-01   2.9813818e-01   2.9440447e-01
   2.0225000e+03   3.0199750e-01   2.9818746e-01   2.9442526e-01
   2.0225833e+03   3.0205752e-01   2.9821904e-01   2.9442911e-01
   2.0226667e+03   3.0212803e-01   2.9826056e-01   2.9444235e-01
   2.0227500e+03   3.0222530e-01   2.9832749e-01   2.9447972e-01
   2.0228333e+03   3.0229962e-01   2.9837248e-01   2.9449611e-01
   2.0229167e+03   3.0228830e-01   2.9833579e-01   2.9443472e-01
   2.0230000e+03   3.0219263e-01   2.9821870e-01   2.9429678e-01
   2.0230833e+03   3.0206697e-01   2.9807301e-01   2.9413161e-01
   2.0231667e+03   3.0196591e-01   2.9795072e-01   2.9398866e-01
   2.0232500e+03   3.0194749e-01   2.9790708e-01   2.9392047e-01
   2.0233333e+03   3.0201888e-01   2.9794887e-01   2.9393346e-01
   2.0234167e+03   3.0211676e-01   2.9801581e-01   2.9397027e-01
   2.0235000e+03   3.0219452e-01   2.9806352e-01   2.9398873e-01
   2.0235833e+03   1.5112673e-01   1.4904662e-01   1.4699501e-01
   2.0236667e+03   1.5116154e-01   1.4906653e-01   1.4700042e-01
   2.0237500e+03   1.5121011e-01   1.4909949e-01   1.4701819e-01
   2.0238333e+03   1.5124768e-01   1.4912194e-01   1.4702595e-01
   2.0239167e+03   1.5124276e-01   1.4910397e-01   1.4699528e-01
   2.0240000e+03   1.5119582e-01   1.4904602e-01   1.4692664e-01
   2.0240833e+03   1.5113391e-01   1.4897383e-01   1.4684448e-01
   2.0241667e+03   1.5108428e-01   1.4891329e-01   1.4677335e-01
   2.0242500e+03   1.5107583e-01   1.4889186e-01   1.4673933e-01
   2.0243333e+03   1.5111195e-01   1.4891276e-01   1.4674543e-01
   2.0244167e+03   1.5116087e-01   1.4894577e-01   1.4676299e-01
   2.0245000e+03   1.5119937e-01   1.4896885e-01   1.4677109e-01
   2.0245833e+03   1.5122829e-01   1.4898280e-01   1.4677050e-01
   2.0246667e+03   1.5126264e-01   1.4900187e-01   1.4677474e-01
   2.0247500e+03   1.5131115e-01   1.4903434e-01   1.4679164e-01
   2.0248333e+03   1.5134912e-01   1.4905677e-01   1.4679900e-01
   2.0249167e+03   1.5134494e-01   1.4903918e-01   1.4676839e-01
   2.0250000e+03   1.5129889e-01   1.4898184e-01   1.4670011e-01
   2.0250833e+03   1.5123791e-01   1.4891032e-01   1.4661839e-01
   2.0251667e+03   1.5118916e-01   1.4885039e-01   1.4654765e-01
   2.0252500e+03   1.5118146e-01   1.4882937e-01   1.4651372e-01
   2.0253333e+03   1.5121799e-01   1.4885027e-01   1.4651947e-01
   2.0254167e+03   1.5126689e-01   1.4888285e-01   1.4653624e-01
   2.0255000e+03   1.5130501e-01   1.4890520e-01   1.4654328e-01
   2.0255833e+03   1.5133339e-01   1.4891827e-01   1.4654153e-01
   2.0256667e+03   1.5136729e-01   1.4893654e-01   1.4654467e-01
   2.0257500e+03   1.5141573e-01   1.4896857e-01   1.4656079e-01
   2.0258333e+03   1.5145408e-01   1.4899100e-01   1.4656780e-01
   2.0259167e+03   1.5145061e-01   1.4897380e-01   1.4653732e-01
   2.0260000e+03   1.5140541e-01   1.4891706e-01   1.4646944e-01
   2.0260833e+03   1.5134531e-01   1.4884621e-01   1.4638822e-01
   2.0261667e+03   1.5129742e-01   1.4878692e-01   1.4631791e-01
   2.0262500e+03   1.5129044e-01   1.4876633e-01   1.4628417e-01
   2.0263333e+03   1.5132737e-01   1.4878729e-01   1.4628967e-01
   2.0264167e+03   1.5137624e-01   1.4881951e-01   1.4630578e-01
   2.0265000e+03   1.5141398e-01   1.4884118e-01   1.4631192e-01
   2.0265833e+03   1.5144182e-01   1.4885345e-01   1.4630915e-01
   2.0266667e+03   1.5147527e-01   1.4887101e-01   1.4631134e-01
   2.0267500e+03   1.5152364e-01   1.4890265e-01   1.4632682e-01
   2.0268333e+03   1.5156237e-01   1.4892516e-01   1.4633365e-01
   2.0269167e+03   1.5155960e-01   1.4890841e-01   1.4630341e-01
   2.0270000e+03   1.5151524e-01   1.4885234e-01   1.4623605e-01
   2.0270833e+03   1.5145602e-01   1.4878222e-01   1.4615543e-01
   2.0271667e+03   1.5140899e-01   1.4872361e-01   1.4608567e-01
   2.0272500e+03   1.5140272e-01   1.4870352e-01   1.4605225e-01
   2.0273333e+03   1.5144005e-01   1.4872461e-01   1.4605766e-01
   2.0274167e+03   1.5148888e-01   1.4875653e-01   1.4607327e-01
   2.0275000e+03   1.5152625e-01   1.4877761e-01   1.4607863e-01
   2.0275833e+03   1.5155353e-01   1.4878915e-01   1.4607499e-01
   2.0276667e+03   1.5158652e-01   1.4880605e-01   1.4607639e-01
   2.0277500e+03   1.5163481e-01   1.4883739e-01   1.4609138e-01
   2.0278333e+03   1.5167391e-01   1.4886003e-01   1.4609816e-01
   2.0279167e+03   1.5167184e-01   1.4884380e-01   1.4606829e-01
   2.0280000e+03   1.5162833e-01   1.4878846e-01   1.4600157e-01
   2.0280833e+03   1.5156999e-01   1.4871912e-01   1.4592167e-01
   2.0281667e+03   1.5152381e-01   1.4866125e-01   1.4585258e-01
   2.0282500e+03   1.5151825e-01   1.4864172e-01   1.4581960e-01
   2.0283333e+03   1.5155598e-01   1.4866301e-01   1.4582506e-01
   2.0284167e+03   1.5160476e-01   1.4869471e-01   1.4584031e-01
   2.0285000e+03   1.5164174e-01   1.4871526e-01   1.4584505e-01
   2.0285833e+03   1.5166847e-01   1.4872614e-01   1.4584068e-01
   2.0286667e+03   1.5170099e-01   1.4874247e-01   1.4584143e-01
   2.0287500e+03   1.5174920e-01   1.4877357e-01   1.4585608e-01
   2.0288333e+03   1.5178867e-01   1.4879643e-01   1.4586296e-01
   2.0289167e+03   1.5178729e-01   1.4878078e-01   1.4583360e-01
   2.0290000e+03   1.5174463e-01   1.4872622e-01   1.4576763e-01
   2.0290833e+03   1.5168716e-01   1.4865771e-01   1.4568855e-01
   2.0291667e+03   1.5164182e-01   1.4860065e-01   1.4562024e-01
   2.0292500e+03   1.5163698e-01   1.4858174e-01   1.4558784e-01
   2.0293333e+03   1.5167510e-01   1.4860330e-01   1.4559349e-01
   2.0294167e+03   1.5172383e-01   1.4863485e-01   1.4560854e-01
   2.0295000e+03   1.5176041e-01   1.4865495e-01   1.4561281e-01
   2.0295833e+03   1.5178658e-01   1.4866523e-01   1.4560785e-01
   2.0296667e+03   1.5181862e-01   1.4868104e-01   1.4560808e-01
   2.0297500e+03   1.5186674e-01   1.4871199e-01   1.4562255e-01
   2.0298333e+03   1.5190657e-01   1.4873513e-01   1.4562967e-01
   2.0299167e+03   1.5190589e-01   1.4872013e-01   1.4560095e-01
   2.0300000e+03   1.5186406e-01   1.4866641e-01   1.4553584e-01
   2.0300833e+03   1.5180745e-01   1.4859877e-01   1.4545768e-01
   2.0301667e+03   1.5176292e-01   1.4854253e-01   1.4539023e-01
   2.0302500e+03   1.5175874e-01   1.4852427e-01   1.4535848e-01
   2.0303333e+03   1.5179722e-01   1.4854614e-01   1.4536444e-01
   2.0304167e+03   1.5184591e-01   1.4857762e-01   1.4537943e-01
   2.0305000e+03   1.5188214e-01   1.4859737e-01   1.4538339e-01
   2.0305833e+03   1.5190782e-01   1.4860719e-01   1.4537804e-01
   2.0306667e+03   1.5193946e-01   1.4862263e-01   1.4537795e-01
   2.0307500e+03   1.5198751e-01   1.4865349e-01   1.4539235e-01
   2.0308333e+03   1.5202763e-01   1.4867689e-01   1.4539975e-01
   2.0309167e+03   1.5202749e-01   1.4866242e-01   1.4537159e-01
   2.0310000e+03   1.5198627e-01   1.4860935e-01   1.4530721e-01
   2.0310833e+03   1.5193030e-01   1.4854242e-01   1.4522982e-01
   2.0311667e+03   1.5188639e-01   1.4848683e-01   1.4516311e-01
   2.0312500e+03   1.5188274e-01   1.4846910e-01   1.4513193e-01
   2.0313333e+03   1.5192151e-01   1.4849125e-01   1.4513817e-01
   2.0314167e+03   1.5197017e-01   1.4852268e-01   1.4515313e-01
   2.0315000e+03   1.5200610e-01   1.4854214e-01   1.4515687e-01
   2.0315833e+03   1.5203135e-01   1.4855157e-01   1.4515119e-01
   2.0316667e+03   1.5206263e-01   1.4856667e-01   1.4515082e-01
   2.0317500e+03   1.5211061e-01   1.4859746e-01   1.4516517e-01
   2.0318333e+03   1.5215102e-01   1.4862112e-01   1.4517284e-01
   2.0319167e+03   1.5215138e-01   1.4860717e-01   1.4514525e-01
   2.0320000e+03   1.5211079e-01   1.4855476e-01   1.4508159e-01
   2.0320833e+03   1.5205545e-01   1.4848851e-01   1.4500498e-01
   2.0321667e+03   1.5201216e-01   1.4843359e-01   1.4493900e-01
   2.0322500e+03   1.5200904e-01   1.4841640e-01   1.4490840e-01
   2.0323333e+03   1.5204810e-01   1.4843881e-01   1.4491493e-01
   2.0324167e+03   1.5209672e-01   1.4847020e-01   1.4492987e-01
   2.0325000e+03   1.5213234e-01   1.4848938e-01   1.4493337e-01
   2.0325833e+03   1.5215716e-01   1.4849842e-01   1.4492737e-01
   2.0326667e+03   1.5218808e-01   1.4851318e-01   1.4492674e-01
   2.0327500e+03   1.5223600e-01   1.4854389e-01   1.4494105e-01
   2.0328333e+03   1.5227667e-01   1.4856781e-01   1.4494899e-01
   2.0329167e+03   1.5227755e-01   1.4855438e-01   1.4492195e-01
   2.0330000e+03   1.5223757e-01   1.4850263e-01   1.4485903e-01
   2.0330833e+03   1.5218287e-01   1.4843708e-01   1.4478319e-01
   2.0331667e+03   1.5214020e-01   1.4838282e-01   1.4471795e-01
   2.0332500e+03   1.5213761e-01   1.4836617e-01   1.4468793e-01
   2.0333333e+03   1.5217695e-01   1.4838885e-01   1.4469475e-01
   2.0334167e+03   1.5222553e-01   1.4842019e-01   1.4470968e-01
   2.0335000e+03   1.5226085e-01   1.4843909e-01   1.4471296e-01
   2.0335833e+03   1.5228523e-01   1.4844774e-01   1.4470665e-01
   2.0336667e+03   1.5231578e-01   1.4846216e-01   1.4470575e-01
   2.0337500e+03   1.5236362e-01   1.4849280e-01   1.4472002e-01
   2.0338333e+03   1.5240457e-01   1.4851698e-01   1.4472824e-01
   2.0339167e+03   1.5240597e-01   1.4850407e-01   1.4470177e-01
   2.0340000e+03   1.5236660e-01   1.4845298e-01   1.4463958e-01
   2.0340833e+03   1.5231253e-01   1.4838812e-01   1.4456452e-01
   2.0341667e+03   1.5227048e-01   1.4833453e-01   1.4450002e-01
   2.0342500e+03   1.5226841e-01   1.4831842e-01   1.4447058e-01
   2.0343333e+03   1.5230804e-01   1.4834138e-01   1.4447771e-01
   2.0344167e+03   1.5235658e-01   1.4837267e-01   1.4449263e-01
   2.0345000e+03   1.5239158e-01   1.4839129e-01   1.4449569e-01
   2.0345833e+03   1.5241552e-01   1.4839954e-01   1.4448907e-01
   2.0346667e+03   1.5244570e-01   1.4841364e-01   1.4448791e-01
   2.0347500e+03   1.5249347e-01   1.4844420e-01   1.4450215e-01
   2.0348333e+03   1.5253469e-01   1.4846864e-01   1.4451066e-01
   2.0349167e+03   1.5253659e-01   1.4845626e-01   1.4448476e-01
   2.0350000e+03   1.5249783e-01   1.4840583e-01   1.4442330e-01
   2.0350833e+03   1.5244440e-01   1.4834166e-01   1.4434902e-01
   2.0351667e+03   1.5240297e-01   1.4828874e-01   1.4428526e-01
   2.0352500e+03   1.5240142e-01   1.4827316e-01   1.4425641e-01
   2.0353333e+03   1.5244134e-01   1.4829640e-01   1.4426384e-01
   2.0354167e+03   1.5248983e-01   1.4832765e-01   1.4427876e-01
   2.0355000e+03   1.5252451e-01   1.4834599e-01   1.4428161e-01
   2.0355833e+03   7.6274002e-02   7.4176925e-02   7.2137341e-02
   2.0356667e+03   7.6288901e-02   7.4183806e-02   7.2136633e-02
   2.0357500e+03   7.6312746e-02   7.4199055e-02   7.2143743e-02
   2.0358333e+03   7.6333490e-02   7.4211402e-02   7.2148142e-02
   2.0359167e+03   7.6334697e-02   7.4205477e-02   7.2135480e-02
   2.0360000e+03   7.6315625e-02   7.4180590e-02   7.2105117e-02
   2.0360833e+03   7.6289226e-02   7.4148857e-02   7.2068370e-02
   2.0361667e+03   7.6268815e-02   7.4122731e-02   7.2036864e-02
   2.0362500e+03   7.6268301e-02   7.4115212e-02   7.2022736e-02
   2.0363333e+03   7.6288403e-02   7.4126970e-02   7.2026606e-02
   2.0364167e+03   7.6312622e-02   7.4142576e-02   7.2034067e-02
   2.0365000e+03   7.6329805e-02   7.4151604e-02   7.2035390e-02
   2.0365833e+03   7.6341324e-02   7.4155338e-02   7.2031773e-02
   2.0366667e+03   7.6356031e-02   7.4162052e-02   7.2030940e-02
   2.0367500e+03   7.6379836e-02   7.4177268e-02   7.2038041e-02
   2.0368333e+03   7.6400712e-02   7.4189746e-02   7.2042588e-02
   2.0369167e+03   7.6402174e-02   7.4184085e-02   7.2030215e-02
   2.0370000e+03   7.6383407e-02   7.4159529e-02   7.2000222e-02
   2.0370833e+03   7.6357324e-02   7.4128145e-02   7.1963867e-02
   2.0371667e+03   7.6337220e-02   7.4102352e-02   7.1932736e-02
   2.0372500e+03   7.6336965e-02   7.4095105e-02   7.1918905e-02
   2.0373333e+03   7.6357208e-02   7.4107003e-02   7.1922932e-02
   2.0374167e+03   7.6381401e-02   7.4122590e-02   7.1930398e-02
   2.0375000e+03   7.6398421e-02   7.4131478e-02   7.1931620e-02
   2.0375833e+03   7.6409711e-02   7.4135015e-02   7.1927856e-02
   2.0376667e+03   7.6424224e-02   7.4141564e-02   7.1926900e-02
   2.0377500e+03   7.6447986e-02   7.4156746e-02   7.1933994e-02
   2.0378333e+03   7.6468995e-02   7.4169357e-02   7.1938692e-02
   2.0379167e+03   7.6470710e-02   7.4163960e-02   7.1926610e-02
   2.0380000e+03   7.6452248e-02   7.4139736e-02   7.1896988e-02
   2.0380833e+03   7.6426480e-02   7.4108701e-02   7.1861027e-02
   2.0381667e+03   7.6406683e-02   7.4083243e-02   7.1830271e-02
   2.0382500e+03   7.6406687e-02   7.4076268e-02   7.1816740e-02
   2.0383333e+03   7.6427070e-02   7.4088308e-02   7.1820928e-02
   2.0384167e+03   7.6451234e-02   7.4103875e-02   7.1828402e-02
   2.0385000e+03   7.6468090e-02   7.4112623e-02   7.1829525e-02
   2.0385833e+03   7.6479147e-02   7.4115965e-02   7.1825615e-02
   2.0386667e+03   7.6493465e-02   7.4122348e-02   7.1824540e-02
   2.0387500e+03   7.6517182e-02   7.4137497e-02   7.1831630e-02
   2.0388333e+03   7.6538322e-02   7.4150242e-02   7.1836482e-02
   2.0389167e+03   7.6540290e-02   7.4145111e-02   7.1824692e-02
   2.0390000e+03   7.6522131e-02   7.4121218e-02   7.1795443e-02
   2.0390833e+03   7.6496679e-02   7.4090532e-02   7.1759877e-02
   2.0391667e+03   7.6477188e-02   7.4065410e-02   7.1729497e-02
   2.0392500e+03   7.6477451e-02   7.4058707e-02   7.1716268e-02
   2.0393333e+03   7.6497973e-02   7.4070890e-02   7.1720618e-02
   2.0394167e+03   7.6522107e-02   7.4086439e-02   7.1728103e-02
   2.0395000e+03   7.6538794e-02   7.4095048e-02   7.1729131e-02
   2.0395833e+03   7.6549618e-02   7.4098194e-02   7.1725077e-02
   2.0396667e+03   7.6563737e-02   7.4104411e-02   7.1723884e-02
   2.0397500e+03   7.6587408e-02   7.4119529e-02   7.1730973e-02
   2.0398333e+03   7.6608678e-02   7.4132408e-02   7.1735981e-02
   2.0399167e+03   7.6610897e-02   7.4127543e-02   7.1724487e-02
   2.0400000e+03   7.6593043e-02   7.4103983e-02   7.1695611e-02
   2.0400833e+03   7.6567905e-02   7.4073647e-02   7.1660441e-02
   2.0401667e+03   7.6548719e-02   7.4048860e-02   7.1630439e-02
   2.0402500e+03   7.6549241e-02   7.4042432e-02   7.1617513e-02
   2.0403333e+03   7.6569900e-02   7.4054758e-02   7.1622030e-02
   2.0404167e+03   7.6594002e-02   7.4070289e-02   7.1629528e-02
   2.0405000e+03   7.6610520e-02   7.4078759e-02   7.1630462e-02
   2.0405833e+03   7.6621107e-02   7.4081709e-02   7.1626268e-02
   2.0406667e+03   7.6635025e-02   7.4087761e-02   7.1624960e-02
   2.0407500e+03   7.6658648e-02   7.4102847e-02   7.1632050e-02
   2.0408333e+03   7.6680046e-02   7.4115862e-02   7.1637217e-02
   2.0409167e+03   7.6682518e-02   7.4111264e-02   7.1626020e-02
   2.0410000e+03   7.6664966e-02   7.4088038e-02   7.1597519e-02
   2.0410833e+03   7.6640143e-02   7.4058052e-02   7.1562746e-02
   2.0411667e+03   7.6621262e-02   7.4033601e-02   7.1533123e-02
   2.0412500e+03   7.6622040e-02   7.4027447e-02   7.1520504e-02
   2.0413333e+03   7.6642836e-02   7.4039918e-02   7.1525188e-02
   2.0414167e+03   7.6666905e-02   7.4055432e-02   7.1532702e-02
   2.0415000e+03   7.6683251e-02   7.4063764e-02   7.1533546e-02
   2.0415833e+03   7.6693599e-02   7.4066517e-02   7.1529213e-02
   2.0416667e+03   7.6707313e-02   7.4072404e-02   7.1527792e-02
   2.0417500e+03   7.6730887e-02   7.4087460e-02   7.1534887e-02
   2.0418333e+03   7.6752412e-02   7.4100611e-02   7.1540215e-02
   2.0419167e+03   7.6755135e-02   7.4096281e-02   7.1529318e-02
   2.0420000e+03   7.6737886e-02   7.4073389e-02   7.1501193e-02
   2.0420833e+03   7.6713376e-02   7.4043753e-02   7.1466818e-02
   2.0421667e+03   7.6694799e-02   7.4019640e-02   7.1437576e-02
   2.0422500e+03   7.6695835e-02   7.4013761e-02   7.1425264e-02
   2.0423333e+03   7.6716766e-02   7.4026377e-02   7.1430120e-02
   2.0424167e+03   7.6740800e-02   7.4041876e-02   7.1437652e-02
   2.0425000e+03   7.6756971e-02   7.4050069e-02   7.1438408e-02
   2.0425833e+03   7.6767077e-02   7.4052626e-02   7.1433938e-02
   2.0426667e+03   7.6780585e-02   7.4058348e-02   7.1432407e-02
   2.0427500e+03   7.6804107e-02   7.4073374e-02   7.1439509e-02
   2.0428333e+03   7.6825759e-02   7.4086662e-02   7.1445002e-02
   2.0429167e+03   7.6828732e-02   7.4082602e-02   7.1434405e-02
   2.0430000e+03   7.6811785e-02   7.4060044e-02   7.1406659e-02
   2.0430833e+03   7.6787589e-02   7.4030759e-02   7.1372682e-02
   2.0431667e+03   7.6769316e-02   7.4006984e-02   7.1343822e-02
   2.0432500e+03   7.6770608e-02   7.4001381e-02   7.1331820e-02
   2.0433333e+03   7.6791674e-02   7.4014143e-02   7.1336850e-02
   2.0434167e+03   7.6815670e-02   7.4029626e-02   7.1344404e-02
   2.0435000e+03   7.6831665e-02   7.4037681e-02   7.1345074e-02
   2.0435833e+03   7.6841526e-02   7.4040043e-02   7.1340470e-02
   2.0436667e+03   7.6854825e-02   7.4045600e-02   7.1338830e-02
   2.0437500e+03   7.6878294e-02   7.4060596e-02   7.1345942e-02
   2.0438333e+03   7.6900072e-02   7.4074023e-02   7.1351602e-02
   2.0439167e+03   7.6903294e-02   7.4070232e-02   7.1341309e-02
   2.0440000e+03   7.6886649e-02   7.4048010e-02   7.1313942e-02
   2.0440833e+03   7.6862765e-02   7.4019077e-02   7.1280366e-02
   2.0441667e+03   7.6844797e-02   7.3995639e-02   7.1251889e-02
   2.0442500e+03   7.6846344e-02   7.3990314e-02   7.1240199e-02
   2.0443333e+03   7.6867543e-02   7.4003224e-02   7.1245405e-02
   2.0444167e+03   7.6891501e-02   7.4018692e-02   7.1252983e-02
   2.0445000e+03   7.6907317e-02   7.4026609e-02   7.1253570e-02
   2.0445833e+03   7.6916930e-02   7.4028775e-02   7.1248833e-02
   2.0446667e+03   7.6930018e-02   7.4034166e-02   7.1247087e-02
   2.0447500e+03   7.6953432e-02   7.4049135e-02   7.1254212e-02
   2.0448333e+03   7.6975334e-02   7.4062701e-02   7.1260042e-02
   2.0449167e+03   7.6978805e-02   7.4059181e-02   7.1250054e-02
   2.0450000e+03   7.6962461e-02   7.4037294e-02   7.1223068e-02
   2.0450833e+03   7.6938890e-02   7.4008713e-02   7.1189893e-02
   2.0451667e+03   7.6921224e-02   7.3985615e-02   7.1161801e-02
   2.0452500e+03   7.6923026e-02   7.3980567e-02   7.1150425e-02
   2.0453333e+03   7.6944358e-02   7.3993625e-02   7.1155810e-02
   2.0454167e+03   7.6968275e-02   7.4009080e-02   7.1163416e-02
   2.0455000e+03   7.6983909e-02   7.4016859e-02   7.1163921e-02
   2.0455833e+03   7.6993272e-02   7.4018829e-02   7.1159054e-02
   2.0456667e+03   7.7006147e-02   7.4024055e-02   7.1157204e-02
   2.0457500e+03   7.7029504e-02   7.4038996e-02   7.1164345e-02
   2.0458333e+03   7.7051529e-02   7.4052703e-02   7.1170346e-02
   2.0459167e+03   7.7055249e-02   7.4049454e-02   7.1160666e-02
   2.0460000e+03   7.7039205e-02   7.4027903e-02   7.1134062e-02
   2.0460833e+03   7.7015946e-02   7.3999676e-02   7.1101290e-02
   2.0461667e+03   7.6998583e-02   7.3976917e-02   7.1073584e-02
   2.0462500e+03   7.7000639e-02   7.3972148e-02   7.1062524e-02
   2.0463333e+03   7.7022103e-02   7.3985356e-02   7.1068091e-02
   2.0464167e+03   7.7045977e-02   7.4000797e-02   7.1075727e-02
   2.0465000e+03   7.7061427e-02   7.4008438e-02   7.1076153e-02
   2.0465833e+03   7.7070537e-02   7.4010212e-02   7.1071158e-02
   2.0466667e+03   7.7083196e-02   7.4015274e-02   7.1069206e-02
   2.0467500e+03   7.7106494e-02   7.4030187e-02   7.1076365e-02
   2.0468333e+03   7.7128641e-02   7.4044036e-02   7.1082542e-02
   2.0469167e+03   7.7132608e-02   7.4041059e-02   7.1073171e-02
   2.0470000e+03   7.7116865e-02   7.4019846e-02   7.1046951e-02
   2.0470833e+03   7.7093917e-02   7.3991971e-02   7.1014583e-02
   2.0471667e+03   7.7076857e-02   7.3969553e-02   7.0987265e-02
   2.0472500e+03   7.7079166e-02   7.3965064e-02   7.0976523e-02
   2.0473333e+03   7.7100760e-02   7.3978422e-02   7.0982275e-02
   2.0474167e+03   7.7124591e-02   7.3993851e-02   7.0989943e-02
   2.0475000e+03   7.7139854e-02   7.4001354e-02   7.0990292e-02
   2.0475833e+03   7.7148709e-02   7.4002932e-02   7.0985170e-02
   2.0476667e+03   7.7161148e-02   7.4007829e-02   7.0983119e-02
   2.0477500e+03   7.7184385e-02   7.4022716e-02   7.0990299e-02
   2.0478333e+03   7.7206653e-02   7.4036707e-02   7.0996654e-02
   2.0479167e+03   7.7210868e-02   7.4034004e-02   7.0987595e-02
   2.0480000e+03   7.7195424e-02   7.4013128e-02   7.0961760e-02
   2.0480833e+03   7.7172788e-02   7.3985608e-02   7.0929797e-02
   2.0481667e+03   7.7156029e-02   7.3963530e-02   7.0902868e-02
   2.0482500e+03   7.7158592e-02   7.3959323e-02   7.0892446e-02
   2.0483333e+03   7.7180315e-02   7.3972832e-02   7.0898386e-02
   2.0484167e+03   7.7204099e-02   7.3988248e-02   7.0906089e-02
   2.0485000e+03   7.7219174e-02   7.3995615e-02   7.0906363e-02
   2.0485833e+03   7.7227770e-02   7.3996997e-02   7.0901118e-02
   2.0486667e+03   7.7239988e-02   7.4001729e-02   7.0898969e-02
   2.0487500e+03   7.7263162e-02   7.4016589e-02   7.0906172e-02
   2.0488333e+03   7.7285550e-02   7.4030724e-02   7.0912708e-02
   2.0489167e+03   7.7290011e-02   7.4028296e-02   7.0903963e-02
   2.0490000e+03   7.7274867e-02   7.4007759e-02   7.0878515e-02
   2.0490833e+03   7.7252541e-02   7.3980593e-02   7.0846958e-02
   2.0491667e+03   7.7236084e-02   7.3958857e-02   7.0820420e-02
   2.0492500e+03   7.7238899e-02   7.3954931e-02   7.0810320e-02
   2.0493333e+03   7.7260750e-02   7.3968593e-02   7.0816450e-02
   2.0494167e+03   7.7284487e-02   7.3983998e-02   7.0824190e-02
   2.0495000e+03   7.7299370e-02   7.3991228e-02   7.0824393e-02
   2.0495833e+03   7.7307705e-02   7.3992412e-02   7.0819025e-02
   2.0496667e+03   7.7319699e-02   7.3996980e-02   7.0816781e-02
   2.0497500e+03   7.7342808e-02   7.4011815e-02   7.0824010e-02
   2.0498333e+03   7.7365314e-02   7.4026094e-02   7.0830729e-02
   2.0499167e+03   7.7370021e-02   7.4023942e-02   7.0822301e-02
   2.0500000e+03   7.7355176e-02   7.4003744e-02   7.0797240e-02
   2.0500833e+03   7.7333144e-02   7.3976918e-02   7.0766078e-02
   2.0501667e+03   7.7316956e-02   7.3955495e-02   7.0739904e-02
   2.0502500e+03   7.7319986e-02   7.3951817e-02   7.0730096e-02
   2.0503333e+03   7.7341943e-02   7.3965613e-02   7.0736401e-02
   2.0504167e+03   7.7365649e-02   7.3981024e-02   7.0744197e-02
   2.0505000e+03   7.7380401e-02   7.3988175e-02   7.0744382e-02
   2.0505833e+03   3.8694284e-02   3.6994625e-02   3.5369486e-02
   2.0506667e+03   3.8700216e-02   3.6996871e-02   3.5368358e-02
   2.0507500e+03   3.8711758e-02   3.7004294e-02   3.5372002e-02
   2.0508333e+03   3.8723046e-02   3.7011484e-02   3.5375433e-02
   2.0509167e+03   3.8725456e-02   3.7010483e-02   3.5371320e-02
   2.0510000e+03   3.8718088e-02   3.7000466e-02   3.5358902e-02
   2.0510833e+03   3.8707127e-02   3.6987138e-02   3.5343438e-02
   2.0511667e+03   3.8699088e-02   3.6976508e-02   3.5330464e-02
   2.0512500e+03   3.8700654e-02   3.6974740e-02   3.5325656e-02
   2.0513333e+03   3.8711665e-02   3.6981685e-02   3.5328876e-02
   2.0514167e+03   3.8723515e-02   3.6989405e-02   3.5332810e-02
   2.0515000e+03   3.8730857e-02   3.6992968e-02   3.5332918e-02
   2.0515833e+03   3.8734890e-02   3.6993481e-02   3.5330220e-02
   2.0516667e+03   3.8740780e-02   3.6995709e-02   3.5329102e-02
   2.0517500e+03   3.8752316e-02   3.7003142e-02   3.5332779e-02
   2.0518333e+03   3.8763635e-02   3.7010376e-02   3.5336274e-02
   2.0519167e+03   3.8766095e-02   3.7009445e-02   3.5332254e-02
   2.0520000e+03   3.8758782e-02   3.6999508e-02   3.5319946e-02
   2.0520833e+03   3.8747876e-02   3.6986263e-02   3.5304596e-02
   2.0521667e+03   3.8739892e-02   3.6975714e-02   3.5291732e-02
   2.0522500e+03   3.8741509e-02   3.6974016e-02   3.5287018e-02
   2.0523333e+03   3.8752551e-02   3.6981006e-02   3.5290302e-02
   2.0524167e+03   3.8764399e-02   3.6988738e-02   3.5294270e-02
   2.0525000e+03   3.8771706e-02   3.6992287e-02   3.5294390e-02
   2.0525833e+03   3.8775689e-02   3.6992775e-02   3.5291695e-02
   2.0526667e+03   3.8781537e-02   3.6994983e-02   3.5290584e-02
   2.0527500e+03   3.8793067e-02   3.7002425e-02   3.5294292e-02
   2.0528333e+03   3.8804416e-02   3.7009702e-02   3.5297848e-02
   2.0529167e+03   3.8806927e-02   3.7008839e-02   3.5293917e-02
   2.0530000e+03   3.8799669e-02   3.6998981e-02   3.5281716e-02
   2.0530833e+03   3.8788818e-02   3.6985817e-02   3.5266477e-02
   2.0531667e+03   3.8780888e-02   3.6975347e-02   3.5253720e-02
   2.0532500e+03   3.8782556e-02   3.6973718e-02   3.5249097e-02
   2.0533333e+03   3.8793631e-02   3.6980751e-02   3.5252442e-02
   2.0534167e+03   3.8805476e-02   3.6988494e-02   3.5256441e-02
   2.0535000e+03   3.8812749e-02   3.6992028e-02   3.5256571e-02
   2.0535833e+03   3.8816680e-02   3.6992488e-02   3.5253875e-02
   2.0536667e+03   3.8822487e-02   3.6994674e-02   3.5252770e-02
   2.0537500e+03   3.8834010e-02   3.7002124e-02   3.5256504e-02
   2.0538333e+03   3.8845390e-02   3.7009442e-02   3.5260118e-02
   2.0539167e+03   3.8847951e-02   3.7008645e-02   3.5256275e-02
   2.0540000e+03   3.8840748e-02   3.6998865e-02   3.5244177e-02
   2.0540833e+03   3.8829951e-02   3.6985781e-02   3.5229047e-02
   2.0541667e+03   3.8822077e-02   3.6975389e-02   3.5216395e-02
   2.0542500e+03   3.8823796e-02   3.6973827e-02   3.5211859e-02
   2.0543333e+03   3.8834903e-02   3.6980902e-02   3.5215263e-02
   2.0544167e+03   3.8846745e-02   3.6988654e-02   3.5219288e-02
   2.0545000e+03   3.8853983e-02   3.6992172e-02   3.5219425e-02
   2.0545833e+03   3.8857863e-02   3.6992602e-02   3.5216727e-02
   2.0546667e+03   3.8863627e-02   3.6994766e-02   3.5215623e-02
   2.0547500e+03   3.8875144e-02   3.7002222e-02   3.5219381e-02
   2.0548333e+03   3.8886554e-02   3.7009579e-02   3.5223051e-02
   2.0549167e+03   3.8889165e-02   3.7008847e-02   3.5219291e-02
   2.0550000e+03   3.8882017e-02   3.6999143e-02   3.5207295e-02
   2.0550833e+03   3.8871276e-02   3.6986138e-02   3.5192271e-02
   2.0551667e+03   3.8863456e-02   3.6975822e-02   3.5179720e-02
   2.0552500e+03   3.8865227e-02   3.6974326e-02   3.5175269e-02
   2.0553333e+03   3.8876366e-02   3.6981442e-02   3.5178728e-02
   2.0554167e+03   3.8888204e-02   3.6989201e-02   3.5182778e-02
   2.0555000e+03   3.8895407e-02   3.6992700e-02   3.5182918e-02
   2.0555833e+03   3.8899236e-02   3.6993100e-02   3.5180214e-02
   2.0556667e+03   3.8904957e-02   3.6995239e-02   3.5179109e-02
   2.0557500e+03   3.8916467e-02   3.7002699e-02   3.5182888e-02
   2.0558333e+03   3.8927908e-02   3.7010095e-02   3.5186610e-02
   2.0559167e+03   3.8930570e-02   3.7009426e-02   3.5182931e-02
   2.0560000e+03   3.8923477e-02   3.6999797e-02   3.5171033e-02
   2.0560833e+03   3.8912790e-02   3.6986869e-02   3.5156112e-02
   2.0561667e+03   3.8905026e-02   3.6976628e-02   3.5143660e-02
   2.0562500e+03   3.8906847e-02   3.6975196e-02   3.5139291e-02
   2.0563333e+03   3.8918018e-02   3.6982351e-02   3.5142802e-02
   2.0564167e+03   3.8929853e-02   3.6990117e-02   3.5146874e-02
   2.0565000e+03   3.8937021e-02   3.6993596e-02   3.5147014e-02
   2.0565833e+03   3.8940798e-02   3.6993963e-02   3.5144302e-02
   2.0566667e+03   3.8946476e-02   3.6996076e-02   3.5143193e-02
   2.0567500e+03   3.8957980e-02   3.7003539e-02   3.5146990e-02
   2.0568333e+03   3.8969451e-02   3.7010972e-02   3.5150761e-02
   2.0569167e+03   3.8972163e-02   3.7010364e-02   3.5147161e-02
   2.0570000e+03   3.8965125e-02   3.7000808e-02   3.5135358e-02
   2.0570833e+03   3.8954493e-02   3.6987957e-02   3.5120538e-02
   2.0571667e+03   3.8946784e-02   3.6977790e-02   3.5108182e-02
   2.0572500e+03   3.8948657e-02   3.6976420e-02   3.5103892e-02
   2.0573333e+03   3.8959859e-02   3.6983613e-02   3.5107452e-02
   2.0574167e+03   3.8971691e-02   3.6991383e-02   3.5111542e-02
   2.0575000e+03   3.8978823e-02   3.6994840e-02   3.5111680e-02
   2.0575833e+03   3.8982548e-02   3.6995173e-02   3.5108957e-02
   2.0576667e+03   3.8988183e-02   3.6997259e-02   3.5107841e-02
   2.0577500e+03   3.8999680e-02   3.7004723e-02   3.5111653e-02
   2.0578333e+03   3.9011181e-02   3.7012190e-02   3.5115470e-02
   2.0579167e+03   3.9013944e-02   3.7011643e-02   3.5111945e-02
   2.0580000e+03   3.9006961e-02   3.7002159e-02   3.5100235e-02
   2.0580833e+03   3.8996384e-02   3.6989383e-02   3.5085512e-02
   2.0581667e+03   3.8988730e-02   3.6979288e-02   3.5073250e-02
   2.0582500e+03   3.8990654e-02   3.6977979e-02   3.5069036e-02
   2.0583333e+03   3.9001889e-02   3.6985208e-02   3.5072643e-02
   2.0584167e+03   3.9013717e-02   3.6992981e-02   3.5076748e-02
   2.0585000e+03   3.9020813e-02   3.6996416e-02   3.5076881e-02
   2.0585833e+03   3.9024486e-02   3.6996713e-02   3.5074143e-02
   2.0586667e+03   3.9030077e-02   3.6998770e-02   3.5073017e-02
   2.0587500e+03   3.9041567e-02   3.7006233e-02   3.5076842e-02
   2.0588333e+03   3.9053098e-02   3.7013734e-02   3.5080701e-02
   2.0589167e+03   3.9055912e-02   3.7013246e-02   3.5077249e-02
   2.0590000e+03   3.9048984e-02   3.7003832e-02   3.5065629e-02
   2.0590833e+03   3.9038462e-02   3.6991129e-02   3.5051002e-02
   2.0591667e+03   3.9030862e-02   3.6981106e-02   3.5038829e-02
   2.0592500e+03   3.9032838e-02   3.6979857e-02   3.5034689e-02
   2.0593333e+03   3.9044105e-02   3.6987120e-02   3.5038339e-02
   2.0594167e+03   3.9055929e-02   3.6994894e-02   3.5042457e-02
   2.0595000e+03   3.9062989e-02   3.6998304e-02   3.5042582e-02
   2.0595833e+03   3.9066609e-02   3.6998564e-02   3.5039827e-02
   2.0596667e+03   3.9072157e-02   3.7000590e-02   3.5038688e-02
   2.0597500e+03   3.9083639e-02   3.7008050e-02   3.5042522e-02
   2.0598333e+03   3.9095201e-02   3.7015584e-02   3.5046422e-02
   2.0599167e+03   3.9098065e-02   3.7015153e-02   3.5043039e-02
   2.0600000e+03   3.9091192e-02   3.7005809e-02   3.5031507e-02
   2.0600833e+03   3.9080725e-02   3.6993178e-02   3.5016971e-02
   2.0601667e+03   3.9073181e-02   3.6983224e-02   3.5004887e-02
   2.0602500e+03   3.9075208e-02   3.6982033e-02   3.5000817e-02
   2.0603333e+03   3.9086506e-02   3.6989329e-02   3.5004508e-02
   2.0604167e+03   3.9098327e-02   3.6997103e-02   3.5008635e-02
   2.0605000e+03   3.9105350e-02   3.7000486e-02   3.5008749e-02
   2.0605833e+03   3.9108918e-02   3.7000708e-02   3.5005974e-02
   2.0606667e+03   3.9114422e-02   3.7002701e-02   3.5004820e-02
   2.0607500e+03   3.9125896e-02   3.7010158e-02   3.5008659e-02
   2.0608333e+03   3.9137488e-02   3.7017722e-02   3.5012596e-02
   2.0609167e+03   3.9140403e-02   3.7017347e-02   3.5009280e-02
   2.0610000e+03   3.9133585e-02   3.7008071e-02   3.4997833e-02
   2.0610833e+03   3.9123174e-02   3.6995511e-02   3.4983387e-02
   2.0611667e+03   3.9115684e-02   3.6985625e-02   3.4971388e-02
   2.0612500e+03   3.9117762e-02   3.6984491e-02   3.4967386e-02
   2.0613333e+03   3.9129093e-02   3.6991819e-02   3.4971114e-02
   2.0614167e+03   3.9140909e-02   3.6999591e-02   3.4975248e-02
   2.0615000e+03   3.9147896e-02   3.7002946e-02   3.4975348e-02
   2.0615833e+03   3.9151410e-02   3.7003127e-02   3.4972550e-02
   2.0616667e+03   3.9156870e-02   3.7005087e-02   3.4971377e-02
   2.0617500e+03   3.9168337e-02   3.7012538e-02   3.4975220e-02
   2.0618333e+03   3.9179959e-02   3.7020131e-02   3.4979191e-02
   2.0619167e+03   3.9182924e-02   3.7019810e-02   3.4975939e-02
   2.0620000e+03   3.9176162e-02   3.7010601e-02   3.4964574e-02
   2.0620833e+03   3.9165805e-02   3.6998110e-02   3.4950215e-02
   2.0621667e+03   3.9158371e-02   3.6988291e-02   3.4938299e-02
   2.0622500e+03   3.9160501e-02   3.6987212e-02   3.4934361e-02
   2.0623333e+03   3.9171863e-02   3.6994570e-02   3.4938124e-02
   2.0624167e+03   3.9183675e-02   3.7002338e-02   3.4942261e-02
   2.0625000e+03   3.9190625e-02   3.7005664e-02   3.4942344e-02
   2.0625833e+03   3.9194086e-02   3.7005803e-02   3.4939521e-02
   2.0626667e+03   3.9199501e-02   3.7007727e-02   3.4938327e-02
   2.0627500e+03   3.9210961e-02   3.7015172e-02   3.4942170e-02
   2.0628333e+03   3.9222613e-02   3.7022791e-02   3.4946172e-02
   2.0629167e+03   3.9225629e-02   3.7022524e-02   3.4942981e-02
   2.0630000e+03   3.9218921e-02   3.7013380e-02   3.4931695e-02
   2.0630833e+03   3.9208620e-02   3.7000957e-02   3.4917422e-02
   2.0631667e+03   3.9201241e-02   3.6991204e-02   3.4905585e-02
   2.0632500e+03   3.9203421e-02   3.6990179e-02   3.4901710e-02
   2.0633333e+03   3.9214815e-02   3.6997565e-02   3.4905503e-02
   2.0634167e+03   3.9226623e-02   3.7005328e-02   3.4909641e-02
   2.0635000e+03   3.9233536e-02   3.7008623e-02   3.4909705e-02
   2.0635833e+03   3.9236943e-02   3.7008718e-02   3.4906853e-02
   2.0636667e+03   3.9242314e-02   3.7010605e-02   3.4905636e-02
   2.0637500e+03   3.9253765e-02   3.7018041e-02   3.4909476e-02
   2.0638333e+03   3.9265448e-02   3.7025687e-02   3.4913506e-02
   2.0639167e+03   3.9268514e-02   3.7025471e-02   3.4910374e-02
   2.0640000e+03   3.9261861e-02   3.7016391e-02   3.4899164e-02
   2.0640833e+03   3.9251616e-02   3.7004034e-02   3.4884972e-02
   2.0641667e+03   3.9244292e-02   3.6994345e-02   3.4873213e-02
   2.0642500e+03   3.9246524e-02   3.6993373e-02   3.4869397e-02
   2.0643333e+03   3.9257949e-02   3.7000786e-02   3.4873219e-02
   2.0644167e+03   3.9269753e-02   3.7008542e-02   3.4877355e-02
   2.0645000e+03   3.9276629e-02   3.7011804e-02   3.4877396e-02
   2.0645833e+03   3.9279982e-02   3.7011854e-02   3.4874513e-02
   2.0646667e+03   3.9285307e-02   3.7013703e-02   3.4873269e-02
   2.0647500e+03   3.9296751e-02   3.7021128e-02   3.4877103e-02
   2.0648333e+03   3.9308463e-02   3.7028798e-02   3.4881159e-02
   2.0649167e+03   3.9311580e-02   3.7028633e-02   3.4878082e-02
   2.0650000e+03   3.9304983e-02   3.7019615e-02   3.4866946e-02
   2.0650833e+03   3.9294792e-02   3.7007324e-02   3.4852834e-02
   2.0651667e+03   3.9287523e-02   3.6997698e-02   3.4841150e-02
   2.0652500e+03   3.9289807e-02   3.6996777e-02   3.4837390e-02
   2.0653333e+03   3.9301264e-02   3.7004214e-02   3.4841238e-02
   2.0654167e+03   3.9313063e-02   3.7011962e-02   3.4845368e-02
   2.0655000e+03   3.9319901e-02   3.7015189e-02   3.4845384e-02
   2.0655833e+03   3.9323200e-02   3.7015193e-02   3.4842467e-02
   2.0656667e+03   3.9328480e-02   3.7017001e-02   3.4841193e-02
   2.0657500e+03   3.9339915e-02   3.7024415e-02   3.4845018e-02
   2.0658333e+03   3.9351657e-02   3.7032107e-02   3.4849097e-02
   2.0659167e+03   3.9354825e-02   3.7031991e-02   3.4846072e-02
   2.0660000e+03   3.9348283e-02   3.7023034e-02   3.4835008e-02
   2.0660833e+03   3.9338148e-02   3.7010807e-02   3.4820973e-02
   2.0661667e+03   3.9330934e-02   3.7001242e-02   3.4809360e-02
   2.0662500e+03   3.9333269e-02   3.7000371e-02   3.4805655e-02
   2.0663333e+03   3.9344758e-02   3.7007832e-02   3.4809525e-02
   2.0664167e+03   3.9356552e-02   3.7015570e-02   3.4813647e-02
   2.0665000e+03   3.9363352e-02   3.7018761e-02   3.4813635e-02
   2.0665833e+03   3.9366597e-02   3.7018717e-02   3.4810682e-02
   2.0666667e+03   3.9371831e-02   3.7020483e-02   3.4809375e-02
   2.0667500e+03   3.9383258e-02   3.7027883e-02   3.4813189e-02
   2.0668333e+03   3.9395030e-02   3.7035597e-02   3.4817286e-02
   2.0669167e+03   3.9398248e-02   3.7035527e-02   3.4814312e-02
   2.0670000e+03   3.9391762e-02   3.7026630e-02   3.4803317e-02
   2.0670833e+03   3.9381681e-02   3.7014466e-02   3.4789356e-02
   2.0671667e+03   3.9374523e-02   3.7004962e-02   3.4777813e-02
   2.0672500e+03   3.9376910e-02   3.7004138e-02   3.4774158e-02
   2.0673333e+03   3.9388430e-02   3.7011621e-02   3.4778048e-02
   2.0674167e+03   3.9400220e-02   3.7019348e-02   3.4782158e-02
   2.0675000e+03   3.9406982e-02   3.7022502e-02   3.4782116e-02
   2.0675833e+03   3.9410171e-02   3.7022407e-02   3.4779123e-02
   2.0676667e+03   3.9415359e-02   3.7024130e-02   3.4777781e-02
   2.0677500e+03   3.9426778e-02   3.7031515e-02   3.4781580e-02
   2.0678333e+03   3.9438580e-02   3.7039248e-02   3.4785694e-02
   2.0679167e+03   3.9441849e-02   3.7039224e-02   3.4782767e-02
   2.0680000e+03   3.9435417e-02   3.7030385e-02   3.4771838e-02
   2.0680833e+03   3.9425393e-02   3.7018283e-02   3.4757949e-02
   2.0681667e+03   3.9418290e-02   3.7008837e-02   3.4746473e-02
   2.0682500e+03   3.9420728e-02   3.7008061e-02   3.4742866e-02
   2.0683333e+03   3.9432279e-02   3.7015564e-02   3.4746773e-02
   2.0684167e+03   3.9444064e-02   3.7023277e-02   3.4750869e-02
   2.0685000e+03   3.9450788e-02   3.7026392e-02   3.4750793e-02
   2.0685833e+03   3.9453922e-02   3.7026246e-02   3.4747758e-02
   2.0686667e+03   3.9459064e-02   3.7027924e-02   3.4746378e-02
   2.0687500e+03   3.9470474e-02   3.7035292e-02   3.4750160e-02
   2.0688333e+03   3.9482306e-02   3.7043043e-02   3.4754288e-02
   2.0689167e+03   3.9485625e-02   3.7043063e-02   3.4751404e-02
   2.0690000e+03   3.9479249e-02   3.7034282e-02   3.4740539e-02
   2.0690833e+03   3.9469280e-02   3.7022240e-02   3.4726719e-02
   2.0691667e+03   3.9462232e-02   3.7012851e-02   3.4715308e-02
   2.0692500e+03   3.9464722e-02   3.7012120e-02   3.4711746e-02
   2.0693333e+03   3.9476305e-02   3.7019642e-02   3.4715667e-02
   2.0694167e+03   3.9488085e-02   3.7027340e-02   3.4719746e-02
   2.0695000e+03   3.9494770e-02   3.7030414e-02   3.4719633e-02
   2.0695833e+03   3.9497848e-02   3.7030215e-02   3.4716554e-02
   2.0696667e+03   3.9502944e-02   3.7031846e-02   3.4715133e-02
   2.0697500e+03   3.9514345e-02   3.7039196e-02   3.4718895e-02
   2.0698333e+03   3.9526206e-02   3.7046963e-02   3.4723033e-02
   2.0699167e+03   3.9529577e-02   3.7047027e-02   3.4720191e-02
   2.0700000e+03   3.9523256e-02   3.7038301e-02   3.4709387e-02
   2.0700833e+03   3.9513342e-02   3.7026318e-02   3.4695634e-02
   2.0701667e+03   3.9506350e-02   3.7016986e-02   3.4684284e-02
   2.0702500e+03   3.9508891e-02   3.7016298e-02   3.4680765e-02
   2.0703333e+03   3.9520506e-02   3.7023837e-02   3.4684697e-02
   2.0704167e+03   3.9532280e-02   3.7031519e-02   3.4688756e-02
   2.0705000e+03   3.9538926e-02   3.7034551e-02   3.4688604e-02
   2.0705833e+03   3.9541948e-02   3.7034297e-02   3.4685477e-02
   2.0706667e+03   3.9546997e-02   3.7035880e-02   3.4684013e-02
   2.0707500e+03   3.9558389e-02   3.7043210e-02   3.4687751e-02
   2.0708333e+03   3.9570281e-02   3.7050991e-02   3.4691897e-02
   2.0709167e+03   3.9573702e-02   3.7051096e-02   3.4689094e-02
   2.0710000e+03   3.9567437e-02   3.7042425e-02   3.4678349e-02
   2.0710833e+03   3.9557578e-02   3.7030499e-02   3.4664660e-02
   2.0711667e+03   3.9550642e-02   3.7021222e-02   3.4653370e-02
   2.0712500e+03   3.9553234e-02   3.7020576e-02   3.4649890e-02
   2.0713333e+03   3.9564880e-02   3.7028131e-02   3.4653830e-02
   2.0714167e+03   3.9576649e-02   3.7035795e-02   3.4657866e-02
   2.0715000e+03   3.9583256e-02   3.7038783e-02   3.4657672e-02
   2.0715833e+03   3.9586222e-02   3.7038473e-02   3.4654495e-02
   2.0716667e+03   3.9591224e-02   3.7040006e-02   3.4652985e-02
   2.0717500e+03   3.9602607e-02   3.7047314e-02   3.4656697e-02
   2.0718333e+03   3.9614528e-02   3.7055109e-02   3.4660847e-02
   2.0719167e+03   3.9618000e-02   3.7055253e-02   3.4658080e-02
   2.0720000e+03   3.9611790e-02   3.7046635e-02   3.4647391e-02
   2.0720833e+03   3.9601987e-02   3.7034766e-02   3.4633764e-02
   2.0721667e+03   3.9595106e-02   3.7025542e-02   3.4622531e-02
   2.0722500e+03   3.9597750e-02   3.7024937e-02   3.4619088e-02
   2.0723333e+03   3.9609428e-02   3.7032506e-02   3.4623033e-02
   2.0724167e+03   3.9621191e-02   3.7040150e-02   3.4627044e-02
   2.0725000e+03   3.9627758e-02   3.7043092e-02   3.4626805e-02
   2.0725833e+03   3.9630668e-02   3.7042724e-02   3.4623575e-02
   2.0726667e+03   3.9635622e-02   3.7044206e-02   3.4622016e-02
   2.0727500e+03   3.9646996e-02   3.7051491e-02   3.4625699e-02
   2.0728333e+03   3.9658947e-02   3.7059297e-02   3.4629851e-02
   2.0729167e+03   3.9662470e-02   3.7059480e-02   3.4627117e-02
   2.0730000e+03   3.9656315e-02   3.7050913e-02   3.4616481e-02
   2.0730833e+03   3.9646568e-02   3.7039099e-02   3.4602914e-02
   2.0731667e+03   3.9639742e-02   3.7029928e-02   3.4591735e-02
   2.0732500e+03   3.9642437e-02   3.7029363e-02   3.4588327e-02
   2.0733333e+03   3.9654147e-02   3.7036943e-02   3.4592273e-02
   2.0734167e+03   3.9665904e-02   3.7044566e-02   3.4596255e-02
   2.0735000e+03   3.9672432e-02   3.7047461e-02   3.4595969e-02
   2.0735833e+03   3.9675284e-02   3.7047034e-02   3.4592684e-02
   2.0736667e+03   3.9680192e-02   3.7048462e-02   3.4591073e-02
   2.0737500e+03   3.9691555e-02   3.7055723e-02   3.4594724e-02
   2.0738333e+03   3.9703536e-02   3.7063538e-02   3.4598875e-02
   2.0739167e+03   3.9707110e-02   3.7063758e-02   3.4596172e-02
   2.0740000e+03   3.9701011e-02   3.7055242e-02   3.4585587e-02
   2.0740833e+03   3.9691319e-02   3.7043482e-02   3.4572077e-02
   2.0741667e+03   3.9684549e-02   3.7034361e-02   3.4560949e-02
   2.0742500e+03   3.9687296e-02   3.7033834e-02   3.4557573e-02
   2.0743333e+03   3.9699036e-02   3.7041425e-02   3.4561518e-02
   2.0744167e+03   3.9710788e-02   3.7049025e-02   3.4565469e-02
   2.0745000e+03   3.9717276e-02   3.7051871e-02   3.4565132e-02
   2.0745833e+03   3.9720071e-02   3.7051383e-02   3.4561789e-02
   2.0746667e+03   3.9724930e-02   3.7052757e-02   3.4560124e-02
   2.0747500e+03   3.9736284e-02   3.7059991e-02   3.4563740e-02
   2.0748333e+03   3.9748295e-02   3.7067815e-02   3.4567887e-02
   2.0749167e+03   3.9751919e-02   3.7068070e-02   3.4565211e-02
   2.0750000e+03   3.9745876e-02   3.7059603e-02   3.4554675e-02
   2.0750833e+03   3.9736237e-02   3.7047893e-02   3.4541218e-02
   2.0751667e+03   3.9729519e-02   3.7038819e-02   3.4530137e-02
   2.0752500e+03   3.9732314e-02   3.7038324e-02   3.4526787e-02
   2.0753333e+03   3.9744084e-02   3.7045923e-02   3.4530726e-02
   2.0754167e+03   3.9755832e-02   3.7053501e-02   3.4534645e-02
   2.0755000e+03   3.9762288e-02   3.7056303e-02   3.4534262e-02
   2.0755833e+03   3.9765037e-02   3.7055763e-02   3.4530867e-02
   2.0756667e+03   3.9769860e-02   3.7057092e-02   3.4529155e-02
   2.0757500e+03   3.9781210e-02   3.7064302e-02   3.4532738e-02
   2.0758333e+03   3.9793245e-02   3.7072129e-02   3.4536874e-02
   2.0759167e+03   3.9796906e-02   3.7072405e-02   3.4534212e-02
   2.0760000e+03   3.9790898e-02   3.7063967e-02   3.4523705e-02
   2.0760833e+03   3.9781294e-02   3.7052289e-02   3.4510283e-02
   2.0761667e+03   3.9774611e-02   3.7043244e-02   3.4499232e-02
   2.0762500e+03   3.9777441e-02   3.7042771e-02   3.4495894e-02
   2.0763333e+03   3.9789236e-02   3.7050372e-02   3.4499823e-02
   2.0764167e+03   3.9800985e-02   3.7057929e-02   3.4503709e-02
   2.0765000e+03   3.9807415e-02   3.7060694e-02   3.4503283e-02
   2.0765833e+03   3.9810127e-02   3.7060108e-02   3.4499842e-02
   2.0766667e+03   3.9814919e-02   3.7061394e-02   3.4498084e-02
   2.0767500e+03   3.9826267e-02   3.7068582e-02   3.4501633e-02
   2.0768333e+03   3.9838326e-02   3.7076408e-02   3.4505754e-02
   2.0769167e+03   3.9842023e-02   3.7076704e-02   3.4503102e-02
   2.0770000e+03   3.9836050e-02   3.7068294e-02   3.4492622e-02
   2.0770833e+03   3.9826480e-02   3.7056646e-02   3.4479232e-02
   2.0771667e+03   3.9819831e-02   3.7047629e-02   3.4468209e-02
   2.0772500e+03   3.9822698e-02   3.7047175e-02   3.4464882e-02
   2.0773333e+03   3.9834518e-02   3.7054777e-02   3.4468796e-02
   2.0774167e+03   3.9846267e-02   3.7062312e-02   3.4472648e-02
   2.0775000e+03   3.9852673e-02   3.7065037e-02   3.4472176e-02
   2.0775833e+03   3.9855346e-02   3.7064404e-02   3.4468685e-02
   2.0776667e+03   3.9860107e-02   3.7065647e-02   3.4466880e-02
   2.0777500e+03   3.9871452e-02   3.7072810e-02   3.4470391e-02
   2.0778333e+03   3.9883537e-02   3.7080635e-02   3.4474496e-02
   2.0779167e+03   3.9887269e-02   3.7080948e-02   3.4471851e-02
   2.0780000e+03   3.9881331e-02   3.7072564e-02   3.4461396e-02
   2.0780833e+03   3.9871794e-02   3.7060946e-02   3.4448036e-02
   2.0781667e+03   3.9865181e-02   3.7051956e-02   3.4437037e-02
   2.0782500e+03   3.9868083e-02   3.7051519e-02   3.4433719e-02
   2.0783333e+03   3.9879929e-02   3.7059121e-02   3.4437616e-02
   2.0784167e+03   3.9891678e-02   3.7066631e-02   3.4441430e-02
   2.0785000e+03   3.9898059e-02   3.7069316e-02   3.4440910e-02
   2.0785833e+03   3.9900694e-02   3.7068633e-02   3.4437367e-02
   2.0786667e+03   3.9905424e-02   3.7069832e-02   3.4435511e-02
   2.0787500e+03   3.9916767e-02   3.7076969e-02   3.4438982e-02
   2.0788333e+03   3.9928875e-02   3.7084791e-02   3.4443067e-02
   2.0789167e+03   3.9932643e-02   3.7085119e-02   3.4440426e-02
   2.0790000e+03   3.9926741e-02   3.7076761e-02   3.4429993e-02
   2.0790833e+03   3.9917238e-02   3.7065171e-02   3.4416661e-02
   2.0791667e+03   3.9910660e-02   3.7056207e-02   3.4405686e-02
   2.0792500e+03   3.9913598e-02   3.7055787e-02   3.4402373e-02
   2.0793333e+03   3.9925469e-02   3.7063385e-02   3.4406250e-02
   2.0794167e+03   3.9937218e-02   3.7070871e-02   3.4410023e-02
   2.0795000e+03   3.9943573e-02   3.7073513e-02   3.4409452e-02
   2.0795833e+03   3.9946170e-02   3.7072780e-02   3.4405855e-02
   2.0796667e+03   3.9950869e-02   3.7073932e-02   3.4403946e-02
   2.0797500e+03   3.9962209e-02   3.7081041e-02   3.4407374e-02
   2.0798333e+03   3.9974342e-02   3.7088859e-02   3.4411436e-02
   2.0799167e+03   3.9978146e-02   3.7089201e-02   3.4408798e-02
   2.0800000e+03   3.9972278e-02   3.7080868e-02   3.4398385e-02
   2.0800833e+03   3.9962810e-02   3.7069304e-02   3.4385078e-02
   2.0801667e+03   3.9956267e-02   3.7060364e-02   3.4374123e-02
   2.0802500e+03   3.9959240e-02   3.7059959e-02   3.4370813e-02
   2.0803333e+03   3.9971137e-02   3.7067553e-02   3.4374667e-02
   2.0804167e+03   3.9982886e-02   3.7075012e-02   3.4378397e-02
   2.0805000e+03   3.9989216e-02   3.7077610e-02   3.4377773e-02
   2.0805833e+03   3.9991775e-02   3.7076826e-02   3.4374118e-02
   2.0806667e+03   3.9996442e-02   3.7077930e-02   3.4372153e-02
   2.0807500e+03   4.0007779e-02   3.7085009e-02   3.4375537e-02
   2.0808333e+03   4.0019936e-02   3.7092821e-02   3.4379573e-02
   2.0809167e+03   4.0023776e-02   3.7093177e-02   3.4376934e-02
   2.0810000e+03   4.0017944e-02   3.7084866e-02   3.4366538e-02
   2.0810833e+03   4.0008509e-02   3.7073327e-02   3.4353255e-02
   2.0811667e+03   4.0002001e-02   3.7064411e-02   3.4342318e-02
   2.0812500e+03   4.0005011e-02   3.7064019e-02   3.4339009e-02
   2.0813333e+03   4.0016933e-02   3.7071608e-02   3.4342837e-02
   2.0814167e+03   4.0028681e-02   3.7079038e-02   3.4346521e-02
   2.0815000e+03   4.0034986e-02   3.7081591e-02   3.4345840e-02
   2.0815833e+03   4.0037506e-02   3.7080753e-02   3.4342126e-02
   2.0816667e+03   4.0042142e-02   3.7081808e-02   3.4340103e-02
   2.0817500e+03   4.0053476e-02   3.7088856e-02   3.4343438e-02
   2.0818333e+03   4.0065658e-02   3.7096660e-02   3.4347446e-02
   2.0819167e+03   4.0069533e-02   3.7097027e-02   3.4344803e-02
   2.0820000e+03   4.0063737e-02   3.7088738e-02   3.4334423e-02
   2.0820833e+03   4.0054336e-02   3.7077223e-02   3.4321161e-02
   2.0821667e+03   4.0047863e-02   3.7068329e-02   3.4310240e-02
   2.0822500e+03   4.0050909e-02   3.7067949e-02   3.4306928e-02
   2.0823333e+03   4.0062857e-02   3.7075531e-02   3.4310728e-02
   2.0824167e+03   4.0074605e-02   3.7082931e-02   3.4314363e-02
   2.0825000e+03   4.0080884e-02   3.7085437e-02   3.4313624e-02
   2.0825833e+03   4.0083365e-02   3.7084544e-02   3.4309847e-02
   2.0826667e+03   4.0087970e-02   3.7085548e-02   3.4307764e-02
   2.0827500e+03   4.0099301e-02   3.7092564e-02   3.4311048e-02
   2.0828333e+03   4.0111507e-02   3.7100359e-02   3.4315024e-02
   2.0829167e+03   4.0115418e-02   3.7100736e-02   3.4312376e-02
   2.0830000e+03   4.0109657e-02   3.7092467e-02   3.4302008e-02
   2.0830833e+03   4.0100290e-02   3.7080975e-02   3.4288765e-02
   2.0831667e+03   4.0093852e-02   3.7072101e-02   3.4277858e-02
   2.0832500e+03   4.0096934e-02   3.7071733e-02   3.4274541e-02
   2.0833333e+03   4.0108907e-02   3.7079305e-02   3.4278309e-02
   2.0834167e+03   4.0120655e-02   3.7086673e-02   3.4281892e-02
   2.0835000e+03   4.0126909e-02   3.7089131e-02   3.4281092e-02
   2.0835833e+03   4.0129351e-02   3.7088182e-02   3.4277251e-02
   2.0836667e+03   4.0133923e-02   3.7089134e-02   3.4275105e-02
   2.0837500e+03   4.0145251e-02   3.7096115e-02   3.4278335e-02
   2.0838333e+03   4.0157482e-02   3.7103899e-02   3.4282277e-02
   2.0839167e+03   4.0161428e-02   3.7104285e-02   3.4279620e-02
   2.0840000e+03   4.0155703e-02   3.7096035e-02   3.4269263e-02
   2.0840833e+03   4.0146370e-02   3.7084565e-02   3.4256036e-02
   2.0841667e+03   4.0139968e-02   3.7075711e-02   3.4245141e-02
   2.0842500e+03   4.0143086e-02   3.7075351e-02   3.4241817e-02
   2.0843333e+03   4.0155084e-02   3.7082913e-02   3.4245551e-02
   2.0844167e+03   4.0166832e-02   3.7090248e-02   3.4249079e-02
   2.0845000e+03   4.0173060e-02   3.7092655e-02   3.4248215e-02
   2.0845833e+03   4.0175462e-02   3.7091649e-02   3.4244307e-02
   2.0846667e+03   4.0180003e-02   3.7092547e-02   3.4242095e-02
   2.0847500e+03   4.0191328e-02   3.7099493e-02   3.4245268e-02
   2.0848333e+03   4.0203583e-02   3.7107264e-02   3.4249174e-02
   2.0849167e+03   4.0207565e-02   3.7107657e-02   3.4246506e-02
   2.0850000e+03   4.0201875e-02   3.7099425e-02   3.4236157e-02
   2.0850833e+03   4.0192577e-02   3.7087975e-02   3.4222945e-02
   2.0851667e+03   4.0186210e-02   3.7079139e-02   3.4212058e-02
   2.0852500e+03   4.0189364e-02   3.7078787e-02   3.4208724e-02
   2.0853333e+03   4.0201388e-02   3.7086337e-02   3.4212421e-02
   2.0854167e+03   4.0213135e-02   3.7093637e-02   3.4215892e-02
   2.0855000e+03   4.0219337e-02   3.7095993e-02   3.4214962e-02
   2.0855833e+03   4.0221700e-02   3.7094927e-02   3.4210985e-02
   2.0856667e+03   4.0226209e-02   3.7095770e-02   3.4208705e-02
   2.0857500e+03   4.0237530e-02   3.7102679e-02   3.4211818e-02
   2.0858333e+03   4.0249809e-02   3.7110436e-02   3.4215684e-02
   2.0859167e+03   4.0253828e-02   3.7110834e-02   3.4213002e-02
   2.0860000e+03   4.0248173e-02   3.7102618e-02   3.4202660e-02
   2.0860833e+03   4.0238909e-02   3.7091189e-02   3.4189459e-02
   2.0861667e+03   4.0232578e-02   3.7082369e-02   3.4178580e-02
   2.0862500e+03   4.0235768e-02   3.7082023e-02   3.4175233e-02
   2.0863333e+03   4.0247817e-02   3.7089560e-02   3.4178890e-02
   2.0864167e+03   4.0259564e-02   3.7096823e-02   3.4182301e-02
   2.0865000e+03   4.0265739e-02   3.7099126e-02   3.4181302e-02
   2.0865833e+03   4.0268063e-02   3.7098000e-02   3.4177253e-02
   2.0866667e+03   4.0272539e-02   3.7098786e-02   3.4174903e-02
   2.0867500e+03   4.0283858e-02   3.7105655e-02   3.4177954e-02
   2.0868333e+03   4.0296161e-02   3.7113397e-02   3.4181777e-02
   2.0869167e+03   4.0300216e-02   3.7113799e-02   3.4179079e-02
   2.0870000e+03   4.0294597e-02   3.7105599e-02   3.4168740e-02
   2.0870833e+03   4.0285367e-02   3.7094187e-02   3.4155550e-02
   2.0871667e+03   4.0279071e-02   3.7085383e-02   3.4144675e-02
   2.0872500e+03   4.0282297e-02   3.7085042e-02   3.4141313e-02
   2.0873333e+03   4.0294372e-02   3.7092564e-02   3.4144928e-02
   2.0874167e+03   4.0306118e-02   3.7099789e-02   3.4148276e-02
   2.0875000e+03   4.0312267e-02   3.7102037e-02   3.4147205e-02
   2.0875833e+03   4.0314551e-02   3.7100849e-02   3.4143083e-02
   2.0876667e+03   4.0318995e-02   3.7101577e-02   3.4140659e-02
   2.0877500e+03   4.0330310e-02   3.7108405e-02   3.4143645e-02
   2.0878333e+03   4.0342638e-02   3.7116129e-02   3.4147423e-02
   2.0879167e+03   4.0346728e-02   3.7116535e-02   3.4144706e-02
   2.0880000e+03   4.0341145e-02   3.7108348e-02   3.4134369e-02
   2.0880833e+03   4.0331950e-02   3.7096954e-02   3.4121187e-02
   2.0881667e+03   4.0325689e-02   3.7088164e-02   3.4110314e-02
   2.0882500e+03   4.0328951e-02   3.7087827e-02   3.4106934e-02
   2.0883333e+03   4.0341051e-02   3.7095331e-02   3.4110503e-02
   2.0884167e+03   4.0352797e-02   3.7102516e-02   3.4113786e-02
   2.0885000e+03   4.0358920e-02   3.7104709e-02   3.4112641e-02
   2.0885833e+03   4.0361164e-02   3.7103457e-02   3.4108443e-02
   2.0886667e+03   4.0365575e-02   3.7104125e-02   3.4105943e-02
   2.0887500e+03   4.0376887e-02   3.7110911e-02   3.4108862e-02
   2.0888333e+03   4.0389238e-02   3.7118616e-02   3.4112591e-02
   2.0889167e+03   4.0393365e-02   3.7119023e-02   3.4109854e-02
   2.0890000e+03   4.0387818e-02   3.7110849e-02   3.4099515e-02
   2.0890833e+03   4.0378657e-02   3.7099470e-02   3.4086339e-02
   2.0891667e+03   4.0372431e-02   3.7090693e-02   3.4075466e-02
   2.0892500e+03   4.0375730e-02   3.7090358e-02   3.4072066e-02
   2.0893333e+03   4.0387856e-02   3.7097844e-02   3.4075587e-02
   2.0894167e+03   4.0399600e-02   3.7104988e-02   3.4078802e-02
   2.0895000e+03   4.0405696e-02   3.7107123e-02   3.4077581e-02
   2.0895833e+03   4.0407900e-02   3.7105806e-02   3.4073303e-02
   2.0896667e+03   4.0412279e-02   3.7106413e-02   3.4070726e-02
   2.0897500e+03   4.0423587e-02   3.7113156e-02   3.4073574e-02
   2.0898333e+03   4.0435963e-02   3.7120840e-02   3.4077252e-02
   2.0899167e+03   4.0440126e-02   3.7121247e-02   3.4074491e-02
   2.0900000e+03   4.0434614e-02   3.7113084e-02   3.4064149e-02
   2.0900833e+03   4.0425488e-02   3.7101720e-02   3.4050977e-02
   2.0901667e+03   4.0419297e-02   3.7092955e-02   3.4040102e-02
   2.0902500e+03   4.0422633e-02   3.7092620e-02   3.4036679e-02
   2.0903333e+03   4.0434784e-02   3.7100086e-02   3.4040149e-02
   2.0904167e+03   4.0446527e-02   3.7107187e-02   3.4043293e-02
   2.0905000e+03   4.0452597e-02   3.7109262e-02   3.4041993e-02
   2.0905833e+03   4.0454761e-02   3.7107879e-02   3.4037634e-02
   2.0906667e+03   4.0459106e-02   3.7108423e-02   3.4034977e-02
   2.0907500e+03   4.0470411e-02   3.7115121e-02   3.4037752e-02
   2.0908333e+03   4.0482811e-02   3.7122783e-02   3.4041377e-02
   2.0909167e+03   4.0487010e-02   3.7123188e-02   3.4038588e-02
   2.0910000e+03   4.0481534e-02   3.7115035e-02   3.4028242e-02
   2.0910833e+03   4.0472442e-02   3.7103684e-02   3.4015071e-02
   2.0911667e+03   4.0466288e-02   3.7094930e-02   3.4004192e-02
   2.0912500e+03   4.0469659e-02   3.7094594e-02   3.4000744e-02
   2.0913333e+03   4.0481836e-02   3.7102038e-02   3.4004160e-02
   2.0914167e+03   4.0493578e-02   3.7109094e-02   3.4007230e-02
   2.0915000e+03   4.0499621e-02   3.7111109e-02   3.4005848e-02
   2.0915833e+03   4.0501744e-02   3.7109659e-02   3.4001407e-02
   2.0916667e+03   4.0506057e-02   3.7110139e-02   3.3998666e-02
   2.0917500e+03   4.0517358e-02   3.7116789e-02   3.4001366e-02
   2.0918333e+03   4.0529783e-02   3.7124427e-02   3.4004934e-02
   2.0919167e+03   4.0534018e-02   3.7124829e-02   3.4002116e-02
   2.0920000e+03   4.0528578e-02   3.7116685e-02   3.3991762e-02
   2.0920833e+03   4.0519520e-02   3.7105346e-02   3.3978591e-02
   2.0921667e+03   4.0513401e-02   3.7096601e-02   3.3967706e-02
   2.0922500e+03   4.0516809e-02   3.7096264e-02   3.3964230e-02
   2.0923333e+03   4.0529011e-02   3.7103684e-02   3.3967589e-02
   2.0924167e+03   4.0540753e-02   3.7110694e-02   3.3970583e-02
   2.0925000e+03   4.0546768e-02   3.7112647e-02   3.3969118e-02
   2.0925833e+03   4.0548851e-02   3.7111127e-02   3.3964590e-02
   2.0926667e+03   4.0553130e-02   3.7111541e-02   3.3961765e-02
   2.0927500e+03   4.0564427e-02   3.7118143e-02   3.3964386e-02
   2.0928333e+03   4.0576876e-02   3.7125756e-02   3.3967894e-02
   2.0929167e+03   4.0581148e-02   3.7126153e-02   3.3965046e-02
   2.0930000e+03   4.0575743e-02   3.7118017e-02   3.3954682e-02
   2.0930833e+03   4.0566720e-02   3.7106689e-02   3.3941508e-02
   2.0931667e+03   4.0560637e-02   3.7097952e-02   3.3930614e-02
   2.0932500e+03   4.0564081e-02   3.7097610e-02   3.3927108e-02
   2.0933333e+03   4.0576309e-02   3.7105006e-02   3.3930408e-02
   2.0934167e+03   4.0588050e-02   3.7111968e-02   3.3933323e-02
   2.0935000e+03   4.0594038e-02   3.7113857e-02   3.3931771e-02
   2.0935833e+03   4.0596080e-02   3.7112266e-02   3.3927156e-02
   2.0936667e+03   4.0600325e-02   3.7112614e-02   3.3924243e-02
   2.0937500e+03   4.0611619e-02   3.7119165e-02   3.3926784e-02
   2.0938333e+03   4.0624092e-02   3.7126751e-02   3.3930230e-02
   2.0939167e+03   4.0628400e-02   3.7127142e-02   3.3927347e-02
   2.0940000e+03   4.0623031e-02   3.7119012e-02   3.3916971e-02
   2.0940833e+03   4.0614043e-02   3.7107694e-02   3.3903793e-02
   2.0941667e+03   4.0607995e-02   3.7098963e-02   3.3892888e-02
   2.0942500e+03   4.0611476e-02   3.7098617e-02   3.3889350e-02
   2.0943333e+03   4.0623729e-02   3.7105985e-02   3.3892587e-02
   2.0944167e+03   4.0635469e-02   3.7112898e-02   3.3895420e-02
   2.0945000e+03   4.0641430e-02   3.7114722e-02   3.3893780e-02
   2.0945833e+03   4.0643430e-02   3.7113059e-02   3.3889075e-02
   2.0946667e+03   4.0647642e-02   3.7113338e-02   3.3886072e-02
   2.0947500e+03   4.0658932e-02   3.7119838e-02   3.3888529e-02
   2.0948333e+03   4.0671430e-02   3.7127394e-02   3.3891910e-02
   2.0949167e+03   4.0675774e-02   3.7127778e-02   3.3888990e-02
   2.0950000e+03   4.0670441e-02   3.7119653e-02   3.3878601e-02
   2.0950833e+03   4.0661487e-02   3.7108344e-02   3.3865416e-02
   2.0951667e+03   4.0655475e-02   3.7099619e-02   3.3854498e-02
   2.0952500e+03   4.0658993e-02   3.7099266e-02   3.3850925e-02
   2.0953333e+03   4.0671271e-02   3.7106606e-02   3.3854097e-02
   2.0954167e+03   4.0683010e-02   3.7113467e-02   3.3856846e-02
   2.0955000e+03   4.0688943e-02   3.7115225e-02   3.3855115e-02
   2.0955833e+03   4.0690903e-02   3.7113489e-02   3.3850317e-02
   2.0956667e+03   4.0695081e-02   3.7113698e-02   3.3847222e-02
   2.0957500e+03   4.0706366e-02   3.7120143e-02   3.3849593e-02
   2.0958333e+03   4.0718889e-02   3.7127669e-02   3.3852906e-02
   2.0959167e+03   4.0723269e-02   3.7128044e-02   3.3849948e-02
   2.0960000e+03   4.0717972e-02   3.7119923e-02   3.3839542e-02
   2.0960833e+03   4.0709053e-02   3.7108621e-02   3.3826348e-02
   2.0961667e+03   4.0703077e-02   3.7099901e-02   3.3815416e-02
   2.0962500e+03   4.0706631e-02   3.7099539e-02   3.3811804e-02
   2.0963333e+03   4.0718934e-02   3.7106850e-02   3.3814910e-02
   2.0964167e+03   4.0730672e-02   3.7113658e-02   3.3817571e-02
   2.0965000e+03   4.0736578e-02   3.7115347e-02   3.3815746e-02
   2.0965833e+03   4.0738496e-02   3.7113536e-02   3.3810854e-02
   2.0966667e+03   4.0742640e-02   3.7113674e-02   3.3807665e-02
   2.0967500e+03   4.0753922e-02   3.7120064e-02   3.3809947e-02
   2.0968333e+03   4.0766468e-02   3.7127559e-02   3.3813189e-02
   2.0969167e+03   4.0770885e-02   3.7127923e-02   3.3810190e-02
   2.0970000e+03   4.0765624e-02   3.7119804e-02   3.3799766e-02
   2.0970833e+03   4.0756739e-02   3.7108508e-02   3.3786562e-02
   2.0971667e+03   4.0750799e-02   3.7099791e-02   3.3775612e-02
   2.0972500e+03   4.0754390e-02   3.7099420e-02   3.3771961e-02
   2.0973333e+03   4.0766719e-02   3.7106699e-02   3.3774995e-02
   2.0974167e+03   4.0778455e-02   3.7113453e-02   3.3777567e-02
   2.0975000e+03   4.0784333e-02   3.7115073e-02   3.3775647e-02
   2.0975833e+03   4.0786210e-02   3.7113185e-02   3.3770658e-02
   2.0976667e+03   4.0790320e-02   3.7113250e-02   3.3767372e-02
   2.0977500e+03   4.0801597e-02   3.7119584e-02   3.3769562e-02
   2.0978333e+03   4.0814168e-02   3.7127044e-02   3.3772732e-02
   2.0979167e+03   4.0818621e-02   3.7127396e-02   3.3769688e-02
   2.0980000e+03   4.0813397e-02   3.7119279e-02   3.3759243e-02
   2.0980833e+03   4.0804547e-02   3.7107988e-02   3.3746027e-02
   2.0981667e+03   4.0798642e-02   3.7099273e-02   3.3735058e-02
   2.0982500e+03   4.0802269e-02   3.7098891e-02   3.3731364e-02
   2.0983333e+03   4.0814624e-02   3.7106136e-02   3.3734326e-02
   2.0984167e+03   4.0826359e-02   3.7112834e-02   3.3736805e-02
   2.0985000e+03   4.0832209e-02   3.7114383e-02   3.3734787e-02
   2.0985833e+03   4.0834043e-02   3.7112418e-02   3.3729699e-02
   2.0986667e+03   4.0838119e-02   3.7112408e-02   3.3726315e-02
   2.0987500e+03   4.0849392e-02   3.7118683e-02   3.3728410e-02
   2.0988333e+03   4.0861988e-02   3.7126108e-02   3.3731504e-02
   2.0989167e+03   4.0866477e-02   3.7126447e-02   3.3728413e-02
   2.0990000e+03   4.0861289e-02   3.7118330e-02   3.3717947e-02
   2.0990833e+03   4.0852474e-02   3.7107043e-02   3.3704716e-02
   2.0991667e+03   4.0846605e-02   3.7098328e-02   3.3693726e-02
   2.0992500e+03   4.0850269e-02   3.7097934e-02   3.3689987e-02
   2.0993333e+03   4.0862649e-02   3.7105144e-02   3.3692873e-02
   2.0994167e+03   4.0874382e-02   3.7111784e-02   3.3695257e-02
   2.0995000e+03   4.0880204e-02   3.7113260e-02   3.3693138e-02
   2.0995833e+03   4.0881997e-02   3.7111216e-02   3.3687950e-02
   2.0996667e+03   4.0886038e-02   3.7111131e-02   3.3684464e-02
   2.0997500e+03   4.0897307e-02   3.7117346e-02   3.3686463e-02
   2.0998333e+03   4.0909927e-02   3.7124734e-02   3.3689478e-02
   2.0999167e+03   4.0914452e-02   3.7125058e-02   3.3686339e-02
   2.1000000e+03   4.0909300e-02   3.7116939e-02   3.3675848e-02
   2.1000833e+03   4.0900520e-02   3.7105655e-02   3.3662600e-02
   2.1001667e+03   4.0894687e-02   3.7096940e-02   3.3651587e-02
   2.1002500e+03   4.0898388e-02   3.7096531e-02   3.3647801e-02
   2.1003333e+03   4.0910794e-02   3.7103705e-02   3.3650608e-02
   2.1004167e+03   4.0922525e-02   3.7110286e-02   3.3652895e-02
   2.1005000e+03   4.0928319e-02   3.7111688e-02   3.3650673e-02
   2.1005833e+03   4.0930070e-02   3.7109564e-02   3.3645382e-02
   2.1006667e+03   4.0934076e-02   3.7109401e-02   3.3641793e-02
   2.1007500e+03   4.0945341e-02   3.7115554e-02   3.3643692e-02
   2.1008333e+03   4.0957985e-02   3.7122903e-02   3.3646626e-02
   2.1009167e+03   4.0962547e-02   3.7123211e-02   3.3643436e-02
