   2.0000000e+03   1.0000000e+00   1.0000000e+00   1.0000000e+00
   2.0000833e+03   1.0000000e+00   1.0000000e+00   1.0000000e+00
   2.0001667e+03   1.0000000e+00   1.0000000e+00   1.0000000e+00
   2.0002500e+03   1.0000000e+00   1.0000000e+00   1.0000000e+00
   2.0003333e+03   1.0000000e+00   1.0000000e+00   1.0000000e+00
   2.0004167e+03   1.0000000e+00   1.0000000e+00   1.0000000e+00
   2.0005000e+03   1.0000000e+00   1.0000000e+00   1.0000000e+00
   2.0005833e+03   1.0000000e+00   1.0000000e+00   1.0000000e+00
   2.0006667e+03   1.0000000e+00   1.0000000e+00   1.0000000e+00
   2.0007500e+03   1.0000000e+00   1.0000000e+00   1.0000000e+00
   2.0008333e+03   1.0000000e+00   1.0000000e+00   1.0000000e+00
   2.0009167e+03   1.0000000e+00   1.0000000e+00   1.0000000e+00
   2.0010000e+03   9.9994236e-01   9.9994194e-01   9.9994152e-01
   2.0010833e+03   9.9981302e-01   9.9981179e-01   9.9981056e-01
   2.0011667e+03   9.9968977e-01   9.9968733e-01   9.9968489e-01
   2.0012500e+03   9.9961658e-01   9.9961249e-01   9.9960839e-01
   2.0013333e+03   9.9964566e-01   9.9963942e-01   9.9963317e-01
   2.0014167e+03   9.9972601e-01   9.9971713e-01   9.9970825e-01
   2.0015000e+03   9.9980258e-01   9.9979063e-01   9.9977869e-01
   2.0015833e+03   9.9985183e-01   9.9983642e-01   9.9982102e-01
   2.0016667e+03   9.9986615e-01   9.9984691e-01   9.9982767e-01
   2.0017500e+03   9.9988991e-01   9.9986639e-01   9.9984288e-01
   2.0018333e+03   9.9996734e-01   9.9993902e-01   9.9991071e-01
   2.0019167e+03   1.0000107e+00   9.9997718e-01   9.9994371e-01
   2.0020000e+03   9.9995610e-01   9.9991726e-01   9.9987843e-01
   2.0020833e+03   9.9983052e-01   9.9978608e-01   9.9974164e-01
   2.0021667e+03   9.9971098e-01   9.9966053e-01   9.9961008e-01
   2.0022500e+03   9.9964104e-01   9.9958405e-01   9.9952707e-01
   2.0023333e+03   9.9967204e-01   9.9960782e-01   9.9954360e-01
   2.0024167e+03   9.9975253e-01   9.9968050e-01   9.9960848e-01
   2.0025000e+03   9.9982850e-01   9.9974826e-01   9.9966802e-01
   2.0025833e+03   9.9987615e-01   9.9978736e-01   9.9969858e-01
   2.0026667e+03   9.9988811e-01   9.9979049e-01   9.9969288e-01
   2.0027500e+03   9.9990969e-01   9.9980279e-01   9.9969590e-01
   2.0028333e+03   9.9998659e-01   9.9986978e-01   9.9975298e-01
   2.0029167e+03   1.0000315e+00   9.9990453e-01   9.9977754e-01
   2.0030000e+03   9.9998005e-01   9.9984284e-01   9.9970564e-01
   2.0030833e+03   9.9985819e-01   9.9971070e-01   9.9956322e-01
   2.0031667e+03   9.9974233e-01   9.9958414e-01   9.9942597e-01
   2.0032500e+03   9.9967561e-01   9.9950610e-01   9.9933662e-01
   2.0033333e+03   9.9970849e-01   9.9952678e-01   9.9934511e-01
   2.0034167e+03   9.9978909e-01   9.9959453e-01   9.9940000e-01
   2.0035000e+03   9.9986443e-01   9.9965663e-01   9.9944887e-01
   2.0035833e+03   9.9991042e-01   9.9968913e-01   9.9946788e-01
   2.0036667e+03   9.9991998e-01   9.9968499e-01   9.9945005e-01
   2.0037500e+03   9.9993935e-01   9.9969020e-01   9.9944111e-01
   2.0038333e+03   1.0000157e+00   9.9975164e-01   9.9948767e-01
   2.0039167e+03   1.0000622e+00   9.9978308e-01   9.9950398e-01
   2.0040000e+03   1.0000138e+00   9.9971968e-01   9.9942567e-01
   2.0040833e+03   9.9989561e-01   9.9958666e-01   9.9927780e-01
   2.0041667e+03   9.9978339e-01   9.9945917e-01   9.9913506e-01
   2.0042500e+03   9.9971984e-01   9.9937965e-01   9.9903958e-01
   2.0043333e+03   9.9975457e-01   9.9939734e-01   9.9904023e-01
   2.0044167e+03   9.9983524e-01   9.9946022e-01   9.9908534e-01
   2.0045000e+03   9.9990992e-01   9.9951677e-01   9.9912376e-01
   2.0045833e+03   9.9995422e-01   9.9954275e-01   9.9913144e-01
   2.0046667e+03   9.9996134e-01   9.9953144e-01   9.9910173e-01
   2.0047500e+03   9.9997843e-01   9.9952965e-01   9.9908106e-01
   2.0048333e+03   1.0000542e+00   9.9958563e-01   9.9911731e-01
   2.0049167e+03   1.0001023e+00   9.9961383e-01   9.9912559e-01
   2.0050000e+03   1.0000568e+00   9.9954881e-01   9.9904106e-01
   2.0050833e+03   9.9994231e-01   9.9941499e-01   9.9888795e-01
   2.0051667e+03   9.9983370e-01   9.9928666e-01   9.9873990e-01
   2.0052500e+03   9.9977330e-01   9.9920574e-01   9.9863849e-01
   2.0053333e+03   9.9980985e-01   9.9922051e-01   9.9863150e-01
   2.0054167e+03   9.9989054e-01   9.9927862e-01   9.9866707e-01
   2.0055000e+03   9.9996452e-01   9.9932969e-01   9.9869526e-01
   2.0055833e+03   1.0000071e+00   9.9934925e-01   9.9869185e-01
   2.0056667e+03   1.0000117e+00   9.9933087e-01   9.9865048e-01
   2.0057500e+03   1.0000265e+00   9.9932217e-01   9.9861832e-01
   2.0058333e+03   1.0001016e+00   9.9937278e-01   9.9864448e-01
   2.0059167e+03   1.0001513e+00   9.9939783e-01   9.9864495e-01
   2.0060000e+03   1.0001087e+00   9.9933127e-01   9.9855439e-01
   2.0060833e+03   9.9999786e-01   9.9919674e-01   9.9839624e-01
   2.0061667e+03   9.9989283e-01   9.9906763e-01   9.9824309e-01
   2.0062500e+03   9.9983554e-01   9.9898539e-01   9.9813594e-01
   2.0063333e+03   9.9987387e-01   9.9899732e-01   9.9812153e-01
   2.0064167e+03   9.9995456e-01   9.9905076e-01   9.9814776e-01
   2.0065000e+03   1.0000278e+00   9.9909645e-01   9.9816595e-01
   2.0065833e+03   1.0000686e+00   9.9910968e-01   9.9815169e-01
   2.0066667e+03   1.0000707e+00   9.9908432e-01   9.9809891e-01
   2.0067500e+03   1.0000831e+00   9.9906881e-01   9.9805550e-01
   2.0068333e+03   1.0001575e+00   9.9911414e-01   9.9807180e-01
   2.0069167e+03   1.0002087e+00   9.9913612e-01   9.9806466e-01
   2.0070000e+03   1.0001691e+00   9.9906810e-01   9.9796829e-01
   2.0070833e+03   1.0000618e+00   9.9893293e-01   9.9780529e-01
   2.0071667e+03   9.9996033e-01   9.9880313e-01   9.9764724e-01
   2.0072500e+03   9.9990612e-01   9.9871965e-01   9.9753456e-01
   2.0073333e+03   9.9994620e-01   9.9872884e-01   9.9751294e-01
   2.0074167e+03   1.0000268e+00   9.9877768e-01   9.9753007e-01
   2.0075000e+03   1.0000993e+00   9.9881808e-01   9.9753849e-01
   2.0075833e+03   1.0001383e+00   9.9882508e-01   9.9751360e-01
   2.0076667e+03   1.0001378e+00   9.9879284e-01   9.9744966e-01
   2.0077500e+03   1.0001478e+00   9.9877060e-01   9.9739523e-01
   2.0078333e+03   1.0002215e+00   9.9881074e-01   9.9740190e-01
   2.0079167e+03   1.0002742e+00   9.9882974e-01   9.9738738e-01
   2.0080000e+03   1.0002374e+00   9.9876035e-01   9.9728541e-01
   2.0080833e+03   1.0001337e+00   9.9862462e-01   9.9711776e-01
   2.0081667e+03   1.0000358e+00   9.9849421e-01   9.9695501e-01
   2.0082500e+03   9.9998460e-01   9.9840958e-01   9.9683700e-01
   2.0083333e+03   1.0000264e+00   9.9841611e-01   9.9680839e-01
   2.0084167e+03   1.0001069e+00   9.9846045e-01   9.9681664e-01
   2.0085000e+03   1.0001786e+00   9.9849565e-01   9.9681552e-01
   2.0085833e+03   1.0002157e+00   9.9849651e-01   9.9678025e-01
   2.0086667e+03   1.0002126e+00   9.9845747e-01   9.9670539e-01
   2.0087500e+03   1.0002202e+00   9.9842862e-01   9.9664019e-01
   2.0088333e+03   1.0002932e+00   9.9846366e-01   9.9663747e-01
   2.0089167e+03   1.0003472e+00   9.9847977e-01   9.9661577e-01
   2.0090000e+03   1.0003133e+00   9.9840908e-01   9.9650841e-01
   2.0090833e+03   1.0002132e+00   9.9827288e-01   9.9633632e-01
   2.0091667e+03   1.0001187e+00   9.9814194e-01   9.9616908e-01
   2.0092500e+03   1.0000705e+00   9.9805623e-01   9.9604595e-01
   2.0093333e+03   1.0001140e+00   9.9806019e-01   9.9601057e-01
   2.0094167e+03   1.0001944e+00   9.9810012e-01   9.9601016e-01
   2.0095000e+03   1.0002652e+00   9.9813021e-01   9.9599974e-01
   2.0095833e+03   1.0003004e+00   9.9812502e-01   9.9595434e-01
   2.0096667e+03   1.0002946e+00   9.9807930e-01   9.9586879e-01
   2.0097500e+03   1.0002998e+00   9.9804392e-01   9.9579307e-01
   2.0098333e+03   1.0003719e+00   9.9807396e-01   9.9578119e-01
   2.0099167e+03   1.0004274e+00   9.9808726e-01   9.9575255e-01
   2.0100000e+03   1.0003963e+00   9.9801536e-01   9.9564000e-01
   2.0100833e+03   1.0002996e+00   9.9787876e-01   9.9546367e-01
   2.0101667e+03   1.0002086e+00   9.9774738e-01   9.9529214e-01
   2.0102500e+03   1.0001634e+00   9.9766068e-01   9.9516411e-01
   2.0103333e+03   1.0002085e+00   9.9766215e-01   9.9512217e-01
   2.0104167e+03   1.0002888e+00   9.9769776e-01   9.9511335e-01
   2.0105000e+03   1.0003587e+00   9.9772284e-01   9.9509387e-01
   2.0105833e+03   1.0003919e+00   9.9771170e-01   9.9503856e-01
   2.0106667e+03   1.0003835e+00   9.9765938e-01   9.9494259e-01
   2.0107500e+03   1.0003861e+00   9.9761757e-01   9.9485659e-01
   2.0108333e+03   1.0004574e+00   9.9764270e-01   9.9483580e-01
   2.0109167e+03   1.0005142e+00   9.9765328e-01   9.9480043e-01
   2.0110000e+03   1.0004860e+00   9.9758026e-01   9.9468291e-01
   2.0110833e+03   1.0003928e+00   9.9744335e-01   9.9450255e-01
   2.0111667e+03   1.0003051e+00   9.9731160e-01   9.9432694e-01
   2.0112500e+03   1.0002629e+00   9.9722399e-01   9.9419422e-01
   2.0113333e+03   1.0003096e+00   9.9722306e-01   9.9414594e-01
   2.0114167e+03   1.0003897e+00   9.9725445e-01   9.9412894e-01
   2.0115000e+03   1.0004586e+00   9.9727460e-01   9.9410063e-01
   2.0115833e+03   1.0004899e+00   9.9725761e-01   9.9403568e-01
   2.0116667e+03   1.0004787e+00   9.9719880e-01   9.9392953e-01
   2.0117500e+03   1.0004788e+00   9.9715065e-01   9.9383350e-01
   2.0118333e+03   1.0005492e+00   9.9717096e-01   9.9380402e-01
   2.0119167e+03   1.0006073e+00   9.9717892e-01   9.9376215e-01
   2.0120000e+03   1.0005818e+00   9.9710486e-01   9.9363987e-01
   2.0120833e+03   1.0004920e+00   9.9696772e-01   9.9345570e-01
   2.0121667e+03   1.0004078e+00   9.9683568e-01   9.9327621e-01
   2.0122500e+03   1.0003685e+00   9.9674725e-01   9.9313901e-01
   2.0123333e+03   1.0004168e+00   9.9674401e-01   9.9308463e-01
   2.0124167e+03   1.0004966e+00   9.9677126e-01   9.9305968e-01
   2.0125000e+03   1.0005645e+00   9.9678659e-01   9.9302278e-01
   2.0125833e+03   1.0005938e+00   9.9676384e-01   9.9294843e-01
   2.0126667e+03   1.0005798e+00   9.9669863e-01   9.9283235e-01
   2.0127500e+03   1.0005773e+00   9.9664425e-01   9.9272654e-01
   2.0128333e+03   1.0006468e+00   9.9665984e-01   9.9268863e-01
   2.0129167e+03   1.0007062e+00   9.9666525e-01   9.9264048e-01
   2.0130000e+03   1.0006834e+00   9.9659023e-01   9.9251366e-01
   2.0130833e+03   1.0005970e+00   9.9645294e-01   9.9232588e-01
   2.0131667e+03   1.0005161e+00   9.9632071e-01   9.9214273e-01
   2.0132500e+03   1.0004797e+00   9.9623155e-01   9.9200126e-01
   2.0133333e+03   1.0005295e+00   9.9622608e-01   9.9194099e-01
   2.0134167e+03   1.0006091e+00   9.9624929e-01   9.9190833e-01
   2.0135000e+03   1.0006760e+00   9.9625989e-01   9.9186309e-01
   2.0135833e+03   1.0007032e+00   9.9623148e-01   9.9177958e-01
   2.0136667e+03   1.0006864e+00   9.9615996e-01   9.9165383e-01
   2.0137500e+03   1.0006812e+00   9.9609944e-01   9.9153849e-01
   2.0138333e+03   1.0007497e+00   9.9611040e-01   9.9149239e-01
   2.0139167e+03   1.0008104e+00   9.9611336e-01   9.9143820e-01
   2.0140000e+03   1.0007903e+00   9.9603748e-01   9.9130705e-01
   2.0140833e+03   1.0007073e+00   9.9590013e-01   9.9111586e-01
   2.0141667e+03   1.0006297e+00   9.9576777e-01   9.9092927e-01
   2.0142500e+03   1.0005962e+00   9.9567796e-01   9.9078375e-01
   2.0143333e+03   1.0006475e+00   9.9567036e-01   9.9071782e-01
   2.0144167e+03   1.0007267e+00   9.9568962e-01   9.9067769e-01
   2.0145000e+03   1.0007926e+00   9.9569558e-01   9.9062435e-01
   2.0145833e+03   1.0008176e+00   9.9566161e-01   9.9053194e-01
   2.0146667e+03   1.0007980e+00   9.9558388e-01   9.9039676e-01
   2.0147500e+03   1.0007901e+00   9.9551733e-01   9.9027215e-01
   2.0148333e+03   1.0008576e+00   9.9552375e-01   9.9021809e-01
   2.0149167e+03   1.0009195e+00   9.9552436e-01   9.9015808e-01
   2.0150000e+03   1.0009020e+00   9.9544769e-01   9.9002283e-01
   2.0150833e+03   1.0008224e+00   9.9531035e-01   9.8982845e-01
   2.0151667e+03   1.0007481e+00   9.9517797e-01   9.8963862e-01
   2.0152500e+03   1.0007173e+00   9.9508759e-01   9.8948926e-01
   2.0153333e+03   1.0007701e+00   9.9507794e-01   9.8941791e-01
   2.0154167e+03   1.0008490e+00   9.9509334e-01   9.8937055e-01
   2.0155000e+03   1.0009138e+00   9.9509476e-01   9.8930935e-01
   2.0155833e+03   1.0009367e+00   9.9505533e-01   9.8920828e-01
   2.0156667e+03   1.0009141e+00   9.9497150e-01   9.8906393e-01
   2.0157500e+03   1.0009035e+00   9.9489900e-01   9.8893030e-01
   2.0158333e+03   1.0009700e+00   9.9490099e-01   9.8886853e-01
   2.0159167e+03   1.0010330e+00   9.9489932e-01   9.8880294e-01
   2.0160000e+03   1.0010182e+00   9.9482195e-01   9.8866380e-01
   2.0160833e+03   1.0009418e+00   9.9468472e-01   9.8846645e-01
   2.0161667e+03   1.0008708e+00   9.9455239e-01   9.8827359e-01
   2.0162500e+03   1.0008428e+00   9.9446152e-01   9.8812061e-01
   2.0163333e+03   1.0008970e+00   9.9444992e-01   9.8804406e-01
   2.0164167e+03   1.0009755e+00   9.9446156e-01   9.8798971e-01
   2.0165000e+03   1.0010391e+00   9.9445854e-01   9.8792090e-01
   2.0165833e+03   1.0010599e+00   9.9441373e-01   9.8781143e-01
   2.0166667e+03   1.0010343e+00   9.9432390e-01   9.8765816e-01
   2.0167500e+03   1.0010209e+00   9.9424556e-01   9.8751575e-01
   2.0168333e+03   1.0010863e+00   9.9424320e-01   9.8744652e-01
   2.0169167e+03   1.0011505e+00   9.9423935e-01   9.8737558e-01
   2.0170000e+03   1.0011383e+00   9.9416138e-01   9.8723276e-01
   2.0170833e+03   1.0010652e+00   9.9402433e-01   9.8703265e-01
   2.0171667e+03   1.0009974e+00   9.9389213e-01   9.8683698e-01
   2.0172500e+03   1.0009722e+00   9.9380087e-01   9.8668061e-01
   2.0173333e+03   1.0010278e+00   9.9378740e-01   9.8659908e-01
   2.0174167e+03   1.0011058e+00   9.9379538e-01   9.8653798e-01
   2.0175000e+03   1.0011683e+00   9.9378801e-01   9.8646181e-01
   2.0175833e+03   1.0011867e+00   9.9373793e-01   9.8634418e-01
   2.0176667e+03   1.0011582e+00   9.9364218e-01   9.8618224e-01
   2.0177500e+03   1.0011420e+00   9.9355810e-01   9.8603132e-01
   2.0178333e+03   1.0012063e+00   9.9355150e-01   9.8595487e-01
   2.0179167e+03   1.0012716e+00   9.9354556e-01   9.8587880e-01
   2.0180000e+03   1.0012619e+00   9.9346706e-01   9.8573254e-01
   2.0180833e+03   1.0011920e+00   9.9333028e-01   9.8552988e-01
   2.0181667e+03   1.0011274e+00   9.9319830e-01   9.8533162e-01
   2.0182500e+03   1.0011049e+00   9.9310673e-01   9.8517206e-01
   2.0183333e+03   1.0011619e+00   9.9309149e-01   9.8508578e-01
   2.0184167e+03   1.0012394e+00   9.9309589e-01   9.8501818e-01
   2.0185000e+03   1.0013007e+00   9.9308427e-01   9.8493489e-01
   2.0185833e+03   1.0013169e+00   9.9302901e-01   9.8480935e-01
   2.0186667e+03   1.0012853e+00   9.9292746e-01   9.8463901e-01
   2.0187500e+03   1.0012662e+00   9.9283773e-01   9.8447982e-01
   2.0188333e+03   1.0013293e+00   9.9282697e-01   9.8439640e-01
   2.0189167e+03   1.0013957e+00   9.9281904e-01   9.8431544e-01
   2.0190000e+03   1.0013885e+00   9.9274010e-01   9.8416595e-01
   2.0190833e+03   1.0013219e+00   9.9260368e-01   9.8396095e-01
   2.0191667e+03   1.0012604e+00   9.9247201e-01   9.8376030e-01
   2.0192500e+03   1.0012406e+00   9.9238021e-01   9.8359778e-01
   2.0193333e+03   1.0012989e+00   9.9236328e-01   9.8350699e-01
   2.0194167e+03   1.0013759e+00   9.9236421e-01   9.8343313e-01
   2.0195000e+03   1.0014359e+00   9.9234843e-01   9.8334296e-01
   2.0195833e+03   1.0014498e+00   9.9228810e-01   9.8320977e-01
   2.0196667e+03   1.0014151e+00   9.9218083e-01   9.8303127e-01
   2.0197500e+03   1.0013931e+00   9.9208555e-01   9.8286407e-01
   2.0198333e+03   1.0014550e+00   9.9207074e-01   9.8277392e-01
   2.0199167e+03   1.0015224e+00   9.9206090e-01   9.8268830e-01
   2.0200000e+03   1.0015177e+00   9.9198161e-01   9.8253580e-01
   2.0200833e+03   1.0014543e+00   9.9184563e-01   9.8232868e-01
   2.0201667e+03   1.0013959e+00   9.9171435e-01   9.8212587e-01
   2.0202500e+03   1.0013788e+00   9.9162241e-01   9.8196060e-01
   2.0203333e+03   1.0014383e+00   9.9160389e-01   9.8186553e-01
   2.0204167e+03   1.0015148e+00   9.9160144e-01   9.8178564e-01
   2.0205000e+03   1.0015735e+00   9.9158159e-01   9.8168884e-01
   2.0205833e+03   1.0015850e+00   9.9151628e-01   9.8154825e-01
   2.0206667e+03   1.0015471e+00   9.9140340e-01   9.8136184e-01
   2.0207500e+03   1.0015222e+00   9.9130267e-01   9.8118689e-01
   2.0208333e+03   1.0015829e+00   9.9128390e-01   9.8109025e-01
   2.0209167e+03   1.0016513e+00   9.9127225e-01   9.8100021e-01
   2.0210000e+03   1.0016491e+00   9.9119270e-01   9.8084492e-01
   2.0210833e+03   1.0015888e+00   9.9105724e-01   9.8063589e-01
   2.0211667e+03   1.0015335e+00   9.9092643e-01   9.8043112e-01
   2.0212500e+03   1.0015190e+00   9.9083445e-01   9.8026333e-01
   2.0213333e+03   1.0015798e+00   9.9081442e-01   9.8016421e-01
   2.0214167e+03   1.0016557e+00   9.9080868e-01   9.8007854e-01
   2.0215000e+03   1.0017130e+00   9.9078487e-01   9.7997536e-01
   2.0215833e+03   1.0017221e+00   9.9071468e-01   9.7982761e-01
   2.0216667e+03   1.0016811e+00   9.9059628e-01   9.7963355e-01
   2.0217500e+03   1.0016531e+00   9.9049020e-01   9.7945108e-01
   2.0218333e+03   1.0017125e+00   9.9046757e-01   9.7934821e-01
   2.0219167e+03   1.0017819e+00   9.9045419e-01   9.7925397e-01
   2.0220000e+03   1.0017821e+00   9.9037446e-01   9.7909611e-01
   2.0220833e+03   1.0017249e+00   9.9023962e-01   9.7888539e-01
   2.0221667e+03   1.0016727e+00   9.9010936e-01   9.7867888e-01
   2.0222500e+03   1.0016607e+00   9.9001742e-01   9.7850878e-01
   2.0223333e+03   1.0017227e+00   9.8999598e-01   9.7840584e-01
   2.0224167e+03   1.0017980e+00   9.8998705e-01   9.7831463e-01
   2.0225000e+03   1.0018540e+00   9.8995937e-01   9.7820532e-01
   2.0225833e+03   1.0018606e+00   9.8988439e-01   9.7805066e-01
   2.0226667e+03   1.0018163e+00   9.8976057e-01   9.7784920e-01
   2.0227500e+03   1.0017853e+00   9.8964924e-01   9.7765947e-01
   2.0228333e+03   1.0018434e+00   9.8962284e-01   9.7755061e-01
   2.0229167e+03   1.0019137e+00   9.8960783e-01   9.7745241e-01
   2.0230000e+03   1.0019163e+00   9.8952802e-01   9.7729220e-01
   2.0230833e+03   1.0018622e+00   9.8939387e-01   9.7708000e-01
   2.0231667e+03   1.0018130e+00   9.8926426e-01   9.7687196e-01
   2.0232500e+03   1.0018036e+00   9.8917243e-01   9.7669978e-01
   2.0233333e+03   1.0018668e+00   9.8914968e-01   9.7659324e-01
   2.0234167e+03   1.0019414e+00   9.8913765e-01   9.7649673e-01
   2.0235000e+03   1.0019959e+00   9.8910619e-01   9.7638152e-01
   2.0235833e+03   1.0020001e+00   9.8902653e-01   9.7622021e-01
   2.0236667e+03   1.0019525e+00   9.8889739e-01   9.7601159e-01
   2.0237500e+03   1.0019184e+00   9.8878090e-01   9.7581486e-01
   2.0238333e+03   1.0019752e+00   9.8875083e-01   9.7570024e-01
   2.0239167e+03   1.0020463e+00   9.8873429e-01   9.7559831e-01
   2.0240000e+03   1.0020513e+00   9.8865447e-01   9.7543598e-01
   2.0240833e+03   1.0020002e+00   9.8852110e-01   9.7522251e-01
   2.0241667e+03   1.0019540e+00   9.8839222e-01   9.7501316e-01
   2.0242500e+03   1.0019471e+00   9.8830060e-01   9.7483911e-01
   2.0243333e+03   1.0020115e+00   9.8827662e-01   9.7472921e-01
   2.0244167e+03   1.0020854e+00   9.8826159e-01   9.7462764e-01
   2.0245000e+03   1.0021384e+00   9.8822645e-01   9.7450678e-01
   2.0245833e+03   1.0021400e+00   9.8814220e-01   9.7433905e-01
   2.0246667e+03   1.0020892e+00   9.8800784e-01   9.7412353e-01
   2.0247500e+03   1.0020519e+00   9.8788629e-01   9.7392004e-01
   2.0248333e+03   1.0021073e+00   9.8785265e-01   9.7379992e-01
   2.0249167e+03   1.0021792e+00   9.8783465e-01   9.7369449e-01
   2.0250000e+03   1.0021865e+00   9.8775492e-01   9.7353025e-01
   2.0250833e+03   1.0021384e+00   9.8762239e-01   9.7331571e-01
   2.0251667e+03   1.0020952e+00   9.8749429e-01   9.7310522e-01
   2.0252500e+03   1.0020907e+00   9.8740292e-01   9.7292949e-01
   2.0253333e+03   1.0021561e+00   9.8737779e-01   9.7281647e-01
   2.0254167e+03   1.0022293e+00   9.8735991e-01   9.7271018e-01
   2.0255000e+03   1.0022809e+00   9.8732132e-01   9.7258409e-01
   2.0255833e+03   1.0022801e+00   9.8723279e-01   9.7241046e-01
   2.0256667e+03   1.0022261e+00   9.8709360e-01   9.7218864e-01
   2.0257500e+03   1.0021859e+00   9.8696742e-01   9.7197905e-01
   2.0258333e+03   1.0022400e+00   9.8693055e-01   9.7185403e-01
   2.0259167e+03   1.0023127e+00   9.8691128e-01   9.7174558e-01
   2.0260000e+03   1.0023220e+00   9.8683168e-01   9.7157978e-01
   2.0260833e+03   1.0022766e+00   9.8670002e-01   9.7136452e-01
   2.0261667e+03   1.0022360e+00   9.8657275e-01   9.7115333e-01
   2.0262500e+03   1.0022337e+00   9.8648180e-01   9.7097644e-01
   2.0263333e+03   1.0023001e+00   9.8645581e-01   9.7086100e-01
   2.0264167e+03   1.0023726e+00   9.8643553e-01   9.7075085e-01
   2.0265000e+03   1.0024228e+00   9.8639395e-01   9.7062042e-01
   2.0265833e+03   1.0024196e+00   9.8630165e-01   9.7044183e-01
   2.0266667e+03   1.0023625e+00   9.8615815e-01   9.7021468e-01
   2.0267500e+03   1.0023195e+00   9.8602784e-01   9.6999993e-01
   2.0268333e+03   1.0023722e+00   9.8598819e-01   9.6987094e-01
   2.0269167e+03   1.0024456e+00   9.8596808e-01   9.6976034e-01
   2.0270000e+03   1.0024569e+00   9.8588904e-01   9.6959387e-01
   2.0270833e+03   1.0024142e+00   9.8575864e-01   9.6937874e-01
   2.0271667e+03   1.0023762e+00   9.8563264e-01   9.6916769e-01
   2.0272500e+03   1.0023761e+00   9.8554251e-01   9.6899052e-01
   2.0273333e+03   1.0024434e+00   9.8551610e-01   9.6887355e-01
   2.0274167e+03   1.0025151e+00   9.8549385e-01   9.6876043e-01
   2.0275000e+03   1.0025639e+00   9.8544973e-01   9.6862656e-01
   2.0275833e+03   1.0025584e+00   9.8535408e-01   9.6844390e-01
   2.0276667e+03   1.0024982e+00   9.8520669e-01   9.6821228e-01
   2.0277500e+03   1.0024522e+00   9.8507266e-01   9.6799325e-01
   2.0278333e+03   1.0025036e+00   9.8503068e-01   9.6786117e-01
   2.0279167e+03   1.0025777e+00   9.8501016e-01   9.6774932e-01
   2.0280000e+03   1.0025910e+00   9.8493209e-01   9.6758304e-01
   2.0280833e+03   1.0025509e+00   9.8480339e-01   9.6736888e-01
   2.0281667e+03   1.0025154e+00   9.8467906e-01   9.6715882e-01
   2.0282500e+03   1.0025175e+00   9.8459018e-01   9.6698222e-01
   2.0283333e+03   1.0025857e+00   9.8456378e-01   9.6686461e-01
   2.0284167e+03   1.0026567e+00   9.8453999e-01   9.6674942e-01
   2.0285000e+03   1.0027040e+00   9.8449375e-01   9.6661300e-01
   2.0285833e+03   1.0026960e+00   9.8439519e-01   9.6642714e-01
   2.0286667e+03   1.0026327e+00   9.8424432e-01   9.6619191e-01
   2.0287500e+03   1.0025838e+00   9.8410700e-01   9.6596945e-01
   2.0288333e+03   1.0026337e+00   9.8406311e-01   9.6583517e-01
   2.0289167e+03   1.0027085e+00   9.8404262e-01   9.6572297e-01
   2.0290000e+03   1.0027238e+00   9.8396595e-01   9.6555773e-01
   2.0290833e+03   1.0026863e+00   9.8383934e-01   9.6534538e-01
   2.0291667e+03   1.0026534e+00   9.8371709e-01   9.6513715e-01
   2.0292500e+03   1.0026576e+00   9.8362988e-01   9.6496198e-01
   2.0293333e+03   1.0027266e+00   9.8360393e-01   9.6484460e-01
   2.0294167e+03   1.0027968e+00   9.8357904e-01   9.6472823e-01
   2.0295000e+03   1.0028426e+00   9.8353112e-01   9.6459014e-01
   2.0295833e+03   1.0028322e+00   9.8343005e-01   9.6440195e-01
   2.0296667e+03   1.0027658e+00   9.8327613e-01   9.6416395e-01
   2.0297500e+03   1.0027138e+00   9.8313592e-01   9.6393891e-01
   2.0298333e+03   1.0027623e+00   9.8309055e-01   9.6380331e-01
   2.0299167e+03   1.0028377e+00   9.8307052e-01   9.6369163e-01
   2.0300000e+03   1.0028549e+00   9.8299567e-01   9.6352830e-01
   2.0300833e+03   1.0028200e+00   9.8287153e-01   9.6331855e-01
   2.0301667e+03   1.0027895e+00   9.8275170e-01   9.6311290e-01
   2.0302500e+03   1.0027957e+00   9.8266647e-01   9.6293989e-01
   2.0303333e+03   1.0028656e+00   9.8264132e-01   9.6282353e-01
   2.0304167e+03   1.0029350e+00   9.8261577e-01   9.6270682e-01
   2.0305000e+03   1.0029794e+00   9.8256666e-01   9.6256793e-01
   2.0305833e+03   1.0029667e+00   9.8246369e-01   9.6237834e-01
   2.0306667e+03   1.0028975e+00   9.8230737e-01   9.6213855e-01
   2.0307500e+03   1.0028429e+00   9.8216496e-01   9.6191189e-01
   2.0308333e+03   1.0028902e+00   9.8211858e-01   9.6177573e-01
   2.0309167e+03   1.0029660e+00   9.8209916e-01   9.6166496e-01
   2.0310000e+03   1.0029849e+00   9.8202599e-01   9.6150363e-01
   2.0310833e+03   1.0029520e+00   9.8190409e-01   9.6129644e-01
   2.0311667e+03   1.0029236e+00   9.8178644e-01   9.6109331e-01
   2.0312500e+03   1.0029315e+00   9.8170303e-01   9.6092244e-01
   2.0313333e+03   1.0030020e+00   9.8167867e-01   9.6080719e-01
   2.0314167e+03   1.0030707e+00   9.8165263e-01   9.6069038e-01
   2.0315000e+03   1.0031139e+00   9.8160251e-01   9.6055095e-01
   2.0315833e+03   1.0030991e+00   9.8149784e-01   9.6036022e-01
   2.0316667e+03   1.0030272e+00   9.8133935e-01   9.6011888e-01
   2.0317500e+03   1.0029702e+00   9.8119487e-01   9.5989078e-01
   2.0318333e+03   1.0030162e+00   9.8114755e-01   9.5975413e-01
   2.0319167e+03   1.0030925e+00   9.8112873e-01   9.5964431e-01
   2.0320000e+03   1.0031129e+00   9.8105726e-01   9.5948500e-01
   2.0320833e+03   1.0030821e+00   9.8093758e-01   9.5928040e-01
   2.0321667e+03   1.0030557e+00   9.8082213e-01   9.5907981e-01
   2.0322500e+03   1.0030653e+00   9.8074054e-01   9.5891111e-01
   2.0323333e+03   1.0031364e+00   9.8071699e-01   9.5879701e-01
   2.0324167e+03   1.0032044e+00   9.8069045e-01   9.5868014e-01
   2.0325000e+03   1.0032463e+00   9.8063934e-01   9.5854020e-01
   2.0325833e+03   1.0032295e+00   9.8053299e-01   9.5834836e-01
   2.0326667e+03   1.0031549e+00   9.8037232e-01   9.5810551e-01
   2.0327500e+03   1.0030953e+00   9.8022579e-01   9.5787601e-01
   2.0328333e+03   1.0031401e+00   9.8017753e-01   9.5773890e-01
   2.0329167e+03   1.0032169e+00   9.8015932e-01   9.5763007e-01
   2.0330000e+03   1.0032388e+00   9.8008954e-01   9.5747281e-01
   2.0330833e+03   1.0032100e+00   9.7997210e-01   9.5727082e-01
   2.0331667e+03   1.0031856e+00   9.7985885e-01   9.5707280e-01
   2.0332500e+03   1.0031969e+00   9.7977910e-01   9.5690630e-01
   2.0333333e+03   1.0032687e+00   9.7975635e-01   9.5679338e-01
   2.0334167e+03   1.0033359e+00   9.7972933e-01   9.5667648e-01
   2.0335000e+03   1.0033765e+00   9.7967724e-01   9.5653606e-01
   2.0335833e+03   1.0033575e+00   9.7956920e-01   9.5634315e-01
   2.0336667e+03   1.0032803e+00   9.7940637e-01   9.5609884e-01
   2.0337500e+03   1.0032181e+00   9.7925779e-01   9.5586796e-01
   2.0338333e+03   1.0032617e+00   9.7920860e-01   9.5573044e-01
   2.0339167e+03   1.0033388e+00   9.7919100e-01   9.5562262e-01
   2.0340000e+03   1.0033622e+00   9.7912293e-01   9.5546745e-01
   2.0340833e+03   1.0033355e+00   9.7900774e-01   9.5526809e-01
   2.0341667e+03   1.0033131e+00   9.7889669e-01   9.5507267e-01
   2.0342500e+03   1.0033260e+00   9.7881878e-01   9.5490839e-01
   2.0343333e+03   1.0033984e+00   9.7879685e-01   9.5479669e-01
   2.0344167e+03   1.0034649e+00   9.7876936e-01   9.5467980e-01
   2.0345000e+03   1.0035041e+00   9.7871628e-01   9.5453894e-01
   2.0345833e+03   1.0034830e+00   9.7860657e-01   9.5434500e-01
   2.0346667e+03   7.0238215e-01   6.8490911e-01   6.6786947e-01
   2.0347500e+03   7.0233685e-01   6.8480368e-01   6.6770692e-01
   2.0348333e+03   7.0236643e-01   6.8476859e-01   6.6761039e-01
   2.0349167e+03   7.0242070e-01   6.8475672e-01   6.6753565e-01
   2.0350000e+03   7.0243814e-01   6.8471027e-01   6.6742851e-01
   2.0350833e+03   7.0242084e-01   6.8463121e-01   6.6729082e-01
   2.0351667e+03   7.0240657e-01   6.8455502e-01   6.6715587e-01
   2.0352500e+03   7.0241670e-01   6.8450177e-01   6.6704245e-01
   2.0353333e+03   7.0246780e-01   6.8448700e-01   6.6696512e-01
   2.0354167e+03   7.0251378e-01   6.8446743e-01   6.6688333e-01
   2.0355000e+03   7.0254028e-01   6.8442959e-01   6.6678445e-01
   2.0355833e+03   7.0252402e-01   6.8435163e-01   6.6664799e-01
   2.0356667e+03   7.0246612e-01   6.8423463e-01   6.6647498e-01
   2.0357500e+03   7.0241901e-01   6.8412778e-01   6.6631152e-01
   2.0358333e+03   7.0244767e-01   6.8409206e-01   6.6621475e-01
   2.0359167e+03   7.0250220e-01   6.8408063e-01   6.6614076e-01
   2.0360000e+03   7.0252068e-01   6.8403538e-01   6.6603512e-01
   2.0360833e+03   7.0250477e-01   6.8395790e-01   6.6589932e-01
   2.0361667e+03   7.0249187e-01   6.8388326e-01   6.6576621e-01
   2.0362500e+03   7.0250313e-01   6.8383131e-01   6.6565439e-01
   2.0363333e+03   7.0255463e-01   6.8381711e-01   6.6557796e-01
   2.0364167e+03   7.0260003e-01   6.8379722e-01   6.6549622e-01
   2.0365000e+03   7.0262557e-01   6.8375871e-01   6.6539708e-01
   2.0365833e+03   7.0260777e-01   6.8367960e-01   6.6525995e-01
   2.0366667e+03   7.0254794e-01   6.8356110e-01   6.6508598e-01
   2.0367500e+03   7.0249899e-01   6.8345283e-01   6.6492164e-01
   2.0368333e+03   7.0252672e-01   6.8341647e-01   6.6482465e-01
   2.0369167e+03   7.0258151e-01   6.8340549e-01   6.6475143e-01
   2.0370000e+03   7.0260100e-01   6.8336144e-01   6.6464731e-01
   2.0370833e+03   7.0258648e-01   6.8328554e-01   6.6451341e-01
   2.0371667e+03   7.0257494e-01   6.8321247e-01   6.6438218e-01
   2.0372500e+03   7.0258730e-01   6.8316181e-01   6.6427197e-01
   2.0373333e+03   7.0263918e-01   6.8314820e-01   6.6419646e-01
   2.0374167e+03   7.0268401e-01   6.8312800e-01   6.6411479e-01
   2.0375000e+03   7.0270856e-01   6.8308882e-01   6.6401542e-01
   2.0375833e+03   7.0268922e-01   6.8300855e-01   6.6387763e-01
   2.0376667e+03   7.0262744e-01   6.8288856e-01   6.6370274e-01
   2.0377500e+03   7.0257663e-01   6.8277887e-01   6.6353753e-01
   2.0378333e+03   7.0260341e-01   6.8274189e-01   6.6344034e-01
   2.0379167e+03   7.0265843e-01   6.8273136e-01   6.6336793e-01
   2.0380000e+03   7.0267893e-01   6.8268853e-01   6.6326534e-01
   2.0380833e+03   7.0266578e-01   6.8261421e-01   6.6313336e-01
   2.0381667e+03   7.0265559e-01   6.8254269e-01   6.6300402e-01
   2.0382500e+03   7.0266905e-01   6.8249335e-01   6.6289545e-01
   2.0383333e+03   7.0272130e-01   6.8248033e-01   6.6282087e-01
   2.0384167e+03   7.0276552e-01   6.8245981e-01   6.6273931e-01
   2.0385000e+03   7.0278907e-01   6.8241997e-01   6.6263972e-01
   2.0385833e+03   7.0276817e-01   6.8233855e-01   6.6250131e-01
   2.0386667e+03   7.0270442e-01   6.8221707e-01   6.6232550e-01
   2.0387500e+03   7.0265174e-01   6.8210598e-01   6.6215946e-01
   2.0388333e+03   7.0267756e-01   6.8206837e-01   6.6206210e-01
   2.0389167e+03   7.0273279e-01   6.8205830e-01   6.6199051e-01
   2.0390000e+03   7.0275428e-01   6.8201668e-01   6.6188948e-01
   2.0390833e+03   7.0274250e-01   6.8194396e-01   6.6175943e-01
   2.0391667e+03   7.0273364e-01   6.8187401e-01   6.6163200e-01
   2.0392500e+03   7.0274818e-01   6.8182597e-01   6.6152508e-01
   2.0393333e+03   7.0280079e-01   6.8181355e-01   6.6145146e-01
   2.0394167e+03   7.0284439e-01   6.8179273e-01   6.6137003e-01
   2.0395000e+03   7.0286693e-01   6.8175223e-01   6.6127025e-01
   2.0395833e+03   7.0284445e-01   6.8166967e-01   6.6113124e-01
   2.0396667e+03   7.0277871e-01   6.8154670e-01   6.6095455e-01
   2.0397500e+03   7.0272414e-01   6.8143421e-01   6.6078768e-01
   2.0398333e+03   7.0274898e-01   6.8139597e-01   6.6069018e-01
   2.0399167e+03   7.0280442e-01   6.8138637e-01   6.6061943e-01
   2.0400000e+03   7.0282689e-01   6.8134597e-01   6.6051998e-01
   2.0400833e+03   7.0281645e-01   6.8127485e-01   6.6039188e-01
   2.0401667e+03   7.0280892e-01   6.8120646e-01   6.6026638e-01
   2.0402500e+03   7.0282453e-01   6.8115973e-01   6.6016113e-01
   2.0403333e+03   7.0287748e-01   6.8114791e-01   6.6008849e-01
   2.0404167e+03   7.0292045e-01   6.8112679e-01   6.6000720e-01
   2.0405000e+03   7.0294195e-01   6.8108564e-01   6.5990726e-01
   2.0405833e+03   7.0291787e-01   6.8100194e-01   6.5976767e-01
   2.0406667e+03   7.0285013e-01   6.8087749e-01   6.5959011e-01
   2.0407500e+03   7.0279366e-01   6.8076360e-01   6.5942246e-01
   2.0408333e+03   7.0281750e-01   6.8072476e-01   6.5932483e-01
   2.0409167e+03   7.0287313e-01   6.8071562e-01   6.5925495e-01
   2.0410000e+03   7.0289657e-01   6.8067645e-01   6.5915709e-01
   2.0410833e+03   7.0288747e-01   6.8060692e-01   6.5903096e-01
   2.0411667e+03   7.0288124e-01   6.8054011e-01   6.5890741e-01
   2.0412500e+03   7.0289791e-01   6.8049470e-01   6.5880385e-01
   2.0413333e+03   7.0295119e-01   6.8048349e-01   6.5873221e-01
   2.0414167e+03   7.0299351e-01   6.8046207e-01   6.5865109e-01
   2.0415000e+03   7.0301396e-01   6.8042027e-01   6.5855101e-01
   2.0415833e+03   7.0298827e-01   6.8033544e-01   6.5841086e-01
   2.0416667e+03   7.0291851e-01   6.8020951e-01   6.5823246e-01
   2.0417500e+03   7.0286011e-01   6.8009423e-01   6.5806403e-01
   2.0418333e+03   7.0288294e-01   6.8005478e-01   6.5796630e-01
   2.0419167e+03   7.0293875e-01   6.8004612e-01   6.5789731e-01
   2.0420000e+03   7.0296314e-01   6.8000817e-01   6.5780106e-01
   2.0420833e+03   7.0295537e-01   6.7994025e-01   6.5767692e-01
   2.0421667e+03   7.0295043e-01   6.7987501e-01   6.5755533e-01
   2.0422500e+03   7.0296814e-01   6.7983092e-01   6.5745348e-01
   2.0423333e+03   7.0302173e-01   6.7982032e-01   6.5738286e-01
   2.0424167e+03   7.0306339e-01   6.7979862e-01   6.5730194e-01
   2.0425000e+03   7.0308278e-01   6.7975618e-01   6.5720174e-01
   2.0425833e+03   7.0305546e-01   6.7967022e-01   6.5706105e-01
   2.0426667e+03   7.0298366e-01   6.7954282e-01   6.5688183e-01
   2.0427500e+03   7.0292332e-01   6.7942615e-01   6.5671266e-01
   2.0428333e+03   7.0294512e-01   6.7938609e-01   6.5661485e-01
   2.0429167e+03   7.0300109e-01   6.7937791e-01   6.5654676e-01
   2.0430000e+03   7.0302643e-01   6.7934120e-01   6.5645215e-01
   2.0430833e+03   7.0301996e-01   6.7927488e-01   6.5633002e-01
   2.0431667e+03   7.0301631e-01   6.7921122e-01   6.5621040e-01
   2.0432500e+03   7.0303505e-01   6.7916846e-01   6.5611028e-01
   2.0433333e+03   7.0308894e-01   6.7915848e-01   6.5604071e-01
   2.0434167e+03   7.0312992e-01   6.7913649e-01   6.5596000e-01
   2.0435000e+03   7.0314822e-01   6.7909341e-01   6.5585970e-01
   2.0435833e+03   7.0311926e-01   6.7900633e-01   6.5571850e-01
   2.0436667e+03   7.0304540e-01   6.7887746e-01   6.5553848e-01
   2.0437500e+03   7.0298311e-01   6.7875941e-01   6.5536858e-01
   2.0438333e+03   7.0300387e-01   6.7871875e-01   6.5527072e-01
   2.0439167e+03   7.0305998e-01   6.7871105e-01   6.5520355e-01
   2.0440000e+03   7.0308624e-01   6.7867558e-01   6.5511059e-01
   2.0440833e+03   7.0308108e-01   6.7861087e-01   6.5499049e-01
   2.0441667e+03   7.0307870e-01   6.7854880e-01   6.5487287e-01
   2.0442500e+03   7.0309845e-01   6.7850737e-01   6.5477450e-01
   2.0443333e+03   7.0315263e-01   6.7849801e-01   6.5470598e-01
   2.0444167e+03   7.0319291e-01   6.7847574e-01   6.5462551e-01
   2.0445000e+03   7.0321012e-01   6.7843203e-01   6.5452514e-01
   2.0445833e+03   7.0317949e-01   6.7834383e-01   6.5438345e-01
   2.0446667e+03   7.0310356e-01   6.7821349e-01   6.5420265e-01
   2.0447500e+03   7.0303930e-01   6.7809406e-01   6.5403204e-01
   2.0448333e+03   7.0305899e-01   6.7805281e-01   6.5393415e-01
   2.0449167e+03   7.0311524e-01   6.7804561e-01   6.5386793e-01
   2.0450000e+03   7.0314242e-01   6.7801138e-01   6.5377664e-01
   2.0450833e+03   7.0313853e-01   6.7794828e-01   6.5365857e-01
   2.0451667e+03   7.0313741e-01   6.7788779e-01   6.5354297e-01
   2.0452500e+03   7.0315817e-01   6.7784770e-01   6.5344636e-01
   2.0453333e+03   7.0321262e-01   6.7783897e-01   6.5337894e-01
   2.0454167e+03   7.0325219e-01   6.7781643e-01   6.5329872e-01
   2.0455000e+03   7.0326828e-01   6.7777209e-01   6.5319829e-01
   2.0455833e+03   7.0323598e-01   6.7768277e-01   6.5305614e-01
   2.0456667e+03   7.0315796e-01   6.7755098e-01   6.5287458e-01
   2.0457500e+03   7.0309170e-01   6.7743017e-01   6.5270329e-01
   2.0458333e+03   7.0311032e-01   6.7738833e-01   6.5260538e-01
   2.0459167e+03   7.0316669e-01   6.7738162e-01   6.5254013e-01
   2.0460000e+03   7.0319476e-01   6.7734864e-01   6.5245053e-01
   2.0460833e+03   7.0319215e-01   6.7728716e-01   6.5233452e-01
   2.0461667e+03   7.0319227e-01   6.7722826e-01   6.5222095e-01
   2.0462500e+03   7.0321403e-01   6.7718951e-01   6.5212613e-01
   2.0463333e+03   7.0326872e-01   6.7718141e-01   6.5205980e-01
   2.0464167e+03   7.0330757e-01   6.7715860e-01   6.5197987e-01
   2.0465000e+03   7.0332253e-01   6.7711364e-01   6.5187941e-01
   2.0465833e+03   7.0328853e-01   6.7702321e-01   6.5173680e-01
   2.0466667e+03   7.0320841e-01   6.7688996e-01   6.5155451e-01
   2.0467500e+03   7.0314015e-01   6.7676778e-01   6.5138256e-01
   2.0468333e+03   7.0315767e-01   6.7672536e-01   6.5128465e-01
   2.0469167e+03   7.0321414e-01   6.7671915e-01   6.5122040e-01
   2.0470000e+03   7.0324310e-01   6.7668742e-01   6.5113251e-01
   2.0470833e+03   7.0324175e-01   6.7662756e-01   6.5101857e-01
   2.0471667e+03   7.0324310e-01   6.7657026e-01   6.5090705e-01
   2.0472500e+03   7.0326583e-01   6.7653285e-01   6.5081402e-01
   2.0473333e+03   7.0332077e-01   6.7652539e-01   6.5074882e-01
   2.0474167e+03   7.0335887e-01   6.7650232e-01   6.5066919e-01
   2.0475000e+03   7.0337269e-01   6.7645673e-01   6.5056872e-01
   2.0475833e+03   7.0333698e-01   6.7636520e-01   6.5042569e-01
   2.0476667e+03   7.0325473e-01   6.7623050e-01   6.5024268e-01
   2.0477500e+03   7.0318445e-01   6.7610696e-01   6.5007008e-01
   2.0478333e+03   7.0320086e-01   6.7606395e-01   6.4997221e-01
   2.0479167e+03   7.0325742e-01   6.7605824e-01   6.4990896e-01
   2.0480000e+03   7.0328725e-01   6.7602777e-01   6.4982280e-01
   2.0480833e+03   7.0328715e-01   6.7596954e-01   6.4971095e-01
   2.0481667e+03   7.0328972e-01   6.7591384e-01   6.4960149e-01
   2.0482500e+03   7.0331342e-01   6.7587778e-01   6.4951029e-01
   2.0483333e+03   7.0336858e-01   6.7587095e-01   6.4944623e-01
   2.0484167e+03   7.0340592e-01   6.7584762e-01   6.4936692e-01
   2.0485000e+03   7.0341858e-01   6.7580143e-01   6.4926647e-01
   2.0485833e+03   7.0338114e-01   6.7570879e-01   6.4912302e-01
   2.0486667e+03   7.0329675e-01   6.7557264e-01   6.4893932e-01
   2.0487500e+03   7.0322442e-01   6.7544774e-01   6.4876609e-01
   2.0488333e+03   7.0323971e-01   6.7540416e-01   6.4866827e-01
   2.0489167e+03   7.0329634e-01   6.7539896e-01   6.4860606e-01
   2.0490000e+03   7.0332703e-01   6.7536974e-01   6.4852163e-01
   2.0490833e+03   7.0332817e-01   6.7531315e-01   6.4841190e-01
   2.0491667e+03   7.0333195e-01   6.7525905e-01   6.4830452e-01
   2.0492500e+03   7.0335659e-01   6.7522434e-01   6.4821516e-01
   2.0493333e+03   7.0341197e-01   6.7521816e-01   6.4815227e-01
   2.0494167e+03   7.0344853e-01   6.7519458e-01   6.4807330e-01
   2.0495000e+03   7.0346001e-01   6.7514777e-01   6.4797287e-01
   2.0495833e+03   7.0342082e-01   6.7505404e-01   6.4782904e-01
   2.0496667e+03   7.0333428e-01   6.7491645e-01   6.4764466e-01
   2.0497500e+03   7.0325990e-01   6.7479018e-01   6.4747083e-01
   2.0498333e+03   7.0327404e-01   6.7474603e-01   6.4737308e-01
   2.0499167e+03   7.0333073e-01   6.7474135e-01   6.4731191e-01
   2.0500000e+03   7.0336227e-01   6.7471340e-01   6.4722925e-01
   2.0500833e+03   7.0336457e-01   6.7465838e-01   6.4712159e-01
   2.0501667e+03   7.0336943e-01   6.7460578e-01   6.4701622e-01
   2.0502500e+03   7.0339488e-01   6.7457231e-01   6.4692859e-01
   2.0503333e+03   7.0345041e-01   6.7456675e-01   6.4686685e-01
   2.0504167e+03   7.0348637e-01   6.7454308e-01   6.4678839e-01
   2.0505000e+03   7.0349700e-01   6.7449598e-01   6.4668830e-01
   2.0505833e+03   7.0345663e-01   6.7440168e-01   6.4654459e-01
   2.0506667e+03   7.0336874e-01   6.7426340e-01   6.4636023e-01
   2.0507500e+03   7.0329316e-01   6.7413659e-01   6.4618654e-01
   2.0508333e+03   7.0330670e-01   6.7409236e-01   6.4608933e-01
   2.0509167e+03   7.0336341e-01   6.7408816e-01   6.4602918e-01
   2.0510000e+03   7.0339531e-01   6.7406102e-01   6.4594785e-01
   2.0510833e+03   7.0339814e-01   6.7400699e-01   6.4584170e-01
   2.0511667e+03   7.0340351e-01   6.7395535e-01   6.4573781e-01
   2.0512500e+03   7.0342936e-01   6.7392272e-01   6.4565155e-01
   2.0513333e+03   7.0348498e-01   6.7391769e-01   6.4559085e-01
   2.0514167e+03   7.0352060e-01   6.7389417e-01   6.4551310e-01
   2.0515000e+03   7.0353070e-01   6.7384706e-01   6.4541359e-01
   2.0515833e+03   7.0348957e-01   6.7375256e-01   6.4527030e-01
   2.0516667e+03   7.0340073e-01   6.7361395e-01   6.4508628e-01
   2.0517500e+03   7.0332425e-01   6.7348683e-01   6.4491294e-01
   2.0518333e+03   7.0333729e-01   6.7344261e-01   6.4481630e-01
   2.0519167e+03   7.0339402e-01   6.7343886e-01   6.4475711e-01
   2.0520000e+03   7.0342628e-01   6.7341250e-01   6.4467707e-01
   2.0520833e+03   7.0342963e-01   6.7335942e-01   6.4457236e-01
   2.0521667e+03   7.0343551e-01   6.7330872e-01   6.4446992e-01
   2.0522500e+03   7.0346176e-01   6.7327691e-01   6.4438496e-01
   2.0523333e+03   7.0351746e-01   6.7327237e-01   6.4432526e-01
   2.0524167e+03   7.0355273e-01   6.7324897e-01   6.4424816e-01
   2.0525000e+03   7.0356231e-01   6.7320183e-01   6.4414918e-01
   2.0525833e+03   7.0352041e-01   6.7310711e-01   6.4400627e-01
   2.0526667e+03   7.0343062e-01   6.7296813e-01   6.4382253e-01
   2.0527500e+03   7.0335324e-01   6.7284068e-01   6.4364950e-01
   2.0528333e+03   7.0336577e-01   6.7279644e-01   6.4355338e-01
   2.0529167e+03   7.0342251e-01   6.7279311e-01   6.4349510e-01
   2.0530000e+03   7.0345513e-01   6.7276751e-01   6.4341629e-01
   2.0530833e+03   7.0345900e-01   6.7271536e-01   6.4331299e-01
   2.0531667e+03   7.0346539e-01   6.7266557e-01   6.4321192e-01
   2.0532500e+03   7.0349204e-01   6.7263455e-01   6.4312823e-01
   2.0533333e+03   7.0354782e-01   6.7263049e-01   6.4306947e-01
   2.0534167e+03   7.0358274e-01   6.7260717e-01   6.4299297e-01
   2.0535000e+03   7.0359179e-01   6.7255998e-01   6.4289447e-01
   2.0535833e+03   7.0354912e-01   6.7246501e-01   6.4275189e-01
   2.0536667e+03   7.0345838e-01   6.7232565e-01   6.4256839e-01
   2.0537500e+03   7.0338008e-01   6.7219784e-01   6.4239560e-01
   2.0538333e+03   7.0339211e-01   6.7215354e-01   6.4229996e-01
   2.0539167e+03   7.0344886e-01   6.7215062e-01   6.4224254e-01
   2.0540000e+03   7.0348184e-01   6.7212575e-01   6.4216491e-01
   2.0540833e+03   7.0348622e-01   6.7207449e-01   6.4206296e-01
   2.0541667e+03   7.0349312e-01   6.7202559e-01   6.4196322e-01
   2.0542500e+03   7.0352017e-01   6.7199533e-01   6.4188074e-01
   2.0543333e+03   7.0357602e-01   6.7199172e-01   6.4182287e-01
   2.0544167e+03   7.0361058e-01   6.7196846e-01   6.4174692e-01
   2.0545000e+03   7.0361911e-01   6.7192119e-01   6.4164885e-01
   2.0545833e+03   7.0357566e-01   6.7182594e-01   6.4150656e-01
   2.0546667e+03   7.0348396e-01   6.7168617e-01   6.4132324e-01
   2.0547500e+03   7.0340476e-01   6.7155798e-01   6.4115066e-01
   2.0548333e+03   7.0341627e-01   6.7151361e-01   6.4105544e-01
   2.0549167e+03   7.0347303e-01   6.7151105e-01   6.4099883e-01
   2.0550000e+03   7.0350636e-01   6.7148689e-01   6.4092233e-01
   2.0550833e+03   7.0351126e-01   6.7143650e-01   6.4082168e-01
   2.0551667e+03   7.0351867e-01   6.7138846e-01   6.4072322e-01
   2.0552500e+03   7.0354610e-01   6.7135894e-01   6.4064190e-01
   2.0553333e+03   7.0360203e-01   6.7135574e-01   6.4058487e-01
   2.0554167e+03   7.0363623e-01   6.7133252e-01   6.4050942e-01
   2.0555000e+03   7.0364422e-01   6.7128514e-01   6.4041173e-01
   2.0555833e+03   7.0359999e-01   6.7118959e-01   6.4026967e-01
   2.0556667e+03   7.0350734e-01   6.7104938e-01   6.4008650e-01
   2.0557500e+03   7.0342722e-01   6.7092080e-01   6.3991408e-01
   2.0558333e+03   7.0343821e-01   6.7087632e-01   6.3981924e-01
   2.0559167e+03   7.0349499e-01   6.7087411e-01   6.3976339e-01
   2.0560000e+03   7.0352867e-01   6.7085062e-01   6.3968795e-01
   2.0560833e+03   7.0353408e-01   6.7080108e-01   6.3958855e-01
   2.0561667e+03   7.0354199e-01   6.7075386e-01   6.3949133e-01
   2.0562500e+03   7.0356982e-01   6.7072506e-01   6.3941111e-01
   2.0563333e+03   7.0362581e-01   6.7072225e-01   6.3935487e-01
   2.0564167e+03   7.0365965e-01   6.7069904e-01   6.3927988e-01
   2.0565000e+03   7.0366711e-01   6.7065152e-01   6.3918251e-01
   2.0565833e+03   7.0362210e-01   6.7055565e-01   6.3904064e-01
   2.0566667e+03   7.0352848e-01   6.7041499e-01   6.3885757e-01
   2.0567500e+03   7.0344744e-01   6.7028597e-01   6.3868527e-01
   2.0568333e+03   7.0345792e-01   6.7024136e-01   6.3859075e-01
   2.0569167e+03   7.0351469e-01   6.7023947e-01   6.3853560e-01
   2.0570000e+03   7.0354872e-01   6.7021663e-01   6.3846120e-01
   2.0570833e+03   7.0355465e-01   6.7016791e-01   6.3836299e-01
   2.0571667e+03   7.0356305e-01   6.7012150e-01   6.3826695e-01
   2.0572500e+03   7.0359127e-01   6.7009337e-01   6.3818778e-01
   2.0573333e+03   7.0364733e-01   6.7009094e-01   6.3813229e-01
   2.0574167e+03   7.0368081e-01   6.7006771e-01   6.3805769e-01
   2.0575000e+03   7.0368773e-01   6.7002003e-01   6.3796061e-01
   2.0575833e+03   7.0364193e-01   6.6992380e-01   6.3781889e-01
   2.0576667e+03   7.0354735e-01   6.6978266e-01   6.3763586e-01
   2.0577500e+03   7.0346539e-01   6.6965319e-01   6.3746363e-01
   2.0578333e+03   7.0347534e-01   6.6960843e-01   6.3736939e-01
   2.0579167e+03   7.0353212e-01   6.6960683e-01   6.3731490e-01
   2.0580000e+03   7.0356649e-01   6.6958461e-01   6.3724147e-01
   2.0580833e+03   7.0357293e-01   6.6953668e-01   6.3714441e-01
   2.0581667e+03   7.0358183e-01   6.6949105e-01   6.3704950e-01
   2.0582500e+03   7.0361043e-01   6.6946358e-01   6.3697134e-01
   2.0583333e+03   7.0366655e-01   6.6946148e-01   6.3691654e-01
   2.0584167e+03   7.0369967e-01   6.6943822e-01   6.3684229e-01
   2.0585000e+03   7.0370604e-01   6.6939035e-01   6.3674545e-01
   2.0585833e+03   7.0365946e-01   6.6929374e-01   6.3660382e-01
   2.0586667e+03   7.0356391e-01   6.6915210e-01   6.3642080e-01
   2.0587500e+03   7.0348103e-01   6.6902215e-01   6.3624859e-01
   2.0588333e+03   7.0349046e-01   6.6897721e-01   6.3615458e-01
   2.0589167e+03   7.0354723e-01   6.6897587e-01   6.3610070e-01
   2.0590000e+03   7.0358194e-01   6.6895425e-01   6.3602819e-01
   2.0590833e+03   7.0358889e-01   6.6890708e-01   6.3593223e-01
   2.0591667e+03   7.0359828e-01   6.6886220e-01   6.3583840e-01
   2.0592500e+03   7.0362727e-01   6.6883537e-01   6.3576119e-01
   2.0593333e+03   7.0368345e-01   6.6883358e-01   6.3570703e-01
   2.0594167e+03   7.0371619e-01   6.6881025e-01   6.3563309e-01
   2.0595000e+03   7.0372202e-01   6.6876217e-01   6.3553644e-01
   2.0595833e+03   7.0367464e-01   6.6866517e-01   6.3539486e-01
   2.0596667e+03   4.2214688e-01   4.0111379e-01   3.8112708e-01
   2.0597500e+03   4.2209659e-01   4.0103552e-01   3.8102374e-01
   2.0598333e+03   4.2210193e-01   4.0100844e-01   3.8096745e-01
   2.0599167e+03   4.2213599e-01   4.0100778e-01   3.8093546e-01
   2.0600000e+03   4.2215703e-01   4.0099514e-01   3.8089248e-01
   2.0600833e+03   4.2216149e-01   4.0096729e-01   3.8083553e-01
   2.0601667e+03   4.2216743e-01   4.0094080e-01   3.8077985e-01
   2.0602500e+03   4.2218504e-01   4.0092506e-01   3.8073407e-01
   2.0603333e+03   4.2221879e-01   4.0092416e-01   3.8070192e-01
   2.0604167e+03   4.2223821e-01   4.0091010e-01   3.8065771e-01
   2.0605000e+03   4.2224138e-01   4.0088111e-01   3.8059981e-01
   2.0605833e+03   4.2221248e-01   4.0082265e-01   3.8051486e-01
   2.0606667e+03   4.2215398e-01   4.0073701e-01   3.8040498e-01
   2.0607500e+03   4.2210314e-01   4.0065843e-01   3.8030160e-01
   2.0608333e+03   4.2210816e-01   4.0063120e-01   3.8024539e-01
   2.0609167e+03   4.2214222e-01   4.0063067e-01   3.8021370e-01
   2.0610000e+03   4.2216345e-01   4.0061837e-01   3.8017121e-01
   2.0610833e+03   4.2216822e-01   4.0059094e-01   3.8011487e-01
   2.0611667e+03   4.2217445e-01   4.0056486e-01   3.8005978e-01
   2.0612500e+03   4.2219229e-01   4.0054947e-01   3.8001451e-01
   2.0613333e+03   4.2222607e-01   4.0054873e-01   3.7998269e-01
   2.0614167e+03   4.2224527e-01   4.0053460e-01   3.7993861e-01
   2.0615000e+03   4.2224811e-01   4.0050545e-01   3.7988076e-01
   2.0615833e+03   4.2221872e-01   4.0044673e-01   3.7979579e-01
   2.0616667e+03   4.2215964e-01   4.0036074e-01   3.7968583e-01
   2.0617500e+03   4.2210824e-01   4.0028183e-01   3.7958238e-01
   2.0618333e+03   4.2211294e-01   4.0025445e-01   3.7952622e-01
   2.0619167e+03   4.2214699e-01   4.0025403e-01   3.7949481e-01
   2.0620000e+03   4.2216843e-01   4.0024203e-01   3.7945279e-01
   2.0620833e+03   4.2217350e-01   4.0021502e-01   3.7939702e-01
   2.0621667e+03   4.2218001e-01   4.0018934e-01   3.7934248e-01
   2.0622500e+03   4.2219808e-01   4.0017428e-01   3.7929770e-01
   2.0623333e+03   4.2223189e-01   4.0017368e-01   3.7926618e-01
   2.0624167e+03   4.2225086e-01   4.0015946e-01   3.7922219e-01
   2.0625000e+03   4.2225337e-01   4.0013014e-01   3.7916437e-01
   2.0625833e+03   4.2222350e-01   4.0007113e-01   3.7907935e-01
   2.0626667e+03   4.2216384e-01   3.9998479e-01   3.7896929e-01
   2.0627500e+03   4.2211187e-01   3.9990553e-01   3.7886575e-01
   2.0628333e+03   4.2211625e-01   3.9987798e-01   3.7880962e-01
   2.0629167e+03   4.2215030e-01   3.9987766e-01   3.7877846e-01
   2.0630000e+03   4.2217193e-01   3.9986595e-01   3.7873688e-01
   2.0630833e+03   4.2217729e-01   3.9983934e-01   3.7868164e-01
   2.0631667e+03   4.2218410e-01   3.9981405e-01   3.7862764e-01
   2.0632500e+03   4.2220240e-01   3.9979931e-01   3.7858331e-01
   2.0633333e+03   4.2223623e-01   3.9979883e-01   3.7855206e-01
   2.0634167e+03   4.2225497e-01   3.9978451e-01   3.7850814e-01
   2.0635000e+03   4.2225715e-01   3.9975500e-01   3.7845032e-01
   2.0635833e+03   4.2222680e-01   3.9969569e-01   3.7836522e-01
   2.0636667e+03   4.2216654e-01   3.9960897e-01   3.7825503e-01
   2.0637500e+03   4.2211402e-01   3.9952936e-01   3.7815137e-01
   2.0638333e+03   4.2211808e-01   3.9950163e-01   3.7809525e-01
   2.0639167e+03   4.2215211e-01   3.9950138e-01   3.7806430e-01
   2.0640000e+03   4.2217394e-01   3.9948996e-01   3.7802313e-01
   2.0640833e+03   4.2217960e-01   3.9946372e-01   3.7796840e-01
   2.0641667e+03   4.2218670e-01   3.9943881e-01   3.7791490e-01
   2.0642500e+03   4.2220521e-01   3.9942436e-01   3.7787100e-01
   2.0643333e+03   4.2223907e-01   3.9942399e-01   3.7783998e-01
   2.0644167e+03   4.2225759e-01   3.9940955e-01   3.7779611e-01
   2.0645000e+03   4.2225942e-01   3.9937984e-01   3.7773826e-01
   2.0645833e+03   4.2222859e-01   3.9932022e-01   3.7765306e-01
   2.0646667e+03   4.2216774e-01   3.9923311e-01   3.7754272e-01
   2.0647500e+03   4.2211465e-01   3.9915313e-01   3.7743892e-01
   2.0648333e+03   4.2211838e-01   3.9912520e-01   3.7738276e-01
   2.0649167e+03   4.2215241e-01   3.9912502e-01   3.7735200e-01
   2.0650000e+03   4.2217443e-01   3.9911386e-01   3.7731121e-01
   2.0650833e+03   4.2218039e-01   3.9908798e-01   3.7725697e-01
   2.0651667e+03   4.2218777e-01   3.9906343e-01   3.7720394e-01
   2.0652500e+03   4.2220651e-01   3.9904927e-01   3.7716043e-01
   2.0653333e+03   4.2224040e-01   3.9904898e-01   3.7712963e-01
   2.0654167e+03   4.2225867e-01   3.9903442e-01   3.7708577e-01
   2.0655000e+03   4.2226017e-01   3.9900449e-01   3.7702787e-01
   2.0655833e+03   4.2222886e-01   3.9894454e-01   3.7694254e-01
   2.0656667e+03   4.2216742e-01   3.9885703e-01   3.7683202e-01
   2.0657500e+03   4.2211376e-01   3.9877666e-01   3.7672805e-01
   2.0658333e+03   4.2211716e-01   3.9874852e-01   3.7667184e-01
   2.0659167e+03   4.2215117e-01   3.9874839e-01   3.7664124e-01
   2.0660000e+03   4.2217339e-01   3.9873747e-01   3.7660080e-01
   2.0660833e+03   4.2217964e-01   3.9871195e-01   3.7654701e-01
   2.0661667e+03   4.2218731e-01   3.9868773e-01   3.7649443e-01
   2.0662500e+03   4.2220626e-01   3.9867384e-01   3.7645129e-01
   2.0663333e+03   4.2224018e-01   3.9867364e-01   3.7642067e-01
   2.0664167e+03   4.2225822e-01   3.9865892e-01   3.7637679e-01
   2.0665000e+03   4.2225938e-01   3.9862876e-01   3.7631882e-01
   2.0665833e+03   4.2222758e-01   3.9856847e-01   3.7623333e-01
   2.0666667e+03   4.2216554e-01   3.9848055e-01   3.7612261e-01
   2.0667500e+03   4.2211132e-01   3.9839978e-01   3.7601844e-01
   2.0668333e+03   4.2211439e-01   3.9837140e-01   3.7596215e-01
   2.0669167e+03   4.2214838e-01   3.9837131e-01   3.7593169e-01
   2.0670000e+03   4.2217079e-01   3.9836062e-01   3.7589156e-01
   2.0670833e+03   4.2217734e-01   3.9833543e-01   3.7583820e-01
   2.0671667e+03   4.2218529e-01   3.9831154e-01   3.7578603e-01
   2.0672500e+03   4.2220446e-01   3.9829790e-01   3.7574324e-01
   2.0673333e+03   4.2223840e-01   3.9829776e-01   3.7571277e-01
   2.0674167e+03   4.2225620e-01   3.9828288e-01   3.7566885e-01
   2.0675000e+03   4.2225702e-01   3.9825248e-01   3.7561077e-01
   2.0675833e+03   4.2222473e-01   3.9819183e-01   3.7552510e-01
   2.0676667e+03   4.2216210e-01   3.9810348e-01   3.7541415e-01
   2.0677500e+03   4.2210730e-01   3.9802229e-01   3.7530977e-01
   2.0678333e+03   4.2211004e-01   3.9799368e-01   3.7525337e-01
   2.0679167e+03   4.2214402e-01   3.9799360e-01   3.7522301e-01
   2.0680000e+03   4.2216662e-01   3.9798313e-01   3.7518318e-01
   2.0680833e+03   4.2217345e-01   3.9795826e-01   3.7513022e-01
   2.0681667e+03   4.2218169e-01   3.9793468e-01   3.7507844e-01
   2.0682500e+03   4.2220108e-01   3.9792127e-01   3.7503595e-01
   2.0683333e+03   4.2223503e-01   3.9792118e-01   3.7500561e-01
   2.0684167e+03   4.2225260e-01   3.9790612e-01   3.7496162e-01
   2.0685000e+03   4.2225307e-01   3.9787546e-01   3.7490341e-01
   2.0685833e+03   4.2222029e-01   3.9781444e-01   3.7481753e-01
   2.0686667e+03   4.2215706e-01   3.9772564e-01   3.7470633e-01
   2.0687500e+03   4.2210170e-01   3.9764403e-01   3.7460171e-01
   2.0688333e+03   4.2210411e-01   3.9761516e-01   3.7454517e-01
   2.0689167e+03   4.2213806e-01   3.9761508e-01   3.7451489e-01
   2.0690000e+03   4.2216085e-01   3.9760482e-01   3.7447533e-01
   2.0690833e+03   4.2216797e-01   3.9758025e-01   3.7442273e-01
   2.0691667e+03   4.2217649e-01   3.9755696e-01   3.7437131e-01
   2.0692500e+03   4.2219609e-01   3.9754378e-01   3.7432911e-01
   2.0693333e+03   4.2223007e-01   3.9754371e-01   3.7429886e-01
   2.0694167e+03   4.2224740e-01   3.9752846e-01   3.7425478e-01
   2.0695000e+03   4.2224752e-01   3.9749752e-01   3.7419641e-01
   2.0695833e+03   4.2221425e-01   3.9743612e-01   3.7411030e-01
   2.0696667e+03   4.2215042e-01   3.9734687e-01   3.7399883e-01
   2.0697500e+03   4.2209448e-01   3.9726482e-01   3.7389394e-01
   2.0698333e+03   4.2209655e-01   3.9723568e-01   3.7383724e-01
   2.0699167e+03   4.2213049e-01   3.9723559e-01   3.7380701e-01
   2.0700000e+03   4.2215347e-01   3.9722550e-01   3.7376768e-01
   2.0700833e+03   4.2216088e-01   3.9720122e-01   3.7371543e-01
   2.0701667e+03   4.2216968e-01   3.9717821e-01   3.7366434e-01
   2.0702500e+03   4.2218949e-01   3.9716524e-01   3.7362240e-01
   2.0703333e+03   4.2222348e-01   3.9716519e-01   3.7359222e-01
   2.0704167e+03   4.2224057e-01   3.9714973e-01   3.7354802e-01
   2.0705000e+03   4.2224034e-01   3.9711850e-01   3.7348946e-01
   2.0705833e+03   4.2220657e-01   3.9705670e-01   3.7340310e-01
   2.0706667e+03   4.2214215e-01   3.9696698e-01   3.7329133e-01
   2.0707500e+03   4.2208563e-01   3.9688448e-01   3.7318614e-01
   2.0708333e+03   4.2208737e-01   3.9685505e-01   3.7312926e-01
   2.0709167e+03   4.2212128e-01   3.9685493e-01   3.7309905e-01
   2.0710000e+03   4.2214445e-01   3.9684501e-01   3.7305993e-01
   2.0710833e+03   4.2215214e-01   3.9682100e-01   3.7300799e-01
   2.0711667e+03   4.2216122e-01   3.9679826e-01   3.7295721e-01
   2.0712500e+03   4.2218124e-01   3.9678547e-01   3.7291549e-01
   2.0713333e+03   4.2221525e-01   3.9678542e-01   3.7288535e-01
   2.0714167e+03   4.2223209e-01   3.9676974e-01   3.7284100e-01
   2.0715000e+03   4.2223152e-01   3.9673820e-01   3.7278224e-01
   2.0715833e+03   4.2219725e-01   3.9667600e-01   3.7269559e-01
   2.0716667e+03   4.2213222e-01   3.9658580e-01   3.7258350e-01
   2.0717500e+03   4.2207513e-01   3.9650283e-01   3.7247800e-01
   2.0718333e+03   4.2207653e-01   3.9647310e-01   3.7242091e-01
   2.0719167e+03   4.2211042e-01   3.9647293e-01   3.7239069e-01
   2.0720000e+03   4.2213377e-01   3.9646317e-01   3.7235176e-01
   2.0720833e+03   4.2214175e-01   3.9643942e-01   3.7230011e-01
   2.0721667e+03   4.2215110e-01   3.9641692e-01   3.7224960e-01
   2.0722500e+03   4.2217133e-01   3.9640431e-01   3.7220808e-01
   2.0723333e+03   4.2220535e-01   3.9640424e-01   3.7217796e-01
   2.0724167e+03   4.2222195e-01   3.9638832e-01   3.7213343e-01
   2.0725000e+03   4.2222103e-01   3.9635647e-01   3.7207443e-01
   2.0725833e+03   4.2218626e-01   3.9629384e-01   3.7198748e-01
   2.0726667e+03   4.2212063e-01   3.9620314e-01   3.7187505e-01
   2.0727500e+03   4.2206296e-01   3.9611970e-01   3.7176921e-01
   2.0728333e+03   4.2206402e-01   3.9608965e-01   3.7171188e-01
   2.0729167e+03   4.2209788e-01   3.9608942e-01   3.7168163e-01
   2.0730000e+03   4.2212141e-01   3.9607980e-01   3.7164285e-01
   2.0730833e+03   4.2212967e-01   3.9605629e-01   3.7159146e-01
   2.0731667e+03   4.2213930e-01   3.9603402e-01   3.7154120e-01
   2.0732500e+03   4.2215974e-01   3.9602158e-01   3.7149985e-01
   2.0733333e+03   4.2219377e-01   3.9602148e-01   3.7146972e-01
   2.0734167e+03   4.2221012e-01   3.9600530e-01   3.7142499e-01
   2.0735000e+03   4.2220885e-01   3.9597312e-01   3.7136573e-01
   2.0735833e+03   4.2217358e-01   3.9591005e-01   3.7127845e-01
   2.0736667e+03   4.2210734e-01   3.9581884e-01   3.7116565e-01
   2.0737500e+03   4.2204909e-01   3.9573491e-01   3.7105945e-01
   2.0738333e+03   4.2204981e-01   3.9570453e-01   3.7100185e-01
   2.0739167e+03   4.2208365e-01   3.9570423e-01   3.7097155e-01
   2.0740000e+03   4.2210736e-01   3.9569473e-01   3.7093289e-01
   2.0740833e+03   4.2211590e-01   3.9567145e-01   3.7088173e-01
   2.0741667e+03   4.2212580e-01   3.9564940e-01   3.7083170e-01
   2.0742500e+03   4.2214644e-01   3.9563709e-01   3.7079050e-01
   2.0743333e+03   4.2218048e-01   3.9563694e-01   3.7076032e-01
   2.0744167e+03   4.2219659e-01   3.9562051e-01   3.7071537e-01
   2.0745000e+03   4.2219496e-01   3.9558797e-01   3.7065583e-01
   2.0745833e+03   4.2215919e-01   3.9552445e-01   3.7056819e-01
   2.0746667e+03   4.2209234e-01   3.9543273e-01   3.7045500e-01
   2.0747500e+03   4.2203351e-01   3.9534828e-01   3.7034842e-01
   2.0748333e+03   4.2203389e-01   3.9531756e-01   3.7029053e-01
   2.0749167e+03   4.2206769e-01   3.9531717e-01   3.7026014e-01
   2.0750000e+03   4.2209159e-01   3.9530778e-01   3.7022158e-01
   2.0750833e+03   4.2210040e-01   3.9528470e-01   3.7017063e-01
   2.0751667e+03   4.2211056e-01   3.9526284e-01   3.7012077e-01
   2.0752500e+03   4.2213139e-01   3.9525065e-01   3.7007968e-01
   2.0753333e+03   4.2216543e-01   3.9525044e-01   3.7004943e-01
   2.0754167e+03   4.2218132e-01   3.9523375e-01   3.7000426e-01
   2.0755000e+03   4.2217940e-01   3.9520091e-01   3.6994446e-01
   2.0755833e+03   4.2214323e-01   3.9513702e-01   3.6985653e-01
   2.0756667e+03   4.2207591e-01   3.9504488e-01   3.6974304e-01
   2.0757500e+03   4.2201664e-01   3.9496006e-01   3.6963617e-01
   2.0758333e+03   4.2201677e-01   3.9492907e-01   3.6957805e-01
   2.0759167e+03   4.2205055e-01   3.9492858e-01   3.6954755e-01
   2.0760000e+03   4.2207456e-01   3.9491922e-01   3.6950902e-01
   2.0760833e+03   4.2208356e-01   3.9489626e-01   3.6945816e-01
   2.0761667e+03   4.2209390e-01   3.9487450e-01   3.6940840e-01
   2.0762500e+03   4.2211486e-01   3.9486236e-01   3.6936734e-01
   2.0763333e+03   4.2214891e-01   3.9486207e-01   3.6933701e-01
   2.0764167e+03   4.2216463e-01   3.9484516e-01   3.6929163e-01
   2.0765000e+03   4.2216247e-01   3.9481206e-01   3.6923159e-01
   2.0765833e+03   4.2212597e-01   3.9474784e-01   3.6914340e-01
   2.0766667e+03   4.2205825e-01   3.9465535e-01   3.6902964e-01
   2.0767500e+03   4.2199859e-01   3.9457018e-01   3.6892251e-01
   2.0768333e+03   4.2199849e-01   3.9453892e-01   3.6886415e-01
   2.0769167e+03   4.2203225e-01   3.9453832e-01   3.6883352e-01
   2.0770000e+03   4.2205638e-01   3.9452899e-01   3.6879499e-01
   2.0770833e+03   4.2206556e-01   3.9450612e-01   3.6874421e-01
   2.0771667e+03   4.2207607e-01   3.9448445e-01   3.6869451e-01
   2.0772500e+03   4.2209717e-01   3.9447235e-01   3.6865347e-01
   2.0773333e+03   4.2213123e-01   3.9447196e-01   3.6862301e-01
   2.0774167e+03   4.2214678e-01   3.9445483e-01   3.6857740e-01
   2.0775000e+03   4.2214438e-01   3.9442144e-01   3.6851710e-01
   2.0775833e+03   4.2210754e-01   3.9435689e-01   3.6842863e-01
   2.0776667e+03   4.2203942e-01   3.9426403e-01   3.6831459e-01
   2.0777500e+03   4.2197938e-01   3.9417849e-01   3.6820717e-01
   2.0778333e+03   4.2197905e-01   3.9414696e-01   3.6814855e-01
   2.0779167e+03   4.2201279e-01   3.9414624e-01   3.6811776e-01
   2.0780000e+03   4.2203703e-01   3.9413691e-01   3.6807920e-01
   2.0780833e+03   4.2204639e-01   3.9411412e-01   3.6802847e-01
   2.0781667e+03   4.2205709e-01   3.9409253e-01   3.6797881e-01
   2.0782500e+03   4.2207831e-01   3.9408045e-01   3.6793775e-01
   2.0783333e+03   4.2211237e-01   3.9407996e-01   3.6790714e-01
   2.0784167e+03   4.2212775e-01   3.9406258e-01   3.6786128e-01
   2.0785000e+03   4.2212512e-01   3.9402890e-01   3.6780070e-01
   2.0785833e+03   4.2208795e-01   3.9396400e-01   3.6771193e-01
   2.0786667e+03   4.2201942e-01   3.9387076e-01   3.6759758e-01
   2.0787500e+03   4.2195900e-01   3.9378485e-01   3.6748984e-01
   2.0788333e+03   4.2195843e-01   3.9375302e-01   3.6743094e-01
   2.0789167e+03   4.2199215e-01   3.9375216e-01   3.6739997e-01
   2.0790000e+03   4.2201650e-01   3.9374283e-01   3.6736135e-01
   2.0790833e+03   4.2202605e-01   3.9372011e-01   3.6731065e-01
   2.0791667e+03   4.2203692e-01   3.9369858e-01   3.6726101e-01
   2.0792500e+03   4.2205828e-01   3.9368651e-01   3.6721990e-01
   2.0793333e+03   4.2209234e-01   3.9368590e-01   3.6718913e-01
   2.0794167e+03   4.2210755e-01   3.9366825e-01   3.6714298e-01
   2.0795000e+03   4.2210468e-01   3.9363427e-01   3.6708209e-01
   2.0795833e+03   4.2206717e-01   3.9356901e-01   3.6699300e-01
   2.0796667e+03   4.2199824e-01   3.9347538e-01   3.6687832e-01
   2.0797500e+03   4.2193743e-01   3.9338908e-01   3.6677026e-01
   2.0798333e+03   4.2193663e-01   3.9335695e-01   3.6671104e-01
   2.0799167e+03   4.2197032e-01   3.9335594e-01   3.6667986e-01
   2.0800000e+03   4.2199479e-01   3.9334659e-01   3.6664117e-01
   2.0800833e+03   4.2200452e-01   3.9332392e-01   3.6659046e-01
   2.0801667e+03   4.2201557e-01   3.9330244e-01   3.6654082e-01
   2.0802500e+03   4.2203706e-01   3.9329036e-01   3.6649964e-01
   2.0803333e+03   4.2207111e-01   3.9328961e-01   3.6646867e-01
   2.0804167e+03   4.2208616e-01   3.9327170e-01   3.6642222e-01
   2.0805000e+03   4.2208304e-01   3.9323739e-01   3.6636100e-01
   2.0805833e+03   4.2204520e-01   3.9317176e-01   3.6627156e-01
   2.0806667e+03   4.2197587e-01   3.9307773e-01   3.6615653e-01
   2.0807500e+03   4.2191467e-01   3.9299103e-01   3.6604812e-01
   2.0808333e+03   4.2191364e-01   3.9295858e-01   3.6598856e-01
   2.0809167e+03   4.2194730e-01   3.9295740e-01   3.6595716e-01
   2.0810000e+03   4.2197189e-01   3.9294802e-01   3.6591836e-01
   2.0810833e+03   4.2198179e-01   3.9292539e-01   3.6586763e-01
   2.0811667e+03   4.2199302e-01   3.9290394e-01   3.6581795e-01
   2.0812500e+03   4.2201464e-01   3.9289185e-01   3.6577668e-01
   2.0813333e+03   4.2204870e-01   3.9289095e-01   3.6574549e-01
   2.0814167e+03   4.2206357e-01   3.9287274e-01   3.6569871e-01
   2.0815000e+03   4.2206021e-01   3.9283811e-01   3.6563714e-01
   2.0815833e+03   4.2202204e-01   3.9277210e-01   3.6554733e-01
   2.0816667e+03   4.2195229e-01   3.9267764e-01   3.6543193e-01
   2.0817500e+03   4.2189071e-01   3.9259054e-01   3.6532314e-01
   2.0818333e+03   4.2188944e-01   3.9255776e-01   3.6526323e-01
   2.0819167e+03   4.2192308e-01   3.9255640e-01   3.6523157e-01
   2.0820000e+03   4.2194778e-01   3.9254697e-01   3.6519264e-01
   2.0820833e+03   4.2195787e-01   3.9252436e-01   3.6514186e-01
   2.0821667e+03   4.2196926e-01   3.9250293e-01   3.6509212e-01
   2.0822500e+03   4.2199101e-01   3.9249080e-01   3.6505074e-01
   2.0823333e+03   4.2202507e-01   3.9248974e-01   3.6501930e-01
   2.0824167e+03   4.2203977e-01   3.9247123e-01   3.6497217e-01
   2.0825000e+03   4.2203618e-01   3.9243626e-01   3.6491022e-01
   2.0825833e+03   4.2199766e-01   3.9236985e-01   3.6482002e-01
   2.0826667e+03   4.2192751e-01   3.9227497e-01   3.6470423e-01
   2.0827500e+03   4.2186554e-01   3.9218744e-01   3.6459505e-01
   2.0828333e+03   4.2186404e-01   3.9215432e-01   3.6453476e-01
   2.0829167e+03   4.2189765e-01   3.9215276e-01   3.6450281e-01
   2.0830000e+03   4.2192246e-01   3.9214327e-01   3.6446373e-01
   2.0830833e+03   4.2193273e-01   3.9212068e-01   3.6441287e-01
   2.0831667e+03   4.2194430e-01   3.9209925e-01   3.6436305e-01
   2.0832500e+03   4.2196618e-01   3.9208707e-01   3.6432153e-01
   2.0833333e+03   4.2200023e-01   3.9208583e-01   3.6428982e-01
   2.0834167e+03   4.2201476e-01   3.9206701e-01   3.6424231e-01
   2.0835000e+03   4.2201092e-01   3.9203168e-01   3.6417997e-01
   2.0835833e+03   4.2197207e-01   3.9196486e-01   3.6408935e-01
   2.0836667e+03   4.2190152e-01   3.9186954e-01   3.6397315e-01
   2.0837500e+03   4.2183915e-01   3.9178158e-01   3.6386356e-01
   2.0838333e+03   4.2183742e-01   3.9174810e-01   3.6380286e-01
   2.0839167e+03   4.2187100e-01   3.9174633e-01   3.6377062e-01
   2.0840000e+03   4.2189592e-01   3.9173676e-01   3.6373136e-01
   2.0840833e+03   4.2190637e-01   3.9171417e-01   3.6368040e-01
   2.0841667e+03   4.2191811e-01   3.9169274e-01   3.6363047e-01
   2.0842500e+03   4.2194012e-01   3.9168050e-01   3.6358878e-01
   2.0843333e+03   4.2197417e-01   3.9167906e-01   3.6355677e-01
   2.0844167e+03   4.2198853e-01   3.9165992e-01   3.6350887e-01
   2.0845000e+03   4.2198445e-01   3.9162421e-01   3.6344610e-01
   2.0845833e+03   4.2194526e-01   3.9155698e-01   3.6335506e-01
   2.0846667e+03   4.2187429e-01   3.9146121e-01   3.6323843e-01
   2.0847500e+03   4.2181153e-01   3.9137281e-01   3.6312840e-01
   2.0848333e+03   4.2180957e-01   3.9133895e-01   3.6306728e-01
   2.0849167e+03   4.2184313e-01   3.9133696e-01   3.6303470e-01
   2.0850000e+03   4.2186816e-01   3.9132730e-01   3.6299524e-01
   2.0850833e+03   4.2187878e-01   3.9130470e-01   3.6294416e-01
   2.0851667e+03   4.2189070e-01   3.9128324e-01   3.6289410e-01
   2.0852500e+03   4.2191283e-01   3.9127092e-01   3.6285222e-01
   2.0853333e+03   4.2194688e-01   3.9126928e-01   3.6281989e-01
   2.0854167e+03   4.2196106e-01   3.9124980e-01   3.6277156e-01
   2.0855000e+03   4.2195674e-01   3.9121371e-01   3.6270835e-01
   2.0855833e+03   4.2191721e-01   3.9114604e-01   3.6261685e-01
   2.0856667e+03   4.2184583e-01   3.9104981e-01   3.6249978e-01
   2.0857500e+03   4.2178268e-01   3.9096095e-01   3.6238930e-01
   2.0858333e+03   4.2178048e-01   3.9092672e-01   3.6232773e-01
   2.0859167e+03   4.2181401e-01   3.9092449e-01   3.6229480e-01
   2.0860000e+03   4.2183915e-01   3.9091473e-01   3.6225510e-01
   2.0860833e+03   4.2184995e-01   3.9089209e-01   3.6220388e-01
   2.0861667e+03   4.2186204e-01   3.9087059e-01   3.6215366e-01
   2.0862500e+03   4.2188430e-01   3.9085819e-01   3.6211157e-01
   2.0863333e+03   4.2191834e-01   3.9085633e-01   3.6207890e-01
   2.0864167e+03   4.2193235e-01   3.9083649e-01   3.6203013e-01
   2.0865000e+03   4.2192778e-01   3.9080001e-01   3.6196645e-01
   2.0865833e+03   4.2188791e-01   3.9073189e-01   3.6187448e-01
   2.0866667e+03   4.2181613e-01   3.9063519e-01   3.6175693e-01
   2.0867500e+03   4.2175259e-01   3.9054587e-01   3.6164598e-01
   2.0868333e+03   4.2175015e-01   3.9051124e-01   3.6158394e-01
   2.0869167e+03   4.2178365e-01   3.9050876e-01   3.6155063e-01
   2.0870000e+03   4.2180890e-01   3.9049888e-01   3.6151069e-01
   2.0870833e+03   4.2181987e-01   3.9047620e-01   3.6145929e-01
   2.0871667e+03   4.2183213e-01   3.9045465e-01   3.6140889e-01
   2.0872500e+03   4.2185452e-01   3.9044214e-01   3.6136656e-01
   2.0873333e+03   4.2188856e-01   3.9044005e-01   3.6133352e-01
   2.0874167e+03   4.2190239e-01   3.9041984e-01   3.6128428e-01
   2.0875000e+03   4.2189758e-01   3.9038295e-01   3.6122012e-01
   2.0875833e+03   4.2185737e-01   3.9031438e-01   3.6112765e-01
   2.0876667e+03   4.2178518e-01   3.9021720e-01   3.6100962e-01
   2.0877500e+03   4.2172124e-01   3.9012739e-01   3.6089818e-01
   2.0878333e+03   4.2171857e-01   3.9009236e-01   3.6083564e-01
   2.0879167e+03   4.2175204e-01   3.9008961e-01   3.6080193e-01
   2.0880000e+03   4.2177739e-01   3.9007960e-01   3.6076172e-01
   2.0880833e+03   4.2178854e-01   3.9005686e-01   3.6071012e-01
   2.0881667e+03   4.2180097e-01   3.9003525e-01   3.6065952e-01
   2.0882500e+03   4.2182348e-01   3.9002263e-01   3.6061693e-01
   2.0883333e+03   4.2185752e-01   3.9002028e-01   3.6058350e-01
   2.0884167e+03   4.2187117e-01   3.8999970e-01   3.6053377e-01
   2.0885000e+03   4.2186611e-01   3.8996239e-01   3.6046910e-01
   2.0885833e+03   4.2182556e-01   3.8989335e-01   3.6037612e-01
   2.0886667e+03   4.2175296e-01   3.8979567e-01   3.6025758e-01
   2.0887500e+03   4.2168864e-01   3.8970538e-01   3.6014563e-01
   2.0888333e+03   4.2168572e-01   3.8966992e-01   3.6008258e-01
   2.0889167e+03   4.2171916e-01   3.8966690e-01   3.6004845e-01
   2.0890000e+03   4.2174462e-01   3.8965674e-01   3.6000793e-01
   2.0890833e+03   4.2175594e-01   3.8963393e-01   3.5995612e-01
   2.0891667e+03   4.2176855e-01   3.8961225e-01   3.5990529e-01
   2.0892500e+03   4.2179118e-01   3.8959949e-01   3.5986241e-01
   2.0893333e+03   4.2182521e-01   3.8959688e-01   3.5982856e-01
   2.0894167e+03   4.2183868e-01   3.8957591e-01   3.5977833e-01
   2.0895000e+03   4.2183338e-01   3.8953816e-01   3.5971313e-01
   2.0895833e+03   4.2179249e-01   3.8946865e-01   3.5961961e-01
   2.0896667e+03   4.2171948e-01   3.8937047e-01   3.5950055e-01
   2.0897500e+03   4.2165476e-01   3.8927967e-01   3.5938807e-01
   2.0898333e+03   4.2165160e-01   3.8924378e-01   3.5932448e-01
   2.0899167e+03   4.2168501e-01   3.8924047e-01   3.5928990e-01
   2.0900000e+03   4.2171058e-01   3.8923015e-01   3.5924906e-01
   2.0900833e+03   4.2172207e-01   3.8920726e-01   3.5919701e-01
   2.0901667e+03   4.2173485e-01   3.8918548e-01   3.5914593e-01
   2.0902500e+03   4.2175760e-01   3.8917258e-01   3.5910275e-01
   2.0903333e+03   4.2179162e-01   3.8916970e-01   3.5906846e-01
   2.0904167e+03   4.2180492e-01   3.8914832e-01   3.5901769e-01
   2.0905000e+03   4.2179937e-01   3.8911012e-01   3.5895194e-01
   2.0905833e+03   4.2175814e-01   3.8904012e-01   3.5885787e-01
   2.0906667e+03   4.2168471e-01   3.8894142e-01   3.5873827e-01
   2.0907500e+03   4.2161960e-01   3.8885012e-01   3.5862524e-01
   2.0908333e+03   4.2161620e-01   3.8881378e-01   3.5856110e-01
   2.0909167e+03   4.2164958e-01   3.8881016e-01   3.5852604e-01
   2.0910000e+03   4.2167525e-01   3.8879967e-01   3.5848486e-01
   2.0910833e+03   4.2168692e-01   3.8877668e-01   3.5843254e-01
   2.0911667e+03   4.2169986e-01   3.8875480e-01   3.5838119e-01
   2.0912500e+03   4.2172274e-01   3.8874174e-01   3.5833767e-01
   2.0913333e+03   4.2175675e-01   3.8873857e-01   3.5830292e-01
   2.0914167e+03   4.2176987e-01   3.8871677e-01   3.5825160e-01
   2.0915000e+03   4.2176407e-01   3.8867812e-01   3.5818528e-01
   2.0915833e+03   4.2172250e-01   3.8860761e-01   3.5809063e-01
   2.0916667e+03   4.2164866e-01   3.8850839e-01   3.5797047e-01
   2.0917500e+03   4.2158315e-01   3.8841657e-01   3.5785688e-01
   2.0918333e+03   4.2157952e-01   3.8837977e-01   3.5779216e-01
   2.0919167e+03   4.2161285e-01   3.8837584e-01   3.5775662e-01
   2.0920000e+03   4.2163864e-01   3.8836515e-01   3.5771506e-01
   2.0920833e+03   4.2165048e-01   3.8834205e-01   3.5766246e-01
   2.0921667e+03   4.2166359e-01   3.8832005e-01   3.5761081e-01
   2.0922500e+03   4.2168659e-01   3.8830682e-01   3.5756694e-01
   2.0923333e+03   4.2172059e-01   3.8830334e-01   3.5753170e-01
   2.0924167e+03   4.2173353e-01   3.8828112e-01   3.5747980e-01
   2.0925000e+03   4.2172748e-01   3.8824200e-01   3.5741289e-01
   2.0925833e+03   4.2168556e-01   3.8817097e-01   3.5731765e-01
   2.0926667e+03   4.2161132e-01   3.8807122e-01   3.5719692e-01
   2.0927500e+03   4.2154541e-01   3.8797886e-01   3.5708274e-01
   2.0928333e+03   4.2154153e-01   3.8794160e-01   3.5701742e-01
   2.0929167e+03   4.2157484e-01   3.8793733e-01   3.5698136e-01
   2.0930000e+03   4.2160072e-01   3.8792645e-01   3.5693942e-01
   2.0930833e+03   4.2161274e-01   3.8790322e-01   3.5688650e-01
   2.0931667e+03   4.2162601e-01   3.8788109e-01   3.5683454e-01
   2.0932500e+03   4.2164913e-01   3.8786767e-01   3.5679028e-01
   2.0933333e+03   4.2168313e-01   3.8786388e-01   3.5675454e-01
   2.0934167e+03   4.2169588e-01   3.8784121e-01   3.5670204e-01
   2.0935000e+03   4.2168959e-01   3.8780161e-01   3.5663452e-01
   2.0935833e+03   4.2164732e-01   3.8773006e-01   3.5653868e-01
   2.0936667e+03   4.2157266e-01   3.8762976e-01   3.5641734e-01
   2.0937500e+03   4.2150636e-01   3.8753686e-01   3.5630257e-01
   2.0938333e+03   4.2150224e-01   3.8749911e-01   3.5623663e-01
   2.0939167e+03   4.2153551e-01   3.8749450e-01   3.5620004e-01
   2.0940000e+03   4.2156150e-01   3.8748340e-01   3.5615767e-01
   2.0940833e+03   4.2157369e-01   3.8746004e-01   3.5610443e-01
   2.0941667e+03   4.2158713e-01   3.8743776e-01   3.5605212e-01
   2.0942500e+03   4.2161037e-01   3.8742415e-01   3.5600747e-01
   2.0943333e+03   4.2164435e-01   3.8742002e-01   3.5597120e-01
   2.0944167e+03   4.2165693e-01   3.8739689e-01   3.5591808e-01
   2.0945000e+03   4.2165038e-01   3.8735680e-01   3.5584993e-01
   2.0945833e+03   4.2160777e-01   3.8728472e-01   3.5575345e-01
   2.0946667e+03   4.2153270e-01   3.8718386e-01   3.5563151e-01
   2.0947500e+03   4.2146600e-01   3.8709041e-01   3.5551611e-01
   2.0948333e+03   4.2146164e-01   3.8705217e-01   3.5544954e-01
   2.0949167e+03   4.2149487e-01   3.8704720e-01   3.5541239e-01
   2.0950000e+03   4.2152096e-01   3.8703587e-01   3.5536959e-01
   2.0950833e+03   4.2153332e-01   3.8701236e-01   3.5531599e-01
   2.0951667e+03   4.2154692e-01   3.8698992e-01   3.5526332e-01
   2.0952500e+03   4.2157029e-01   3.8697609e-01   3.5521824e-01
   2.0953333e+03   4.2160426e-01   3.8697162e-01   3.5518142e-01
   2.0954167e+03   4.2161665e-01   3.8694803e-01   3.5512766e-01
   2.0955000e+03   4.2160985e-01   3.8690743e-01   3.5505886e-01
   2.0955833e+03   4.2156690e-01   3.8683480e-01   3.5496174e-01
   2.0956667e+03   4.2149141e-01   3.8673338e-01   3.5483917e-01
   2.0957500e+03   4.2142432e-01   3.8663937e-01   3.5472314e-01
   2.0958333e+03   4.2141971e-01   3.8660062e-01   3.5465591e-01
   2.0959167e+03   4.2145290e-01   3.8659527e-01   3.5461817e-01
   2.0960000e+03   4.2147910e-01   3.8658371e-01   3.5457491e-01
   2.0960833e+03   4.2149162e-01   3.8656003e-01   3.5452093e-01
   2.0961667e+03   4.2150540e-01   3.8653742e-01   3.5446788e-01
   2.0962500e+03   4.2152887e-01   3.8652336e-01   3.5442236e-01
   2.0963333e+03   4.2156283e-01   3.8651854e-01   3.5438496e-01
   2.0964167e+03   4.2157504e-01   3.8649446e-01   3.5433055e-01
   2.0965000e+03   4.2156800e-01   3.8645334e-01   3.5426107e-01
   2.0965833e+03   4.2152469e-01   3.8638016e-01   3.5416329e-01
   2.0966667e+03   4.2144879e-01   3.8627816e-01   3.5404007e-01
   2.0967500e+03   4.2138130e-01   3.8618358e-01   3.5392339e-01
   2.0968333e+03   4.2137645e-01   3.8614431e-01   3.5385549e-01
   2.0969167e+03   4.2140961e-01   3.8613858e-01   3.5381715e-01
   2.0970000e+03   4.2143590e-01   3.8612676e-01   3.5377341e-01
   2.0970833e+03   4.2144860e-01   3.8610290e-01   3.5371903e-01
   2.0971667e+03   4.2146253e-01   3.8608011e-01   3.5366557e-01
   2.0972500e+03   4.2148613e-01   3.8606581e-01   3.5361958e-01
   2.0973333e+03   4.2152007e-01   3.8606062e-01   3.5358159e-01
   2.0974167e+03   4.2153210e-01   3.8603605e-01   3.5352649e-01
   2.0975000e+03   4.2152480e-01   3.8599440e-01   3.5345633e-01
   2.0975833e+03   4.2148115e-01   3.8592065e-01   3.5335787e-01
   2.0976667e+03   4.2140484e-01   3.8581807e-01   3.5323399e-01
   2.0977500e+03   4.2133695e-01   3.8572290e-01   3.5311664e-01
   2.0978333e+03   4.2133185e-01   3.8568310e-01   3.5304805e-01
   2.0979167e+03   4.2136497e-01   3.8567697e-01   3.5300908e-01
   2.0980000e+03   4.2139136e-01   3.8566489e-01   3.5296483e-01
   2.0980833e+03   4.2140423e-01   3.8564084e-01   3.5291004e-01
   2.0981667e+03   4.2141832e-01   3.8561784e-01   3.5285615e-01
   2.0982500e+03   4.2144204e-01   3.8560330e-01   3.5280967e-01
   2.0983333e+03   4.2147597e-01   3.8559772e-01   3.5277106e-01
   2.0984167e+03   4.2148781e-01   3.8557264e-01   3.5271527e-01
   2.0985000e+03   4.2148026e-01   3.8553045e-01   3.5264439e-01
   2.0985833e+03   4.2143626e-01   3.8545613e-01   3.5254523e-01
   2.0986667e+03   4.2135953e-01   3.8535295e-01   3.5242068e-01
   2.0987500e+03   4.2129124e-01   3.8525719e-01   3.5230265e-01
   2.0988333e+03   4.2128590e-01   3.8521685e-01   3.5223334e-01
   2.0989167e+03   4.2131898e-01   3.8521031e-01   3.5219372e-01
   2.0990000e+03   4.2134547e-01   3.8519794e-01   3.5214896e-01
   2.0990833e+03   4.2135850e-01   3.8517369e-01   3.5209372e-01
   2.0991667e+03   4.2137276e-01   3.8515048e-01   3.5203938e-01
   2.0992500e+03   4.2139659e-01   3.8513567e-01   3.5199239e-01
   2.0993333e+03   4.2143051e-01   3.8512970e-01   3.5195314e-01
   2.0994167e+03   4.2144217e-01   3.8510410e-01   3.5189663e-01
   2.0995000e+03   4.2143436e-01   3.8506136e-01   3.5182503e-01
   2.0995833e+03   4.2139002e-01   3.8498645e-01   3.5172516e-01
   2.0996667e+03   4.2131287e-01   3.8488266e-01   3.5159992e-01
   2.0997500e+03   4.2124418e-01   3.8478630e-01   3.5148119e-01
   2.0998333e+03   4.2123859e-01   3.8474541e-01   3.5141114e-01
   2.0999167e+03   4.2127163e-01   3.8473844e-01   3.5137086e-01
   2.1000000e+03   4.2129822e-01   3.8472578e-01   3.5132555e-01
   2.1000833e+03   4.2131142e-01   3.8470131e-01   3.5126985e-01
   2.1001667e+03   4.2132584e-01   3.8467788e-01   3.5121504e-01
   2.1002500e+03   4.2134979e-01   3.8466279e-01   3.5116752e-01
   2.1003333e+03   4.2138369e-01   3.8465641e-01   3.5112761e-01
   2.1004167e+03   4.2139516e-01   3.8463028e-01   3.5107036e-01
   2.1005000e+03   4.2138710e-01   3.8458697e-01   3.5099801e-01
   2.1005833e+03   4.2134241e-01   3.8451146e-01   3.5089741e-01
   2.1006667e+03   4.2126484e-01   3.8440707e-01   3.5077146e-01
   2.1007500e+03   4.2119576e-01   3.8431009e-01   3.5065202e-01
   2.1008333e+03   4.2118992e-01   3.8426864e-01   3.5058122e-01
   2.1009167e+03   4.2122291e-01   3.8426123e-01   3.5054025e-01
