   2.0000000e+03   1.0000000e+00   1.0000000e+00   1.0000000e+00
   2.0000833e+03   1.0000000e+00   1.0000000e+00   1.0000000e+00
   2.0001667e+03   1.0000000e+00   1.0000000e+00   1.0000000e+00
   2.0002500e+03   1.0000000e+00   1.0000000e+00   1.0000000e+00
   2.0003333e+03   1.0000000e+00   1.0000000e+00   1.0000000e+00
   2.0004167e+03   1.0000000e+00   1.0000000e+00   1.0000000e+00
   2.0005000e+03   1.0000000e+00   1.0000000e+00   1.0000000e+00
   2.0005833e+03   1.0000000e+00   1.0000000e+00   1.0000000e+00
   2.0006667e+03   1.0000000e+00   1.0000000e+00   1.0000000e+00
   2.0007500e+03   1.0000000e+00   1.0000000e+00   1.0000000e+00
   2.0008333e+03   1.0000000e+00   1.0000000e+00   1.0000000e+00
   2.0009167e+03   1.0000000e+00   1.0000000e+00   1.0000000e+00
   2.0010000e+03   9.9999677e-01   9.9999635e-01   9.9999592e-01
   2.0010833e+03   9.9994365e-01   9.9994239e-01   9.9994113e-01
   2.0011667e+03   9.9987767e-01   9.9987517e-01   9.9987268e-01
   2.0012500e+03   9.9984403e-01   9.9983985e-01   9.9983568e-01
   2.0013333e+03   9.9987022e-01   9.9986390e-01   9.9985758e-01
   2.0014167e+03   9.9992082e-01   9.9991191e-01   9.9990300e-01
   2.0015000e+03   9.9996435e-01   9.9995242e-01   9.9994050e-01
   2.0015833e+03   9.9996982e-01   9.9995451e-01   9.9993919e-01
   2.0016667e+03   9.9994323e-01   9.9992415e-01   9.9990508e-01
   2.0017500e+03   9.9992505e-01   9.9990179e-01   9.9987853e-01
   2.0018333e+03   9.9996225e-01   9.9993428e-01   9.9990632e-01
   2.0019167e+03   1.0000042e+00   9.9997108e-01   9.9993797e-01
   2.0020000e+03   1.0000030e+00   9.9996438e-01   9.9992582e-01
   2.0020833e+03   9.9995258e-01   9.9990825e-01   9.9986392e-01
   2.0021667e+03   9.9988953e-01   9.9983906e-01   9.9978860e-01
   2.0022500e+03   9.9985837e-01   9.9980128e-01   9.9974419e-01
   2.0023333e+03   9.9988591e-01   9.9982162e-01   9.9975733e-01
   2.0024167e+03   9.9993661e-01   9.9986464e-01   9.9979266e-01
   2.0025000e+03   9.9997937e-01   9.9989931e-01   9.9981926e-01
   2.0025833e+03   9.9998290e-01   9.9989448e-01   9.9980607e-01
   2.0026667e+03   9.9995378e-01   9.9985670e-01   9.9975963e-01
   2.0027500e+03   9.9993322e-01   9.9982705e-01   9.9972089e-01
   2.0028333e+03   9.9996935e-01   9.9985347e-01   9.9973760e-01
   2.0029167e+03   1.0000121e+00   9.9988605e-01   9.9976003e-01
   2.0030000e+03   1.0000128e+00   9.9987640e-01   9.9973998e-01
   2.0030833e+03   9.9996518e-01   9.9981817e-01   9.9967118e-01
   2.0031667e+03   9.9990500e-01   9.9974708e-01   9.9958918e-01
   2.0032500e+03   9.9987630e-01   9.9970692e-01   9.9953756e-01
   2.0033333e+03   9.9990515e-01   9.9972363e-01   9.9954214e-01
   2.0034167e+03   9.9995592e-01   9.9976174e-01   9.9956760e-01
   2.0035000e+03   9.9999785e-01   9.9979066e-01   9.9958350e-01
   2.0035833e+03   9.9999942e-01   9.9977901e-01   9.9955866e-01
   2.0036667e+03   9.9996772e-01   9.9973390e-01   9.9950013e-01
   2.0037500e+03   9.9994472e-01   9.9969705e-01   9.9944943e-01
   2.0038333e+03   9.9997976e-01   9.9971749e-01   9.9945528e-01
   2.0039167e+03   1.0000233e+00   9.9974594e-01   9.9946869e-01
   2.0040000e+03   1.0000259e+00   9.9973340e-01   9.9944096e-01
   2.0040833e+03   9.9998096e-01   9.9967316e-01   9.9936545e-01
   2.0041667e+03   9.9992363e-01   9.9960025e-01   9.9927696e-01
   2.0042500e+03   9.9989734e-01   9.9955778e-01   9.9921834e-01
   2.0043333e+03   9.9992747e-01   9.9957095e-01   9.9921456e-01
   2.0044167e+03   9.9997826e-01   9.9960424e-01   9.9923036e-01
   2.0045000e+03   1.0000193e+00   9.9962749e-01   9.9923579e-01
   2.0045833e+03   1.0000189e+00   9.9960913e-01   9.9919953e-01
   2.0046667e+03   9.9998457e-01   9.9955677e-01   9.9912915e-01
   2.0047500e+03   9.9995911e-01   9.9951282e-01   9.9906672e-01
   2.0048333e+03   9.9999300e-01   9.9952736e-01   9.9906193e-01
   2.0049167e+03   1.0000372e+00   9.9955178e-01   9.9906654e-01
   2.0050000e+03   1.0000418e+00   9.9953644e-01   9.9903133e-01
   2.0050833e+03   9.9999947e-01   9.9947425e-01   9.9894930e-01
   2.0051667e+03   9.9994495e-01   9.9939960e-01   9.9885454e-01
   2.0052500e+03   9.9992104e-01   9.9935491e-01   9.9878910e-01
   2.0053333e+03   9.9995240e-01   9.9936462e-01   9.9877718e-01
   2.0054167e+03   1.0000032e+00   9.9939318e-01   9.9878354e-01
   2.0055000e+03   1.0000434e+00   9.9941085e-01   9.9877873e-01
   2.0055833e+03   1.0000409e+00   9.9938586e-01   9.9873127e-01
   2.0056667e+03   1.0000039e+00   9.9932636e-01   9.9864928e-01
   2.0057500e+03   9.9997590e-01   9.9927539e-01   9.9857537e-01
   2.0058333e+03   1.0000086e+00   9.9928414e-01   9.9856018e-01
   2.0059167e+03   1.0000536e+00   9.9930460e-01   9.9855619e-01
   2.0060000e+03   1.0000599e+00   9.9928654e-01   9.9851371e-01
   2.0060833e+03   1.0000202e+00   9.9922249e-01   9.9842537e-01
   2.0061667e+03   9.9996849e-01   9.9914618e-01   9.9832453e-01
   2.0062500e+03   9.9994693e-01   9.9909935e-01   9.9825248e-01
   2.0063333e+03   9.9997949e-01   9.9910568e-01   9.9823263e-01
   2.0064167e+03   1.0000302e+00   9.9912960e-01   9.9822977e-01
   2.0065000e+03   1.0000695e+00   9.9914178e-01   9.9821494e-01
   2.0065833e+03   1.0000649e+00   9.9911025e-01   9.9815654e-01
   2.0066667e+03   1.0000252e+00   9.9904370e-01   9.9806317e-01
   2.0067500e+03   9.9999465e-01   9.9898583e-01   9.9797801e-01
   2.0068333e+03   1.0000261e+00   9.9898887e-01   9.9795265e-01
   2.0069167e+03   1.0000717e+00   9.9900545e-01   9.9794030e-01
   2.0070000e+03   1.0000799e+00   9.9898476e-01   9.9789076e-01
   2.0070833e+03   1.0000428e+00   9.9891894e-01   9.9779631e-01
   2.0071667e+03   9.9999379e-01   9.9884104e-01   9.9768959e-01
   2.0072500e+03   9.9997454e-01   9.9879215e-01   9.9761115e-01
   2.0073333e+03   1.0000083e+00   9.9879519e-01   9.9758357e-01
   2.0074167e+03   1.0000589e+00   9.9881455e-01   9.9757173e-01
   2.0075000e+03   1.0000972e+00   9.9882134e-01   9.9754711e-01
   2.0075833e+03   1.0000904e+00   9.9878337e-01   9.9747800e-01
   2.0076667e+03   1.0000480e+00   9.9870987e-01   9.9737350e-01
   2.0077500e+03   1.0000149e+00   9.9864518e-01   9.9727734e-01
   2.0078333e+03   1.0000451e+00   9.9864261e-01   9.9724204e-01
   2.0079167e+03   1.0000913e+00   9.9865541e-01   9.9722154e-01
   2.0080000e+03   1.0001013e+00   9.9863215e-01   9.9716515e-01
   2.0080833e+03   1.0000667e+00   9.9856464e-01   9.9706480e-01
   2.0081667e+03   1.0000204e+00   9.9848524e-01   9.9695241e-01
   2.0082500e+03   1.0000034e+00   9.9843438e-01   9.9686778e-01
   2.0083333e+03   1.0000383e+00   9.9843421e-01   9.9683270e-01
   2.0084167e+03   1.0000888e+00   9.9844911e-01   9.9681210e-01
   2.0085000e+03   1.0001260e+00   9.9845059e-01   9.9677793e-01
   2.0085833e+03   1.0001171e+00   9.9840627e-01   9.9669835e-01
   2.0086667e+03   1.0000719e+00   9.9832592e-01   9.9658297e-01
   2.0087500e+03   1.0000361e+00   9.9825452e-01   9.9647606e-01
   2.0088333e+03   1.0000650e+00   9.9824642e-01   9.9643106e-01
   2.0089167e+03   1.0001118e+00   9.9825552e-01   9.9640263e-01
   2.0090000e+03   1.0001235e+00   9.9822980e-01   9.9633960e-01
   2.0090833e+03   1.0000914e+00   9.9816067e-01   9.9623357e-01
   2.0091667e+03   1.0000478e+00   9.9807985e-01   9.9611572e-01
   2.0092500e+03   1.0000331e+00   9.9802710e-01   9.9602511e-01
   2.0093333e+03   1.0000690e+00   9.9802381e-01   9.9598275e-01
   2.0094167e+03   1.0001193e+00   9.9803433e-01   9.9595361e-01
   2.0095000e+03   1.0001555e+00   9.9803060e-01   9.9591013e-01
   2.0095833e+03   1.0001444e+00   9.9798004e-01   9.9582033e-01
   2.0096667e+03   1.0000963e+00   9.9789294e-01   9.9569432e-01
   2.0097500e+03   1.0000579e+00   9.9781491e-01   9.9557690e-01
   2.0098333e+03   1.0000855e+00   9.9780138e-01   9.9552244e-01
   2.0099167e+03   1.0001328e+00   9.9780688e-01   9.9548631e-01
   2.0100000e+03   1.0001462e+00   9.9777878e-01   9.9541687e-01
   2.0100833e+03   1.0001166e+00   9.9770811e-01   9.9530536e-01
   2.0101667e+03   1.0000756e+00   9.9762596e-01   9.9518226e-01
   2.0102500e+03   1.0000630e+00   9.9757139e-01   9.9508588e-01
   2.0103333e+03   1.0001000e+00   9.9756507e-01   9.9503647e-01
   2.0104167e+03   1.0001502e+00   9.9757130e-01   9.9499903e-01
   2.0105000e+03   1.0001852e+00   9.9756246e-01   9.9494648e-01
   2.0105833e+03   1.0001718e+00   9.9750575e-01   9.9484670e-01
   2.0106667e+03   1.0001209e+00   9.9741199e-01   9.9471031e-01
   2.0107500e+03   1.0000798e+00   9.9732744e-01   9.9458263e-01
   2.0108333e+03   1.0001060e+00   9.9730858e-01   9.9451895e-01
   2.0109167e+03   1.0001538e+00   9.9731056e-01   9.9447534e-01
   2.0110000e+03   1.0001689e+00   9.9728016e-01   9.9439971e-01
   2.0110833e+03   1.0001417e+00   9.9720805e-01   9.9428293e-01
   2.0111667e+03   1.0001033e+00   9.9712463e-01   9.9415479e-01
   2.0112500e+03   1.0000929e+00   9.9706834e-01   9.9405287e-01
   2.0113333e+03   1.0001309e+00   9.9705908e-01   9.9399663e-01
   2.0114167e+03   1.0001807e+00   9.9706112e-01   9.9395112e-01
   2.0115000e+03   1.0002147e+00   9.9704725e-01   9.9388973e-01
   2.0115833e+03   1.0001990e+00   9.9698449e-01   9.9378023e-01
   2.0116667e+03   1.0001452e+00   9.9688418e-01   9.9363371e-01
   2.0117500e+03   1.0001012e+00   9.9679321e-01   9.9349602e-01
   2.0118333e+03   1.0001260e+00   9.9676911e-01   9.9342337e-01
   2.0119167e+03   1.0001743e+00   9.9676766e-01   9.9337252e-01
   2.0120000e+03   1.0001910e+00   9.9673504e-01   9.9329091e-01
   2.0120833e+03   1.0001662e+00   9.9666157e-01   9.9316909e-01
   2.0121667e+03   1.0001303e+00   9.9657698e-01   9.9303612e-01
   2.0122500e+03   1.0001221e+00   9.9651904e-01   9.9292887e-01
   2.0123333e+03   1.0001610e+00   9.9650692e-01   9.9286602e-01
   2.0124167e+03   1.0002106e+00   9.9650486e-01   9.9281268e-01
   2.0125000e+03   1.0002434e+00   9.9648607e-01   9.9274270e-01
   2.0125833e+03   1.0002254e+00   9.9641736e-01   9.9262372e-01
   2.0126667e+03   1.0001686e+00   9.9631059e-01   9.9246733e-01
   2.0127500e+03   1.0001218e+00   9.9621330e-01   9.9231989e-01
   2.0128333e+03   1.0001452e+00   9.9618406e-01   9.9223850e-01
   2.0129167e+03   1.0001939e+00   9.9617927e-01   9.9218064e-01
   2.0130000e+03   1.0002122e+00   9.9614453e-01   9.9209328e-01
   2.0130833e+03   1.0001897e+00   9.9606977e-01   9.9196663e-01
   2.0131667e+03   1.0001564e+00   9.9598409e-01   9.9182905e-01
   2.0132500e+03   1.0001502e+00   9.9592460e-01   9.9171669e-01
   2.0133333e+03   1.0001901e+00   9.9590971e-01   9.9164747e-01
   2.0134167e+03   1.0002394e+00   9.9590364e-01   9.9158653e-01
   2.0135000e+03   1.0002709e+00   9.9588002e-01   9.9150820e-01
   2.0135833e+03   1.0002505e+00   9.9580545e-01   9.9137999e-01
   2.0136667e+03   1.0001907e+00   9.9569232e-01   9.9121398e-01
   2.0137500e+03   1.0001411e+00   9.9558881e-01   9.9105704e-01
   2.0138333e+03   1.0001629e+00   9.9555453e-01   9.9096717e-01
   2.0139167e+03   1.0002120e+00   9.9554649e-01   9.9090253e-01
   2.0140000e+03   1.0002319e+00   9.9550971e-01   9.9080964e-01
   2.0140833e+03   1.0002118e+00   9.9543375e-01   9.9067838e-01
   2.0141667e+03   1.0001809e+00   9.9534708e-01   9.9053641e-01
   2.0142500e+03   1.0001768e+00   9.9528611e-01   9.9041915e-01
   2.0143333e+03   1.0002176e+00   9.9526854e-01   9.9034379e-01
   2.0144167e+03   1.0002665e+00   9.9525856e-01   9.9027550e-01
   2.0145000e+03   1.0002968e+00   9.9523020e-01   9.9018906e-01
   2.0145833e+03   1.0002739e+00   9.9514987e-01   9.9005188e-01
   2.0146667e+03   1.0002111e+00   9.9503049e-01   9.8987650e-01
   2.0147500e+03   1.0001586e+00   9.9492086e-01   9.8971032e-01
   2.0148333e+03   1.0001789e+00   9.9488163e-01   9.8961220e-01
   2.0149167e+03   1.0002283e+00   9.9487044e-01   9.8954102e-01
   2.0150000e+03   1.0002497e+00   9.9483170e-01   9.8944283e-01
   2.0150833e+03   1.0002319e+00   9.9475463e-01   9.8930717e-01
   2.0151667e+03   1.0002035e+00   9.9466703e-01   9.8916103e-01
   2.0152500e+03   1.0002013e+00   9.9460468e-01   9.8903910e-01
   2.0153333e+03   1.0002430e+00   9.9458452e-01   9.8895782e-01
   2.0154167e+03   1.0002915e+00   9.9457072e-01   9.8888241e-01
   2.0155000e+03   1.0003205e+00   9.9453772e-01   9.8878812e-01
   2.0155833e+03   1.0002951e+00   9.9445174e-01   9.8864221e-01
   2.0156667e+03   1.0002293e+00   9.9432620e-01   9.8845773e-01
   2.0157500e+03   1.0001738e+00   9.9421055e-01   9.8828255e-01
   2.0158333e+03   1.0001925e+00   9.9416647e-01   9.8817645e-01
   2.0159167e+03   1.0002423e+00   9.9415221e-01   9.8809896e-01
   2.0160000e+03   1.0002651e+00   9.9411161e-01   9.8799569e-01
   2.0160833e+03   1.0002495e+00   9.9403352e-01   9.8785586e-01
   2.0161667e+03   1.0002235e+00   9.9394508e-01   9.8770576e-01
   2.0162500e+03   1.0002234e+00   9.9388143e-01   9.8757938e-01
   2.0163333e+03   1.0002659e+00   9.9385877e-01   9.8749242e-01
   2.0164167e+03   1.0003139e+00   9.9384124e-01   9.8741014e-01
   2.0165000e+03   1.0003416e+00   9.9380370e-01   9.8730823e-01
   2.0165833e+03   1.0003137e+00   9.9371216e-01   9.8715386e-01
   2.0166667e+03   1.0002447e+00   9.9358057e-01   9.8696051e-01
   2.0167500e+03   1.0001863e+00   9.9345899e-01   9.8677661e-01
   2.0168333e+03   1.0002034e+00   9.9341016e-01   9.8666276e-01
   2.0169167e+03   1.0002534e+00   9.9339293e-01   9.8657920e-01
   2.0170000e+03   1.0002777e+00   9.9335056e-01   9.8647108e-01
   2.0170833e+03   1.0002643e+00   9.9327152e-01   9.8632729e-01
   2.0171667e+03   1.0002407e+00   9.9318233e-01   9.8617345e-01
   2.0172500e+03   1.0002425e+00   9.9311746e-01   9.8604285e-01
   2.0173333e+03   1.0002858e+00   9.9309240e-01   9.8595044e-01
   2.0174167e+03   1.0003333e+00   9.9307124e-01   9.8586152e-01
   2.0175000e+03   1.0003596e+00   9.9302925e-01   9.8575225e-01
   2.0175833e+03   1.0003292e+00   9.9293225e-01   9.8558966e-01
   2.0176667e+03   1.0002570e+00   9.9279471e-01   9.8538772e-01
   2.0177500e+03   1.0001956e+00   9.9266731e-01   9.8519533e-01
   2.0178333e+03   1.0002110e+00   9.9261382e-01   9.8507399e-01
   2.0179167e+03   1.0002612e+00   9.9259371e-01   9.8498459e-01
   2.0180000e+03   1.0002869e+00   9.9254965e-01   9.8487185e-01
   2.0180833e+03   1.0002757e+00   9.9246976e-01   9.8472433e-01
   2.0181667e+03   1.0002544e+00   9.9237991e-01   9.8456698e-01
   2.0182500e+03   1.0002582e+00   9.9231391e-01   9.8443237e-01
   2.0183333e+03   1.0003022e+00   9.9228653e-01   9.8433474e-01
   2.0184167e+03   1.0003492e+00   9.9226183e-01   9.8423943e-01
   2.0185000e+03   1.0003741e+00   9.9221549e-01   9.8412304e-01
   2.0185833e+03   1.0003410e+00   9.9211313e-01   9.8395249e-01
   2.0186667e+03   1.0002657e+00   9.9196974e-01   9.8374221e-01
   2.0187500e+03   1.0002012e+00   9.9183663e-01   9.8354160e-01
   2.0188333e+03   1.0002149e+00   9.9177857e-01   9.8341301e-01
   2.0189167e+03   1.0002653e+00   9.9175568e-01   9.8331801e-01
   2.0190000e+03   1.0002924e+00   9.9171002e-01   9.8320087e-01
   2.0190833e+03   1.0002833e+00   9.9162936e-01   9.8304984e-01
   2.0191667e+03   1.0002643e+00   9.9153892e-01   9.8288919e-01
   2.0192500e+03   1.0002699e+00   9.9147188e-01   9.8275081e-01
   2.0193333e+03   1.0003146e+00   9.9144228e-01   9.8264818e-01
   2.0194167e+03   1.0003611e+00   9.9141413e-01   9.8254673e-01
   2.0195000e+03   1.0003845e+00   9.9136354e-01   9.8242347e-01
   2.0195833e+03   1.0003488e+00   9.9125592e-01   9.8224520e-01
   2.0196667e+03   1.0002702e+00   9.9110679e-01   9.8202683e-01
   2.0197500e+03   1.0002026e+00   9.9096805e-01   9.8181825e-01
   2.0198333e+03   1.0002146e+00   9.9090554e-01   9.8168267e-01
   2.0199167e+03   1.0002652e+00   9.9087995e-01   9.8158231e-01
   2.0200000e+03   1.0002935e+00   9.9083278e-01   9.8146101e-01
   2.0200833e+03   1.0002866e+00   9.9075143e-01   9.8130668e-01
   2.0201667e+03   1.0002699e+00   9.9066050e-01   9.8114295e-01
   2.0202500e+03   1.0002773e+00   9.9059251e-01   9.8100102e-01
   2.0203333e+03   1.0003227e+00   9.9056077e-01   9.8089364e-01
   2.0204167e+03   1.0003685e+00   9.9052928e-01   9.8078628e-01
   2.0205000e+03   1.0003904e+00   9.9047453e-01   9.8065639e-01
   2.0205833e+03   1.0003521e+00   9.9036175e-01   9.8047067e-01
   2.0206667e+03   1.0002702e+00   9.9020697e-01   9.8024447e-01
   2.0207500e+03   1.0001994e+00   9.9006271e-01   9.8002817e-01
   2.0208333e+03   1.0002096e+00   9.8999584e-01   9.7988584e-01
   2.0209167e+03   1.0002603e+00   9.8996764e-01   9.7978035e-01
   2.0210000e+03   1.0002900e+00   9.8991905e-01   9.7965511e-01
   2.0210833e+03   1.0002851e+00   9.8983711e-01   9.7949772e-01
   2.0211667e+03   1.0002706e+00   9.8974577e-01   9.7933113e-01
   2.0212500e+03   1.0002798e+00   9.8967692e-01   9.7918587e-01
   2.0213333e+03   1.0003258e+00   9.8964313e-01   9.7907397e-01
   2.0214167e+03   1.0003710e+00   9.8960838e-01   9.7896094e-01
   2.0215000e+03   1.0003914e+00   9.8954957e-01   9.7882468e-01
   2.0215833e+03   1.0003503e+00   9.8943174e-01   9.7863174e-01
   2.0216667e+03   1.0002651e+00   9.8927141e-01   9.7839797e-01
   2.0217500e+03   1.0001912e+00   9.8912174e-01   9.7817421e-01
   2.0218333e+03   1.0001995e+00   9.8905060e-01   9.7802537e-01
   2.0219167e+03   1.0002502e+00   9.8901989e-01   9.7791500e-01
   2.0220000e+03   1.0002812e+00   9.8896997e-01   9.7778605e-01
   2.0220833e+03   1.0002783e+00   9.8888752e-01   9.7762581e-01
   2.0221667e+03   1.0002660e+00   9.8879586e-01   9.7745658e-01
   2.0222500e+03   1.0002770e+00   9.8872622e-01   9.7730821e-01
   2.0223333e+03   1.0003236e+00   9.8869048e-01   9.7719203e-01
   2.0224167e+03   1.0003681e+00   9.8865257e-01   9.7707357e-01
   2.0225000e+03   1.0003869e+00   9.8858980e-01   9.7693118e-01
   2.0225833e+03   1.0003430e+00   9.8846701e-01   9.7673129e-01
   2.0226667e+03   1.0002544e+00   9.8830123e-01   9.7649019e-01
   2.0227500e+03   1.0001773e+00   9.8814625e-01   9.7625922e-01
   2.0228333e+03   1.0001837e+00   9.8807094e-01   9.7610413e-01
   2.0229167e+03   1.0002345e+00   9.8803781e-01   9.7598910e-01
   2.0230000e+03   1.0002667e+00   9.8798665e-01   9.7585668e-01
   2.0230833e+03   1.0002658e+00   9.8790378e-01   9.7569381e-01
   2.0231667e+03   1.0002557e+00   9.8781188e-01   9.7552216e-01
   2.0232500e+03   1.0002683e+00   9.8774155e-01   9.7537091e-01
   2.0233333e+03   1.0003155e+00   9.8770395e-01   9.7525067e-01
   2.0234167e+03   1.0003593e+00   9.8766298e-01   9.7512703e-01
   2.0235000e+03   1.0003765e+00   9.8759634e-01   9.7497875e-01
   2.0235833e+03   1.0003298e+00   9.8746869e-01   9.7477216e-01
   2.0236667e+03   1.0002378e+00   9.8729757e-01   9.7452398e-01
   2.0237500e+03   1.0001574e+00   9.8713736e-01   9.7428606e-01
   2.0238333e+03   1.0001619e+00   9.8705798e-01   9.7412496e-01
   2.0239167e+03   1.0002127e+00   9.8702254e-01   9.7400551e-01
   2.0240000e+03   1.0002460e+00   9.8697022e-01   9.7386983e-01
   2.0240833e+03   1.0002471e+00   9.8688701e-01   9.7370456e-01
   2.0241667e+03   1.0002391e+00   9.8679496e-01   9.7353072e-01
   2.0242500e+03   1.0002534e+00   9.8672403e-01   9.7337680e-01
   2.0243333e+03   1.0003011e+00   9.8668466e-01   9.7325274e-01
   2.0244167e+03   1.0003442e+00   9.8664072e-01   9.7312416e-01
   2.0245000e+03   1.0003596e+00   9.8657032e-01   9.7297024e-01
   2.0245833e+03   1.0003102e+00   9.8643790e-01   9.7275718e-01
   2.0246667e+03   1.0002147e+00   9.8626153e-01   9.7250218e-01
   2.0247500e+03   1.0001310e+00   9.8609621e-01   9.7225755e-01
   2.0248333e+03   1.0001335e+00   9.8601286e-01   9.7209069e-01
   2.0249167e+03   1.0001843e+00   9.8597518e-01   9.7196707e-01
   2.0250000e+03   1.0002187e+00   9.8592180e-01   9.7182836e-01
   2.0250833e+03   1.0002217e+00   9.8583833e-01   9.7166089e-01
   2.0251667e+03   1.0002158e+00   9.8574619e-01   9.7148505e-01
   2.0252500e+03   1.0002317e+00   9.8567472e-01   9.7132869e-01
   2.0253333e+03   1.0002798e+00   9.8563368e-01   9.7120107e-01
   2.0254167e+03   1.0003221e+00   9.8558693e-01   9.7106788e-01
   2.0255000e+03   1.0003360e+00   9.8551299e-01   9.7090873e-01
   2.0255833e+03   1.0002838e+00   9.8537613e-01   9.7068974e-01
   2.0256667e+03   1.0001850e+00   9.8519491e-01   9.7042853e-01
   2.0257500e+03   1.0000982e+00   9.8502490e-01   9.7017786e-01
   2.0258333e+03   1.0000989e+00   9.8493796e-01   9.7000587e-01
   2.0259167e+03   1.0001496e+00   9.8489831e-01   9.6987861e-01
   2.0260000e+03   1.0001851e+00   9.8484404e-01   9.6973736e-01
   2.0260833e+03   1.0001897e+00   9.8476043e-01   9.6956818e-01
   2.0261667e+03   1.0001856e+00   9.8466836e-01   9.6939085e-01
   2.0262500e+03   1.0002030e+00   9.8459658e-01   9.6923265e-01
   2.0263333e+03   1.0002515e+00   9.8455420e-01   9.6910222e-01
   2.0264167e+03   1.0002931e+00   9.8450508e-01   9.6896526e-01
   2.0265000e+03   1.0003053e+00   9.8442807e-01   9.6880179e-01
   2.0265833e+03   1.0002505e+00   9.8428729e-01   9.6857781e-01
   2.0266667e+03   1.0001486e+00   9.8410173e-01   9.6831134e-01
   2.0267500e+03   1.0000587e+00   9.8392754e-01   9.6805556e-01
   2.0268333e+03   1.0000576e+00   9.8383746e-01   9.6787936e-01
   2.0269167e+03   1.0001082e+00   9.8379627e-01   9.6774937e-01
   2.0270000e+03   1.0001446e+00   9.8374154e-01   9.6760647e-01
   2.0270833e+03   1.0001509e+00   9.8365822e-01   9.6743643e-01
   2.0271667e+03   1.0001486e+00   9.8356663e-01   9.6725849e-01
   2.0272500e+03   1.0001674e+00   9.8349496e-01   9.6709933e-01
   2.0273333e+03   1.0002163e+00   9.8345170e-01   9.6696697e-01
   2.0274167e+03   1.0002571e+00   9.8340062e-01   9.6682715e-01
   2.0275000e+03   1.0002677e+00   9.8332098e-01   9.6666025e-01
   2.0275833e+03   1.0002102e+00   9.8317670e-01   9.6643215e-01
   2.0276667e+03   1.0001050e+00   9.8298722e-01   9.6616127e-01
   2.0277500e+03   1.0000121e+00   9.8280926e-01   9.6590124e-01
   2.0278333e+03   1.0000091e+00   9.8271648e-01   9.6572172e-01
   2.0279167e+03   1.0000596e+00   9.8267418e-01   9.6558989e-01
   2.0280000e+03   1.0000969e+00   9.8261941e-01   9.6544621e-01
   2.0280833e+03   1.0001049e+00   9.8253681e-01   9.6527619e-01
   2.0281667e+03   1.0001044e+00   9.8244613e-01   9.6509849e-01
   2.0282500e+03   1.0001246e+00   9.8237500e-01   9.6493924e-01
   2.0283333e+03   1.0001738e+00   9.8233126e-01   9.6480584e-01
   2.0284167e+03   1.0002137e+00   9.8227868e-01   9.6466405e-01
   2.0285000e+03   1.0002227e+00   9.8219684e-01   9.6449460e-01
   2.0285833e+03   1.0001625e+00   9.8204947e-01   9.6426324e-01
   2.0286667e+03   1.0000541e+00   9.8185649e-01   9.6398880e-01
   2.0287500e+03   9.9995800e-01   9.8167516e-01   9.6372538e-01
   2.0288333e+03   9.9995315e-01   9.8158010e-01   9.6354341e-01
   2.0289167e+03   1.0000034e+00   9.8153713e-01   9.6341061e-01
   2.0290000e+03   1.0000416e+00   9.8148276e-01   9.6326704e-01
   2.0290833e+03   1.0000512e+00   9.8140129e-01   9.6309790e-01
   2.0291667e+03   1.0000525e+00   9.8131193e-01   9.6292131e-01
   2.0292500e+03   1.0000741e+00   9.8124176e-01   9.6276283e-01
   2.0293333e+03   1.0001236e+00   9.8119799e-01   9.6262927e-01
   2.0294167e+03   1.0001626e+00   9.8114433e-01   9.6248638e-01
   2.0295000e+03   1.0001700e+00   9.8106071e-01   9.6231525e-01
   2.0295833e+03   1.0001070e+00   9.8091067e-01   9.6208148e-01
   2.0296667e+03   9.9999531e-01   9.8071460e-01   9.6180432e-01
   2.0297500e+03   9.9989605e-01   9.8053032e-01   9.6153834e-01
   2.0298333e+03   9.9988927e-01   9.8043341e-01   9.6135479e-01
   2.0299167e+03   9.9993933e-01   9.8039019e-01   9.6122191e-01
   2.0300000e+03   9.9997843e-01   9.8033664e-01   9.6107931e-01
   2.0300833e+03   9.9998958e-01   9.8025670e-01   9.6091187e-01
   2.0301667e+03   9.9999251e-01   9.8016904e-01   9.6073718e-01
   2.0302500e+03   1.0000154e+00   9.8010018e-01   9.6058025e-01
   2.0303333e+03   1.0000651e+00   9.8005676e-01   9.6044733e-01
   2.0304167e+03   1.0001033e+00   9.8000245e-01   9.6030419e-01
   2.0305000e+03   1.0001091e+00   9.7991755e-01   9.6013223e-01
   2.0305833e+03   1.0000437e+00   9.7976543e-01   9.5989698e-01
   2.0306667e+03   9.9992898e-01   9.7956690e-01   9.5961805e-01
   2.0307500e+03   9.9982693e-01   9.7938032e-01   9.5935043e-01
   2.0308333e+03   9.9981845e-01   9.7928206e-01   9.5916608e-01
   2.0309167e+03   9.9986831e-01   9.7923887e-01   9.5903363e-01
   2.0310000e+03   9.9990811e-01   9.7918620e-01   9.5889229e-01
   2.0310833e+03   9.9992055e-01   9.7910774e-01   9.5872669e-01
   2.0311667e+03   9.9992492e-01   9.7902168e-01   9.5855397e-01
   2.0312500e+03   9.9994885e-01   9.7895410e-01   9.5839869e-01
   2.0313333e+03   9.9999882e-01   9.7891109e-01   9.5826658e-01
   2.0314167e+03   1.0000363e+00   9.7885629e-01   9.5812340e-01
   2.0315000e+03   1.0000406e+00   9.7877028e-01   9.5795088e-01
   2.0315833e+03   9.9997279e-01   9.7861628e-01   9.5771439e-01
   2.0316667e+03   9.9985529e-01   9.7841549e-01   9.5743391e-01
   2.0317500e+03   9.9975054e-01   9.7822674e-01   9.5716483e-01
   2.0318333e+03   9.9974039e-01   9.7812720e-01   9.5697976e-01
   2.0319167e+03   9.9979003e-01   9.7808404e-01   9.5684777e-01
   2.0320000e+03   9.9983051e-01   9.7803225e-01   9.5670771e-01
   2.0320833e+03   9.9984423e-01   9.7795528e-01   9.5654399e-01
   2.0321667e+03   9.9985000e-01   9.7787083e-01   9.5637327e-01
   2.0322500e+03   9.9987501e-01   9.7780453e-01   9.5621966e-01
   2.0323333e+03   9.9992515e-01   9.7776193e-01   9.5608839e-01
   2.0324167e+03   9.9996181e-01   9.7770664e-01   9.5594521e-01
   2.0325000e+03   9.9996466e-01   9.7761953e-01   9.5577215e-01
   2.0325833e+03   9.9989448e-01   9.7746367e-01   9.5553447e-01
   2.0326667e+03   9.9977415e-01   9.7726062e-01   9.5525248e-01
   2.0327500e+03   9.9966667e-01   9.7706972e-01   9.5498197e-01
   2.0328333e+03   9.9965482e-01   9.7696890e-01   9.5479621e-01
   2.0329167e+03   9.9970422e-01   9.7692577e-01   9.5466472e-01
   2.0330000e+03   9.9974536e-01   9.7687488e-01   9.5452598e-01
   2.0330833e+03   9.9976034e-01   9.7679939e-01   9.5436414e-01
   2.0331667e+03   9.9976749e-01   9.7671656e-01   9.5419545e-01
   2.0332500e+03   9.9979355e-01   9.7665154e-01   9.5404354e-01
   2.0333333e+03   9.9984385e-01   9.7660935e-01   9.5391314e-01
   2.0334167e+03   9.9987969e-01   9.7655359e-01   9.5377000e-01
   2.0335000e+03   9.9988104e-01   9.7646539e-01   9.5359643e-01
   2.0335833e+03   9.9980845e-01   9.7630766e-01   9.5335759e-01
   2.0336667e+03   9.9968527e-01   9.7610237e-01   9.5307412e-01
   2.0337500e+03   9.9957504e-01   9.7590932e-01   9.5280221e-01
   2.0338333e+03   9.9956148e-01   9.7580723e-01   9.5261580e-01
   2.0339167e+03   9.9961061e-01   9.7576414e-01   9.5248484e-01
   2.0340000e+03   9.9965239e-01   9.7571415e-01   9.5234744e-01
   2.0340833e+03   9.9966860e-01   9.7564015e-01   9.5218753e-01
   2.0341667e+03   9.9967712e-01   9.7555894e-01   9.5202089e-01
   2.0342500e+03   9.9970420e-01   9.7549520e-01   9.5187071e-01
   2.0343333e+03   9.9975463e-01   9.7545344e-01   9.5174120e-01
   2.0344167e+03   9.9978963e-01   9.7539720e-01   9.5159813e-01
   2.0345000e+03   9.9978946e-01   9.7530792e-01   9.5142409e-01
   2.0345833e+03   9.9971445e-01   9.7514834e-01   9.5118412e-01
   2.0346667e+03   9.9958839e-01   9.7494081e-01   9.5089921e-01
   2.0347500e+03   9.9947539e-01   9.7474562e-01   9.5062594e-01
   2.0348333e+03   9.9946009e-01   9.7464227e-01   9.5043891e-01
   2.0349167e+03   9.9950893e-01   9.7459922e-01   9.5030851e-01
   2.0350000e+03   9.9955132e-01   9.7455014e-01   9.5017248e-01
   2.0350833e+03   9.9956875e-01   9.7447762e-01   9.5001452e-01
   2.0351667e+03   9.9957861e-01   9.7439803e-01   9.4984996e-01
   2.0352500e+03   9.9960669e-01   9.7433558e-01   9.4970152e-01
   2.0353333e+03   9.9965723e-01   9.7429425e-01   9.4957294e-01
   2.0354167e+03   9.9969137e-01   9.7423754e-01   9.4942997e-01
   2.0355000e+03   9.9968965e-01   9.7414719e-01   9.4925549e-01
   2.0355833e+03   9.9961220e-01   9.7398576e-01   9.4901443e-01
   2.0356667e+03   9.9948323e-01   9.7377600e-01   9.4872811e-01
   2.0357500e+03   9.9936744e-01   9.7357868e-01   9.4845352e-01
   2.0358333e+03   9.9935038e-01   9.7347407e-01   9.4826590e-01
   2.0359167e+03   9.9939891e-01   9.7343108e-01   9.4813609e-01
   2.0360000e+03   9.9944189e-01   9.7338290e-01   9.4800147e-01
   2.0360833e+03   9.9946051e-01   9.7331188e-01   9.4784547e-01
   2.0361667e+03   9.9947169e-01   9.7323391e-01   9.4768301e-01
   2.0362500e+03   9.9950075e-01   9.7317276e-01   9.4753635e-01
   2.0363333e+03   9.9955138e-01   9.7313186e-01   9.4740873e-01
   2.0364167e+03   9.9958463e-01   9.7307469e-01   9.4726589e-01
   2.0365000e+03   9.9958134e-01   9.7298326e-01   9.4709101e-01
   2.0365833e+03   9.9950143e-01   9.7282000e-01   9.4684889e-01
   2.0366667e+03   9.9936953e-01   9.7260802e-01   9.4656119e-01
   2.0367500e+03   9.9925093e-01   9.7240857e-01   9.4628531e-01
   2.0368333e+03   9.9923207e-01   9.7230272e-01   9.4609714e-01
   2.0369167e+03   9.9928027e-01   9.7225978e-01   9.4596795e-01
   2.0370000e+03   9.9932382e-01   9.7221252e-01   9.4583475e-01
   2.0370833e+03   9.9934361e-01   9.7214300e-01   9.4568075e-01
   2.0371667e+03   9.9935609e-01   9.7206665e-01   9.4552042e-01
   2.0372500e+03   9.9938611e-01   9.7200679e-01   9.4537556e-01
   2.0373333e+03   9.9943680e-01   9.7196634e-01   9.4524892e-01
   2.0374167e+03   9.9946914e-01   9.7190871e-01   9.4510624e-01
   2.0375000e+03   9.9946425e-01   9.7181622e-01   9.4493099e-01
   2.0375833e+03   9.9938185e-01   9.7165113e-01   9.4468784e-01
   2.0376667e+03   9.9924700e-01   9.7143694e-01   9.4439881e-01
   2.0377500e+03   9.9912557e-01   9.7123536e-01   9.4412166e-01
   2.0378333e+03   9.9910490e-01   9.7112827e-01   9.4393297e-01
   2.0379167e+03   9.9915274e-01   9.7108540e-01   9.4380443e-01
   2.0380000e+03   9.9919684e-01   9.7103905e-01   9.4367268e-01
   2.0380833e+03   9.9921778e-01   9.7097103e-01   9.4352071e-01
   2.0381667e+03   9.9923153e-01   9.7089632e-01   9.4336252e-01
   2.0382500e+03   9.9926249e-01   9.7083776e-01   9.4321950e-01
   2.0383333e+03   9.9931322e-01   9.7079775e-01   9.4309387e-01
   2.0384167e+03   9.9934463e-01   9.7073967e-01   9.4295139e-01
   2.0385000e+03   9.9933812e-01   9.7064613e-01   9.4277579e-01
   2.0385833e+03   9.9925321e-01   9.7047921e-01   9.4253165e-01
   2.0386667e+03   9.9911539e-01   9.7026281e-01   9.4224131e-01
   2.0387500e+03   9.9899109e-01   9.7005913e-01   9.4196293e-01
   2.0388333e+03   9.9896859e-01   9.6995080e-01   9.4177376e-01
   2.0389167e+03   9.9901605e-01   9.6990799e-01   9.4164589e-01
   2.0390000e+03   9.9906068e-01   9.6986257e-01   9.4151563e-01
   2.0390833e+03   9.9908274e-01   9.6979606e-01   9.4136570e-01
   2.0391667e+03   9.9909775e-01   9.6972298e-01   9.4120969e-01
   2.0392500e+03   9.9912962e-01   9.6966572e-01   9.4106852e-01
   2.0393333e+03   9.9918038e-01   9.6962616e-01   9.4094393e-01
   2.0394167e+03   9.9921083e-01   9.6956764e-01   9.4080167e-01
   2.0395000e+03   9.9920268e-01   9.6947304e-01   9.4062577e-01
   2.0395833e+03   9.9911523e-01   9.6930431e-01   9.4038066e-01
   2.0396667e+03   9.9897442e-01   9.6908571e-01   9.4008905e-01
   2.0397500e+03   9.9884724e-01   9.6887993e-01   9.3980948e-01
   2.0398333e+03   9.9882288e-01   9.6877037e-01   9.3961985e-01
   2.0399167e+03   9.9886994e-01   9.6872764e-01   9.3949269e-01
   2.0400000e+03   9.9891507e-01   9.6868314e-01   9.3936393e-01
   2.0400833e+03   9.9893823e-01   9.6861813e-01   9.3921607e-01
   2.0401667e+03   9.9895447e-01   9.6854669e-01   9.3906226e-01
   2.0402500e+03   9.9898724e-01   9.6849074e-01   9.3892297e-01
   2.0403333e+03   9.9903799e-01   9.6845164e-01   9.3879945e-01
   2.0404167e+03   9.9906746e-01   9.6839268e-01   9.3865745e-01
   2.0405000e+03   9.9905764e-01   9.6829704e-01   9.3848126e-01
   2.0405833e+03   9.9896764e-01   9.6812650e-01   9.3823523e-01
   2.0406667e+03   9.9882381e-01   9.6790571e-01   9.3794237e-01
   2.0407500e+03   9.9869372e-01   9.6769783e-01   9.3766163e-01
   2.0408333e+03   9.9866749e-01   9.6758705e-01   9.3747158e-01
   2.0409167e+03   9.9871412e-01   9.6754439e-01   9.3734516e-01
   2.0410000e+03   9.9875973e-01   9.6750083e-01   9.3721793e-01
   2.0410833e+03   9.9878397e-01   9.6743733e-01   9.3707217e-01
   2.0411667e+03   9.9880142e-01   9.6736753e-01   9.3692058e-01
   2.0412500e+03   9.9883506e-01   9.6731289e-01   9.3678319e-01
   2.0413333e+03   9.9888578e-01   9.6727425e-01   9.3666077e-01
   2.0414167e+03   9.9891425e-01   9.6721486e-01   9.3651905e-01
   2.0415000e+03   9.9890275e-01   9.6711818e-01   9.3634262e-01
   2.0415833e+03   9.9881016e-01   9.6694584e-01   9.3609568e-01
   2.0416667e+03   9.9866329e-01   9.6672286e-01   9.3580161e-01
   2.0417500e+03   9.9853028e-01   9.6651289e-01   9.3551974e-01
   2.0418333e+03   9.9850214e-01   9.6640090e-01   9.3532930e-01
   2.0419167e+03   9.9854832e-01   9.6635833e-01   9.3520364e-01
   2.0420000e+03   9.9859439e-01   9.6631569e-01   9.3507797e-01
   2.0420833e+03   9.9861969e-01   9.6625372e-01   9.3493433e-01
   2.0421667e+03   9.9863833e-01   9.6618556e-01   9.3478498e-01
   2.0422500e+03   9.9867282e-01   9.6613224e-01   9.3464952e-01
   2.0423333e+03   9.9872349e-01   9.6609406e-01   9.3452823e-01
   2.0424167e+03   9.9875093e-01   9.6603424e-01   9.3438682e-01
   2.0425000e+03   9.9873772e-01   9.6593653e-01   9.3421017e-01
   2.0425833e+03   9.9864254e-01   9.6576239e-01   9.3396237e-01
   2.0426667e+03   9.9849260e-01   9.6553724e-01   9.3366711e-01
   2.0427500e+03   9.9835664e-01   9.6532519e-01   9.3338414e-01
   2.0428333e+03   9.9832657e-01   9.6521198e-01   9.3319333e-01
   2.0429167e+03   9.9837228e-01   9.6516950e-01   9.3306847e-01
   2.0430000e+03   9.9841878e-01   9.6512781e-01   9.3294439e-01
   2.0430833e+03   9.9844513e-01   9.6506735e-01   9.3280289e-01
   2.0431667e+03   9.9846493e-01   9.6500084e-01   9.3265581e-01
   2.0432500e+03   9.9850025e-01   9.6494883e-01   9.3252230e-01
   2.0433333e+03   9.9855084e-01   9.6491112e-01   9.3240216e-01
   2.0434167e+03   9.9857724e-01   9.6485089e-01   9.3226110e-01
   2.0435000e+03   9.9856229e-01   9.6475215e-01   9.3208426e-01
   2.0435833e+03   9.9846448e-01   9.6457623e-01   9.3183562e-01
   2.0436667e+03   9.9831146e-01   9.6434890e-01   9.3153921e-01
   2.0437500e+03   9.9817253e-01   9.6413477e-01   9.3125516e-01
   2.0438333e+03   9.9814052e-01   9.6402037e-01   9.3106402e-01
   2.0439167e+03   9.9818573e-01   9.6397798e-01   9.3093998e-01
   2.0440000e+03   9.9823264e-01   9.6393723e-01   9.3081751e-01
   2.0440833e+03   9.9826000e-01   9.6387829e-01   9.3067817e-01
   2.0441667e+03   9.9828095e-01   9.6381343e-01   9.3053339e-01
   2.0442500e+03   9.9831707e-01   9.6376275e-01   9.3040186e-01
   2.0443333e+03   9.9836757e-01   9.6372551e-01   9.3028289e-01
   2.0444167e+03   9.9839289e-01   9.6366486e-01   9.3014220e-01
   2.0445000e+03   9.9837619e-01   9.6356511e-01   9.2996520e-01
   2.0445833e+03   9.9827573e-01   9.6338740e-01   9.2971576e-01
   2.0446667e+03   9.9811961e-01   9.6315791e-01   9.2941822e-01
   2.0447500e+03   9.9797768e-01   9.6294172e-01   9.2913313e-01
   2.0448333e+03   9.9794370e-01   9.6282611e-01   9.2894169e-01
   2.0449167e+03   9.9798839e-01   9.6278383e-01   9.2881849e-01
   2.0450000e+03   9.9803569e-01   9.6274402e-01   9.2869766e-01
   2.0450833e+03   9.9806404e-01   9.6268661e-01   9.2856051e-01
   2.0451667e+03   9.9808611e-01   9.6262340e-01   9.2841804e-01
   2.0452500e+03   9.9812301e-01   9.6257404e-01   9.2828851e-01
   2.0453333e+03   9.9817340e-01   9.6253729e-01   9.2817076e-01
   2.0454167e+03   9.9819762e-01   9.6247622e-01   9.2803047e-01
   2.0455000e+03   9.9817914e-01   9.6237546e-01   9.2785334e-01
   2.0455833e+03   9.9807602e-01   9.6219598e-01   9.2760311e-01
   2.0456667e+03   9.9791677e-01   9.6196433e-01   9.2730448e-01
   2.0457500e+03   9.9777182e-01   9.6174607e-01   9.2701838e-01
   2.0458333e+03   9.9773584e-01   9.6162928e-01   9.2682665e-01
   2.0459167e+03   9.9778000e-01   9.6158710e-01   9.2670434e-01
   2.0460000e+03   9.9782767e-01   9.6154824e-01   9.2658516e-01
   2.0460833e+03   9.9785699e-01   9.6149236e-01   9.2645023e-01
   2.0461667e+03   9.9788016e-01   9.6143080e-01   9.2631010e-01
   2.0462500e+03   9.9791782e-01   9.6138278e-01   9.2618259e-01
   2.0463333e+03   9.9796806e-01   9.6134650e-01   9.2606607e-01
   2.0464167e+03   9.9799117e-01   9.6128504e-01   9.2592621e-01
   2.0465000e+03   9.9797088e-01   9.6118327e-01   9.2574897e-01
   2.0465833e+03   9.9786507e-01   9.6100202e-01   9.2549800e-01
   2.0466667e+03   9.9770267e-01   9.6076822e-01   9.2519830e-01
   2.0467500e+03   9.9755468e-01   9.6054791e-01   9.2491121e-01
   2.0468333e+03   9.9751669e-01   9.6042993e-01   9.2471924e-01
   2.0469167e+03   9.9756028e-01   9.6038786e-01   9.2459783e-01
   2.0470000e+03   9.9760829e-01   9.6034996e-01   9.2448034e-01
   2.0470833e+03   9.9763856e-01   9.6029561e-01   9.2434764e-01
   2.0471667e+03   9.9766281e-01   9.6023571e-01   9.2420987e-01
   2.0472500e+03   9.9770120e-01   9.6018901e-01   9.2408441e-01
   2.0473333e+03   9.9775128e-01   9.6015323e-01   9.2396915e-01
   2.0474167e+03   9.9777325e-01   9.6009136e-01   9.2382974e-01
   2.0475000e+03   9.9775114e-01   9.5998859e-01   9.2365244e-01
   2.0475833e+03   9.9764261e-01   9.5980558e-01   9.2340073e-01
   2.0476667e+03   6.9823393e-01   6.7169875e-01   6.4617000e-01
   2.0477500e+03   6.9812820e-01   6.7154309e-01   6.4596837e-01
   2.0478333e+03   6.9810017e-01   6.7145969e-01   6.4583384e-01
   2.0479167e+03   6.9813027e-01   6.7143032e-01   6.4574950e-01
   2.0480000e+03   6.9816411e-01   6.7140446e-01   6.4566845e-01
   2.0480833e+03   6.9818595e-01   6.7136748e-01   6.4557715e-01
   2.0481667e+03   6.9820366e-01   6.7132672e-01   6.4548237e-01
   2.0482500e+03   6.9823104e-01   6.7129497e-01   6.4539600e-01
   2.0483333e+03   6.9826596e-01   6.7127026e-01   6.4531621e-01
   2.0484167e+03   6.9828052e-01   6.7122668e-01   6.4521897e-01
   2.0485000e+03   6.9826375e-01   6.7115405e-01   6.4509482e-01
   2.0485833e+03   6.9818587e-01   6.7102471e-01   6.4491815e-01
   2.0486667e+03   6.9806773e-01   6.7085805e-01   6.4470692e-01
   2.0487500e+03   6.9795984e-01   6.7070097e-01   6.4450464e-01
   2.0488333e+03   6.9793038e-01   6.7061674e-01   6.4436997e-01
   2.0489167e+03   6.9796005e-01   6.7058746e-01   6.4428630e-01
   2.0490000e+03   6.9799410e-01   6.7056227e-01   6.4420647e-01
   2.0490833e+03   6.9801656e-01   6.7052637e-01   6.4411676e-01
   2.0491667e+03   6.9803500e-01   6.7048677e-01   6.4402367e-01
   2.0492500e+03   6.9806286e-01   6.7045596e-01   6.4393877e-01
   2.0493333e+03   6.9809764e-01   6.7043160e-01   6.4385990e-01
   2.0494167e+03   6.9811137e-01   6.7038774e-01   6.4376301e-01
   2.0495000e+03   6.9809329e-01   6.7031442e-01   6.4363885e-01
   2.0495833e+03   6.9801347e-01   6.7018385e-01   6.4346170e-01
   2.0496667e+03   6.9789309e-01   6.7001571e-01   6.4324979e-01
   2.0497500e+03   6.9778303e-01   6.6985720e-01   6.4304688e-01
   2.0498333e+03   6.9775211e-01   6.6977215e-01   6.4291210e-01
   2.0499167e+03   6.9778134e-01   6.6974296e-01   6.4282911e-01
   2.0500000e+03   6.9781557e-01   6.6971844e-01   6.4275051e-01
   2.0500833e+03   6.9783863e-01   6.6968360e-01   6.4266239e-01
   2.0501667e+03   6.9785771e-01   6.6964510e-01   6.4257094e-01
   2.0502500e+03   6.9788597e-01   6.6961516e-01   6.4248746e-01
   2.0503333e+03   6.9792062e-01   6.6959118e-01   6.4240954e-01
   2.0504167e+03   6.9793370e-01   6.6954724e-01   6.4231319e-01
   2.0505000e+03   6.9791467e-01   6.6947357e-01   6.4218935e-01
   2.0505833e+03   6.9783356e-01   6.6934238e-01   6.4201230e-01
   2.0506667e+03   6.9771178e-01   6.6917354e-01   6.4180044e-01
   2.0507500e+03   6.9760047e-01   6.6901446e-01   6.4159769e-01
   2.0508333e+03   6.9756877e-01   6.6892924e-01   6.4146339e-01
   2.0509167e+03   6.9759778e-01   6.6890033e-01   6.4138127e-01
   2.0510000e+03   6.9763209e-01   6.6887638e-01   6.4130379e-01
   2.0510833e+03   6.9765541e-01   6.6884227e-01   6.4121695e-01
   2.0511667e+03   6.9767479e-01   6.6880455e-01   6.4112682e-01
   2.0512500e+03   6.9770325e-01   6.6877529e-01   6.4104456e-01
   2.0513333e+03   6.9773781e-01   6.6875171e-01   6.4096761e-01
   2.0514167e+03   6.9775052e-01   6.6870792e-01   6.4087199e-01
   2.0515000e+03   6.9773091e-01   6.6863423e-01   6.4074875e-01
   2.0515833e+03   6.9764896e-01   6.6850282e-01   6.4057215e-01
   2.0516667e+03   6.9752621e-01   6.6833366e-01   6.4036067e-01
   2.0517500e+03   6.9741397e-01   6.6817429e-01   6.4015831e-01
   2.0518333e+03   6.9738163e-01   6.6808899e-01   6.4002455e-01
   2.0519167e+03   6.9741043e-01   6.6806036e-01   6.3994327e-01
   2.0520000e+03   6.9744481e-01   6.6803694e-01   6.3986685e-01
   2.0520833e+03   6.9746838e-01   6.6800354e-01   6.3978125e-01
   2.0521667e+03   6.9748806e-01   6.6796657e-01   6.3969238e-01
   2.0522500e+03   6.9751672e-01   6.6793795e-01   6.3961128e-01
   2.0523333e+03   6.9755119e-01   6.6791476e-01   6.3953525e-01
   2.0524167e+03   6.9756353e-01   6.6787109e-01   6.3944032e-01
   2.0525000e+03   6.9754334e-01   6.6779735e-01   6.3931762e-01
   2.0525833e+03   6.9746055e-01   6.6766570e-01   6.3914142e-01
   2.0526667e+03   6.9733683e-01   6.6749619e-01   6.3893027e-01
   2.0527500e+03   6.9722364e-01   6.6733650e-01   6.3872826e-01
   2.0528333e+03   6.9719067e-01   6.6725110e-01   6.3859499e-01
   2.0529167e+03   6.9721925e-01   6.6722273e-01   6.3851450e-01
   2.0530000e+03   6.9725370e-01   6.6719981e-01   6.3843909e-01
   2.0530833e+03   6.9727753e-01   6.6716710e-01   6.3835467e-01
   2.0531667e+03   6.9729750e-01   6.6713085e-01   6.3826702e-01
   2.0532500e+03   6.9732635e-01   6.6710285e-01   6.3818703e-01
   2.0533333e+03   6.9736074e-01   6.6708001e-01   6.3811185e-01
   2.0534167e+03   6.9737269e-01   6.6703644e-01   6.3801756e-01
   2.0535000e+03   6.9735192e-01   6.6696263e-01   6.3789536e-01
   2.0535833e+03   6.9726829e-01   6.6683070e-01   6.3771951e-01
   2.0536667e+03   6.9714359e-01   6.6666083e-01   6.3750865e-01
   2.0537500e+03   6.9702947e-01   6.6650079e-01   6.3730693e-01
   2.0538333e+03   6.9699584e-01   6.6641526e-01   6.3717411e-01
   2.0539167e+03   6.9702422e-01   6.6638712e-01   6.3709435e-01
   2.0540000e+03   6.9705874e-01   6.6636468e-01   6.3701990e-01
   2.0540833e+03   6.9708282e-01   6.6633263e-01   6.3693661e-01
   2.0541667e+03   6.9710308e-01   6.6629707e-01   6.3685012e-01
   2.0542500e+03   6.9713211e-01   6.6626966e-01   6.3677119e-01
   2.0543333e+03   6.9716641e-01   6.6624715e-01   6.3669683e-01
   2.0544167e+03   6.9717798e-01   6.6620364e-01   6.3660312e-01
   2.0545000e+03   6.9715663e-01   6.6612974e-01   6.3648138e-01
   2.0545833e+03   6.9707215e-01   6.6599752e-01   6.3630583e-01
   2.0546667e+03   6.9694648e-01   6.6582726e-01   6.3609521e-01
   2.0547500e+03   6.9683141e-01   6.6566685e-01   6.3589374e-01
   2.0548333e+03   6.9679714e-01   6.6558117e-01   6.3576131e-01
   2.0549167e+03   6.9682530e-01   6.6555323e-01   6.3568224e-01
   2.0550000e+03   6.9685987e-01   6.6553124e-01   6.3560870e-01
   2.0550833e+03   6.9688420e-01   6.6549981e-01   6.3552648e-01
   2.0551667e+03   6.9690475e-01   6.6546493e-01   6.3544111e-01
   2.0552500e+03   6.9693397e-01   6.6543807e-01   6.3536319e-01
   2.0553333e+03   6.9696818e-01   6.6541586e-01   6.3528959e-01
   2.0554167e+03   6.9697936e-01   6.6537240e-01   6.3519641e-01
   2.0555000e+03   6.9695742e-01   6.6529838e-01   6.3507507e-01
   2.0555833e+03   6.9687209e-01   6.6516583e-01   6.3489978e-01
   2.0556667e+03   6.9674544e-01   6.6499516e-01   6.3468935e-01
   2.0557500e+03   6.9662943e-01   6.6483436e-01   6.3448809e-01
   2.0558333e+03   6.9659451e-01   6.6474850e-01   6.3435601e-01
   2.0559167e+03   6.9662245e-01   6.6472074e-01   6.3427757e-01
   2.0560000e+03   6.9665708e-01   6.6469917e-01   6.3420489e-01
   2.0560833e+03   6.9668166e-01   6.6466835e-01   6.3412370e-01
   2.0561667e+03   6.9670249e-01   6.6463410e-01   6.3403939e-01
   2.0562500e+03   6.9673189e-01   6.6460778e-01   6.3396242e-01
   2.0563333e+03   6.9676600e-01   6.6458585e-01   6.3388953e-01
   2.0564167e+03   6.9677680e-01   6.6454241e-01   6.3379684e-01
   2.0565000e+03   6.9675426e-01   6.6446823e-01   6.3367585e-01
   2.0565833e+03   6.9666809e-01   6.6433535e-01   6.3350077e-01
   2.0566667e+03   6.9654046e-01   6.6416424e-01   6.3329050e-01
   2.0567500e+03   6.9642349e-01   6.6400302e-01   6.3308939e-01
   2.0568333e+03   6.9638792e-01   6.6391696e-01   6.3295762e-01
   2.0569167e+03   6.9641564e-01   6.6388934e-01   6.3287977e-01
   2.0570000e+03   6.9645033e-01   6.6386818e-01   6.3280789e-01
   2.0570833e+03   6.9647514e-01   6.6383793e-01   6.3272767e-01
   2.0571667e+03   6.9649627e-01   6.6380429e-01   6.3264437e-01
   2.0572500e+03   6.9652584e-01   6.6377848e-01   6.3256831e-01
   2.0573333e+03   6.9655985e-01   6.6375679e-01   6.3249608e-01
   2.0574167e+03   6.9657025e-01   6.6371334e-01   6.3240383e-01
   2.0575000e+03   6.9654713e-01   6.6363900e-01   6.3228315e-01
   2.0575833e+03   6.9646010e-01   6.6350575e-01   6.3210824e-01
   2.0576667e+03   6.9633149e-01   6.6333418e-01   6.3189806e-01
   2.0577500e+03   6.9621357e-01   6.6317252e-01   6.3169707e-01
   2.0578333e+03   6.9617734e-01   6.6308623e-01   6.3156556e-01
   2.0579167e+03   6.9620484e-01   6.6305874e-01   6.3148824e-01
   2.0580000e+03   6.9623958e-01   6.6303794e-01   6.3141712e-01
   2.0580833e+03   6.9626464e-01   6.6300824e-01   6.3133783e-01
   2.0581667e+03   6.9628604e-01   6.6297519e-01   6.3125549e-01
   2.0582500e+03   6.9631578e-01   6.6294986e-01   6.3118028e-01
   2.0583333e+03   6.9634969e-01   6.6292839e-01   6.3110866e-01
   2.0584167e+03   6.9635970e-01   6.6288491e-01   6.3101681e-01
   2.0585000e+03   6.9633598e-01   6.6281037e-01   6.3089638e-01
   2.0585833e+03   6.9624810e-01   6.6267673e-01   6.3072159e-01
   2.0586667e+03   6.9611850e-01   6.6250467e-01   6.3051148e-01
   2.0587500e+03   6.9599963e-01   6.6234255e-01   6.3031056e-01
   2.0588333e+03   6.9596275e-01   6.6225601e-01   6.3017926e-01
   2.0589167e+03   6.9599002e-01   6.6222862e-01   6.3010242e-01
   2.0590000e+03   6.9602481e-01   6.6220817e-01   6.3003201e-01
   2.0590833e+03   6.9605010e-01   6.6217899e-01   6.2995359e-01
   2.0591667e+03   6.9607177e-01   6.6214650e-01   6.2987216e-01
   2.0592500e+03   6.9610169e-01   6.6212162e-01   6.2979776e-01
   2.0593333e+03   6.9613549e-01   6.6210035e-01   6.2972670e-01
   2.0594167e+03   6.9614510e-01   6.6205681e-01   6.2963519e-01
   2.0595000e+03   6.9612078e-01   6.6198204e-01   6.2951498e-01
   2.0595833e+03   6.9603205e-01   6.6184798e-01   6.2934026e-01
   2.0596667e+03   6.9590146e-01   6.6167543e-01   6.2913017e-01
   2.0597500e+03   6.9578164e-01   6.6151282e-01   6.2892928e-01
   2.0598333e+03   6.9574410e-01   6.6142601e-01   6.2879814e-01
   2.0599167e+03   6.9577114e-01   6.6139868e-01   6.2872174e-01
   2.0600000e+03   6.9580597e-01   6.6137855e-01   6.2865199e-01
   2.0600833e+03   6.9583149e-01   6.6134986e-01   6.2857440e-01
   2.0601667e+03   6.9585344e-01   6.6131790e-01   6.2849382e-01
   2.0602500e+03   6.9588352e-01   6.6129345e-01   6.2842018e-01
   2.0603333e+03   6.9591722e-01   6.6127235e-01   6.2834964e-01
   2.0604167e+03   6.9592643e-01   6.6122872e-01   6.2825842e-01
   2.0605000e+03   6.9590151e-01   6.6115371e-01   6.2813837e-01
   2.0605833e+03   6.9581191e-01   6.6101922e-01   6.2796369e-01
   2.0606667e+03   6.9568034e-01   6.6084613e-01   6.2775357e-01
   2.0607500e+03   6.9555956e-01   6.6068302e-01   6.2755266e-01
   2.0608333e+03   6.9552136e-01   6.6059590e-01   6.2742164e-01
   2.0609167e+03   6.9554816e-01   6.6056862e-01   6.2734564e-01
   2.0610000e+03   6.9558304e-01   6.6054878e-01   6.2727649e-01
   2.0610833e+03   6.9560879e-01   6.6052056e-01   6.2719968e-01
   2.0611667e+03   6.9563101e-01   6.6048911e-01   6.2711991e-01
   2.0612500e+03   6.9566125e-01   6.6046506e-01   6.2704698e-01
   2.0613333e+03   6.9569484e-01   6.6044410e-01   6.2697690e-01
   2.0614167e+03   6.9570365e-01   6.6040037e-01   6.2688593e-01
   2.0615000e+03   6.9567812e-01   6.6032508e-01   6.2676600e-01
   2.0615833e+03   6.9558767e-01   6.6019013e-01   6.2659131e-01
   2.0616667e+03   6.9545510e-01   6.6001649e-01   6.2638113e-01
   2.0617500e+03   6.9533337e-01   6.5985285e-01   6.2618016e-01
   2.0618333e+03   6.9529450e-01   6.5976541e-01   6.2604921e-01
   2.0619167e+03   6.9532107e-01   6.5973815e-01   6.2597355e-01
   2.0620000e+03   6.9535598e-01   6.5971857e-01   6.2590497e-01
   2.0620833e+03   6.9538196e-01   6.5969079e-01   6.2582887e-01
   2.0621667e+03   6.9540444e-01   6.5965982e-01   6.2574988e-01
   2.0622500e+03   6.9543485e-01   6.5963614e-01   6.2567760e-01
   2.0623333e+03   6.9546832e-01   6.5961530e-01   6.2560794e-01
   2.0624167e+03   6.9547672e-01   6.5957143e-01   6.2551717e-01
   2.0625000e+03   6.9545059e-01   6.5949585e-01   6.2539732e-01
   2.0625833e+03   6.9535927e-01   6.5936041e-01   6.2522257e-01
   2.0626667e+03   6.9522572e-01   6.5918621e-01   6.2501228e-01
   2.0627500e+03   6.9510302e-01   6.5902201e-01   6.2481121e-01
   2.0628333e+03   6.9506348e-01   6.5893422e-01   6.2468029e-01
   2.0629167e+03   6.9508981e-01   6.5890695e-01   6.2460493e-01
   2.0630000e+03   6.9512476e-01   6.5888762e-01   6.2453686e-01
   2.0630833e+03   6.9515096e-01   6.5886025e-01   6.2446144e-01
   2.0631667e+03   6.9517371e-01   6.5882973e-01   6.2438316e-01
   2.0632500e+03   6.9520428e-01   6.5880640e-01   6.2431149e-01
   2.0633333e+03   6.9523763e-01   6.5878565e-01   6.2424220e-01
   2.0634167e+03   6.9524562e-01   6.5874162e-01   6.2415158e-01
   2.0635000e+03   6.9521888e-01   6.5866572e-01   6.2403177e-01
   2.0635833e+03   6.9512670e-01   6.5852978e-01   6.2385692e-01
   2.0636667e+03   6.9499215e-01   6.5835498e-01   6.2364648e-01
   2.0637500e+03   6.9486849e-01   6.5819021e-01   6.2344527e-01
   2.0638333e+03   6.9482828e-01   6.5810205e-01   6.2331434e-01
   2.0639167e+03   6.9485437e-01   6.5807475e-01   6.2323922e-01
   2.0640000e+03   6.9488935e-01   6.5805562e-01   6.2317161e-01
   2.0640833e+03   6.9491577e-01   6.5802865e-01   6.2309683e-01
   2.0641667e+03   6.9493878e-01   6.5799855e-01   6.2301921e-01
   2.0642500e+03   6.9496950e-01   6.5797555e-01   6.2294810e-01
   2.0643333e+03   6.9500274e-01   6.5795486e-01   6.2287913e-01
   2.0644167e+03   6.9501031e-01   6.5791064e-01   6.2278863e-01
   2.0645000e+03   6.9498296e-01   6.5783440e-01   6.2266880e-01
   2.0645833e+03   6.9488991e-01   6.5769793e-01   6.2249381e-01
   2.0646667e+03   6.9475436e-01   6.5752251e-01   6.2228318e-01
   2.0647500e+03   6.9462974e-01   6.5735715e-01   6.2208180e-01
   2.0648333e+03   6.9458886e-01   6.5726859e-01   6.2195080e-01
   2.0649167e+03   6.9461470e-01   6.5724123e-01   6.2187588e-01
   2.0650000e+03   6.9464972e-01   6.5722229e-01   6.2180869e-01
   2.0650833e+03   6.9467635e-01   6.5719568e-01   6.2173449e-01
   2.0651667e+03   6.9469962e-01   6.5716599e-01   6.2165749e-01
   2.0652500e+03   6.9473049e-01   6.5714328e-01   6.2158690e-01
   2.0653333e+03   6.9476360e-01   6.5712263e-01   6.2151821e-01
   2.0654167e+03   6.9477076e-01   6.5707820e-01   6.2142776e-01
   2.0655000e+03   6.9474279e-01   6.5700159e-01   6.2130788e-01
   2.0655833e+03   6.9464887e-01   6.5686457e-01   6.2113271e-01
   2.0656667e+03   6.9451233e-01   6.5668852e-01   6.2092185e-01
   2.0657500e+03   6.9438675e-01   6.5652253e-01   6.2072024e-01
   2.0658333e+03   6.9434519e-01   6.5643356e-01   6.2058915e-01
   2.0659167e+03   6.9437078e-01   6.5640612e-01   6.2051438e-01
   2.0660000e+03   6.9440582e-01   6.5638734e-01   6.2044756e-01
   2.0660833e+03   6.9443267e-01   6.5636106e-01   6.2037390e-01
   2.0661667e+03   6.9445619e-01   6.5633174e-01   6.2029747e-01
   2.0662500e+03   6.9448721e-01   6.5630930e-01   6.2022734e-01
   2.0663333e+03   6.9452020e-01   6.5628866e-01   6.2015888e-01
   2.0664167e+03   6.9452694e-01   6.5624400e-01   6.2006845e-01
   2.0665000e+03   6.9449835e-01   6.5616700e-01   6.1994847e-01
   2.0665833e+03   6.9440356e-01   6.5602941e-01   6.1977308e-01
   2.0666667e+03   6.9426602e-01   6.5585270e-01   6.1956195e-01
   2.0667500e+03   6.9413947e-01   6.5568608e-01   6.1936008e-01
   2.0668333e+03   6.9409724e-01   6.5559666e-01   6.1922884e-01
   2.0669167e+03   6.9412258e-01   6.5556911e-01   6.1915419e-01
   2.0670000e+03   6.9415764e-01   6.5555046e-01   6.1908769e-01
   2.0670833e+03   6.9418470e-01   6.5552450e-01   6.1901451e-01
   2.0671667e+03   6.9420847e-01   6.5549553e-01   6.1893860e-01
   2.0672500e+03   6.9423964e-01   6.5547333e-01   6.1886889e-01
   2.0673333e+03   6.9427249e-01   6.5545268e-01   6.1880061e-01
   2.0674167e+03   6.9427881e-01   6.5540776e-01   6.1871017e-01
   2.0675000e+03   6.9424961e-01   6.5533035e-01   6.1859004e-01
   2.0675833e+03   6.9415394e-01   6.5519216e-01   6.1841439e-01
   2.0676667e+03   6.9401540e-01   6.5501477e-01   6.1820295e-01
   2.0677500e+03   6.9388788e-01   6.5484748e-01   6.1800078e-01
   2.0678333e+03   6.9384497e-01   6.5475760e-01   6.1786935e-01
   2.0679167e+03   6.9387005e-01   6.5472992e-01   6.1779476e-01
   2.0680000e+03   6.9390514e-01   6.5471138e-01   6.1772854e-01
   2.0680833e+03   6.9393240e-01   6.5468570e-01   6.1765580e-01
   2.0681667e+03   6.9395642e-01   6.5465705e-01   6.1758037e-01
   2.0682500e+03   6.9398773e-01   6.5463507e-01   6.1751103e-01
   2.0683333e+03   6.9402045e-01   6.5461438e-01   6.1744289e-01
   2.0684167e+03   6.9402635e-01   6.5456918e-01   6.1735237e-01
   2.0685000e+03   6.9399652e-01   6.5449133e-01   6.1723206e-01
   2.0685833e+03   6.9389998e-01   6.5435252e-01   6.1705611e-01
   2.0686667e+03   6.9376044e-01   6.5417444e-01   6.1684433e-01
   2.0687500e+03   6.9363195e-01   6.5400647e-01   6.1664181e-01
   2.0688333e+03   6.9358835e-01   6.5391610e-01   6.1651016e-01
   2.0689167e+03   6.9361318e-01   6.5388826e-01   6.1643559e-01
   2.0690000e+03   6.9364828e-01   6.5386980e-01   6.1636960e-01
   2.0690833e+03   6.9367575e-01   6.5384438e-01   6.1629726e-01
   2.0691667e+03   6.9370001e-01   6.5381603e-01   6.1622225e-01
   2.0692500e+03   6.9373145e-01   6.5379424e-01   6.1615324e-01
   2.0693333e+03   6.9376404e-01   6.5377349e-01   6.1608519e-01
   2.0694167e+03   6.9376951e-01   6.5372798e-01   6.1599456e-01
   2.0695000e+03   6.9373906e-01   6.5364967e-01   6.1587402e-01
   2.0695833e+03   6.9364165e-01   6.5351022e-01   6.1569773e-01
   2.0696667e+03   6.9350110e-01   6.5333142e-01   6.1548556e-01
   2.0697500e+03   6.9337163e-01   6.5316275e-01   6.1528267e-01
   2.0698333e+03   6.9332735e-01   6.5307187e-01   6.1515074e-01
   2.0699167e+03   6.9335192e-01   6.5304384e-01   6.1507615e-01
   2.0700000e+03   6.9338703e-01   6.5302544e-01   6.1501034e-01
   2.0700833e+03   6.9341470e-01   6.5300025e-01   6.1493835e-01
   2.0701667e+03   6.9343921e-01   6.5297217e-01   6.1486373e-01
   2.0702500e+03   6.9347079e-01   6.5295054e-01   6.1479500e-01
   2.0703333e+03   6.9350323e-01   6.5292971e-01   6.1472699e-01
   2.0704167e+03   6.9350828e-01   6.5288387e-01   6.1463621e-01
   2.0705000e+03   6.9347719e-01   6.5280507e-01   6.1451539e-01
   2.0705833e+03   6.9337890e-01   6.5266497e-01   6.1433872e-01
   2.0706667e+03   6.9323735e-01   6.5248542e-01   6.1412613e-01
   2.0707500e+03   6.9310691e-01   6.5231603e-01   6.1392282e-01
   2.0708333e+03   6.9306194e-01   6.5222462e-01   6.1379058e-01
   2.0709167e+03   6.9308625e-01   6.5219638e-01   6.1371593e-01
   2.0710000e+03   6.9312137e-01   6.5217802e-01   6.1365026e-01
   2.0710833e+03   6.9314924e-01   6.5215303e-01   6.1357857e-01
   2.0711667e+03   6.9317398e-01   6.5212519e-01   6.1350428e-01
   2.0712500e+03   6.9320569e-01   6.5210371e-01   6.1343579e-01
   2.0713333e+03   6.9323800e-01   6.5208276e-01   6.1336779e-01
   2.0714167e+03   6.9324261e-01   6.5203656e-01   6.1327680e-01
   2.0715000e+03   6.9321090e-01   6.5195726e-01   6.1315568e-01
   2.0715833e+03   6.9311172e-01   6.5181648e-01   6.1297859e-01
   2.0716667e+03   6.9296917e-01   6.5163617e-01   6.1276554e-01
   2.0717500e+03   6.9283775e-01   6.5146604e-01   6.1256178e-01
   2.0718333e+03   6.9279209e-01   6.5137407e-01   6.1242919e-01
   2.0719167e+03   6.9281613e-01   6.5134560e-01   6.1235441e-01
   2.0720000e+03   6.9285126e-01   6.5132724e-01   6.1228884e-01
   2.0720833e+03   6.9287932e-01   6.5130244e-01   6.1221741e-01
   2.0721667e+03   6.9290430e-01   6.5127482e-01   6.1214341e-01
   2.0722500e+03   6.9293614e-01   6.5125345e-01   6.1207511e-01
   2.0723333e+03   6.9296830e-01   6.5123236e-01   6.1200707e-01
   2.0724167e+03   6.9297247e-01   6.5118579e-01   6.1191584e-01
   2.0725000e+03   6.9294013e-01   6.5110595e-01   6.1179436e-01
   2.0725833e+03   6.9284007e-01   6.5096447e-01   6.1161682e-01
   2.0726667e+03   6.9269651e-01   6.5078338e-01   6.1140327e-01
   2.0727500e+03   6.9256412e-01   6.5061249e-01   6.1119902e-01
   2.0728333e+03   6.9251777e-01   6.5051994e-01   6.1106604e-01
   2.0729167e+03   6.9254153e-01   6.5049122e-01   6.1099111e-01
   2.0730000e+03   6.9257667e-01   6.5047284e-01   6.1092559e-01
   2.0730833e+03   6.9260492e-01   6.5044819e-01   6.1085436e-01
   2.0731667e+03   6.9263013e-01   6.5042076e-01   6.1078062e-01
   2.0732500e+03   6.9266209e-01   6.5039948e-01   6.1071246e-01
   2.0733333e+03   6.9269410e-01   6.5037823e-01   6.1064433e-01
   2.0734167e+03   6.9269784e-01   6.5033125e-01   6.1055282e-01
   2.0735000e+03   6.9266486e-01   6.5025087e-01   6.1043095e-01
   2.0735833e+03   6.9256392e-01   6.5010866e-01   6.1025291e-01
   2.0736667e+03   6.9241935e-01   6.4992678e-01   6.1003884e-01
   2.0737500e+03   6.9228598e-01   6.4975510e-01   6.0983406e-01
   2.0738333e+03   6.9223893e-01   6.4966195e-01   6.0970064e-01
   2.0739167e+03   6.9226243e-01   6.4963295e-01   6.0962552e-01
   2.0740000e+03   6.9229756e-01   6.4961453e-01   6.0956000e-01
   2.0740833e+03   6.9232600e-01   6.4959001e-01   6.0948894e-01
   2.0741667e+03   6.9235144e-01   6.4956275e-01   6.0941540e-01
   2.0742500e+03   6.9238353e-01   6.4954153e-01   6.0934734e-01
   2.0743333e+03   6.9241538e-01   6.4952009e-01   6.0927908e-01
   2.0744167e+03   6.9241868e-01   6.4947269e-01   6.0918724e-01
   2.0745000e+03   6.9238507e-01   6.4939173e-01   6.0906495e-01
   2.0745833e+03   6.9228324e-01   6.4924878e-01   6.0888638e-01
   2.0746667e+03   6.9213765e-01   6.4906608e-01   6.0867173e-01
   2.0747500e+03   6.9200330e-01   6.4889360e-01   6.0846639e-01
   2.0748333e+03   6.9195556e-01   6.4879982e-01   6.0833251e-01
   2.0749167e+03   6.9197878e-01   6.4877052e-01   6.0825714e-01
   2.0750000e+03   6.9201391e-01   6.4875203e-01   6.0819158e-01
   2.0750833e+03   6.9204253e-01   6.4872761e-01   6.0812064e-01
   2.0751667e+03   6.9206818e-01   6.4870048e-01   6.0804725e-01
   2.0752500e+03   6.9210038e-01   6.4867929e-01   6.0797924e-01
   2.0753333e+03   6.9213210e-01   6.4865766e-01   6.0791082e-01
   2.0754167e+03   6.9213502e-01   6.4860986e-01   6.0781867e-01
   2.0755000e+03   6.9210088e-01   6.4852841e-01   6.0769599e-01
   2.0755833e+03   6.9199835e-01   6.4838487e-01   6.0751701e-01
   2.0756667e+03   6.9185200e-01   6.4820156e-01   6.0730197e-01
   2.0757500e+03   6.9171694e-01   6.4802850e-01   6.0709626e-01
   2.0758333e+03   6.9166872e-01   6.4793428e-01   6.0696204e-01
   2.0759167e+03   6.9169174e-01   6.4790472e-01   6.0688646e-01
   2.0760000e+03   6.9172687e-01   6.4788614e-01   6.0682082e-01
   2.0760833e+03   6.9175560e-01   6.4786173e-01   6.0674990e-01
   2.0761667e+03   6.9178139e-01   6.4783465e-01   6.0667655e-01
   2.0762500e+03   6.9181366e-01   6.4781343e-01   6.0660852e-01
   2.0763333e+03   6.9184527e-01   6.4779161e-01   6.0653993e-01
   2.0764167e+03   6.9184790e-01   6.4774348e-01   6.0644750e-01
   2.0765000e+03   6.9181335e-01   6.4766162e-01   6.0632450e-01
   2.0765833e+03   6.9171027e-01   6.4751760e-01   6.0614519e-01
   2.0766667e+03   6.9156328e-01   6.4733377e-01   6.0592982e-01
   2.0767500e+03   6.9142760e-01   6.4716021e-01   6.0572378e-01
   2.0768333e+03   6.9137893e-01   6.4706555e-01   6.0558922e-01
   2.0769167e+03   6.9140177e-01   6.4703573e-01   6.0551339e-01
   2.0770000e+03   6.9143689e-01   6.4701702e-01   6.0544762e-01
   2.0770833e+03   6.9146573e-01   6.4699261e-01   6.0537669e-01
   2.0771667e+03   6.9149166e-01   6.4696555e-01   6.0530334e-01
   2.0772500e+03   6.9152400e-01   6.4694428e-01   6.0523524e-01
   2.0773333e+03   6.9155550e-01   6.4692224e-01   6.0516643e-01
   2.0774167e+03   6.9155784e-01   6.4687376e-01   6.0507368e-01
   2.0775000e+03   6.9152288e-01   6.4679147e-01   6.0495033e-01
   2.0775833e+03   6.9141923e-01   6.4664695e-01   6.0477065e-01
   2.0776667e+03   6.9127161e-01   6.4646259e-01   6.0455492e-01
   2.0777500e+03   6.9113532e-01   6.4628850e-01   6.0434851e-01
   2.0778333e+03   6.9108619e-01   6.4619338e-01   6.0421358e-01
   2.0779167e+03   6.9110885e-01   6.4616327e-01   6.0413746e-01
   2.0780000e+03   6.9114396e-01   6.4614442e-01   6.0407153e-01
   2.0780833e+03   6.9117291e-01   6.4611998e-01   6.0400053e-01
   2.0781667e+03   6.9119898e-01   6.4609292e-01   6.0392715e-01
   2.0782500e+03   6.9123138e-01   6.4607158e-01   6.0385894e-01
   2.0783333e+03   6.9126278e-01   6.4604930e-01   6.0378987e-01
   2.0784167e+03   6.9126483e-01   6.4600045e-01   6.0369677e-01
   2.0785000e+03   6.9122945e-01   6.4591771e-01   6.0357301e-01
   2.0785833e+03   6.9112524e-01   6.4577266e-01   6.0339293e-01
   2.0786667e+03   6.9097699e-01   6.4558775e-01   6.0317681e-01
   2.0787500e+03   6.9084007e-01   6.4541311e-01   6.0297000e-01
   2.0788333e+03   6.9079050e-01   6.4531752e-01   6.0283465e-01
   2.0789167e+03   6.9081297e-01   6.4528710e-01   6.0275821e-01
   2.0790000e+03   6.9084806e-01   6.4526808e-01   6.0269206e-01
   2.0790833e+03   6.9087713e-01   6.4524359e-01   6.0262096e-01
   2.0791667e+03   6.9090333e-01   6.4521650e-01   6.0254750e-01
   2.0792500e+03   6.9093580e-01   6.4519506e-01   6.0247914e-01
   2.0793333e+03   6.9096709e-01   6.4517253e-01   6.0240978e-01
   2.0794167e+03   6.9096885e-01   6.4512328e-01   6.0231628e-01
   2.0795000e+03   6.9093306e-01   6.4504007e-01   6.0219209e-01
   2.0795833e+03   6.9082829e-01   6.4489447e-01   6.0201156e-01
   2.0796667e+03   6.9067939e-01   6.4470899e-01   6.0179502e-01
   2.0797500e+03   6.9054186e-01   6.4453379e-01   6.0158778e-01
   2.0798333e+03   6.9049184e-01   6.4443770e-01   6.0145197e-01
   2.0799167e+03   6.9051412e-01   6.4440695e-01   6.0137516e-01
   2.0800000e+03   6.9054920e-01   6.4438775e-01   6.0130877e-01
   2.0800833e+03   6.9057837e-01   6.4436318e-01   6.0123753e-01
   2.0801667e+03   6.9060471e-01   6.4433604e-01   6.0116395e-01
   2.0802500e+03   6.9063725e-01   6.4431448e-01   6.0109539e-01
   2.0803333e+03   6.9066842e-01   6.4429167e-01   6.0102570e-01
   2.0804167e+03   6.9066989e-01   6.4424200e-01   6.0093175e-01
   2.0805000e+03   6.9063369e-01   6.4415830e-01   6.0080710e-01
   2.0805833e+03   6.9052835e-01   6.4401214e-01   6.0062610e-01
   2.0806667e+03   6.9037882e-01   6.4382608e-01   6.0040910e-01
   2.0807500e+03   6.9024067e-01   6.4365029e-01   6.0020139e-01
   2.0808333e+03   6.9019020e-01   6.4355369e-01   6.0006510e-01
   2.0809167e+03   6.9021229e-01   6.4352258e-01   5.9998788e-01
   2.0810000e+03   6.9024736e-01   6.4350316e-01   5.9992119e-01
   2.0810833e+03   6.9027663e-01   6.4347850e-01   5.9984977e-01
   2.0811667e+03   6.9030311e-01   6.4345128e-01   5.9977602e-01
   2.0812500e+03   6.9033571e-01   6.4342958e-01   5.9970724e-01
   2.0813333e+03   6.9036677e-01   6.4340647e-01   5.9963717e-01
   2.0814167e+03   6.9036794e-01   6.4335636e-01   5.9954275e-01
   2.0815000e+03   6.9033132e-01   6.4327214e-01   5.9941758e-01
   2.0815833e+03   6.9022543e-01   6.4312541e-01   5.9923608e-01
   2.0816667e+03   6.9007526e-01   6.4293874e-01   5.9901859e-01
   2.0817500e+03   6.8993649e-01   6.4276235e-01   5.9881037e-01
   2.0818333e+03   6.8988557e-01   6.4266521e-01   5.9867356e-01
   2.0819167e+03   6.8990747e-01   6.4263372e-01   5.9859590e-01
   2.0820000e+03   6.8994252e-01   6.4261407e-01   5.9852888e-01
   2.0820833e+03   6.8997190e-01   6.4258929e-01   5.9845723e-01
   2.0821667e+03   6.8999850e-01   6.4256198e-01   5.9838329e-01
   2.0822500e+03   6.9003117e-01   6.4254011e-01   5.9831423e-01
   2.0823333e+03   6.9006211e-01   6.4251667e-01   5.9824374e-01
   2.0824167e+03   6.9006299e-01   6.4246610e-01   5.9814881e-01
   2.0825000e+03   6.9002596e-01   6.4238135e-01   5.9802310e-01
   2.0825833e+03   6.8991950e-01   6.4223402e-01   5.9784105e-01
   2.0826667e+03   6.8976869e-01   6.4204673e-01   5.9762304e-01
   2.0827500e+03   6.8962931e-01   6.4186973e-01   5.9741430e-01
   2.0828333e+03   6.8957794e-01   6.4177203e-01   5.9727693e-01
   2.0829167e+03   6.8959964e-01   6.4174014e-01   5.9719878e-01
   2.0830000e+03   6.8963467e-01   6.4172023e-01   5.9713139e-01
   2.0830833e+03   6.8966416e-01   6.4169531e-01   5.9705947e-01
   2.0831667e+03   6.8969089e-01   6.4166788e-01   5.9698529e-01
   2.0832500e+03   6.8972362e-01   6.4164582e-01   5.9691592e-01
   2.0833333e+03   6.8975445e-01   6.4162203e-01   5.9684497e-01
   2.0834167e+03   6.8975503e-01   6.4157098e-01   5.9674950e-01
   2.0835000e+03   6.8971758e-01   6.4148568e-01   5.9662321e-01
   2.0835833e+03   6.8961055e-01   6.4133773e-01   5.9644058e-01
   2.0836667e+03   6.8945911e-01   6.4114980e-01   5.9622202e-01
   2.0837500e+03   6.8931911e-01   6.4097217e-01   5.9601271e-01
   2.0838333e+03   6.8926729e-01   6.4087389e-01   5.9587475e-01
   2.0839167e+03   6.8928880e-01   6.4084158e-01   5.9579608e-01
   2.0840000e+03   6.8932381e-01   6.4082139e-01   5.9572828e-01
   2.0840833e+03   6.8935340e-01   6.4079630e-01   5.9565606e-01
   2.0841667e+03   6.8938026e-01   6.4076873e-01   5.9558159e-01
   2.0842500e+03   6.8941305e-01   6.4074646e-01   5.9551187e-01
   2.0843333e+03   6.8944376e-01   6.4072230e-01   5.9544043e-01
   2.0844167e+03   6.8944404e-01   6.4067075e-01   5.9534437e-01
   2.0845000e+03   6.8940618e-01   6.4058487e-01   5.9521746e-01
   2.0845833e+03   6.8929859e-01   6.4043629e-01   5.9503423e-01
   2.0846667e+03   6.8914651e-01   6.4024771e-01   5.9481508e-01
   2.0847500e+03   6.8900588e-01   6.4006942e-01   5.9460518e-01
   2.0848333e+03   6.8895361e-01   6.3997054e-01   5.9446659e-01
   2.0849167e+03   6.8897493e-01   6.3993780e-01   5.9438736e-01
   2.0850000e+03   6.8900992e-01   6.3991731e-01   5.9431911e-01
   2.0850833e+03   6.8903961e-01   6.3989203e-01   5.9424654e-01
   2.0851667e+03   6.8906660e-01   6.3986429e-01   5.9417175e-01
   2.0852500e+03   6.8909944e-01   6.3984179e-01   5.9410164e-01
   2.0853333e+03   6.8913004e-01   6.3981724e-01   5.9402967e-01
   2.0854167e+03   6.8913002e-01   6.3976516e-01   5.9393298e-01
   2.0855000e+03   6.8909174e-01   6.3967869e-01   5.9380543e-01
   2.0855833e+03   6.8898358e-01   6.3952945e-01   5.9362156e-01
   2.0856667e+03   6.8883087e-01   6.3934020e-01   5.9340180e-01
   2.0857500e+03   6.8868963e-01   6.3916124e-01   5.9319127e-01
   2.0858333e+03   6.8863690e-01   6.3906175e-01   5.9305202e-01
   2.0859167e+03   6.8865802e-01   6.3902854e-01   5.9297219e-01
   2.0860000e+03   6.8869299e-01   6.3900772e-01   5.9290345e-01
   2.0860833e+03   6.8872278e-01   6.3898223e-01   5.9283050e-01
   2.0861667e+03   6.8874989e-01   6.3895431e-01   5.9275535e-01
   2.0862500e+03   6.8878279e-01   6.3893155e-01   5.9268481e-01
   2.0863333e+03   6.8881327e-01   6.3890659e-01   5.9261227e-01
   2.0864167e+03   6.8881295e-01   6.3885396e-01   5.9251492e-01
   2.0865000e+03   6.8877425e-01   6.3876688e-01   5.9238668e-01
   2.0865833e+03   6.8866553e-01   6.3861698e-01   5.9220214e-01
   2.0866667e+03   6.8851218e-01   6.3842703e-01   5.9198174e-01
   2.0867500e+03   6.8837032e-01   6.3824739e-01   5.9177056e-01
   2.0868333e+03   6.8831714e-01   6.3814726e-01   5.9163061e-01
   2.0869167e+03   6.8833806e-01   6.3811357e-01   5.9155014e-01
   2.0870000e+03   6.8837301e-01   6.3809241e-01   5.9148088e-01
   2.0870833e+03   6.8840289e-01   6.3806668e-01   5.9140751e-01
   2.0871667e+03   6.8843013e-01   6.3803855e-01   5.9133196e-01
   2.0872500e+03   6.8846309e-01   6.3801551e-01   5.9126095e-01
   2.0873333e+03   6.8849345e-01   6.3799011e-01   5.9118780e-01
   2.0874167e+03   6.8849283e-01   6.3793692e-01   5.9108975e-01
   2.0875000e+03   6.8845371e-01   6.3784921e-01   5.9096080e-01
   2.0875833e+03   6.8834442e-01   6.3769862e-01   5.9077556e-01
   2.0876667e+03   6.8819044e-01   6.3750797e-01   5.9055448e-01
   2.0877500e+03   6.8804795e-01   6.3732762e-01   5.9034262e-01
   2.0878333e+03   6.8799432e-01   6.3722684e-01   5.9020194e-01
   2.0879167e+03   6.8801505e-01   6.3719264e-01   5.9012080e-01
   2.0880000e+03   6.8804997e-01   6.3717111e-01   5.9005097e-01
   2.0880833e+03   6.8807995e-01   6.3714513e-01   5.8997714e-01
   2.0881667e+03   6.8810731e-01   6.3711677e-01   5.8990115e-01
   2.0882500e+03   6.8814032e-01   6.3709343e-01   5.8982964e-01
   2.0883333e+03   6.8817055e-01   6.3706757e-01   5.8975584e-01
   2.0884167e+03   6.8816964e-01   6.3701379e-01   5.8965706e-01
   2.0885000e+03   6.8813010e-01   6.3692543e-01   5.8952736e-01
   2.0885833e+03   6.8802025e-01   6.3677413e-01   5.8934139e-01
   2.0886667e+03   6.8786562e-01   6.3658276e-01   5.8911960e-01
   2.0887500e+03   6.8772252e-01   6.3640169e-01   5.8890703e-01
   2.0888333e+03   6.8766843e-01   6.3630025e-01   5.8876559e-01
   2.0889167e+03   6.8768896e-01   6.3626551e-01   5.8868374e-01
   2.0890000e+03   6.8772385e-01   6.3624359e-01   5.8861331e-01
   2.0890833e+03   6.8775393e-01   6.3621733e-01   5.8853898e-01
   2.0891667e+03   6.8778141e-01   6.3618872e-01   5.8846252e-01
   2.0892500e+03   6.8781448e-01   6.3616506e-01   5.8839046e-01
   2.0893333e+03   6.8784459e-01   6.3613872e-01   5.8831598e-01
   2.0894167e+03   6.8784336e-01   6.3608434e-01   5.8821644e-01
   2.0895000e+03   6.8780341e-01   6.3599531e-01   5.8808595e-01
   2.0895833e+03   6.8769299e-01   6.3584328e-01   5.8789921e-01
   2.0896667e+03   6.8753773e-01   6.3565118e-01   5.8767670e-01
   2.0897500e+03   6.8739400e-01   6.3546937e-01   5.8746339e-01
   2.0898333e+03   6.8733946e-01   6.3536724e-01   5.8732116e-01
   2.0899167e+03   6.8735979e-01   6.3533195e-01   5.8723856e-01
   2.0900000e+03   6.8739465e-01   6.3530962e-01   5.8716749e-01
   2.0900833e+03   6.8742482e-01   6.3528306e-01   5.8709262e-01
   2.0901667e+03   6.8745243e-01   6.3525417e-01   5.8701565e-01
   2.0902500e+03   6.8748554e-01   6.3523017e-01   5.8694301e-01
   2.0903333e+03   6.8751553e-01   6.3520333e-01   5.8686781e-01
   2.0904167e+03   6.8751400e-01   6.3514832e-01   5.8676747e-01
   2.0905000e+03   6.8747362e-01   6.3505860e-01   5.8663616e-01
   2.0905833e+03   6.8736264e-01   6.3490584e-01   5.8644864e-01
   2.0906667e+03   6.8720674e-01   6.3471298e-01   5.8622537e-01
   2.0907500e+03   6.8706240e-01   6.3453042e-01   5.8601128e-01
   2.0908333e+03   6.8700740e-01   6.3442758e-01   5.8586823e-01
   2.0909167e+03   6.8702752e-01   6.3439173e-01   5.8578485e-01
   2.0910000e+03   6.8706236e-01   6.3436896e-01   5.8571311e-01
   2.0910833e+03   6.8709262e-01   6.3434208e-01   5.8563767e-01
   2.0911667e+03   6.8712035e-01   6.3431289e-01   5.8556014e-01
   2.0912500e+03   6.8715351e-01   6.3428852e-01   5.8548688e-01
   2.0913333e+03   6.8718337e-01   6.3426115e-01   5.8541092e-01
   2.0914167e+03   6.8718154e-01   6.3420550e-01   5.8530975e-01
   2.0915000e+03   6.8714074e-01   6.3411507e-01   5.8517759e-01
   2.0915833e+03   6.8702919e-01   6.3396156e-01   5.8498925e-01
   2.0916667e+03   6.8687265e-01   6.3376793e-01   5.8476520e-01
   2.0917500e+03   6.8672769e-01   6.3358461e-01   5.8455032e-01
   2.0918333e+03   6.8667223e-01   6.3348103e-01   5.8440640e-01
   2.0919167e+03   6.8669215e-01   6.3344459e-01   5.8432221e-01
   2.0920000e+03   6.8672696e-01   6.3342137e-01   5.8424976e-01
   2.0920833e+03   6.8675731e-01   6.3339414e-01   5.8417370e-01
   2.0921667e+03   6.8678516e-01   6.3336464e-01   5.8409560e-01
   2.0922500e+03   6.8681837e-01   6.3333988e-01   5.8402168e-01
   2.0923333e+03   6.8684810e-01   6.3331197e-01   5.8394493e-01
   2.0924167e+03   6.8684597e-01   6.3325565e-01   5.8384289e-01
   2.0925000e+03   6.8680474e-01   6.3316450e-01   5.8370985e-01
   2.0925833e+03   6.8669262e-01   6.3301021e-01   5.8352066e-01
   2.0926667e+03   6.8653545e-01   6.3281580e-01   5.8329579e-01
   2.0927500e+03   6.8638987e-01   6.3263169e-01   5.8308009e-01
   2.0928333e+03   6.8633395e-01   6.3252737e-01   5.8293529e-01
   2.0929167e+03   6.8635367e-01   6.3249032e-01   5.8285025e-01
   2.0930000e+03   6.8638844e-01   6.3246662e-01   5.8277704e-01
   2.0930833e+03   6.8641889e-01   6.3243903e-01   5.8270034e-01
   2.0931667e+03   6.8644685e-01   6.3240918e-01   5.8262161e-01
   2.0932500e+03   6.8648011e-01   6.3238401e-01   5.8254700e-01
   2.0933333e+03   6.8650971e-01   6.3235554e-01   5.8246943e-01
   2.0934167e+03   6.8650727e-01   6.3229854e-01   5.8236649e-01
   2.0935000e+03   6.8646562e-01   6.3220664e-01   5.8223253e-01
   2.0935833e+03   6.8635293e-01   6.3205156e-01   5.8204247e-01
   2.0936667e+03   6.8619512e-01   6.3185635e-01   5.8181677e-01
   2.0937500e+03   6.8604892e-01   6.3167145e-01   5.8160022e-01
   2.0938333e+03   6.8599255e-01   6.3156637e-01   5.8145450e-01
   2.0939167e+03   6.8601206e-01   6.3152868e-01   5.8136857e-01
   2.0940000e+03   6.8604680e-01   6.3150449e-01   5.8129458e-01
   2.0940833e+03   6.8607733e-01   6.3147651e-01   5.8121720e-01
   2.0941667e+03   6.8610541e-01   6.3144630e-01   5.8113781e-01
   2.0942500e+03   6.8613871e-01   6.3142069e-01   5.8106247e-01
   2.0943333e+03   6.8616819e-01   6.3139164e-01   5.8098404e-01
   2.0944167e+03   6.8616544e-01   6.3133393e-01   5.8088016e-01
   2.0945000e+03   6.8612336e-01   6.3124127e-01   5.8074526e-01
   2.0945833e+03   6.8601011e-01   6.3108539e-01   5.8055429e-01
   2.0946667e+03   6.8585167e-01   6.3088936e-01   5.8032774e-01
   2.0947500e+03   6.8570484e-01   6.3070365e-01   5.8011031e-01
   2.0948333e+03   6.8564802e-01   6.3059779e-01   5.7996364e-01
   2.0949167e+03   6.8566732e-01   6.3055945e-01   5.7987680e-01
   2.0950000e+03   6.8570203e-01   6.3053474e-01   5.7980199e-01
   2.0950833e+03   6.8573264e-01   6.3050635e-01   5.7972389e-01
   2.0951667e+03   6.8576083e-01   6.3047575e-01   5.7964380e-01
   2.0952500e+03   6.8579418e-01   6.3044970e-01   5.7956770e-01
   2.0953333e+03   6.8582352e-01   6.3042004e-01   5.7948837e-01
   2.0954167e+03   6.8582046e-01   6.3036160e-01   5.7938353e-01
   2.0955000e+03   6.8577797e-01   6.3026816e-01   5.7924766e-01
   2.0955833e+03   6.8566415e-01   6.3011146e-01   5.7905576e-01
   2.0956667e+03   4.1130304e-01   3.7794877e-01   3.4729699e-01
   2.0957500e+03   4.1121457e-01   3.7783684e-01   3.4716599e-01
   2.0958333e+03   4.1118020e-01   3.7777284e-01   3.4707741e-01
   2.0959167e+03   4.1119166e-01   3.7774944e-01   3.4702473e-01
   2.0960000e+03   4.1121246e-01   3.7773428e-01   3.4697933e-01
   2.0960833e+03   4.1123088e-01   3.7771699e-01   3.4693202e-01
   2.0961667e+03   4.1124786e-01   3.7769839e-01   3.4688353e-01
   2.0962500e+03   4.1126789e-01   3.7768248e-01   3.4683739e-01
   2.0963333e+03   4.1128542e-01   3.7766430e-01   3.4678923e-01
   2.0964167e+03   4.1128340e-01   3.7762880e-01   3.4672573e-01
   2.0965000e+03   4.1125765e-01   3.7757225e-01   3.4664361e-01
   2.0965833e+03   4.1118901e-01   3.7747773e-01   3.4652789e-01
   2.0966667e+03   4.1109318e-01   3.7735911e-01   3.4639088e-01
   2.0967500e+03   4.1100435e-01   3.7724668e-01   3.4625933e-01
   2.0968333e+03   4.1096970e-01   3.7718220e-01   3.4617014e-01
   2.0969167e+03   4.1098103e-01   3.7715838e-01   3.4611687e-01
   2.0970000e+03   4.1100181e-01   3.7714289e-01   3.4607094e-01
   2.0970833e+03   4.1102028e-01   3.7712532e-01   3.4602315e-01
   2.0971667e+03   4.1103733e-01   3.7710647e-01   3.4597421e-01
   2.0972500e+03   4.1105739e-01   3.7709025e-01   3.4592757e-01
   2.0973333e+03   4.1107483e-01   3.7707170e-01   3.4587883e-01
   2.0974167e+03   4.1107262e-01   3.7703573e-01   3.4581471e-01
   2.0975000e+03   4.1104661e-01   3.7697870e-01   3.4573197e-01
   2.0975833e+03   4.1097764e-01   3.7688366e-01   3.4561567e-01
   2.0976667e+03   4.1088143e-01   3.7676453e-01   3.4547809e-01
   2.0977500e+03   4.1079222e-01   3.7665159e-01   3.4534597e-01
   2.0978333e+03   4.1075729e-01   3.7658660e-01   3.4525616e-01
   2.0979167e+03   4.1076850e-01   3.7656236e-01   3.4520228e-01
   2.0980000e+03   4.1078926e-01   3.7654652e-01   3.4515580e-01
   2.0980833e+03   4.1080778e-01   3.7652867e-01   3.4510752e-01
   2.0981667e+03   4.1082489e-01   3.7650955e-01   3.4505809e-01
   2.0982500e+03   4.1084497e-01   3.7649302e-01   3.4501093e-01
   2.0983333e+03   4.1086234e-01   3.7647406e-01   3.4496160e-01
   2.0984167e+03   4.1085994e-01   3.7643763e-01   3.4489684e-01
   2.0985000e+03   4.1083368e-01   3.7638010e-01   3.4481346e-01
   2.0985833e+03   4.1076436e-01   3.7628454e-01   3.4469656e-01
   2.0986667e+03   4.1066777e-01   3.7616489e-01   3.4455841e-01
   2.0987500e+03   4.1057819e-01   3.7605143e-01   3.4442570e-01
   2.0988333e+03   4.1054299e-01   3.7598593e-01   3.4433526e-01
   2.0989167e+03   4.1055407e-01   3.7596124e-01   3.4428075e-01
   2.0990000e+03   4.1057480e-01   3.7594504e-01   3.4423369e-01
   2.0990833e+03   4.1059337e-01   3.7592690e-01   3.4418490e-01
   2.0991667e+03   4.1061054e-01   3.7590750e-01   3.4413497e-01
   2.0992500e+03   4.1063065e-01   3.7589065e-01   3.4408727e-01
   2.0993333e+03   4.1064793e-01   3.7587128e-01   3.4403732e-01
   2.0994167e+03   4.1064535e-01   3.7583436e-01   3.4397191e-01
   2.0995000e+03   4.1061883e-01   3.7577632e-01   3.4388788e-01
   2.0995833e+03   4.1054917e-01   3.7568023e-01   3.4377035e-01
   2.0996667e+03   4.1045220e-01   3.7556006e-01   3.4363162e-01
   2.0997500e+03   4.1036224e-01   3.7544606e-01   3.4349831e-01
   2.0998333e+03   4.1032677e-01   3.7538004e-01   3.4340721e-01
   2.0999167e+03   4.1033772e-01   3.7535491e-01   3.4335206e-01
   2.1000000e+03   4.1035843e-01   3.7533833e-01   3.4330441e-01
   2.1000833e+03   4.1037704e-01   3.7531988e-01   3.4325508e-01
   2.1001667e+03   4.1039428e-01   3.7530019e-01   3.4320463e-01
   2.1002500e+03   4.1041441e-01   3.7528300e-01   3.4315637e-01
   2.1003333e+03   4.1043161e-01   3.7526321e-01   3.4310579e-01
   2.1004167e+03   4.1042884e-01   3.7522580e-01   3.4303971e-01
   2.1005000e+03   4.1040206e-01   3.7516724e-01   3.4295500e-01
   2.1005833e+03   4.1033207e-01   3.7507061e-01   3.4283684e-01
   2.1006667e+03   4.1023471e-01   3.7494990e-01   3.4269751e-01
   2.1007500e+03   4.1014438e-01   3.7483536e-01   3.4256359e-01
   2.1008333e+03   4.1010863e-01   3.7476882e-01   3.4247182e-01
   2.1009167e+03   4.1011945e-01   3.7474322e-01   3.4241600e-01
