   2.0000000e+03   1.0000000e+00   1.0000000e+00   1.0000000e+00
   2.0000833e+03   1.0000000e+00   1.0000000e+00   1.0000000e+00
   2.0001667e+03   1.0000000e+00   1.0000000e+00   1.0000000e+00
   2.0002500e+03   1.0000000e+00   1.0000000e+00   1.0000000e+00
   2.0003333e+03   1.0000000e+00   1.0000000e+00   1.0000000e+00
   2.0004167e+03   1.0000000e+00   1.0000000e+00   1.0000000e+00
   2.0005000e+03   1.0000000e+00   1.0000000e+00   1.0000000e+00
   2.0005833e+03   1.0000000e+00   1.0000000e+00   1.0000000e+00
   2.0006667e+03   1.0000000e+00   1.0000000e+00   1.0000000e+00
   2.0007500e+03   1.0000000e+00   1.0000000e+00   1.0000000e+00
   2.0008333e+03   1.0000000e+00   1.0000000e+00   1.0000000e+00
   2.0009167e+03   1.0000000e+00   1.0000000e+00   1.0000000e+00
   2.0010000e+03   9.9935991e-01   9.9935950e-01   9.9935908e-01
   2.0010833e+03   9.9855511e-01   9.9855393e-01   9.9855275e-01
   2.0011667e+03   9.9785135e-01   9.9784896e-01   9.9784657e-01
   2.0012500e+03   9.9757558e-01   9.9757118e-01   9.9756679e-01
   2.0013333e+03   9.9783160e-01   9.9782410e-01   9.9781661e-01
   2.0014167e+03   9.9830927e-01   9.9829775e-01   9.9828624e-01
   2.0015000e+03   9.9874586e-01   9.9872970e-01   9.9871355e-01
   2.0015833e+03   6.9940181e-01   6.9938684e-01   6.9937187e-01
   2.0016667e+03   6.9970713e-01   6.9968799e-01   6.9966884e-01
   2.0017500e+03   7.0003876e-01   7.0001491e-01   6.9999106e-01
   2.0018333e+03   7.0020031e-01   7.0017171e-01   7.0014310e-01
   2.0019167e+03   7.0003098e-01   6.9999809e-01   6.9996521e-01
   2.0020000e+03   6.9958902e-01   6.9955232e-01   6.9951562e-01
   2.0020833e+03   6.9903189e-01   6.9899145e-01   6.9895101e-01
   2.0021667e+03   6.9854541e-01   6.9850072e-01   6.9845603e-01
   2.0022500e+03   6.9835788e-01   6.9830757e-01   6.9825726e-01
   2.0023333e+03   6.9854059e-01   6.9848286e-01   6.9842512e-01
   2.0024167e+03   6.9887544e-01   6.9880921e-01   6.9874298e-01
   2.0025000e+03   6.9917921e-01   6.9910413e-01   6.9902906e-01
   2.0025833e+03   6.9945638e-01   6.9937211e-01   6.9928785e-01
   2.0026667e+03   6.9975984e-01   6.9966579e-01   6.9957174e-01
   2.0027500e+03   7.0009221e-01   6.9998774e-01   6.9988330e-01
   2.0028333e+03   7.0025743e-01   7.0014297e-01   7.0002853e-01
   2.0029167e+03   7.0009355e-01   6.9997049e-01   6.9984746e-01
   2.0030000e+03   6.9965767e-01   6.9952725e-01   6.9939686e-01
   2.0030833e+03   6.9910674e-01   6.9896937e-01   6.9883202e-01
   2.0031667e+03   6.9862637e-01   6.9848134e-01   6.9833634e-01
   2.0032500e+03   6.9844434e-01   6.9828942e-01   6.9813454e-01
   2.0033333e+03   6.9863052e-01   6.9846287e-01   6.9829525e-01
   2.0034167e+03   6.9896582e-01   6.9878392e-01   6.9860208e-01
   2.0035000e+03   6.9926769e-01   6.9907132e-01   6.9887500e-01
   2.0035833e+03   6.9954228e-01   6.9933115e-01   6.9912008e-01
   2.0036667e+03   6.9984384e-01   6.9961727e-01   6.9939077e-01
   2.0037500e+03   7.0017691e-01   6.9993417e-01   6.9969151e-01
   2.0038333e+03   7.0034577e-01   7.0008773e-01   6.9982978e-01
   2.0039167e+03   7.0018732e-01   6.9991632e-01   6.9964543e-01
   2.0040000e+03   6.9975749e-01   6.9947557e-01   6.9919376e-01
   2.0040833e+03   6.9921273e-01   6.9892064e-01   6.9862866e-01
   2.0041667e+03   6.9873845e-01   6.9843528e-01   6.9813223e-01
   2.0042500e+03   6.9856189e-01   6.9824453e-01   6.9792730e-01
   2.0043333e+03   6.9875152e-01   6.9841604e-01   6.9808071e-01
   2.0044167e+03   6.9908723e-01   6.9873171e-01   6.9837636e-01
   2.0045000e+03   6.9938717e-01   6.9901149e-01   6.9863600e-01
   2.0045833e+03   6.9965913e-01   6.9926309e-01   6.9886727e-01
   2.0046667e+03   6.9995873e-01   6.9954156e-01   6.9912463e-01
   2.0047500e+03   7.0029248e-01   6.9985331e-01   6.9941441e-01
   2.0048333e+03   7.0046496e-01   7.0000513e-01   6.9954559e-01
   2.0049167e+03   7.0031191e-01   6.9983473e-01   6.9935786e-01
   2.0050000e+03   6.9988811e-01   6.9939642e-01   6.9890506e-01
   2.0050833e+03   6.9934949e-01   6.9884439e-01   6.9833965e-01
   2.0051667e+03   6.9888128e-01   6.9836166e-01   6.9784242e-01
   2.0052500e+03   6.9871016e-01   6.9817201e-01   6.9763427e-01
   2.0053333e+03   6.9890322e-01   6.9834151e-01   6.9778024e-01
   2.0054167e+03   6.9923930e-01   6.9865170e-01   6.9806457e-01
   2.0055000e+03   6.9953727e-01   6.9892378e-01   6.9831081e-01
   2.0055833e+03   6.9980655e-01   6.9916707e-01   6.9852816e-01
   2.0056667e+03   7.0010415e-01   6.9943781e-01   6.9877208e-01
   2.0057500e+03   7.0043853e-01   6.9974431e-01   6.9905076e-01
   2.0058333e+03   7.0061461e-01   6.9989430e-01   6.9917470e-01
   2.0059167e+03   7.0046694e-01   6.9972484e-01   6.9898350e-01
   2.0060000e+03   7.0004914e-01   6.9928892e-01   6.9852951e-01
   2.0060833e+03   6.9951663e-01   6.9873977e-01   6.9796376e-01
   2.0061667e+03   6.9905446e-01   6.9825962e-01   6.9746567e-01
   2.0062500e+03   6.9888877e-01   6.9807102e-01   6.9725420e-01
   2.0063333e+03   6.9908522e-01   6.9823840e-01   6.9739259e-01
   2.0064167e+03   6.9942165e-01   6.9854302e-01   6.9766548e-01
   2.0065000e+03   6.9971760e-01   6.9880732e-01   6.9789820e-01
   2.0065833e+03   6.9998414e-01   6.9904222e-01   6.9810153e-01
   2.0066667e+03   7.0027970e-01   6.9930514e-01   6.9833191e-01
   2.0067500e+03   7.0061469e-01   6.9960631e-01   6.9859935e-01
   2.0068333e+03   7.0079435e-01   6.9975438e-01   6.9871592e-01
   2.0069167e+03   7.0065204e-01   6.9958579e-01   6.9852114e-01
   2.0070000e+03   7.0024020e-01   6.9915223e-01   6.9806591e-01
   2.0070833e+03   6.9971379e-01   6.9860592e-01   6.9749978e-01
   2.0071667e+03   6.9925763e-01   6.9812831e-01   6.9700078e-01
   2.0072500e+03   6.9909734e-01   6.9794068e-01   6.9678590e-01
   2.0073333e+03   6.9929717e-01   6.9810587e-01   6.9691657e-01
   2.0074167e+03   6.9963390e-01   6.9840483e-01   6.9717788e-01
   2.0075000e+03   6.9992778e-01   6.9866126e-01   6.9739699e-01
   2.0075833e+03   7.0019155e-01   6.9888768e-01   6.9758620e-01
   2.0076667e+03   7.0048502e-01   6.9914271e-01   6.9780293e-01
   2.0077500e+03   7.0082058e-01   6.9943845e-01   6.9805901e-01
   2.0078333e+03   7.0100378e-01   6.9958452e-01   6.9816807e-01
   2.0079167e+03   7.0086681e-01   6.9941674e-01   6.9796962e-01
   2.0080000e+03   7.0046092e-01   6.9898548e-01   6.9751310e-01
   2.0080833e+03   6.9994057e-01   6.9844197e-01   6.9694654e-01
   2.0081667e+03   6.9949040e-01   6.9796686e-01   6.9644659e-01
   2.0082500e+03   6.9933549e-01   6.9778014e-01   6.9622820e-01
   2.0083333e+03   6.9953867e-01   6.9794306e-01   6.9635103e-01
   2.0084167e+03   6.9987568e-01   6.9823626e-01   6.9660062e-01
   2.0085000e+03   7.0016744e-01   6.9848474e-01   6.9680602e-01
   2.0085833e+03   7.0042838e-01   6.9870261e-01   6.9698103e-01
   2.0086667e+03   7.0071972e-01   6.9894966e-01   6.9718401e-01
   2.0087500e+03   7.0105582e-01   6.9923989e-01   6.9742860e-01
   2.0088333e+03   7.0124255e-01   6.9938386e-01   6.9753003e-01
   2.0089167e+03   7.0111088e-01   6.9921683e-01   6.9732782e-01
   2.0090000e+03   7.0071092e-01   6.9878783e-01   6.9686994e-01
   2.0090833e+03   7.0019661e-01   6.9824709e-01   6.9630292e-01
   2.0091667e+03   6.9975241e-01   6.9777443e-01   6.9580196e-01
   2.0092500e+03   6.9960285e-01   6.9758855e-01   6.9557998e-01
   2.0093333e+03   6.9980936e-01   6.9774910e-01   6.9569483e-01
   2.0094167e+03   7.0014661e-01   6.9803647e-01   6.9593260e-01
   2.0095000e+03   7.0043621e-01   6.9827692e-01   6.9612419e-01
   2.0095833e+03   7.0069426e-01   6.9848616e-01   6.9628492e-01
   2.0096667e+03   7.0098342e-01   6.9872515e-01   6.9647407e-01
   2.0097500e+03   7.0132002e-01   6.9900977e-01   6.9670704e-01
   2.0098333e+03   7.0151025e-01   6.9915157e-01   6.9680071e-01
   2.0099167e+03   7.0138388e-01   6.9898521e-01   6.9659464e-01
   2.0100000e+03   7.0098982e-01   6.9855842e-01   6.9613535e-01
   2.0100833e+03   7.0048153e-01   6.9802041e-01   6.9556783e-01
   2.0101667e+03   7.0004327e-01   6.9755016e-01   6.9506583e-01
   2.0102500e+03   6.9989904e-01   6.9736507e-01   6.9484016e-01
   2.0103333e+03   7.0010886e-01   6.9752317e-01   6.9494691e-01
   2.0104167e+03   7.0044631e-01   6.9780460e-01   6.9517273e-01
   2.0105000e+03   7.0073370e-01   6.9803694e-01   6.9535044e-01
   2.0105833e+03   7.0098882e-01   6.9823748e-01   6.9549681e-01
   2.0106667e+03   7.0127574e-01   6.9846833e-01   6.9567203e-01
   2.0107500e+03   7.0161282e-01   6.9874726e-01   6.9589327e-01
   2.0108333e+03   7.0180653e-01   6.9888679e-01   6.9597907e-01
   2.0109167e+03   7.0168543e-01   6.9872105e-01   6.9576905e-01
   2.0110000e+03   7.0129725e-01   6.9829643e-01   6.9530830e-01
   2.0110833e+03   7.0079494e-01   6.9776110e-01   6.9474025e-01
   2.0111667e+03   7.0036261e-01   6.9729323e-01   6.9423715e-01
   2.0112500e+03   7.0022370e-01   6.9710885e-01   6.9400771e-01
   2.0113333e+03   7.0043679e-01   6.9726441e-01   6.9410624e-01
   2.0114167e+03   7.0077442e-01   6.9753983e-01   6.9432000e-01
   2.0115000e+03   7.0105955e-01   6.9776398e-01   6.9448374e-01
   2.0115833e+03   4.2078701e-01   4.1877344e-01   4.1676941e-01
   2.0116667e+03   4.2095779e-01   4.1890703e-01   4.1686615e-01
   2.0117500e+03   4.2116030e-01   4.1907091e-01   4.1699178e-01
   2.0118333e+03   4.2127860e-01   4.1915322e-01   4.1703846e-01
   2.0119167e+03   4.2120909e-01   4.1905410e-01   4.1691003e-01
   2.0120000e+03   4.2097970e-01   4.1880060e-01   4.1663267e-01
   2.0120833e+03   4.2068190e-01   4.1848100e-01   4.1629150e-01
   2.0121667e+03   4.2042603e-01   4.1820167e-01   4.1598896e-01
   2.0122500e+03   4.2034586e-01   4.1809144e-01   4.1584898e-01
   2.0123333e+03   4.2047567e-01   4.1818320e-01   4.1590309e-01
   2.0124167e+03   4.2067833e-01   4.1834478e-01   4.1602405e-01
   2.0125000e+03   4.2084802e-01   4.1847432e-01   4.1611387e-01
   2.0125833e+03   4.2099747e-01   4.1858406e-01   4.1618435e-01
   2.0126667e+03   4.2116686e-01   4.1871267e-01   4.1627264e-01
   2.0127500e+03   4.2136961e-01   4.1887303e-01   4.1639110e-01
   2.0128333e+03   4.2148996e-01   4.1895388e-01   4.1643291e-01
   2.0129167e+03   4.2142359e-01   4.1885505e-01   4.1630201e-01
   2.0130000e+03   4.2119771e-01   4.1860279e-01   4.1602371e-01
   2.0130833e+03   4.2090348e-01   4.1828476e-01   4.1568219e-01
   2.0131667e+03   4.2065114e-01   4.1800680e-01   4.1537893e-01
   2.0132500e+03   4.2057414e-01   4.1789692e-01   4.1523659e-01
   2.0133333e+03   4.2070589e-01   4.1798705e-01   4.1528563e-01
   2.0134167e+03   4.2090860e-01   4.1814492e-01   4.1539923e-01
   2.0135000e+03   4.2107688e-01   4.1826945e-01   4.1548058e-01
   2.0135833e+03   4.2122447e-01   4.1837385e-01   4.1554234e-01
   2.0136667e+03   4.2139243e-01   4.1849743e-01   4.1562215e-01
   2.0137500e+03   4.2159539e-01   4.1865422e-01   4.1573338e-01
   2.0138333e+03   4.2171780e-01   4.1873356e-01   4.1577026e-01
   2.0139167e+03   4.2165455e-01   4.1863497e-01   4.1563683e-01
   2.0140000e+03   4.2143216e-01   4.1838393e-01   4.1535757e-01
   2.0140833e+03   4.2114148e-01   4.1806745e-01   4.1501566e-01
   2.0141667e+03   4.2089266e-01   4.1779084e-01   4.1471168e-01
   2.0142500e+03   4.2081881e-01   4.1768127e-01   4.1456693e-01
   2.0143333e+03   4.2095249e-01   4.1776973e-01   4.1461082e-01
   2.0144167e+03   4.2115524e-01   4.1792383e-01   4.1471701e-01
   2.0145000e+03   4.2132207e-01   4.1804331e-01   4.1478985e-01
   2.0145833e+03   4.2146777e-01   4.1814231e-01   4.1484287e-01
   2.0146667e+03   4.2163427e-01   4.1826083e-01   4.1491416e-01
   2.0147500e+03   4.2183743e-01   4.1841399e-01   4.1501811e-01
   2.0148333e+03   4.2196186e-01   4.1849177e-01   4.1504998e-01
   2.0149167e+03   4.2190174e-01   4.1839339e-01   4.1491398e-01
   2.0150000e+03   4.2168282e-01   4.1814354e-01   4.1463373e-01
   2.0150833e+03   4.2139569e-01   4.1782858e-01   4.1429143e-01
   2.0151667e+03   4.2115038e-01   4.1755329e-01   4.1398668e-01
   2.0152500e+03   4.2107967e-01   4.1744400e-01   4.1383947e-01
   2.0153333e+03   4.2121526e-01   4.1753072e-01   4.1387816e-01
   2.0154167e+03   4.2141802e-01   4.1768101e-01   4.1397688e-01
   2.0155000e+03   4.2158337e-01   4.1779540e-01   4.1404119e-01
   2.0155833e+03   4.2172715e-01   4.1788896e-01   4.1408544e-01
   2.0156667e+03   4.2189215e-01   4.1800238e-01   4.1414818e-01
   2.0157500e+03   4.2209549e-01   4.1815186e-01   4.1424479e-01
   2.0158333e+03   4.2222194e-01   4.1822803e-01   4.1427160e-01
   2.0159167e+03   4.2216492e-01   4.1812982e-01   4.1413299e-01
   2.0160000e+03   4.2194947e-01   4.1788113e-01   4.1385171e-01
   2.0160833e+03   4.2166588e-01   4.1756767e-01   4.1350899e-01
   2.0161667e+03   4.2142406e-01   4.1729367e-01   4.1320347e-01
   2.0162500e+03   4.2135648e-01   4.1718462e-01   4.1305375e-01
   2.0163333e+03   4.2149397e-01   4.1726956e-01   4.1308718e-01
   2.0164167e+03   4.2169672e-01   4.1741598e-01   4.1317838e-01
   2.0165000e+03   4.2186056e-01   4.1752523e-01   4.1323413e-01
   2.0165833e+03   4.2200238e-01   4.1761332e-01   4.1326959e-01
   2.0166667e+03   4.2216586e-01   4.1772159e-01   4.1332376e-01
   2.0167500e+03   4.2236936e-01   4.1786735e-01   4.1341298e-01
   2.0168333e+03   4.2249781e-01   4.1794185e-01   4.1343467e-01
   2.0169167e+03   4.2244388e-01   4.1784377e-01   4.1329339e-01
   2.0170000e+03   4.2223189e-01   4.1759621e-01   4.1301107e-01
   2.0170833e+03   4.2195182e-01   4.1728424e-01   4.1266792e-01
   2.0171667e+03   4.2171348e-01   4.1701151e-01   4.1236159e-01
   2.0172500e+03   4.2164903e-01   4.1690265e-01   4.1220933e-01
   2.0173333e+03   4.2178839e-01   4.1698576e-01   4.1223743e-01
   2.0174167e+03   4.2199111e-01   4.1712826e-01   4.1232107e-01
   2.0175000e+03   4.2215341e-01   4.1723234e-01   4.1236824e-01
   2.0175833e+03   4.2229323e-01   4.1731492e-01   4.1239489e-01
   2.0176667e+03   4.2245517e-01   4.1741799e-01   4.1244047e-01
   2.0177500e+03   4.2265879e-01   4.1755998e-01   4.1252226e-01
   2.0178333e+03   4.2278923e-01   4.1763276e-01   4.1253876e-01
   2.0179167e+03   4.2273838e-01   4.1753477e-01   4.1239478e-01
   2.0180000e+03   4.2252984e-01   4.1728832e-01   4.1211138e-01
   2.0180833e+03   4.2225329e-01   4.1697780e-01   4.1176779e-01
   2.0181667e+03   4.2201842e-01   4.1670632e-01   4.1146064e-01
   2.0182500e+03   4.2195708e-01   4.1659762e-01   4.1130579e-01
   2.0183333e+03   4.2209831e-01   4.1667885e-01   4.1132851e-01
   2.0184167e+03   4.2230097e-01   4.1681738e-01   4.1140454e-01
   2.0185000e+03   4.2246170e-01   4.1691625e-01   4.1144312e-01
   2.0185833e+03   4.2259949e-01   4.1699328e-01   4.1146095e-01
   2.0186667e+03   4.2275984e-01   4.1709112e-01   4.1149793e-01
   2.0187500e+03   4.2296357e-01   4.1722928e-01   4.1157223e-01
   2.0188333e+03   4.2309599e-01   4.1730030e-01   4.1158351e-01
   2.0189167e+03   4.2304821e-01   4.1720236e-01   4.1143677e-01
   2.0190000e+03   4.2284311e-01   4.1695698e-01   4.1115228e-01
   2.0190833e+03   4.2257006e-01   4.1664790e-01   4.1080823e-01
   2.0191667e+03   4.2233865e-01   4.1637763e-01   4.1050023e-01
   2.0192500e+03   4.2228041e-01   4.1626906e-01   4.1034275e-01
   2.0193333e+03   4.2242350e-01   4.1634835e-01   4.1036004e-01
   2.0194167e+03   4.2262608e-01   4.1648288e-01   4.1042843e-01
   2.0195000e+03   4.2278520e-01   4.1657649e-01   4.1045839e-01
   2.0195833e+03   4.2292093e-01   4.1664793e-01   4.1046741e-01
   2.0196667e+03   4.2307965e-01   4.1674050e-01   4.1049576e-01
   2.0197500e+03   4.2328347e-01   4.1687479e-01   4.1056255e-01
   2.0198333e+03   4.2341784e-01   4.1694400e-01   4.1056854e-01
   2.0199167e+03   4.2337313e-01   4.1684607e-01   4.1041902e-01
   2.0200000e+03   4.2317146e-01   4.1660174e-01   4.1013341e-01
   2.0200833e+03   4.2290190e-01   4.1629407e-01   4.0978888e-01
   2.0201667e+03   4.2267395e-01   4.1602500e-01   4.0948002e-01
   2.0202500e+03   4.2261880e-01   4.1591650e-01   4.0931988e-01
   2.0203333e+03   4.2276373e-01   4.1599382e-01   4.0933168e-01
   2.0204167e+03   4.2296620e-01   4.1612428e-01   4.0939239e-01
   2.0205000e+03   4.2312368e-01   4.1621259e-01   4.0941374e-01
   2.0205833e+03   2.1162865e-01   2.0813921e-01   2.0470697e-01
   2.0206667e+03   2.1170719e-01   2.0818284e-01   2.0471683e-01
   2.0207500e+03   2.1180913e-01   2.0824802e-01   2.0474645e-01
   2.0208333e+03   2.1187729e-01   2.0828170e-01   2.0474678e-01
   2.0209167e+03   2.1185646e-01   2.0823272e-01   2.0467061e-01
   2.0210000e+03   2.1175733e-01   2.0811107e-01   2.0452723e-01
   2.0210833e+03   2.1162430e-01   2.0795793e-01   2.0435472e-01
   2.0211667e+03   2.1151204e-01   2.0782397e-01   2.0419985e-01
   2.0212500e+03   2.1148601e-01   2.0776975e-01   2.0411843e-01
   2.0213333e+03   2.1155938e-01   2.0780739e-01   2.0412157e-01
   2.0214167e+03   2.1166055e-01   2.0787057e-01   2.0414807e-01
   2.0215000e+03   2.1173846e-01   2.0791206e-01   2.0415443e-01
   2.0215833e+03   2.1180420e-01   2.0794215e-01   2.0415013e-01
   2.0216667e+03   2.1188189e-01   2.0798311e-01   2.0415567e-01
   2.0217500e+03   2.1198385e-01   2.0804631e-01   2.0418150e-01
   2.0218333e+03   2.1205298e-01   2.0807903e-01   2.0417914e-01
   2.0219167e+03   2.1203367e-01   2.0803001e-01   2.0410154e-01
   2.0220000e+03   2.1193625e-01   2.0790885e-01   2.0395758e-01
   2.0220833e+03   2.1180495e-01   2.0775640e-01   2.0378483e-01
   2.0221667e+03   2.1169442e-01   2.0762302e-01   2.0362950e-01
   2.0222500e+03   2.1166992e-01   2.0756879e-01   2.0354671e-01
   2.0223333e+03   2.1174420e-01   2.0760539e-01   2.0354706e-01
   2.0224167e+03   2.1184529e-01   2.0766650e-01   2.0356970e-01
   2.0225000e+03   2.1192234e-01   2.0770531e-01   2.0357175e-01
   2.0225833e+03   2.1198700e-01   2.0773255e-01   2.0356305e-01
   2.0226667e+03   2.1206383e-01   2.0777082e-01   2.0356428e-01
   2.0227500e+03   2.1216579e-01   2.0783202e-01   2.0358630e-01
   2.0228333e+03   2.1223588e-01   2.0786376e-01   2.0358123e-01
   2.0229167e+03   2.1221809e-01   2.0781469e-01   2.0350218e-01
   2.0230000e+03   2.1212236e-01   2.0769401e-01   2.0335764e-01
   2.0230833e+03   2.1199280e-01   2.0754223e-01   2.0318463e-01
   2.0231667e+03   2.1188398e-01   2.0740941e-01   2.0302885e-01
   2.0232500e+03   2.1186101e-01   2.0735517e-01   2.0294467e-01
   2.0233333e+03   2.1193619e-01   2.0739070e-01   2.0294221e-01
   2.0234167e+03   2.1203719e-01   2.0744971e-01   2.0296098e-01
   2.0235000e+03   2.1211337e-01   2.0748582e-01   2.0295871e-01
   2.0235833e+03   2.1217692e-01   2.0751021e-01   2.0294562e-01
   2.0236667e+03   2.1225287e-01   2.0754577e-01   2.0294254e-01
   2.0237500e+03   2.1235483e-01   2.0760493e-01   2.0296075e-01
   2.0238333e+03   2.1242587e-01   2.0763567e-01   2.0295295e-01
   2.0239167e+03   2.1240959e-01   2.0758653e-01   2.0287244e-01
   2.0240000e+03   2.1231557e-01   2.0746632e-01   2.0272729e-01
   2.0240833e+03   2.1218774e-01   2.0731521e-01   2.0255403e-01
   2.0241667e+03   2.1208062e-01   2.0718292e-01   2.0239778e-01
   2.0242500e+03   2.1205918e-01   2.0712865e-01   2.0231221e-01
   2.0243333e+03   2.1213525e-01   2.0716310e-01   2.0230692e-01
   2.0244167e+03   2.1223615e-01   2.0721998e-01   2.0232180e-01
   2.0245000e+03   2.1231144e-01   2.0725338e-01   2.0231524e-01
   2.0245833e+03   2.1237386e-01   2.0727489e-01   2.0229776e-01
   2.0246667e+03   2.1244892e-01   2.0730774e-01   2.0229038e-01
   2.0247500e+03   2.1255086e-01   2.0736485e-01   2.0230477e-01
   2.0248333e+03   2.1262285e-01   2.0739456e-01   2.0229422e-01
   2.0249167e+03   2.1260807e-01   2.0734532e-01   2.0221223e-01
   2.0250000e+03   2.1251574e-01   2.0722557e-01   2.0206648e-01
   2.0250833e+03   2.1238970e-01   2.0707517e-01   2.0189300e-01
   2.0251667e+03   2.1228442e-01   2.0694353e-01   2.0173639e-01
   2.0252500e+03   2.1226466e-01   2.0688934e-01   2.0164952e-01
   2.0253333e+03   2.1234172e-01   2.0692278e-01   2.0164149e-01
   2.0254167e+03   2.1244247e-01   2.0697749e-01   2.0165244e-01
   2.0255000e+03   2.1251664e-01   2.0700796e-01   2.0164141e-01
   2.0255833e+03   2.1257762e-01   2.0702632e-01   2.0161932e-01
   2.0256667e+03   2.1265149e-01   2.0705617e-01   2.0160741e-01
   2.0257500e+03   2.1275336e-01   2.0711116e-01   2.0161792e-01
   2.0258333e+03   2.1282658e-01   2.0714008e-01   2.0160484e-01
   2.0259167e+03   2.1281388e-01   2.0709125e-01   2.0152180e-01
   2.0260000e+03   2.1272398e-01   2.0697260e-01   2.0137602e-01
   2.0260833e+03   2.1260042e-01   2.0682351e-01   2.0120288e-01
   2.0261667e+03   2.1249759e-01   2.0669306e-01   2.0104638e-01
   2.0262500e+03   2.1247998e-01   2.0663936e-01   2.0095857e-01
   2.0263333e+03   2.1255825e-01   2.0667194e-01   2.0094791e-01
   2.0264167e+03   2.1265876e-01   2.0672437e-01   2.0095485e-01
   2.0265000e+03   2.1273159e-01   2.0675170e-01   2.0093916e-01
   2.0265833e+03   2.1279088e-01   2.0676667e-01   2.0091226e-01
   2.0266667e+03   2.1286339e-01   2.0679336e-01   2.0089567e-01
   2.0267500e+03   2.1296515e-01   2.0684618e-01   2.0090225e-01
   2.0268333e+03   2.1303964e-01   2.0687431e-01   2.0088662e-01
   2.0269167e+03   2.1302907e-01   2.0682587e-01   2.0080253e-01
   2.0270000e+03   2.1294158e-01   2.0670828e-01   2.0065667e-01
   2.0270833e+03   2.1282050e-01   2.0656049e-01   2.0048382e-01
   2.0271667e+03   2.1272011e-01   2.0643118e-01   2.0032738e-01
   2.0272500e+03   2.1270465e-01   2.0637792e-01   2.0023857e-01
   2.0273333e+03   2.1278410e-01   2.0640958e-01   2.0022522e-01
   2.0274167e+03   2.1288435e-01   2.0645969e-01   2.0022810e-01
   2.0275000e+03   2.1295579e-01   2.0648382e-01   2.0020771e-01
   2.0275833e+03   2.1301336e-01   2.0649537e-01   2.0017598e-01
   2.0276667e+03   2.1308447e-01   2.0651886e-01   2.0015470e-01
   2.0277500e+03   2.1318608e-01   2.0656944e-01   2.0015729e-01
   2.0278333e+03   2.1326184e-01   2.0659673e-01   2.0013905e-01
   2.0279167e+03   2.1325337e-01   2.0654864e-01   2.0005384e-01
   2.0280000e+03   2.1316829e-01   2.0643208e-01   1.9990785e-01
   2.0280833e+03   2.1304969e-01   2.0628553e-01   1.9973525e-01
   2.0281667e+03   2.1295174e-01   2.0615733e-01   1.9957882e-01
   2.0282500e+03   2.1293840e-01   2.0610447e-01   1.9948896e-01
   2.0283333e+03   2.1301903e-01   2.0613516e-01   1.9947285e-01
   2.0284167e+03   2.1311899e-01   2.0618290e-01   1.9947163e-01
   2.0285000e+03   2.1318901e-01   2.0620379e-01   1.9944652e-01
   2.0285833e+03   1.0662240e-01   1.0310593e-01   9.9704972e-02
   2.0286667e+03   1.0665724e-01   1.0311605e-01   9.9691968e-02
   2.0287500e+03   1.0670796e-01   1.0314020e-01   9.9691248e-02
   2.0288333e+03   1.0674646e-01   1.0315340e-01   9.9680789e-02
   2.0289167e+03   1.0674328e-01   1.0312951e-01   9.9637597e-02
   2.0290000e+03   1.0670194e-01   1.0307172e-01   9.9564514e-02
   2.0290833e+03   1.0664387e-01   1.0299906e-01   9.9478316e-02
   2.0291667e+03   1.0659611e-01   1.0293549e-01   9.9400087e-02
   2.0292500e+03   1.0659051e-01   1.0290923e-01   9.9354600e-02
   2.0293333e+03   1.0663139e-01   1.0292407e-01   9.9345141e-02
   2.0294167e+03   1.0668121e-01   1.0294672e-01   9.9342454e-02
   2.0295000e+03   1.0671549e-01   1.0295553e-01   9.9327532e-02
   2.0295833e+03   1.0674249e-01   1.0295782e-01   9.9306811e-02
   2.0296667e+03   1.0677658e-01   1.0296629e-01   9.9291435e-02
   2.0297500e+03   1.0682721e-01   1.0298927e-01   9.9288677e-02
   2.0298333e+03   1.0686633e-01   1.0300199e-01   9.9276852e-02
   2.0299167e+03   1.0686418e-01   1.0297823e-01   9.9233045e-02
   2.0300000e+03   1.0682404e-01   1.0292091e-01   9.9159850e-02
   2.0300833e+03   1.0676722e-01   1.0284885e-01   9.9073743e-02
   2.0301667e+03   1.0672069e-01   1.0278583e-01   9.8995496e-02
   2.0302500e+03   1.0671617e-01   1.0275975e-01   9.8949447e-02
   2.0303333e+03   1.0675764e-01   1.0277407e-01   9.8938570e-02
   2.0304167e+03   1.0680728e-01   1.0279547e-01   9.8933783e-02
   2.0305000e+03   1.0684076e-01   1.0280258e-01   9.8916451e-02
   2.0305833e+03   1.0686677e-01   1.0280304e-01   9.8893249e-02
   2.0306667e+03   1.0690005e-01   1.0280979e-01   9.8875452e-02
   2.0307500e+03   1.0695055e-01   1.0283157e-01   9.8870631e-02
   2.0308333e+03   1.0699032e-01   1.0284384e-01   9.8857460e-02
   2.0309167e+03   1.0698932e-01   1.0282029e-01   9.8813101e-02
   2.0310000e+03   1.0695052e-01   1.0276355e-01   9.8739886e-02
   2.0310833e+03   1.0689507e-01   1.0269220e-01   9.8653961e-02
   2.0311667e+03   1.0684989e-01   1.0262980e-01   9.8575773e-02
   2.0312500e+03   1.0684654e-01   1.0260396e-01   9.8529217e-02
   2.0313333e+03   1.0688863e-01   1.0261777e-01   9.8516939e-02
   2.0314167e+03   1.0693804e-01   1.0263790e-01   9.8510039e-02
   2.0315000e+03   1.0697066e-01   1.0264325e-01   9.8490274e-02
   2.0315833e+03   1.0699561e-01   1.0264183e-01   9.8464571e-02
   2.0316667e+03   1.0702801e-01   1.0264683e-01   9.8444341e-02
   2.0317500e+03   1.0707836e-01   1.0266738e-01   9.8437455e-02
   2.0318333e+03   1.0711879e-01   1.0267919e-01   9.8422937e-02
   2.0319167e+03   1.0711894e-01   1.0265584e-01   9.8378022e-02
   2.0320000e+03   1.0708147e-01   1.0259967e-01   9.8304778e-02
   2.0320833e+03   1.0702739e-01   1.0252901e-01   9.8219026e-02
   2.0321667e+03   1.0698356e-01   1.0246723e-01   9.8140887e-02
   2.0322500e+03   1.0698137e-01   1.0244161e-01   9.8093813e-02
   2.0323333e+03   1.0702406e-01   1.0245490e-01   9.8080127e-02
   2.0324167e+03   1.0707324e-01   1.0247374e-01   9.8071117e-02
   2.0325000e+03   1.0710496e-01   1.0247733e-01   9.8048932e-02
   2.0325833e+03   1.0712883e-01   1.0247401e-01   9.8020746e-02
   2.0326667e+03   1.0716034e-01   1.0247725e-01   9.7998098e-02
   2.0327500e+03   1.0721051e-01   1.0249656e-01   9.7989150e-02
   2.0328333e+03   1.0725158e-01   1.0250789e-01   9.7973278e-02
   2.0329167e+03   1.0725288e-01   1.0248472e-01   9.7927797e-02
   2.0330000e+03   1.0721673e-01   1.0242910e-01   9.7854513e-02
   2.0330833e+03   1.0716402e-01   1.0235913e-01   9.7768926e-02
   2.0331667e+03   1.0712154e-01   1.0229795e-01   9.7690827e-02
   2.0332500e+03   1.0712051e-01   1.0227254e-01   9.7643224e-02
   2.0333333e+03   1.0716378e-01   1.0228529e-01   9.7628124e-02
   2.0334167e+03   1.0721270e-01   1.0230281e-01   9.7617009e-02
   2.0335000e+03   1.0724351e-01   1.0230463e-01   9.7592421e-02
   2.0335833e+03   1.0726627e-01   1.0229942e-01   9.7561771e-02
   2.0336667e+03   1.0729685e-01   1.0230087e-01   9.7536722e-02
   2.0337500e+03   1.0734684e-01   1.0231893e-01   9.7525716e-02
   2.0338333e+03   1.0738854e-01   1.0232976e-01   9.7508484e-02
   2.0339167e+03   1.0739098e-01   1.0230675e-01   9.7462426e-02
   2.0340000e+03   1.0735615e-01   1.0225168e-01   9.7389094e-02
   2.0340833e+03   1.0730481e-01   1.0218238e-01   9.7303663e-02
   2.0341667e+03   1.0726366e-01   1.0212179e-01   9.7225596e-02
   2.0342500e+03   1.0726378e-01   1.0209657e-01   9.7177454e-02
   2.0343333e+03   1.0730763e-01   1.0210876e-01   9.7160934e-02
   2.0344167e+03   1.0735628e-01   1.0212496e-01   9.7147721e-02
   2.0345000e+03   1.0738615e-01   1.0212499e-01   9.7120747e-02
   2.0345833e+03   5.3703879e-02   5.1058934e-02   4.8543827e-02
   2.0346667e+03   5.3718699e-02   5.1058765e-02   4.8530111e-02
   2.0347500e+03   5.3743588e-02   5.1067160e-02   4.8523583e-02
   2.0348333e+03   5.3764750e-02   5.1072320e-02   4.8514283e-02
   2.0349167e+03   5.3766532e-02   5.1060891e-02   4.8490961e-02
   2.0350000e+03   5.3749779e-02   5.1033616e-02   4.8454267e-02
   2.0350833e+03   5.3724787e-02   5.0999296e-02   4.8411626e-02
   2.0351667e+03   5.3704880e-02   5.0969294e-02   4.8372604e-02
   2.0352500e+03   5.3705515e-02   5.0956769e-02   4.8348259e-02
   2.0353333e+03   5.3727722e-02   5.0962576e-02   4.8339287e-02
   2.0354167e+03   5.3751895e-02   5.0970007e-02   4.8331636e-02
   2.0355000e+03   5.3766347e-02   5.0969124e-02   4.8316965e-02
   2.0355833e+03   5.3776569e-02   5.0964604e-02   4.8299209e-02
   2.0356667e+03   5.3790902e-02   5.0963535e-02   4.8284311e-02
   2.0357500e+03   5.3815677e-02   5.0971287e-02   4.8276761e-02
   2.0358333e+03   5.3837143e-02   5.0976182e-02   4.8266776e-02
   2.0359167e+03   5.3839487e-02   5.0964819e-02   4.8243158e-02
   2.0360000e+03   5.3823391e-02   5.0937801e-02   4.8206430e-02
   2.0360833e+03   5.3799079e-02   5.0903806e-02   4.8163860e-02
   2.0361667e+03   5.3779838e-02   5.0874087e-02   4.8124846e-02
   2.0362500e+03   5.3781042e-02   5.0861641e-02   4.8100223e-02
   2.0363333e+03   5.3803525e-02   5.0867152e-02   4.8090538e-02
   2.0364167e+03   5.3827538e-02   5.0873906e-02   4.8081846e-02
   2.0365000e+03   5.3841494e-02   5.0872120e-02   4.8066003e-02
   2.0365833e+03   5.3851118e-02   5.0866637e-02   4.8047049e-02
   2.0366667e+03   5.3864951e-02   5.0864663e-02   4.8030980e-02
   2.0367500e+03   5.3889602e-02   5.0871766e-02   4.8022412e-02
   2.0368333e+03   5.3911367e-02   5.0876387e-02   4.8011742e-02
   2.0369167e+03   5.3914268e-02   5.0865082e-02   4.7987822e-02
   2.0370000e+03   5.3898828e-02   5.0838315e-02   4.7951058e-02
   2.0370833e+03   5.3875193e-02   5.0804638e-02   4.7908555e-02
   2.0371667e+03   5.3856617e-02   5.0775195e-02   4.7869546e-02
   2.0372500e+03   5.3858387e-02   5.0762821e-02   4.7844641e-02
   2.0373333e+03   5.3881139e-02   5.0768026e-02   4.7834241e-02
   2.0374167e+03   5.3904983e-02   5.0774098e-02   4.7824515e-02
   2.0375000e+03   5.3918429e-02   5.0771404e-02   4.7807510e-02
   2.0375833e+03   5.3927442e-02   5.0764954e-02   4.7787372e-02
   2.0376667e+03   5.3940761e-02   5.0762072e-02   4.7770143e-02
   2.0377500e+03   5.3965278e-02   5.0768518e-02   4.7760564e-02
   2.0378333e+03   5.3987335e-02   5.0772856e-02   4.7749206e-02
   2.0379167e+03   5.3990790e-02   5.0761602e-02   4.7724981e-02
   2.0380000e+03   5.3976003e-02   5.0735078e-02   4.7688178e-02
   2.0380833e+03   5.3953046e-02   5.0701714e-02   4.7645739e-02
   2.0381667e+03   5.3935133e-02   5.0672541e-02   4.7606730e-02
   2.0382500e+03   5.3937465e-02   5.0660231e-02   4.7581540e-02
   2.0383333e+03   5.3960481e-02   5.0665122e-02   4.7570425e-02
   2.0384167e+03   5.3984144e-02   5.0670505e-02   4.7559671e-02
   2.0385000e+03   5.3997067e-02   5.0666899e-02   4.7541517e-02
   2.0385833e+03   5.4005453e-02   5.0659479e-02   4.7520209e-02
   2.0386667e+03   5.4018246e-02   5.0655684e-02   4.7501833e-02
   2.0387500e+03   5.4042618e-02   5.0661467e-02   4.7491247e-02
   2.0388333e+03   5.4064960e-02   5.0665514e-02   4.7479202e-02
   2.0389167e+03   5.4068967e-02   5.0654303e-02   4.7454670e-02
   2.0390000e+03   5.4054832e-02   5.0628016e-02   4.7417823e-02
   2.0390833e+03   5.4032550e-02   5.0594958e-02   4.7375445e-02
   2.0391667e+03   5.4015298e-02   5.0566050e-02   4.7336434e-02
   2.0392500e+03   5.4018190e-02   5.0553795e-02   4.7310956e-02
   2.0393333e+03   5.4041461e-02   5.0558365e-02   4.7299127e-02
   2.0394167e+03   5.4064934e-02   5.0563051e-02   4.7287352e-02
   2.0395000e+03   5.4077319e-02   5.0558530e-02   4.7268062e-02
   2.0395833e+03   2.7042533e-02   2.5275069e-02   2.3622799e-02
   2.0396667e+03   2.7048658e-02   2.5272713e-02   2.3613044e-02
   2.0397500e+03   2.7060767e-02   2.5275270e-02   2.3607252e-02
   2.0398333e+03   2.7072078e-02   2.5277144e-02   2.3600885e-02
   2.0399167e+03   2.7074355e-02   2.5271555e-02   2.3588465e-02
   2.0400000e+03   2.7067612e-02   2.5258527e-02   2.3570018e-02
   2.0400833e+03   2.7056808e-02   2.5242148e-02   2.3548858e-02
   2.0401667e+03   2.7048512e-02   2.5227823e-02   2.3529350e-02
   2.0402500e+03   2.7050236e-02   2.5221720e-02   2.3516466e-02
   2.0403333e+03   2.7061997e-02   2.5223840e-02   2.3510194e-02
   2.0404167e+03   2.7073632e-02   2.5225832e-02   2.3503800e-02
   2.0405000e+03   2.7079549e-02   2.5223112e-02   2.3493594e-02
   2.0405833e+03   2.7083094e-02   2.5218428e-02   2.3481793e-02
   2.0406667e+03   2.7088943e-02   2.5215612e-02   2.3471478e-02
   2.0407500e+03   2.7100969e-02   2.5217831e-02   2.3465189e-02
   2.0408333e+03   2.7112416e-02   2.5219551e-02   2.3458480e-02
   2.0409167e+03   2.7114965e-02   2.5213977e-02   2.3445903e-02
   2.0410000e+03   2.7108546e-02   2.5201060e-02   2.3427432e-02
   2.0410833e+03   2.7098079e-02   2.5184829e-02   2.3406300e-02
   2.0411667e+03   2.7090112e-02   2.5170629e-02   2.3386788e-02
   2.0412500e+03   2.7092112e-02   2.5164546e-02   2.3373757e-02
   2.0413333e+03   2.7103994e-02   2.5166497e-02   2.3367130e-02
   2.0414167e+03   2.7115523e-02   2.5168135e-02   2.3360234e-02
   2.0415000e+03   2.7121158e-02   2.5164954e-02   2.3349473e-02
   2.0415833e+03   2.7124367e-02   2.5159781e-02   2.3337111e-02
   2.0416667e+03   2.7129932e-02   2.5156504e-02   2.3326243e-02
   2.0417500e+03   2.7141870e-02   2.5158383e-02   2.3319463e-02
   2.0418333e+03   2.7153449e-02   2.5159945e-02   2.3312411e-02
   2.0419167e+03   2.7156269e-02   2.5154380e-02   2.3299678e-02
   2.0420000e+03   2.7150173e-02   2.5141573e-02   2.3281181e-02
   2.0420833e+03   2.7140041e-02   2.5125486e-02   2.3260076e-02
   2.0421667e+03   2.7132402e-02   2.5111408e-02   2.3240559e-02
   2.0422500e+03   2.7134677e-02   2.5105342e-02   2.3227381e-02
   2.0423333e+03   2.7146677e-02   2.5107120e-02   2.3220399e-02
   2.0424167e+03   2.7158094e-02   2.5108402e-02   2.3213005e-02
   2.0425000e+03   2.7163439e-02   2.5104758e-02   2.3201698e-02
   2.0425833e+03   2.7166306e-02   2.5099096e-02   2.3188783e-02
   2.0426667e+03   2.7171579e-02   2.5095355e-02   2.3177371e-02
   2.0427500e+03   2.7183424e-02   2.5096891e-02   2.3170104e-02
   2.0428333e+03   2.7195132e-02   2.5098292e-02   2.3162711e-02
   2.0429167e+03   2.7198220e-02   2.5092732e-02   2.3149819e-02
   2.0430000e+03   2.7192447e-02   2.5080030e-02   2.3131296e-02
   2.0430833e+03   2.7182650e-02   2.5064085e-02   2.3110216e-02
   2.0431667e+03   2.7175339e-02   2.5050127e-02   2.3090693e-02
   2.0432500e+03   2.7177887e-02   2.5044073e-02   2.3077367e-02
   2.0433333e+03   2.7190001e-02   2.5045674e-02   2.3070032e-02
   2.0434167e+03   2.7201300e-02   2.5046597e-02   2.3062146e-02
   2.0435000e+03   2.7206348e-02   2.5042490e-02   2.3050302e-02
   2.0435833e+03   2.7208865e-02   2.5036337e-02   2.3036842e-02
   2.0436667e+03   2.7213839e-02   2.5032133e-02   2.3024894e-02
   2.0437500e+03   2.7225584e-02   2.5033322e-02   2.3017145e-02
   2.0438333e+03   2.7237419e-02   2.5034558e-02   2.3009412e-02
   2.0439167e+03   2.7240774e-02   2.5029001e-02   2.2996362e-02
   2.0440000e+03   2.7235321e-02   2.5016400e-02   2.2977812e-02
   2.0440833e+03   2.7225859e-02   2.5000593e-02   2.2956757e-02
   2.0441667e+03   2.7218874e-02   2.4986752e-02   2.2937227e-02
   2.0442500e+03   2.7221693e-02   2.4980707e-02   2.2923752e-02
   2.0443333e+03   2.7233918e-02   2.4982127e-02   2.2916065e-02
   2.0444167e+03   2.7245093e-02   2.4982689e-02   2.2907692e-02
   2.0445000e+03   2.7249838e-02   2.4978117e-02   2.2895319e-02
   2.0445833e+03   2.7251996e-02   2.4971473e-02   2.2881325e-02
   2.0446667e+03   2.7256664e-02   2.4966804e-02   2.2868849e-02
   2.0447500e+03   2.7268305e-02   2.4967645e-02   2.2860623e-02
   2.0448333e+03   2.7280262e-02   2.4968712e-02   2.2852552e-02
   2.0449167e+03   2.7283882e-02   2.4963153e-02   2.2839344e-02
   2.0450000e+03   2.7278749e-02   2.4950652e-02   2.2820765e-02
   2.0450833e+03   2.7269621e-02   2.4934980e-02   2.2799734e-02
   2.0451667e+03   2.7262962e-02   2.4921252e-02   2.2780196e-02
   2.0452500e+03   2.7266051e-02   2.4915212e-02   2.2766573e-02
   2.0453333e+03   2.7278382e-02   2.4916449e-02   2.2758537e-02
   2.0454167e+03   2.7289428e-02   2.4916646e-02   2.2749683e-02
   2.0455000e+03   2.7293861e-02   2.4911609e-02   2.2736789e-02
   2.0455833e+03   2.7295653e-02   2.4904474e-02   2.2722272e-02
   2.0456667e+03   2.7300008e-02   2.4899339e-02   2.2709277e-02
   2.0457500e+03   2.7311538e-02   2.4899830e-02   2.2700580e-02
   2.0458333e+03   2.7323614e-02   2.4900724e-02   2.2692173e-02
   2.0459167e+03   2.7327497e-02   2.4895159e-02   2.2678807e-02
   2.0460000e+03   2.7322683e-02   2.4882754e-02   2.2660199e-02
   2.0460833e+03   2.7313889e-02   2.4867215e-02   2.2639191e-02
   2.0461667e+03   2.7307555e-02   2.4853597e-02   2.2619645e-02
   2.0462500e+03   2.7310911e-02   2.4847558e-02   2.2605873e-02
   2.0463333e+03   2.7323346e-02   2.4848607e-02   2.2597490e-02
   2.0464167e+03   2.7334256e-02   2.4848439e-02   2.2588161e-02
   2.0465000e+03   2.7338370e-02   2.4842936e-02   2.2574756e-02
   2.0465833e+03   2.7339788e-02   2.4835310e-02   2.2559725e-02
   2.0466667e+03   2.7343822e-02   2.4829709e-02   2.2546221e-02
   2.0467500e+03   2.7355236e-02   2.4829846e-02   2.2537058e-02
   2.0468333e+03   2.7367427e-02   2.4830564e-02   2.2528318e-02
   2.0469167e+03   2.7371571e-02   2.4824990e-02   2.2514793e-02
   2.0470000e+03   2.7367076e-02   2.4812677e-02   2.2496156e-02
   2.0470833e+03   2.7358614e-02   2.4797268e-02   2.2475171e-02
   2.0471667e+03   2.7352604e-02   2.4783757e-02   2.2455616e-02
   2.0472500e+03   2.7356226e-02   2.4777716e-02   2.2441696e-02
   2.0473333e+03   2.7368760e-02   2.4778574e-02   2.2432968e-02
   2.0474167e+03   2.7379529e-02   2.4778038e-02   2.2423171e-02
   2.0475000e+03   2.7383316e-02   2.4772069e-02   2.2409265e-02
   2.0475833e+03   2.7384353e-02   2.4763951e-02   2.2393731e-02
   2.0476667e+03   2.7388058e-02   2.4757884e-02   2.2379728e-02
   2.0477500e+03   2.7399350e-02   2.4757666e-02   2.2370106e-02
   2.0478333e+03   2.7411652e-02   2.4758204e-02   2.2361035e-02
   2.0479167e+03   2.7416055e-02   2.4752618e-02   2.2347353e-02
   2.0480000e+03   2.7411877e-02   2.4740394e-02   2.2328686e-02
   2.0480833e+03   2.7403747e-02   2.4725112e-02   2.2307723e-02
   2.0481667e+03   2.7398060e-02   2.4711705e-02   2.2288159e-02
   2.0482500e+03   2.7401946e-02   2.4705658e-02   2.2274091e-02
   2.0483333e+03   2.7414576e-02   2.4706322e-02   2.2265022e-02
   2.0484167e+03   2.7425197e-02   2.4705417e-02   2.2254764e-02
   2.0485000e+03   2.7428650e-02   2.4698981e-02   2.2240367e-02
   2.0485833e+03   2.7429297e-02   2.4690373e-02   2.2224340e-02
   2.0486667e+03   2.7432666e-02   2.4683839e-02   2.2209848e-02
   2.0487500e+03   2.7443830e-02   2.4683264e-02   2.2199774e-02
   2.0488333e+03   2.7456240e-02   2.4683619e-02   2.2190375e-02
   2.0489167e+03   2.7460899e-02   2.4678016e-02   2.2176536e-02
   2.0490000e+03   2.7457038e-02   2.4665879e-02   2.2157839e-02
   2.0490833e+03   2.7449239e-02   2.4650720e-02   2.2136899e-02
   2.0491667e+03   2.7443875e-02   2.4637414e-02   2.2117326e-02
   2.0492500e+03   2.7448023e-02   2.4631358e-02   2.2103111e-02
   2.0493333e+03   2.7460744e-02   2.4631824e-02   2.2093703e-02
   2.0494167e+03   2.7471212e-02   2.4630548e-02   2.2082991e-02
   2.0495000e+03   2.7474323e-02   2.4623645e-02   2.2068113e-02
   2.0495833e+03   2.7474571e-02   2.4614547e-02   2.2051606e-02
   2.0496667e+03   2.7477596e-02   2.4607547e-02   2.2036635e-02
   2.0497500e+03   2.7488626e-02   2.4606613e-02   2.2026117e-02
   2.0498333e+03   2.7501140e-02   2.4606782e-02   2.2016393e-02
   2.0499167e+03   2.7506054e-02   2.4601160e-02   2.2002398e-02
   2.0500000e+03   2.7502508e-02   2.4589105e-02   2.1983672e-02
   2.0500833e+03   2.7495038e-02   2.4574067e-02   2.1962752e-02
   2.0501667e+03   2.7489992e-02   2.4560855e-02   2.1943168e-02
   2.0502500e+03   2.7494396e-02   2.4554784e-02   2.1928804e-02
   2.0503333e+03   2.7507204e-02   2.4555049e-02   2.1919062e-02
   2.0504167e+03   2.7517516e-02   2.4553403e-02   2.1907907e-02
   2.0505000e+03   2.7520288e-02   2.4546043e-02   2.1892565e-02
   2.0505833e+03   2.7520145e-02   2.4536467e-02   2.1875598e-02
   2.0506667e+03   2.7522833e-02   2.4529012e-02   2.1860167e-02
   2.0507500e+03   2.7533731e-02   2.4527724e-02   2.1849216e-02
   2.0508333e+03   2.7546340e-02   2.4527701e-02   2.1839170e-02
   2.0509167e+03   2.7551493e-02   2.4522045e-02   2.1825013e-02
   2.0510000e+03   2.7548241e-02   2.4510056e-02   2.1806247e-02
   2.0510833e+03   2.7541081e-02   2.4495120e-02   2.1785340e-02
   2.0511667e+03   2.7536335e-02   2.4481989e-02   2.1765736e-02
   2.0512500e+03   2.7540982e-02   2.4475891e-02   2.1751220e-02
   2.0513333e+03   2.7553869e-02   2.4475950e-02   2.1741147e-02
   2.0514167e+03   2.7564026e-02   2.4473940e-02   2.1729562e-02
   2.0515000e+03   2.7566464e-02   2.4466132e-02   2.1713775e-02
   2.0515833e+03   2.7565932e-02   2.4456088e-02   2.1696367e-02
   2.0516667e+03   2.7568284e-02   2.4448186e-02   2.1680495e-02
   2.0517500e+03   2.7579045e-02   2.4446546e-02   2.1669122e-02
   2.0518333e+03   2.7591747e-02   2.4446329e-02   2.1658758e-02
   2.0519167e+03   2.7597135e-02   2.4440637e-02   2.1644443e-02
   2.0520000e+03   2.7594176e-02   2.4428711e-02   2.1625640e-02
   2.0520833e+03   2.7587324e-02   2.4413877e-02   2.1604746e-02
   2.0521667e+03   2.7582879e-02   2.4400824e-02   2.1585126e-02
   2.0522500e+03   2.7587766e-02   2.4394697e-02   2.1570461e-02
   2.0523333e+03   2.7600729e-02   2.4394549e-02   2.1560064e-02
   2.0524167e+03   2.7610726e-02   2.4392175e-02   2.1548059e-02
   2.0525000e+03   2.7612822e-02   2.4383922e-02   2.1531841e-02
   2.0525833e+03   2.7611894e-02   2.4373413e-02   2.1514005e-02
   2.0526667e+03   2.7613902e-02   2.4365065e-02   2.1497703e-02
   2.0527500e+03   2.7624522e-02   2.4363072e-02   2.1485919e-02
   2.0528333e+03   2.7637312e-02   2.4362660e-02   2.1475245e-02
   2.0529167e+03   2.7642934e-02   2.4356930e-02   2.1460774e-02
   2.0530000e+03   2.7640268e-02   2.4345066e-02   2.1441937e-02
   2.0530833e+03   2.7633724e-02   2.4330331e-02   2.1421059e-02
   2.0531667e+03   2.7629577e-02   2.4317355e-02   2.1401424e-02
   2.0532500e+03   2.7634703e-02   2.4311197e-02   2.1386614e-02
   2.0533333e+03   2.7647738e-02   2.4310841e-02   2.1375899e-02
   2.0534167e+03   2.7657569e-02   2.4308104e-02   2.1363485e-02
   2.0535000e+03   2.7659316e-02   2.4299407e-02   2.1346849e-02
   2.0535833e+03   2.7657984e-02   2.4288435e-02   2.1328600e-02
   2.0536667e+03   2.7659642e-02   2.4279644e-02   2.1311882e-02
   2.0537500e+03   2.7670115e-02   2.4277300e-02   2.1299697e-02
   2.0538333e+03   2.7682989e-02   2.4276691e-02   2.1288718e-02
   2.0539167e+03   2.7688843e-02   2.4270921e-02   2.1274097e-02
   2.0540000e+03   2.7686469e-02   2.4259117e-02   2.1255228e-02
   2.0540833e+03   2.7680232e-02   2.4244480e-02   2.1234367e-02
   2.0541667e+03   2.7676383e-02   2.4231579e-02   2.1214721e-02
   2.0542500e+03   2.7681746e-02   2.4225388e-02   2.1199770e-02
   2.0543333e+03   2.7694850e-02   2.4224822e-02   2.1188744e-02
   2.0544167e+03   2.7704509e-02   2.4221722e-02   2.1175932e-02
   2.0545000e+03   2.7705900e-02   2.4212584e-02   2.1158890e-02
   2.0545833e+03   2.7704157e-02   2.4201153e-02   2.1140242e-02
   2.0546667e+03   2.7705456e-02   2.4191921e-02   2.1123122e-02
   2.0547500e+03   2.7715777e-02   2.4189226e-02   2.1110546e-02
   2.0548333e+03   2.7728731e-02   2.4188418e-02   2.1099271e-02
   2.0549167e+03   2.7734816e-02   2.4182607e-02   2.1084502e-02
   2.0550000e+03   2.7732732e-02   2.4170861e-02   2.1065604e-02
   2.0550833e+03   2.7726802e-02   2.4156320e-02   2.1044764e-02
   2.0551667e+03   2.7723250e-02   2.4143492e-02   2.1025108e-02
   2.0552500e+03   2.7728849e-02   2.4137267e-02   2.1010020e-02
   2.0553333e+03   2.7742017e-02   2.4136491e-02   2.0998691e-02
   2.0554167e+03   2.7751498e-02   2.4133029e-02   2.0985491e-02
   2.0555000e+03   2.7752525e-02   2.4123452e-02   2.0968058e-02
   2.0555833e+03   2.7750363e-02   2.4111564e-02   2.0949025e-02
   2.0556667e+03   2.7751298e-02   2.4101894e-02   2.0931517e-02
   2.0557500e+03   2.7761460e-02   2.4098848e-02   2.0918561e-02
   2.0558333e+03   2.7774492e-02   2.4097842e-02   2.0906995e-02
   2.0559167e+03   2.7780804e-02   2.4091986e-02   2.0892083e-02
   2.0560000e+03   2.7779009e-02   2.4080297e-02   2.0873159e-02
   2.0560833e+03   2.7773385e-02   2.4065851e-02   2.0852342e-02
   2.0561667e+03   2.7770130e-02   2.4053095e-02   2.0832679e-02
   2.0562500e+03   2.7775962e-02   2.4046833e-02   2.0817458e-02
   2.0563333e+03   2.7789192e-02   2.4045846e-02   2.0805833e-02
   2.0564167e+03   2.7798488e-02   2.4042022e-02   2.0792256e-02
   2.0565000e+03   2.7799145e-02   2.4032009e-02   2.0774446e-02
   2.0565833e+03   2.7796556e-02   2.4019668e-02   2.0755044e-02
   2.0566667e+03   2.7797118e-02   2.4009563e-02   2.0737160e-02
   2.0567500e+03   2.7807117e-02   2.4006167e-02   2.0723835e-02
   2.0568333e+03   2.7820221e-02   2.4004961e-02   2.0711986e-02
   2.0569167e+03   2.7826759e-02   2.3999060e-02   2.0696936e-02
   2.0570000e+03   2.7825253e-02   2.3987425e-02   2.0677989e-02
   2.0570833e+03   2.7819935e-02   2.3973073e-02   2.0657197e-02
   2.0571667e+03   2.7816975e-02   2.3960386e-02   2.0637531e-02
   2.0572500e+03   2.7823038e-02   2.3954087e-02   2.0622181e-02
   2.0573333e+03   2.7836325e-02   2.3952887e-02   2.0610267e-02
   2.0574167e+03   2.7845431e-02   2.3948704e-02   2.0596325e-02
   2.0575000e+03   2.7845709e-02   2.3938257e-02   2.0578151e-02
   2.0575833e+03   2.7842687e-02   2.3925466e-02   2.0558394e-02
   2.0576667e+03   2.7842869e-02   2.3914928e-02   2.0540150e-02
   2.0577500e+03   2.7852697e-02   2.3911184e-02   2.0526467e-02
   2.0578333e+03   2.7865871e-02   2.3909776e-02   2.0514342e-02
   2.0579167e+03   2.7872632e-02   2.3903829e-02   2.0499158e-02
   2.0580000e+03   2.7871414e-02   2.3892247e-02   2.0480191e-02
   2.0580833e+03   2.7866400e-02   2.3877987e-02   2.0459426e-02
   2.0581667e+03   2.7863736e-02   2.3865369e-02   2.0439760e-02
   2.0582500e+03   2.7870028e-02   2.3859030e-02   2.0424285e-02
   2.0583333e+03   2.7883367e-02   2.3857616e-02   2.0412090e-02
   2.0584167e+03   2.7892277e-02   2.3853074e-02   2.0397796e-02
   2.0585000e+03   2.7892170e-02   2.3842198e-02   2.0379272e-02
   2.0585833e+03   2.7888706e-02   2.3828961e-02   2.0359174e-02
   2.0586667e+03   2.7888500e-02   2.3817993e-02   2.0340583e-02
   2.0587500e+03   2.7898152e-02   2.3813901e-02   2.0326554e-02
   2.0588333e+03   2.7911391e-02   2.3812291e-02   2.0314161e-02
   2.0589167e+03   2.7918374e-02   2.3806295e-02   2.0298848e-02
   2.0590000e+03   2.7917442e-02   2.3794766e-02   2.0279863e-02
   2.0590833e+03   2.7912733e-02   2.3780595e-02   2.0259130e-02
   2.0591667e+03   2.7910362e-02   2.3768044e-02   2.0239465e-02
   2.0592500e+03   2.7916881e-02   2.3761664e-02   2.0223871e-02
   2.0593333e+03   2.7930269e-02   2.3760037e-02   2.0211403e-02
   2.0594167e+03   2.7938977e-02   2.3755137e-02   2.0196767e-02
   2.0595000e+03   2.7938476e-02   2.3743834e-02   2.0177908e-02
   2.0595833e+03   2.7934562e-02   2.3730154e-02   2.0157485e-02
   2.0596667e+03   2.7933962e-02   2.3718761e-02   2.0138561e-02
   2.0597500e+03   2.7943432e-02   2.3714322e-02   2.0124197e-02
   2.0598333e+03   2.7956732e-02   2.3712510e-02   2.0111543e-02
   2.0599167e+03   2.7963934e-02   2.3706464e-02   2.0096106e-02
   2.0600000e+03   2.7963288e-02   2.3694984e-02   2.0077108e-02
   2.0600833e+03   2.7958882e-02   2.3680902e-02   2.0056408e-02
   2.0601667e+03   2.7956804e-02   2.3668416e-02   2.0036749e-02
   2.0602500e+03   2.7963548e-02   2.3661993e-02   2.0021040e-02
   2.0603333e+03   2.7976981e-02   2.3660152e-02   2.0008307e-02
   2.0604167e+03   2.7985479e-02   2.3654897e-02   1.9993341e-02
   2.0605000e+03   2.7984578e-02   2.3643170e-02   1.9974161e-02
   2.0605833e+03   2.7980206e-02   2.3629052e-02   1.9953427e-02
   2.0606667e+03   2.7979204e-02   2.3617236e-02   1.9934186e-02
   2.0607500e+03   2.7988486e-02   2.3612452e-02   1.9919497e-02
   2.0608333e+03   2.8001843e-02   2.3610437e-02   1.9906592e-02
   2.0609167e+03   2.8009262e-02   2.3604339e-02   1.9891035e-02
   2.0610000e+03   2.8008900e-02   2.3592908e-02   1.9872027e-02
   2.0610833e+03   2.8004796e-02   2.3578914e-02   1.9851363e-02
   2.0611667e+03   2.8003010e-02   2.3566492e-02   1.9831712e-02
   2.0612500e+03   2.8009978e-02   2.3560024e-02   1.9815894e-02
   2.0613333e+03   2.8023450e-02   2.3557968e-02   1.9802904e-02
   2.0614167e+03   2.8031734e-02   2.3552359e-02   1.9787620e-02
   2.0615000e+03   2.8030424e-02   2.3540212e-02   1.9768134e-02
   2.0615833e+03   2.8025587e-02   2.3525660e-02   1.9747104e-02
   2.0616667e+03   2.8024175e-02   2.3513425e-02   1.9727559e-02
   2.0617500e+03   2.8033262e-02   2.3508298e-02   1.9712559e-02
   2.0618333e+03   2.8046672e-02   2.3506079e-02   1.9699409e-02
   2.0619167e+03   2.8054306e-02   2.3499928e-02   1.9683738e-02
   2.0620000e+03   2.8054226e-02   2.3488545e-02   1.9664723e-02
   2.0620833e+03   2.8050425e-02   2.3474636e-02   1.9644099e-02
   2.0621667e+03   2.8048930e-02   2.3462276e-02   1.9624460e-02
   2.0622500e+03   2.8056118e-02   2.3455763e-02   1.9608536e-02
   2.0623333e+03   2.8069626e-02   2.3453492e-02   1.9595298e-02
   2.0624167e+03   2.8077688e-02   2.3447531e-02   1.9579708e-02
   2.0625000e+03   2.8075963e-02   2.3434968e-02   1.9559930e-02
   2.0625833e+03   2.8070652e-02   2.3419986e-02   1.9538620e-02
   2.0626667e+03   2.8068822e-02   2.3407335e-02   1.9518786e-02
   2.0627500e+03   2.8077709e-02   2.3401867e-02   1.9503486e-02
   2.0628333e+03   2.8091167e-02   2.3399444e-02   1.9490100e-02
   2.0629167e+03   2.8099013e-02   2.3393239e-02   1.9474319e-02
   2.0630000e+03   2.8099216e-02   2.3381901e-02   1.9455302e-02
   2.0630833e+03   2.8095716e-02   2.3368077e-02   1.9434720e-02
   2.0631667e+03   2.8094510e-02   2.3355778e-02   1.9415096e-02
   2.0632500e+03   2.8101916e-02   2.3349218e-02   1.9399072e-02
   2.0633333e+03   2.8115456e-02   2.3346732e-02   1.9385594e-02
   2.0634167e+03   2.8123290e-02   2.3340421e-02   1.9369711e-02
   2.0635000e+03   2.8121142e-02   2.3327445e-02   1.9349656e-02
   2.0635833e+03   2.8115349e-02   2.3312038e-02   1.9328081e-02
   2.0636667e+03   2.8113094e-02   2.3298976e-02   1.9307972e-02
   2.0637500e+03   2.8121773e-02   2.3293168e-02   1.9292384e-02
   2.0638333e+03   2.8135277e-02   2.3290541e-02   1.9278770e-02
   2.0639167e+03   2.8143332e-02   2.3284281e-02   1.9262886e-02
   2.0640000e+03   2.8143815e-02   2.3272987e-02   1.9243869e-02
   2.0640833e+03   2.8140615e-02   2.3259246e-02   1.9223332e-02
   2.0641667e+03   2.8139698e-02   2.3247006e-02   1.9203727e-02
   2.0642500e+03   2.8147320e-02   2.3240398e-02   1.9187608e-02
   2.0643333e+03   2.8160887e-02   2.3237697e-02   1.9173899e-02
   2.0644167e+03   2.8168487e-02   2.3231038e-02   1.9157735e-02
   2.0645000e+03   2.8165907e-02   2.3217654e-02   1.9137417e-02
   2.0645833e+03   2.8159625e-02   2.3201826e-02   1.9115592e-02
   2.0646667e+03   2.8156937e-02   2.3188358e-02   1.9095224e-02
   2.0647500e+03   2.8165403e-02   2.3182212e-02   1.9079360e-02
   2.0648333e+03   2.8178946e-02   2.3179381e-02   1.9065527e-02
   2.0649167e+03   2.8187209e-02   2.3173064e-02   1.9049544e-02
   2.0650000e+03   2.8187971e-02   2.3161813e-02   1.9030531e-02
   2.0650833e+03   2.8185071e-02   2.3148153e-02   1.9010043e-02
   2.0651667e+03   2.8184441e-02   2.3135972e-02   1.8990460e-02
   2.0652500e+03   2.8192277e-02   2.3129314e-02   1.8974251e-02
   2.0653333e+03   2.8205866e-02   2.3126398e-02   1.8960320e-02
   2.0654167e+03   2.8213225e-02   2.3119393e-02   1.8943888e-02
   2.0655000e+03   2.8210206e-02   2.3105606e-02   1.8923321e-02
   2.0655833e+03   2.8203426e-02   2.3089363e-02   1.8901262e-02
   2.0656667e+03   2.8200298e-02   2.3075492e-02   1.8880648e-02
   2.0657500e+03   2.8208544e-02   2.3069010e-02   1.8864521e-02
   2.0658333e+03   2.8222123e-02   2.3065975e-02   1.8850477e-02
   2.0659167e+03   2.8230590e-02   2.3059600e-02   1.8834401e-02
   2.0660000e+03   2.8231629e-02   2.3048390e-02   1.8815396e-02
   2.0660833e+03   2.8229028e-02   2.3034811e-02   1.8794960e-02
   2.0661667e+03   2.8228684e-02   2.3022687e-02   1.8775402e-02
   2.0662500e+03   2.8236731e-02   2.3015979e-02   1.8759110e-02
   2.0663333e+03   2.8250338e-02   2.3012847e-02   1.8744965e-02
   2.0664167e+03   2.8257449e-02   2.3005499e-02   1.8728276e-02
   2.0665000e+03   2.8253983e-02   2.2991313e-02   1.8707476e-02
   2.0665833e+03   2.8246698e-02   2.2974659e-02   1.8685198e-02
   2.0666667e+03   2.8243121e-02   2.2960390e-02   1.8664354e-02
   2.0667500e+03   2.8251141e-02   2.2953576e-02   1.8647975e-02
   2.0668333e+03   2.8264751e-02   2.2950337e-02   1.8633729e-02
   2.0669167e+03   2.8273420e-02   2.2943903e-02   1.8617566e-02
   2.0670000e+03   2.8274736e-02   2.2932733e-02   1.8598573e-02
   2.0670833e+03   2.8272432e-02   2.2919233e-02   1.8578191e-02
   2.0671667e+03   2.8272373e-02   2.2907164e-02   1.8558663e-02
   2.0672500e+03   2.8280628e-02   2.2900405e-02   1.8542292e-02
   2.0673333e+03   2.8294248e-02   2.2897058e-02   1.8527943e-02
   2.0674167e+03   2.8301105e-02   2.2889370e-02   1.8511011e-02
   2.0675000e+03   2.8297185e-02   2.2874790e-02   1.8489992e-02
   2.0675833e+03   2.8289386e-02   2.2857731e-02   1.8467510e-02
   2.0676667e+03   2.8285353e-02   2.2843068e-02   1.8446450e-02
   2.0677500e+03   2.8293140e-02   2.2835923e-02   1.8429831e-02
   2.0678333e+03   2.8306777e-02   2.2832480e-02   1.8415392e-02
   2.0679167e+03   2.8315645e-02   2.2825987e-02   1.8399148e-02
   2.0680000e+03   2.8317235e-02   2.2814856e-02   1.8380171e-02
   2.0680833e+03   2.8315227e-02   2.2801434e-02   1.8359847e-02
   2.0681667e+03   2.8315453e-02   2.2789419e-02   1.8340352e-02
   2.0682500e+03   2.8323913e-02   2.2782607e-02   1.8323908e-02
   2.0683333e+03   2.8337542e-02   2.2779046e-02   1.8309364e-02
   2.0684167e+03   2.8344138e-02   2.2771021e-02   1.8292200e-02
   2.0685000e+03   2.8339755e-02   2.2756051e-02   1.8270977e-02
   2.0685833e+03   2.8331434e-02   2.2738592e-02   1.8248307e-02
   2.0686667e+03   2.8326938e-02   2.2723541e-02   1.8227045e-02
   2.0687500e+03   2.8334486e-02   2.2716068e-02   1.8210200e-02
   2.0688333e+03   2.8348144e-02   2.2712422e-02   1.8195576e-02
   2.0689167e+03   2.8357209e-02   2.2705867e-02   1.8179256e-02
   2.0690000e+03   2.8359072e-02   2.2694775e-02   1.8160299e-02
   2.0690833e+03   2.8357359e-02   2.2681429e-02   1.8140037e-02
   2.0691667e+03   2.8357867e-02   2.2669467e-02   1.8120579e-02
   2.0692500e+03   2.8366530e-02   2.2662602e-02   1.8104067e-02
   2.0693333e+03   2.8380162e-02   2.2658827e-02   1.8089337e-02
   2.0694167e+03   2.8386491e-02   2.2650467e-02   1.8071955e-02
   2.0695000e+03   2.8381638e-02   2.2635112e-02   1.8050542e-02
   2.0695833e+03   2.8372787e-02   2.2617260e-02   1.8027698e-02
   2.0696667e+03   2.8367819e-02   2.2601825e-02   1.8006250e-02
   2.0697500e+03   2.8375121e-02   2.2594027e-02   1.7989190e-02
   2.0698333e+03   2.8388796e-02   2.2590178e-02   1.7974391e-02
   2.0699167e+03   2.8398055e-02   2.2583562e-02   1.7958001e-02
   2.0700000e+03   2.8400189e-02   2.2572506e-02   1.7939067e-02
   2.0700833e+03   2.8398771e-02   2.2559236e-02   1.7918871e-02
   2.0701667e+03   2.8399560e-02   2.2547326e-02   1.7899453e-02
   2.0702500e+03   2.8408423e-02   2.2540406e-02   1.7882880e-02
   2.0703333e+03   2.8422053e-02   2.2536418e-02   1.7867972e-02
   2.0704167e+03   2.8428107e-02   2.2527727e-02   1.7850384e-02
   2.0705000e+03   2.8422776e-02   2.2511993e-02   1.7828797e-02
   2.0705833e+03   2.8413387e-02   2.2493752e-02   1.7805794e-02
   2.0706667e+03   2.8407940e-02   2.2477940e-02   1.7784174e-02
   2.0707500e+03   2.8414990e-02   2.2469820e-02   1.7766912e-02
   2.0708333e+03   2.8428677e-02   2.2465768e-02   1.7751946e-02
   2.0709167e+03   2.8438126e-02   2.2459090e-02   1.7735492e-02
   2.0710000e+03   2.8440530e-02   2.2448069e-02   1.7716587e-02
   2.0710833e+03   2.8439405e-02   2.2434873e-02   1.7696459e-02
   2.0711667e+03   2.8440473e-02   2.2423014e-02   1.7677085e-02
   2.0712500e+03   2.8449534e-02   2.2416039e-02   1.7660456e-02
   2.0713333e+03   2.8463158e-02   2.2411839e-02   1.7645381e-02
   2.0714167e+03   2.8468930e-02   2.2402820e-02   1.7627600e-02
   2.0715000e+03   2.8463113e-02   2.2386711e-02   1.7605852e-02
   2.0715833e+03   2.8453179e-02   2.2368088e-02   1.7582706e-02
   2.0716667e+03   2.8447244e-02   2.2351903e-02   1.7560929e-02
   2.0717500e+03   2.8454035e-02   2.2343465e-02   1.7543476e-02
   2.0718333e+03   2.8467729e-02   2.2339211e-02   1.7528353e-02
   2.0719167e+03   2.8477366e-02   2.2332470e-02   1.7511841e-02
   2.0720000e+03   2.8480038e-02   2.2321484e-02   1.7492968e-02
   2.0720833e+03   2.8479204e-02   2.2308361e-02   1.7472912e-02
   2.0721667e+03   2.8480551e-02   2.2296551e-02   1.7453586e-02
   2.0722500e+03   2.8489806e-02   2.2289521e-02   1.7436908e-02
   2.0723333e+03   2.8503418e-02   2.2285109e-02   1.7421674e-02
   2.0724167e+03   2.8508902e-02   2.2275765e-02   1.7403712e-02
   2.0725000e+03   2.8502592e-02   2.2259288e-02   1.7381819e-02
   2.0725833e+03   2.8492103e-02   2.2240289e-02   1.7358543e-02
   2.0726667e+03   2.8485673e-02   2.2223737e-02   1.7336623e-02
   2.0727500e+03   2.8492198e-02   2.2214983e-02   1.7318993e-02
   2.0728333e+03   2.8505895e-02   2.2210528e-02   1.7303722e-02
   2.0729167e+03   2.8515716e-02   2.2203724e-02   1.7287158e-02
   2.0730000e+03   2.8518654e-02   2.2192771e-02   1.7268321e-02
   2.0730833e+03   2.8518111e-02   2.2179720e-02   1.7248340e-02
   2.0731667e+03   2.8519733e-02   2.2167959e-02   1.7229066e-02
   2.0732500e+03   2.8529180e-02   2.2160872e-02   1.7212344e-02
   2.0733333e+03   2.8542776e-02   2.2156250e-02   1.7196961e-02
   2.0734167e+03   2.8547965e-02   2.2146585e-02   1.7178832e-02
   2.0735000e+03   2.8541152e-02   2.2129745e-02   1.7156807e-02
   2.0735833e+03   2.8530102e-02   2.2110377e-02   1.7133417e-02
   2.0736667e+03   2.8523169e-02   2.2093463e-02   1.7111368e-02
   2.0737500e+03   2.8529421e-02   2.2084397e-02   1.7093573e-02
   2.0738333e+03   2.8543115e-02   2.2079742e-02   1.7078163e-02
   2.0739167e+03   2.8553117e-02   2.2072874e-02   1.7061553e-02
   2.0740000e+03   2.8556320e-02   2.2061953e-02   1.7042757e-02
   2.0740833e+03   2.8556066e-02   2.2048973e-02   1.7022854e-02
   2.0741667e+03   2.8557963e-02   2.2037259e-02   1.7003637e-02
   2.0742500e+03   2.8567598e-02   2.2030116e-02   1.6986876e-02
   2.0743333e+03   2.8581172e-02   2.2025284e-02   1.6971354e-02
   2.0744167e+03   2.8586059e-02   2.2015302e-02   1.6953069e-02
   2.0745000e+03   2.8578737e-02   2.1998106e-02   1.6930926e-02
   2.0745833e+03   2.8567116e-02   2.1978374e-02   1.6907438e-02
   2.0746667e+03   2.8559673e-02   2.1961105e-02   1.6885274e-02
   2.0747500e+03   2.8565645e-02   2.1951730e-02   1.6867326e-02
   2.0748333e+03   2.8579332e-02   2.1946876e-02   1.6851786e-02
   2.0749167e+03   2.8589512e-02   2.1939943e-02   1.6835136e-02
   2.0750000e+03   2.8592977e-02   2.1929054e-02   1.6816385e-02
   2.0750833e+03   2.8593009e-02   2.1916143e-02   1.6796564e-02
   2.0751667e+03   2.8595175e-02   2.1904474e-02   1.6777405e-02
   2.0752500e+03   2.8604992e-02   2.1897271e-02   1.6760612e-02
   2.0753333e+03   2.8618540e-02   2.1892232e-02   1.6744959e-02
   2.0754167e+03   2.8623128e-02   2.1881943e-02   1.6726535e-02
   2.0755000e+03   2.8615309e-02   2.1864407e-02   1.6704295e-02
   2.0755833e+03   2.8603136e-02   2.1844334e-02   1.6680730e-02
   2.0756667e+03   2.8595201e-02   2.1826732e-02   1.6658474e-02
   2.0757500e+03   2.8600905e-02   2.1817062e-02   1.6640391e-02
   2.0758333e+03   2.8614581e-02   2.1812011e-02   1.6624731e-02
   2.0759167e+03   2.8624924e-02   2.1805007e-02   1.6608044e-02
   2.0760000e+03   2.8628629e-02   2.1794137e-02   1.6589335e-02
   2.0760833e+03   2.8628925e-02   2.1781281e-02   1.6569593e-02
   2.0761667e+03   2.8631341e-02   2.1769646e-02   1.6550492e-02
   2.0762500e+03   2.8641327e-02   2.1762378e-02   1.6533668e-02
   2.0763333e+03   2.8654846e-02   2.1757134e-02   1.6517896e-02
   2.0764167e+03   2.8659144e-02   2.1746550e-02   1.6499349e-02
   2.0765000e+03   2.8650842e-02   2.1728694e-02   1.6477032e-02
   2.0765833e+03   2.8638128e-02   2.1708297e-02   1.6453410e-02
   2.0766667e+03   2.8629708e-02   2.1690375e-02   1.6431080e-02
   2.0767500e+03   2.8635143e-02   2.1680418e-02   1.6412875e-02
   2.0768333e+03   2.8648804e-02   2.1675173e-02   1.6397104e-02
   2.0769167e+03   2.8659306e-02   2.1668096e-02   1.6380386e-02
   2.0770000e+03   2.8663250e-02   2.1657244e-02   1.6361725e-02
   2.0770833e+03   2.8663808e-02   2.1644444e-02   1.6342066e-02
   2.0771667e+03   2.8666473e-02   2.1632842e-02   1.6323026e-02
   2.0772500e+03   2.8676625e-02   2.1625508e-02   1.6306179e-02
   2.0773333e+03   2.8690111e-02   2.1620062e-02   1.6290297e-02
   2.0774167e+03   2.8694113e-02   2.1609188e-02   1.6271639e-02
   2.0775000e+03   2.8685320e-02   2.1591017e-02   1.6249259e-02
   2.0775833e+03   2.8672058e-02   2.1570304e-02   1.6225593e-02
   2.0776667e+03   2.8663147e-02   2.1552068e-02   1.6203202e-02
   2.0777500e+03   2.8668307e-02   2.1541828e-02   1.6184888e-02
   2.0778333e+03   2.8681948e-02   2.1536390e-02   1.6169015e-02
   2.0779167e+03   2.8692607e-02   2.1529241e-02   1.6152273e-02
   2.0780000e+03   2.8696787e-02   2.1518408e-02   1.6133664e-02
   2.0780833e+03   2.8697607e-02   2.1505663e-02   1.6114091e-02
   2.0781667e+03   2.8700518e-02   2.1494093e-02   1.6095118e-02
   2.0782500e+03   2.8710833e-02   2.1486695e-02   1.6078253e-02
   2.0783333e+03   2.8724282e-02   2.1481048e-02   1.6062271e-02
   2.0784167e+03   2.8727981e-02   2.1469888e-02   1.6043514e-02
   2.0785000e+03   2.8718691e-02   2.1451408e-02   1.6021084e-02
   2.0785833e+03   2.8704875e-02   2.1430386e-02   1.5997389e-02
   2.0786667e+03   2.8695466e-02   2.1411844e-02   1.5974950e-02
   2.0787500e+03   2.8700345e-02   2.1401325e-02   1.5956538e-02
   2.0788333e+03   2.8713962e-02   2.1395695e-02   1.5940573e-02
   2.0789167e+03   2.8724774e-02   2.1388475e-02   1.5923812e-02
   2.0790000e+03   2.8729189e-02   2.1377659e-02   1.5905260e-02
   2.0790833e+03   2.8730269e-02   2.1364969e-02   1.5885779e-02
   2.0791667e+03   2.8733426e-02   2.1353432e-02   1.5866876e-02
   2.0792500e+03   2.8743901e-02   2.1345968e-02   1.5850000e-02
   2.0793333e+03   2.8757307e-02   2.1340123e-02   1.5833926e-02
   2.0794167e+03   2.8760698e-02   2.1328682e-02   1.5815083e-02
   2.0795000e+03   2.8750903e-02   2.1309901e-02   1.5792616e-02
   2.0795833e+03   2.8736527e-02   2.1288576e-02   1.5768904e-02
   2.0796667e+03   2.8726613e-02   2.1269734e-02   1.5746431e-02
   2.0797500e+03   2.8731206e-02   2.1258940e-02   1.5727933e-02
   2.0798333e+03   2.8744794e-02   2.1253122e-02   1.5711885e-02
   2.0799167e+03   2.8755756e-02   2.1245830e-02   1.5695113e-02
   2.0800000e+03   2.8760404e-02   2.1235032e-02   1.5676622e-02
   2.0800833e+03   2.8761742e-02   2.1222396e-02   1.5657235e-02
   2.0801667e+03   2.8765142e-02   2.1210890e-02   1.5638407e-02
   2.0802500e+03   2.8775774e-02   2.1203362e-02   1.5621526e-02
   2.0803333e+03   2.8789134e-02   2.1197320e-02   1.5605371e-02
   2.0804167e+03   2.8792210e-02   2.1185604e-02   1.5586453e-02
   2.0805000e+03   2.8781905e-02   2.1166527e-02   1.5563961e-02
   2.0805833e+03   2.8766962e-02   2.1144907e-02   1.5540247e-02
   2.0806667e+03   2.8756536e-02   2.1125772e-02   1.5517752e-02
   2.0807500e+03   2.8760836e-02   2.1114709e-02   1.5499179e-02
   2.0808333e+03   2.8774391e-02   2.1108703e-02   1.5483057e-02
   2.0809167e+03   2.8785500e-02   2.1101341e-02   1.5466280e-02
   2.0810000e+03   2.8790379e-02   2.1090560e-02   1.5447855e-02
   2.0810833e+03   2.8791974e-02   2.1077977e-02   1.5428567e-02
   2.0811667e+03   2.8795615e-02   2.1066503e-02   1.5409818e-02
   2.0812500e+03   2.8806402e-02   2.1058911e-02   1.5392939e-02
   2.0813333e+03   2.8819709e-02   2.1052675e-02   1.5376711e-02
   2.0814167e+03   2.8822465e-02   2.1040688e-02   1.5357729e-02
   2.0815000e+03   2.8811643e-02   2.1021323e-02   1.5335226e-02
   2.0815833e+03   2.8796125e-02   2.0999415e-02   1.5311522e-02
   2.0816667e+03   2.8785182e-02   2.0979993e-02   1.5289018e-02
   2.0817500e+03   2.8789183e-02   2.0968665e-02   1.5270383e-02
   2.0818333e+03   2.8802700e-02   2.0962474e-02   1.5254196e-02
   2.0819167e+03   2.8813953e-02   2.0955042e-02   1.5237420e-02
   2.0820000e+03   2.8819061e-02   2.0944278e-02   1.5219065e-02
   2.0820833e+03   2.8820911e-02   2.0931749e-02   1.5199879e-02
   2.0821667e+03   2.8824792e-02   2.0920306e-02   1.5181214e-02
   2.0822500e+03   2.8835730e-02   2.0912651e-02   1.5164342e-02
   2.0823333e+03   2.8848980e-02   2.0906222e-02   1.5148051e-02
   2.0824167e+03   2.8851409e-02   2.0893968e-02   1.5129018e-02
   2.0825000e+03   2.8840064e-02   2.0874322e-02   1.5106517e-02
   2.0825833e+03   2.8823966e-02   2.0852134e-02   1.5082835e-02
   2.0826667e+03   2.8812499e-02   2.0832433e-02   1.5060335e-02
   2.0827500e+03   2.8816195e-02   2.0820845e-02   1.5041647e-02
   2.0828333e+03   2.8829669e-02   2.0814471e-02   1.5025405e-02
   2.0829167e+03   2.8841062e-02   2.0806969e-02   1.5008636e-02
   2.0830000e+03   2.8846397e-02   2.0796222e-02   1.4990356e-02
   2.0830833e+03   2.8848501e-02   2.0783746e-02   1.4971276e-02
   2.0831667e+03   2.8852620e-02   2.0772335e-02   1.4952699e-02
   2.0832500e+03   2.8863705e-02   2.0764616e-02   1.4935841e-02
   2.0833333e+03   2.8876894e-02   2.0757998e-02   1.4919496e-02
   2.0834167e+03   2.8878990e-02   2.0745483e-02   1.4900423e-02
   2.0835000e+03   2.8867115e-02   2.0725563e-02   1.4877935e-02
   2.0835833e+03   2.8850430e-02   2.0703102e-02   1.4854288e-02
   2.0836667e+03   2.8838432e-02   2.0683129e-02   1.4831803e-02
   2.0837500e+03   2.8841818e-02   2.0671285e-02   1.4813076e-02
   2.0838333e+03   2.8855245e-02   2.0664731e-02   1.4796786e-02
   2.0839167e+03   2.8866775e-02   2.0657160e-02   1.4780031e-02
   2.0840000e+03   2.8872333e-02   2.0646430e-02   1.4761831e-02
   2.0840833e+03   2.8874689e-02   2.0634006e-02   1.4742861e-02
   2.0841667e+03   2.8879045e-02   2.0622626e-02   1.4724375e-02
   2.0842500e+03   2.8890274e-02   2.0614845e-02   1.4707538e-02
   2.0843333e+03   2.8903396e-02   2.0608040e-02   1.4691148e-02
   2.0844167e+03   2.8905154e-02   2.0595268e-02   1.4672046e-02
   2.0845000e+03   2.8892743e-02   2.0575081e-02   1.4649583e-02
   2.0845833e+03   2.8875464e-02   2.0552356e-02   1.4625983e-02
   2.0846667e+03   2.8862929e-02   2.0532118e-02   1.4603527e-02
   2.0847500e+03   2.8865999e-02   2.0520024e-02   1.4584770e-02
   2.0848333e+03   2.8879373e-02   2.0513291e-02   1.4568442e-02
   2.0849167e+03   2.8891036e-02   2.0505651e-02   1.4551707e-02
   2.0850000e+03   2.8896817e-02   2.0494938e-02   1.4533590e-02
   2.0850833e+03   2.8899424e-02   2.0482567e-02   1.4514734e-02
   2.0851667e+03   2.8904013e-02   2.0471218e-02   1.4496345e-02
   2.0852500e+03   2.8915384e-02   2.0463375e-02   1.4479533e-02
   2.0853333e+03   2.8928434e-02   2.0456386e-02   1.4463107e-02
   2.0854167e+03   2.8929846e-02   2.0443363e-02   1.4443987e-02
   2.0855000e+03   2.8916893e-02   2.0422916e-02   1.4421562e-02
   2.0855833e+03   2.8899014e-02   2.0399935e-02   1.4398021e-02
   2.0856667e+03   2.8885937e-02   2.0379438e-02   1.4375604e-02
   2.0857500e+03   2.8888684e-02   2.0367099e-02   1.4356829e-02
   2.0858333e+03   2.8902000e-02   2.0360190e-02   1.4340472e-02
   2.0859167e+03   2.8913794e-02   2.0352483e-02   1.4323763e-02
   2.0860000e+03   2.8919795e-02   2.0341787e-02   1.4305735e-02
   2.0860833e+03   2.8922649e-02   2.0329468e-02   1.4286996e-02
   2.0861667e+03   2.8927470e-02   2.0318150e-02   1.4268706e-02
   2.0862500e+03   2.8938979e-02   2.0310245e-02   1.4251927e-02
   2.0863333e+03   2.8951952e-02   2.0303075e-02   1.4235474e-02
   2.0864167e+03   2.8953014e-02   2.0289807e-02   1.4216347e-02
   2.0865000e+03   2.8939512e-02   2.0269108e-02   1.4193970e-02
   2.0865833e+03   2.8921027e-02   2.0245877e-02   1.4170501e-02
   2.0866667e+03   2.8907400e-02   2.0225130e-02   1.4148135e-02
   2.0867500e+03   2.8909819e-02   2.0212550e-02   1.4129351e-02
   2.0868333e+03   2.8923072e-02   2.0205469e-02   1.4112973e-02
   2.0869167e+03   2.8934993e-02   2.0197695e-02   1.4096297e-02
   2.0870000e+03   2.8941212e-02   2.0187016e-02   1.4078361e-02
   2.0870833e+03   2.8944313e-02   2.0174749e-02   1.4059743e-02
   2.0871667e+03   2.8949363e-02   2.0163462e-02   1.4041558e-02
   2.0872500e+03   2.8961006e-02   2.0155497e-02   1.4024817e-02
   2.0873333e+03   2.8973897e-02   2.0148147e-02   1.4008345e-02
   2.0874167e+03   2.8974602e-02   2.0134639e-02   1.3989222e-02
   2.0875000e+03   2.8960545e-02   2.0113695e-02   1.3966905e-02
   2.0875833e+03   2.8941449e-02   2.0090224e-02   1.3943518e-02
   2.0876667e+03   2.8927266e-02   2.0069233e-02   1.3921215e-02
   2.0877500e+03   2.8929351e-02   2.0056419e-02   1.3902434e-02
   2.0878333e+03   2.8942536e-02   2.0049167e-02   1.3886044e-02
   2.0879167e+03   2.8954580e-02   2.0041327e-02   1.3869405e-02
   2.0880000e+03   2.8961014e-02   2.0030665e-02   1.3851567e-02
   2.0880833e+03   2.8964359e-02   2.0018450e-02   1.3833073e-02
   2.0881667e+03   2.8969637e-02   2.0007194e-02   1.3814996e-02
   2.0882500e+03   2.8981410e-02   1.9999169e-02   1.3798299e-02
   2.0883333e+03   2.8994215e-02   1.9991643e-02   1.3781818e-02
   2.0884167e+03   2.8994557e-02   1.9977901e-02   1.3762708e-02
   2.0885000e+03   2.8979939e-02   1.9956719e-02   1.3740463e-02
   2.0885833e+03   2.8960224e-02   1.9933016e-02   1.3717169e-02
   2.0886667e+03   2.8945480e-02   1.9911790e-02   1.3694939e-02
   2.0887500e+03   2.8947225e-02   1.9898746e-02   1.3676171e-02
   2.0888333e+03   2.8960338e-02   1.9891326e-02   1.3659777e-02
   2.0889167e+03   2.8972501e-02   1.9883421e-02   1.3643183e-02
   2.0890000e+03   2.8979147e-02   1.9872777e-02   1.3625446e-02
   2.0890833e+03   2.8982735e-02   1.9860614e-02   1.3607080e-02
   2.0891667e+03   2.8988237e-02   1.9849388e-02   1.3589114e-02
   2.0892500e+03   2.9000138e-02   1.9841304e-02   1.3572467e-02
   2.0893333e+03   2.9012850e-02   1.9833605e-02   1.3555985e-02
   2.0894167e+03   2.9012823e-02   1.9819635e-02   1.3536900e-02
   2.0895000e+03   2.8997638e-02   1.9798223e-02   1.3514737e-02
   2.0895833e+03   2.8977300e-02   1.9774295e-02   1.3491547e-02
   2.0896667e+03   2.8961989e-02   1.9752841e-02   1.3469401e-02
   2.0897500e+03   2.8963387e-02   1.9739573e-02   1.3450656e-02
   2.0898333e+03   2.8976422e-02   1.9731988e-02   1.3434266e-02
   2.0899167e+03   2.8988701e-02   1.9724020e-02   1.3417723e-02
   2.0900000e+03   2.8995557e-02   1.9713392e-02   1.3400090e-02
   2.0900833e+03   2.8999385e-02   1.9701281e-02   1.3381856e-02
   2.0901667e+03   2.9005110e-02   1.9690086e-02   1.3364006e-02
   2.0902500e+03   2.9017134e-02   1.9681945e-02   1.3347415e-02
   2.0903333e+03   2.9029749e-02   1.9674076e-02   1.3330940e-02
   2.0904167e+03   2.9029347e-02   1.9659882e-02   1.3311889e-02
   2.0905000e+03   2.9013589e-02   1.9638248e-02   1.3289818e-02
   2.0905833e+03   2.8992621e-02   1.9614104e-02   1.3266744e-02
   2.0906667e+03   2.8976737e-02   1.9592430e-02   1.3244692e-02
   2.0907500e+03   2.8977784e-02   1.9578943e-02   1.3225980e-02
   2.0908333e+03   2.8990736e-02   1.9571197e-02   1.3209603e-02
   2.0909167e+03   2.9003127e-02   1.9563165e-02   1.3193115e-02
   2.0910000e+03   2.9010190e-02   1.9552555e-02   1.3175592e-02
   2.0910833e+03   2.9014256e-02   1.9540496e-02   1.3157492e-02
   2.0911667e+03   2.9020200e-02   1.9529332e-02   1.3139762e-02
   2.0912500e+03   2.9032344e-02   1.9521134e-02   1.3123232e-02
   2.0913333e+03   2.9044856e-02   1.9513098e-02   1.3106772e-02
   2.0914167e+03   2.9044074e-02   1.9498687e-02   1.3087765e-02
   2.0915000e+03   2.9027738e-02   1.9476839e-02   1.3065798e-02
   2.0915833e+03   2.9006134e-02   1.9452486e-02   1.3042848e-02
   2.0916667e+03   2.8989671e-02   1.9430600e-02   1.3020901e-02
   2.0917500e+03   2.8990360e-02   1.9416900e-02   1.3002231e-02
   2.0918333e+03   2.9003224e-02   1.9408995e-02   1.2985874e-02
   2.0919167e+03   2.9015723e-02   1.9400902e-02   1.2969449e-02
   2.0920000e+03   2.9022990e-02   1.9390310e-02   1.2952039e-02
   2.0920833e+03   2.9027292e-02   1.9378302e-02   1.2934077e-02
   2.0921667e+03   2.9033454e-02   1.9367169e-02   1.2916470e-02
   2.0922500e+03   2.9045714e-02   1.9358915e-02   1.2900007e-02
   2.0923333e+03   2.9058118e-02   1.9350716e-02   1.2883570e-02
   2.0924167e+03   2.9056949e-02   1.9336094e-02   1.2864618e-02
   2.0925000e+03   2.9040029e-02   1.9314039e-02   1.2842762e-02
   2.0925833e+03   2.9017784e-02   1.9289486e-02   1.2819948e-02
   2.0926667e+03   2.9000736e-02   1.9267395e-02   1.2798115e-02
   2.0927500e+03   2.9001062e-02   1.9253489e-02   1.2779497e-02
   2.0928333e+03   2.9013833e-02   1.9245428e-02   1.2763169e-02
   2.0929167e+03   2.9026435e-02   1.9237274e-02   1.2746810e-02
   2.0930000e+03   2.9033904e-02   1.9226700e-02   1.2729517e-02
   2.0930833e+03   2.9038440e-02   1.9214744e-02   1.2711697e-02
   2.0931667e+03   2.9044817e-02   1.9203643e-02   1.2694217e-02
   2.0932500e+03   2.9057188e-02   1.9195334e-02   1.2677826e-02
   2.0933333e+03   2.9069479e-02   1.9186975e-02   1.2661421e-02
   2.0934167e+03   2.9067918e-02   1.9172147e-02   1.2642531e-02
   2.0935000e+03   2.9050408e-02   1.9149893e-02   1.2620798e-02
   2.0935833e+03   2.9027517e-02   1.9125150e-02   1.2598128e-02
   2.0936667e+03   2.9009879e-02   1.9102862e-02   1.2576420e-02
   2.0937500e+03   2.9009836e-02   1.9088754e-02   1.2557862e-02
   2.0938333e+03   2.9022508e-02   1.9080540e-02   1.2541570e-02
   2.0939167e+03   2.9035210e-02   1.9072327e-02   1.2525284e-02
   2.0940000e+03   2.9042878e-02   1.9061772e-02   1.2508112e-02
   2.0940833e+03   2.9047644e-02   1.9049867e-02   1.2490436e-02
   2.0941667e+03   2.9054233e-02   1.9038797e-02   1.2473087e-02
   2.0942500e+03   2.9066713e-02   1.9030436e-02   1.2456773e-02
   2.0943333e+03   2.9078884e-02   1.9021919e-02   1.2440407e-02
   2.0944167e+03   2.9076926e-02   1.9006892e-02   1.2421590e-02
   2.0945000e+03   2.9058820e-02   1.8984448e-02   1.2399989e-02
   2.0945833e+03   2.9035278e-02   1.8959521e-02   1.2377472e-02
   2.0946667e+03   2.9017045e-02   1.8937044e-02   1.2355897e-02
   2.0947500e+03   2.9016627e-02   1.8922741e-02   1.2337410e-02
   2.0948333e+03   2.9029195e-02   1.8914378e-02   1.2321161e-02
   2.0949167e+03   2.9041993e-02   1.8906107e-02   1.2304953e-02
   2.0950000e+03   2.9049856e-02   1.8895570e-02   1.2287906e-02
   2.0950833e+03   2.9054851e-02   1.8883717e-02   1.2270378e-02
   2.0951667e+03   2.9061649e-02   1.8872679e-02   1.2253162e-02
   2.0952500e+03   2.9074233e-02   1.8864266e-02   1.2236931e-02
   2.0953333e+03   2.9086280e-02   1.8855595e-02   1.2220612e-02
   2.0954167e+03   2.9083918e-02   1.8840375e-02   1.2201875e-02
   2.0955000e+03   2.9065212e-02   1.8817748e-02   1.2180415e-02
   2.0955833e+03   2.9041013e-02   1.8792647e-02   1.2158061e-02
   2.0956667e+03   2.9022179e-02   1.8769989e-02   1.2136629e-02
   2.0957500e+03   2.9021381e-02   1.8755496e-02   1.2118220e-02
   2.0958333e+03   2.9033840e-02   1.8746987e-02   1.2102022e-02
   2.0959167e+03   2.9046730e-02   1.8738659e-02   1.2085898e-02
   2.0960000e+03   2.9054785e-02   1.8728142e-02   1.2068979e-02
   2.0960833e+03   2.9060007e-02   1.8716341e-02   1.2051601e-02
   2.0961667e+03   2.9067011e-02   1.8705336e-02   1.2034523e-02
   2.0962500e+03   2.9079694e-02   1.8696871e-02   1.2018379e-02
   2.0963333e+03   2.9091612e-02   1.8688051e-02   1.2002114e-02
   2.0964167e+03   2.9088841e-02   1.8672643e-02   1.1983467e-02
   2.0965000e+03   2.9069529e-02   1.8649842e-02   1.1962156e-02
   2.0965833e+03   2.9044668e-02   1.8624575e-02   1.1939974e-02
   2.0966667e+03   2.9025229e-02   1.8601744e-02   1.1918693e-02
   2.0967500e+03   2.9024045e-02   1.8587067e-02   1.1900371e-02
   2.0968333e+03   2.9036389e-02   1.8578415e-02   1.1884231e-02
   2.0969167e+03   2.9049366e-02   1.8570033e-02   1.1868195e-02
   2.0970000e+03   2.9057611e-02   1.8559535e-02   1.1851408e-02
   2.0970833e+03   2.9063056e-02   1.8547786e-02   1.1834183e-02
   2.0971667e+03   2.9070263e-02   1.8536813e-02   1.1817245e-02
   2.0972500e+03   2.9083042e-02   1.8528299e-02   1.1801195e-02
   2.0973333e+03   2.9094826e-02   1.8519332e-02   1.1784991e-02
   2.0974167e+03   2.9091640e-02   1.8503744e-02   1.1766442e-02
   2.0975000e+03   2.9071717e-02   1.8480775e-02   1.1745289e-02
   2.0975833e+03   2.9046190e-02   1.8455351e-02   1.1723286e-02
   2.0976667e+03   2.9026140e-02   1.8432356e-02   1.1702164e-02
   2.0977500e+03   2.9024564e-02   1.8417501e-02   1.1683938e-02
   2.0978333e+03   2.9036789e-02   1.8408710e-02   1.1667863e-02
   2.0979167e+03   2.9049849e-02   1.8400274e-02   1.1651920e-02
   2.0980000e+03   2.9058280e-02   1.8389796e-02   1.1635269e-02
   2.0980833e+03   2.9063945e-02   1.8378100e-02   1.1618200e-02
   2.0981667e+03   2.9071353e-02   1.8367159e-02   1.1601406e-02
   2.0982500e+03   2.9084224e-02   1.8358597e-02   1.1585454e-02
   2.0983333e+03   2.9095867e-02   1.8349488e-02   1.1569318e-02
   2.0984167e+03   2.9092261e-02   1.8333725e-02   1.1550875e-02
   2.0985000e+03   2.9071722e-02   1.8310598e-02   1.1529888e-02
   2.0985833e+03   2.9045524e-02   1.8285025e-02   1.1508073e-02
   2.0986667e+03   2.9024858e-02   1.8261873e-02   1.1487118e-02
   2.0987500e+03   2.9022886e-02   1.8246846e-02   1.1468995e-02
   2.0988333e+03   2.9034986e-02   1.8237920e-02   1.1452991e-02
   2.0989167e+03   2.9048124e-02   1.8229431e-02   1.1437148e-02
   2.0990000e+03   2.9056738e-02   1.8218974e-02   1.1420635e-02
   2.0990833e+03   2.9062621e-02   1.8207330e-02   1.1403725e-02
   2.0991667e+03   2.9070226e-02   1.8196423e-02   1.1387078e-02
   2.0992500e+03   2.9083184e-02   1.8187814e-02   1.1371228e-02
   2.0993333e+03   2.9094681e-02   1.8178566e-02   1.1355167e-02
   2.0994167e+03   2.9090650e-02   1.8162635e-02   1.1336838e-02
   2.0995000e+03   2.9069490e-02   1.8139357e-02   1.1316025e-02
   2.0995833e+03   2.9042617e-02   1.8113644e-02   1.1294405e-02
   2.0996667e+03   2.9021331e-02   1.8090344e-02   1.1273625e-02
   2.0997500e+03   2.9018956e-02   1.8075151e-02   1.1255613e-02
   2.0998333e+03   2.9030926e-02   1.8066092e-02   1.1239688e-02
   2.0999167e+03   2.9044138e-02   1.8057553e-02   1.1223947e-02
   2.1000000e+03   2.9052932e-02   1.8047118e-02   1.1207577e-02
   2.1000833e+03   2.9059030e-02   1.8035526e-02   1.1190827e-02
   2.1001667e+03   2.9066829e-02   1.8024653e-02   1.1174330e-02
   2.1002500e+03   2.9079869e-02   1.8015999e-02   1.1158587e-02
   2.1003333e+03   2.9091216e-02   1.8006615e-02   1.1142609e-02
   2.1004167e+03   2.9086753e-02   1.7990522e-02   1.1124401e-02
   2.1005000e+03   2.9064969e-02   1.7967102e-02   1.1103769e-02
   2.1005833e+03   2.9037416e-02   1.7941258e-02   1.1082352e-02
   2.1006667e+03   2.9015505e-02   1.7917817e-02   1.1061755e-02
   2.1007500e+03   2.9012723e-02   1.7902465e-02   1.1043860e-02
   2.1008333e+03   2.9024557e-02   1.7893277e-02   1.1028020e-02
   2.1009167e+03   2.9037839e-02   1.7884689e-02   1.1012388e-02
