   2.0000000e+03   1.0000000e+00   1.0000000e+00   1.0000000e+00
   2.0000833e+03   1.0000000e+00   1.0000000e+00   1.0000000e+00
   2.0001667e+03   1.0000000e+00   1.0000000e+00   1.0000000e+00
   2.0002500e+03   1.0000000e+00   1.0000000e+00   1.0000000e+00
   2.0003333e+03   1.0000000e+00   1.0000000e+00   1.0000000e+00
   2.0004167e+03   1.0000000e+00   1.0000000e+00   1.0000000e+00
   2.0005000e+03   1.0000000e+00   1.0000000e+00   1.0000000e+00
   2.0005833e+03   1.0000000e+00   1.0000000e+00   1.0000000e+00
   2.0006667e+03   1.0000000e+00   1.0000000e+00   1.0000000e+00
   2.0007500e+03   1.0000000e+00   1.0000000e+00   1.0000000e+00
   2.0008333e+03   1.0000000e+00   1.0000000e+00   1.0000000e+00
   2.0009167e+03   1.0000000e+00   1.0000000e+00   1.0000000e+00
   2.0010000e+03   9.9997468e-01   9.9997426e-01   9.9997383e-01
   2.0010833e+03   9.9988918e-01   9.9988793e-01   9.9988669e-01
   2.0011667e+03   9.9979460e-01   9.9979213e-01   9.9978965e-01
   2.0012500e+03   9.9973793e-01   9.9973379e-01   9.9972965e-01
   2.0013333e+03   9.9976017e-01   9.9975389e-01   9.9974760e-01
   2.0014167e+03   9.9982111e-01   9.9981222e-01   9.9980332e-01
   2.0015000e+03   9.9988026e-01   9.9986833e-01   9.9985639e-01
   2.0015833e+03   9.9990807e-01   9.9989271e-01   9.9987734e-01
   2.0016667e+03   9.9990441e-01   9.9988523e-01   9.9986606e-01
   2.0017500e+03   9.9991115e-01   9.9988773e-01   9.9986432e-01
   2.0018333e+03   9.9996821e-01   9.9994004e-01   9.9991187e-01
   2.0019167e+03   1.0000084e+00   9.9997510e-01   9.9994178e-01
   2.0020000e+03   9.9998562e-01   9.9994687e-01   9.9990812e-01
   2.0020833e+03   9.9990337e-01   9.9985892e-01   9.9981447e-01
   2.0021667e+03   9.9981214e-01   9.9976161e-01   9.9971108e-01
   2.0022500e+03   9.9975840e-01   9.9970128e-01   9.9964417e-01
   2.0023333e+03   9.9978235e-01   9.9971803e-01   9.9965371e-01
   2.0024167e+03   9.9984361e-01   9.9977155e-01   9.9969949e-01
   2.0025000e+03   9.9990224e-01   9.9982202e-01   9.9974181e-01
   2.0025833e+03   9.9992835e-01   9.9983967e-01   9.9975100e-01
   2.0026667e+03   9.9992235e-01   9.9982490e-01   9.9972747e-01
   2.0027500e+03   9.9992694e-01   9.9982029e-01   9.9971364e-01
   2.0028333e+03   9.9998334e-01   9.9986686e-01   9.9975040e-01
   2.0029167e+03   1.0000248e+00   9.9989817e-01   9.9977153e-01
   2.0030000e+03   1.0000045e+00   9.9986753e-01   9.9973056e-01
   2.0030833e+03   9.9992548e-01   9.9977803e-01   9.9963060e-01
   2.0031667e+03   9.9983756e-01   9.9967929e-01   9.9952105e-01
   2.0032500e+03   9.9978670e-01   9.9961705e-01   9.9944743e-01
   2.0033333e+03   9.9981233e-01   9.9963053e-01   9.9944876e-01
   2.0034167e+03   9.9987387e-01   9.9967932e-01   9.9948481e-01
   2.0035000e+03   9.9993194e-01   9.9972425e-01   9.9951660e-01
   2.0035833e+03   9.9995632e-01   9.9973527e-01   9.9951426e-01
   2.0036667e+03   9.9994793e-01   9.9971329e-01   9.9947870e-01
   2.0037500e+03   9.9995034e-01   9.9970165e-01   9.9945303e-01
   2.0038333e+03   1.0000060e+00   9.9974258e-01   9.9947920e-01
   2.0039167e+03   1.0000488e+00   9.9977022e-01   9.9949176e-01
   2.0040000e+03   1.0000309e+00   9.9973725e-01   9.9944369e-01
   2.0040833e+03   9.9995504e-01   9.9964628e-01   9.9933761e-01
   2.0041667e+03   9.9987039e-01   9.9954619e-01   9.9922210e-01
   2.0042500e+03   9.9982239e-01   9.9948212e-01   9.9914197e-01
   2.0043333e+03   9.9984967e-01   9.9949242e-01   9.9913529e-01
   2.0044167e+03   9.9991144e-01   9.9953657e-01   9.9916183e-01
   2.0045000e+03   9.9996890e-01   9.9957603e-01   9.9918331e-01
   2.0045833e+03   9.9999152e-01   9.9958051e-01   9.9916967e-01
   2.0046667e+03   9.9998070e-01   9.9955143e-01   9.9912233e-01
   2.0047500e+03   9.9998088e-01   9.9953286e-01   9.9908504e-01
   2.0048333e+03   1.0000358e+00   9.9956823e-01   9.9910086e-01
   2.0049167e+03   1.0000798e+00   9.9959229e-01   9.9910506e-01
   2.0050000e+03   1.0000643e+00   9.9955707e-01   9.9905009e-01
   2.0050833e+03   9.9999159e-01   9.9946471e-01   9.9893809e-01
   2.0051667e+03   9.9991019e-01   9.9936335e-01   9.9881680e-01
   2.0052500e+03   9.9986500e-01   9.9929753e-01   9.9873037e-01
   2.0053333e+03   9.9989389e-01   9.9930472e-01   9.9871590e-01
   2.0054167e+03   9.9995586e-01   9.9934432e-01   9.9873313e-01
   2.0055000e+03   1.0000127e+00   9.9937841e-01   9.9874453e-01
   2.0055833e+03   1.0000335e+00   9.9937645e-01   9.9871983e-01
   2.0056667e+03   1.0000202e+00   9.9934035e-01   9.9866094e-01
   2.0057500e+03   1.0000181e+00   9.9931495e-01   9.9861227e-01
   2.0058333e+03   1.0000723e+00   9.9934486e-01   9.9861796e-01
   2.0059167e+03   1.0001174e+00   9.9936541e-01   9.9861401e-01
   2.0060000e+03   1.0001043e+00   9.9932803e-01   9.9855235e-01
   2.0060833e+03   1.0000347e+00   9.9923435e-01   9.9843464e-01
   2.0061667e+03   9.9995649e-01   9.9913180e-01   9.9830778e-01
   2.0062500e+03   9.9991409e-01   9.9906431e-01   9.9821524e-01
   2.0063333e+03   9.9994455e-01   9.9906849e-01   9.9819319e-01
   2.0064167e+03   1.0000067e+00   9.9910362e-01   9.9820135e-01
   2.0065000e+03   1.0000628e+00   9.9913243e-01   9.9820289e-01
   2.0065833e+03   1.0000818e+00   9.9912412e-01   9.9816736e-01
   2.0066667e+03   1.0000660e+00   9.9908110e-01   9.9809717e-01
   2.0067500e+03   1.0000616e+00   9.9904896e-01   9.9803736e-01
   2.0068333e+03   1.0001149e+00   9.9907350e-01   9.9803316e-01
   2.0069167e+03   1.0001611e+00   9.9909064e-01   9.9802128e-01
   2.0070000e+03   1.0001504e+00   9.9905117e-01   9.9795313e-01
   2.0070833e+03   1.0000839e+00   9.9895626e-01   9.9782990e-01
   2.0071667e+03   1.0000088e+00   9.9885260e-01   9.9769768e-01
   2.0072500e+03   9.9996919e-01   9.9878352e-01   9.9759923e-01
   2.0073333e+03   1.0000012e+00   9.9878477e-01   9.9756981e-01
   2.0074167e+03   1.0000634e+00   9.9881552e-01   9.9756913e-01
   2.0075000e+03   1.0001189e+00   9.9883915e-01   9.9756105e-01
   2.0075833e+03   1.0001359e+00   9.9882458e-01   9.9751493e-01
   2.0076667e+03   1.0001176e+00   9.9877474e-01   9.9743367e-01
   2.0077500e+03   1.0001108e+00   9.9873596e-01   9.9736297e-01
   2.0078333e+03   1.0001633e+00   9.9875521e-01   9.9734911e-01
   2.0079167e+03   1.0002106e+00   9.9876903e-01   9.9732952e-01
   2.0080000e+03   1.0002022e+00   9.9872756e-01   9.9725510e-01
   2.0080833e+03   1.0001387e+00   9.9863150e-01   9.9712656e-01
   2.0081667e+03   1.0000668e+00   9.9852681e-01   9.9698918e-01
   2.0082500e+03   1.0000298e+00   9.9845622e-01   9.9688504e-01
   2.0083333e+03   1.0000633e+00   9.9845463e-01   9.9684847e-01
   2.0084167e+03   1.0001257e+00   9.9848109e-01   9.9683916e-01
   2.0085000e+03   1.0001803e+00   9.9849963e-01   9.9682169e-01
   2.0085833e+03   1.0001955e+00   9.9847889e-01   9.9676522e-01
   2.0086667e+03   1.0001745e+00   9.9842232e-01   9.9667316e-01
   2.0087500e+03   1.0001653e+00   9.9837700e-01   9.9659180e-01
   2.0088333e+03   1.0002169e+00   9.9839107e-01   9.9656851e-01
   2.0089167e+03   1.0002653e+00   9.9840165e-01   9.9654143e-01
   2.0090000e+03   1.0002591e+00   9.9835827e-01   9.9646096e-01
   2.0090833e+03   1.0001987e+00   9.9826113e-01   9.9632731e-01
   2.0091667e+03   1.0001299e+00   9.9815549e-01   9.9618498e-01
   2.0092500e+03   1.0000956e+00   9.9808348e-01   9.9607536e-01
   2.0093333e+03   1.0001305e+00   9.9807912e-01   9.9603186e-01
   2.0094167e+03   1.0001929e+00   9.9810139e-01   9.9601416e-01
   2.0095000e+03   1.0002468e+00   9.9811493e-01   9.9598754e-01
   2.0095833e+03   1.0002599e+00   9.9808813e-01   9.9592097e-01
   2.0096667e+03   1.0002364e+00   9.9802493e-01   9.9581833e-01
   2.0097500e+03   1.0002248e+00   9.9797316e-01   9.9572658e-01
   2.0098333e+03   1.0002754e+00   9.9798214e-01   9.9569410e-01
   2.0099167e+03   1.0003248e+00   9.9798957e-01   9.9565976e-01
   2.0100000e+03   1.0003209e+00   9.9794435e-01   9.9557344e-01
   2.0100833e+03   1.0002633e+00   9.9784623e-01   9.9543490e-01
   2.0101667e+03   1.0001976e+00   9.9773973e-01   9.9528783e-01
   2.0102500e+03   1.0001660e+00   9.9766637e-01   9.9517293e-01
   2.0103333e+03   1.0002024e+00   9.9765934e-01   9.9512273e-01
   2.0104167e+03   1.0002648e+00   9.9767751e-01   9.9509687e-01
   2.0105000e+03   1.0003178e+00   9.9768613e-01   9.9506133e-01
   2.0105833e+03   1.0003289e+00   9.9765337e-01   9.9498491e-01
   2.0106667e+03   1.0003026e+00   9.9758364e-01   9.9487195e-01
   2.0107500e+03   1.0002886e+00   9.9752553e-01   9.9477005e-01
   2.0108333e+03   1.0003382e+00   9.9752950e-01   9.9472862e-01
   2.0109167e+03   1.0003886e+00   9.9753387e-01   9.9468724e-01
   2.0110000e+03   1.0003868e+00   9.9748691e-01   9.9459529e-01
   2.0110833e+03   1.0003323e+00   9.9738788e-01   9.9445208e-01
   2.0111667e+03   1.0002696e+00   9.9728059e-01   9.9430047e-01
   2.0112500e+03   1.0002405e+00   9.9720598e-01   9.9418051e-01
   2.0113333e+03   1.0002783e+00   9.9719637e-01   9.9412383e-01
   2.0114167e+03   1.0003407e+00   9.9721051e-01   9.9409004e-01
   2.0115000e+03   1.0003928e+00   9.9721433e-01   9.9404583e-01
   2.0115833e+03   1.0004019e+00   9.9717569e-01   9.9395980e-01
   2.0116667e+03   1.0003729e+00   9.9709954e-01   9.9383678e-01
   2.0117500e+03   1.0003563e+00   9.9703517e-01   9.9372498e-01
   2.0118333e+03   1.0004049e+00   9.9703424e-01   9.9367484e-01
   2.0119167e+03   1.0004562e+00   9.9703564e-01   9.9362665e-01
   2.0120000e+03   1.0004567e+00   9.9698702e-01   9.9352929e-01
   2.0120833e+03   1.0004050e+00   9.9688717e-01   9.9338161e-01
   2.0121667e+03   1.0003453e+00   9.9677918e-01   9.9322568e-01
   2.0122500e+03   1.0003188e+00   9.9670339e-01   9.9310089e-01
   2.0123333e+03   1.0003579e+00   9.9669128e-01   9.9303794e-01
   2.0124167e+03   1.0004202e+00   9.9670151e-01   9.9299647e-01
   2.0125000e+03   1.0004715e+00   9.9670061e-01   9.9294383e-01
   2.0125833e+03   1.0004784e+00   9.9665620e-01   9.9284843e-01
   2.0126667e+03   1.0004467e+00   9.9657371e-01   9.9271561e-01
   2.0127500e+03   1.0004275e+00   9.9650319e-01   9.9259415e-01
   2.0128333e+03   1.0004750e+00   9.9649745e-01   9.9253555e-01
   2.0129167e+03   1.0005273e+00   9.9649597e-01   9.9248078e-01
   2.0130000e+03   1.0005298e+00   9.9644577e-01   9.9237824e-01
   2.0130833e+03   1.0004810e+00   9.9634519e-01   9.9222630e-01
   2.0131667e+03   1.0004243e+00   9.9623657e-01   9.9206626e-01
   2.0132500e+03   1.0004004e+00   9.9615969e-01   9.9193684e-01
   2.0133333e+03   1.0004408e+00   9.9614518e-01   9.9186787e-01
   2.0134167e+03   1.0005030e+00   9.9615158e-01   9.9181895e-01
   2.0135000e+03   1.0005532e+00   9.9614606e-01   9.9175811e-01
   2.0135833e+03   1.0005581e+00   9.9609597e-01   9.9165361e-01
   2.0136667e+03   1.0005235e+00   9.9600726e-01   9.9151123e-01
   2.0137500e+03   1.0005017e+00   9.9593069e-01   9.9138037e-01
   2.0138333e+03   1.0005481e+00   9.9592023e-01   9.9131355e-01
   2.0139167e+03   1.0006012e+00   9.9591596e-01   9.9125244e-01
   2.0140000e+03   1.0006059e+00   9.9586427e-01   9.9114493e-01
   2.0140833e+03   1.0005599e+00   9.9576303e-01   9.9098895e-01
   2.0141667e+03   1.0005061e+00   9.9565388e-01   9.9082502e-01
   2.0142500e+03   1.0004847e+00   9.9557600e-01   9.9069120e-01
   2.0143333e+03   1.0005264e+00   9.9555917e-01   9.9061642e-01
   2.0144167e+03   1.0005884e+00   9.9556183e-01   9.9056028e-01
   2.0145000e+03   1.0006377e+00   9.9555178e-01   9.9049150e-01
   2.0145833e+03   1.0006403e+00   9.9549612e-01   9.9037814e-01
   2.0146667e+03   1.0006029e+00   9.9540127e-01   9.9022646e-01
   2.0147500e+03   1.0005785e+00   9.9531875e-01   9.9008646e-01
   2.0148333e+03   1.0006238e+00   9.9530368e-01   9.9001167e-01
   2.0149167e+03   1.0006777e+00   9.9529670e-01   9.8994444e-01
   2.0150000e+03   1.0006844e+00   9.9524362e-01   9.8983218e-01
   2.0150833e+03   1.0006412e+00   9.9514180e-01   9.8967238e-01
   2.0151667e+03   1.0005903e+00   9.9503220e-01   9.8950477e-01
   2.0152500e+03   1.0005713e+00   9.9495340e-01   9.8936676e-01
   2.0153333e+03   1.0006143e+00   9.9493434e-01   9.8928641e-01
   2.0154167e+03   1.0006761e+00   9.9493337e-01   9.8922331e-01
   2.0155000e+03   1.0007244e+00   9.9491888e-01   9.8914683e-01
   2.0155833e+03   1.0007248e+00   9.9485775e-01   9.8902486e-01
   2.0156667e+03   1.0006845e+00   9.9475687e-01   9.8886413e-01
   2.0157500e+03   1.0006573e+00   9.9466849e-01   9.8871524e-01
   2.0158333e+03   1.0007014e+00   9.9464890e-01   9.8863272e-01
   2.0159167e+03   1.0007561e+00   9.9463931e-01   9.8855961e-01
   2.0160000e+03   1.0007649e+00   9.9458491e-01   9.8844283e-01
   2.0160833e+03   1.0007245e+00   9.9448261e-01   9.8827943e-01
   2.0161667e+03   1.0006764e+00   9.9437265e-01   9.8810836e-01
   2.0162500e+03   1.0006599e+00   9.9429301e-01   9.8796638e-01
   2.0163333e+03   1.0007040e+00   9.9427182e-01   9.8788069e-01
   2.0164167e+03   1.0007656e+00   9.9426729e-01   9.8781085e-01
   2.0165000e+03   1.0008128e+00   9.9424847e-01   9.8772692e-01
   2.0165833e+03   1.0008109e+00   9.9418196e-01   9.8759660e-01
   2.0166667e+03   1.0007677e+00   9.9407515e-01   9.8742707e-01
   2.0167500e+03   1.0007378e+00   9.9398102e-01   9.8726955e-01
   2.0168333e+03   1.0007807e+00   9.9395700e-01   9.8717955e-01
   2.0169167e+03   1.0008361e+00   9.9394490e-01   9.8710079e-01
   2.0170000e+03   1.0008469e+00   9.9388927e-01   9.8697972e-01
   2.0170833e+03   1.0008092e+00   9.9378657e-01   9.8681293e-01
   2.0171667e+03   1.0007639e+00   9.9367632e-01   9.8663861e-01
   2.0172500e+03   1.0007498e+00   9.9359594e-01   9.8649289e-01
   2.0173333e+03   1.0007951e+00   9.9357269e-01   9.8640208e-01
   2.0174167e+03   1.0008565e+00   9.9356472e-01   9.8632575e-01
   2.0175000e+03   1.0009025e+00   9.9354166e-01   9.8623461e-01
   2.0175833e+03   1.0008983e+00   9.9346986e-01   9.8609619e-01
   2.0176667e+03   1.0008521e+00   9.9335722e-01   9.8591813e-01
   2.0177500e+03   1.0008194e+00   9.9325744e-01   9.8575223e-01
   2.0178333e+03   1.0008610e+00   9.9322910e-01   9.8565499e-01
   2.0179167e+03   1.0009172e+00   9.9321457e-01   9.8557082e-01
   2.0180000e+03   1.0009299e+00   9.9315780e-01   9.8544568e-01
   2.0180833e+03   1.0008949e+00   9.9305478e-01   9.8527572e-01
   2.0181667e+03   1.0008524e+00   9.9294434e-01   9.8509837e-01
   2.0182500e+03   1.0008407e+00   9.9286329e-01   9.8494913e-01
   2.0183333e+03   1.0008871e+00   9.9283809e-01   9.8485344e-01
   2.0184167e+03   1.0009481e+00   9.9282676e-01   9.8477086e-01
   2.0185000e+03   1.0009930e+00   9.9279956e-01   9.8467276e-01
   2.0185833e+03   1.0009865e+00   9.9272258e-01   9.8452649e-01
   2.0186667e+03   1.0009372e+00   9.9260421e-01   9.8434015e-01
   2.0187500e+03   1.0009017e+00   9.9249887e-01   9.8416613e-01
   2.0188333e+03   1.0009420e+00   9.9246630e-01   9.8406190e-01
   2.0189167e+03   1.0009989e+00   9.9244943e-01   9.8397255e-01
   2.0190000e+03   1.0010135e+00   9.9239162e-01   9.8384356e-01
   2.0190833e+03   1.0009811e+00   9.9228837e-01   9.8367065e-01
   2.0191667e+03   1.0009414e+00   9.9217781e-01   9.8349050e-01
   2.0192500e+03   1.0009320e+00   9.9209619e-01   9.8333795e-01
   2.0193333e+03   1.0009795e+00   9.9206912e-01   9.8323761e-01
   2.0194167e+03   1.0010402e+00   9.9205453e-01   9.8314903e-01
   2.0195000e+03   1.0010839e+00   9.9202328e-01   9.8304421e-01
   2.0195833e+03   1.0010750e+00   9.9194122e-01   9.8289034e-01
   2.0196667e+03   1.0010226e+00   9.9181722e-01   9.8269597e-01
   2.0197500e+03   1.0009843e+00   9.9170643e-01   9.8251408e-01
   2.0198333e+03   1.0010232e+00   9.9166972e-01   9.8240312e-01
   2.0199167e+03   1.0010808e+00   9.9165062e-01   9.8230882e-01
   2.0200000e+03   1.0010972e+00   9.9159184e-01   9.8217621e-01
   2.0200833e+03   1.0010675e+00   9.9148844e-01   9.8200057e-01
   2.0201667e+03   1.0010305e+00   9.9137785e-01   9.8181783e-01
   2.0202500e+03   1.0010233e+00   9.9129575e-01   9.8166220e-01
   2.0203333e+03   1.0010719e+00   9.9126691e-01   9.8155745e-01
   2.0204167e+03   1.0011322e+00   9.9124914e-01   9.8146310e-01
   2.0205000e+03   1.0011747e+00   9.9121395e-01   9.8135181e-01
   2.0205833e+03   1.0011633e+00   9.9112690e-01   9.8119059e-01
   2.0206667e+03   1.0011079e+00   9.9099737e-01   9.8098845e-01
   2.0207500e+03   1.0010666e+00   9.9088123e-01   9.8079895e-01
   2.0208333e+03   1.0011042e+00   9.9084049e-01   9.8068149e-01
   2.0209167e+03   1.0011623e+00   9.9081923e-01   9.8058248e-01
   2.0210000e+03   1.0011806e+00   9.9075958e-01   9.8044648e-01
   2.0210833e+03   1.0011534e+00   9.9065612e-01   9.8026833e-01
   2.0211667e+03   1.0011191e+00   9.9054559e-01   9.8008321e-01
   2.0212500e+03   1.0011142e+00   9.9046309e-01   9.7992472e-01
   2.0213333e+03   1.0011638e+00   9.9043256e-01   9.7981578e-01
   2.0214167e+03   1.0012237e+00   9.9041172e-01   9.7971591e-01
   2.0215000e+03   1.0012648e+00   9.9037268e-01   9.7959840e-01
   2.0215833e+03   1.0012510e+00   9.9028075e-01   9.7943009e-01
   2.0216667e+03   1.0011924e+00   9.9014579e-01   9.7922043e-01
   2.0217500e+03   1.0011482e+00   9.9002439e-01   9.7902356e-01
   2.0218333e+03   1.0011843e+00   9.8997971e-01   9.7889986e-01
   2.0219167e+03   1.0012430e+00   9.8995639e-01   9.7879638e-01
   2.0220000e+03   1.0012631e+00   9.8989595e-01   9.7865721e-01
   2.0220833e+03   1.0012385e+00   9.8979253e-01   9.7847677e-01
   2.0221667e+03   1.0012068e+00   9.8968214e-01   9.7828949e-01
   2.0222500e+03   1.0012041e+00   9.8959932e-01   9.7812836e-01
   2.0223333e+03   1.0012547e+00   9.8956720e-01   9.7801547e-01
   2.0224167e+03   1.0013142e+00   9.8954339e-01   9.7791032e-01
   2.0225000e+03   1.0013540e+00   9.8950058e-01   9.7778683e-01
   2.0225833e+03   1.0013376e+00   9.8940387e-01   9.7761168e-01
   2.0226667e+03   1.0012758e+00   9.8926358e-01   9.7739475e-01
   2.0227500e+03   1.0012286e+00   9.8913703e-01   9.7719077e-01
   2.0228333e+03   1.0012633e+00   9.8908850e-01   9.7706107e-01
   2.0229167e+03   1.0013225e+00   9.8906322e-01   9.7695336e-01
   2.0230000e+03   1.0013443e+00   9.8900209e-01   9.7681124e-01
   2.0230833e+03   1.0013222e+00   9.8889877e-01   9.7662872e-01
   2.0231667e+03   1.0012932e+00   9.8878861e-01   9.7643950e-01
   2.0232500e+03   1.0012927e+00   9.8870557e-01   9.7627596e-01
   2.0233333e+03   1.0013442e+00   9.8867195e-01   9.7615935e-01
   2.0234167e+03   1.0014031e+00   9.8864525e-01   9.7604915e-01
   2.0235000e+03   1.0014416e+00   9.8859879e-01   9.7591993e-01
   2.0235833e+03   1.0014226e+00   9.8849739e-01   9.7573819e-01
   2.0236667e+03   1.0013576e+00   9.8835187e-01   9.7551425e-01
   2.0237500e+03   1.0013074e+00   9.8822026e-01   9.7530340e-01
   2.0238333e+03   1.0013405e+00   9.8816799e-01   9.7516795e-01
   2.0239167e+03   1.0014002e+00   9.8814084e-01   9.7505623e-01
   2.0240000e+03   1.0014238e+00   9.8807909e-01   9.7491140e-01
   2.0240833e+03   1.0014042e+00   9.8797598e-01   9.7472702e-01
   2.0241667e+03   1.0013777e+00   9.8786613e-01   9.7453608e-01
   2.0242500e+03   1.0013793e+00   9.8778295e-01   9.7437034e-01
   2.0243333e+03   1.0014317e+00   9.8774792e-01   9.7425024e-01
   2.0244167e+03   1.0014902e+00   9.8771843e-01   9.7413524e-01
   2.0245000e+03   1.0015272e+00   9.8766841e-01   9.7400054e-01
   2.0245833e+03   1.0015057e+00   9.8756242e-01   9.7381245e-01
   2.0246667e+03   1.0014374e+00   9.8741177e-01   9.7358174e-01
   2.0247500e+03   1.0013840e+00   9.8727520e-01   9.7336428e-01
   2.0248333e+03   1.0014156e+00   9.8721929e-01   9.7322332e-01
   2.0249167e+03   1.0014758e+00   9.8719035e-01   9.7310784e-01
   2.0250000e+03   1.0015011e+00   9.8712809e-01   9.7296051e-01
   2.0250833e+03   1.0014839e+00   9.8702524e-01   9.7277448e-01
   2.0251667e+03   1.0014599e+00   9.8691577e-01   9.7258201e-01
   2.0252500e+03   1.0014636e+00   9.8683251e-01   9.7241429e-01
   2.0253333e+03   1.0015168e+00   9.8679617e-01   9.7229096e-01
   2.0254167e+03   1.0015747e+00   9.8676404e-01   9.7217148e-01
   2.0255000e+03   1.0016103e+00   9.8671066e-01   9.7203168e-01
   2.0255833e+03   1.0015863e+00   9.8660037e-01   9.7183774e-01
   2.0256667e+03   1.0015148e+00   9.8644493e-01   9.7160083e-01
   2.0257500e+03   1.0014586e+00   9.8630379e-01   9.7137738e-01
   2.0258333e+03   1.0014887e+00   9.8624455e-01   9.7123150e-01
   2.0259167e+03   1.0015492e+00   9.8621406e-01   9.7111275e-01
   2.0260000e+03   1.0015760e+00   9.8615141e-01   9.7096338e-01
   2.0260833e+03   1.0015610e+00   9.8604895e-01   9.7077614e-01
   2.0261667e+03   1.0015393e+00   9.8594000e-01   9.7058265e-01
   2.0262500e+03   1.0015450e+00   9.8585687e-01   9.7041352e-01
   2.0263333e+03   1.0015990e+00   9.8581952e-01   9.7028767e-01
   2.0264167e+03   1.0016562e+00   9.8578517e-01   9.7016455e-01
   2.0265000e+03   1.0016906e+00   9.8572888e-01   9.7002053e-01
   2.0265833e+03   1.0016640e+00   9.8561476e-01   9.6982164e-01
   2.0266667e+03   1.0015895e+00   9.8545504e-01   9.6957946e-01
   2.0267500e+03   1.0015303e+00   9.8530979e-01   9.6935092e-01
   2.0268333e+03   1.0015589e+00   9.8524769e-01   9.6920103e-01
   2.0269167e+03   1.0016198e+00   9.8521606e-01   9.6907990e-01
   2.0270000e+03   1.0016481e+00   9.8515345e-01   9.6892936e-01
   2.0270833e+03   1.0016353e+00   9.8505178e-01   9.6874177e-01
   2.0271667e+03   1.0016159e+00   9.8494376e-01   9.6854809e-01
   2.0272500e+03   1.0016234e+00   9.8486118e-01   9.6837842e-01
   2.0273333e+03   1.0016781e+00   9.8482326e-01   9.6825094e-01
   2.0274167e+03   1.0017348e+00   9.8478711e-01   9.6812505e-01
   2.0275000e+03   1.0017677e+00   9.8472834e-01   9.6797770e-01
   2.0275833e+03   1.0017386e+00   9.8461082e-01   9.6777473e-01
   2.0276667e+03   1.0016610e+00   9.8444722e-01   9.6752814e-01
   2.0277500e+03   1.0015989e+00   9.8429829e-01   9.6729538e-01
   2.0278333e+03   1.0016260e+00   9.8423373e-01   9.6714235e-01
   2.0279167e+03   1.0016872e+00   9.8420140e-01   9.6701972e-01
   2.0280000e+03   1.0017169e+00   9.8413925e-01   9.6686887e-01
   2.0280833e+03   1.0017062e+00   9.8403879e-01   9.6668177e-01
   2.0281667e+03   1.0016891e+00   9.8393211e-01   9.6648876e-01
   2.0282500e+03   1.0016984e+00   9.8385049e-01   9.6631940e-01
   2.0283333e+03   1.0017538e+00   9.8381243e-01   9.6619116e-01
   2.0284167e+03   1.0018099e+00   9.8377490e-01   9.6606339e-01
   2.0285000e+03   1.0018414e+00   9.8371408e-01   9.6591358e-01
   2.0285833e+03   1.0018098e+00   9.8359358e-01   9.6570740e-01
   2.0286667e+03   1.0017290e+00   9.8342651e-01   9.6545722e-01
   2.0287500e+03   1.0016639e+00   9.8327430e-01   9.6522109e-01
   2.0288333e+03   1.0016894e+00   9.8320773e-01   9.6506580e-01
   2.0289167e+03   1.0017509e+00   9.8317511e-01   9.6494255e-01
   2.0290000e+03   1.0017821e+00   9.8311384e-01   9.6479225e-01
   2.0290833e+03   1.0017735e+00   9.8301500e-01   9.6460649e-01
   2.0291667e+03   1.0017585e+00   9.8291007e-01   9.6441498e-01
   2.0292500e+03   1.0017697e+00   9.8282984e-01   9.6424679e-01
   2.0293333e+03   1.0018258e+00   9.8279205e-01   9.6411864e-01
   2.0294167e+03   1.0018812e+00   9.8275358e-01   9.6398986e-01
   2.0295000e+03   1.0019112e+00   9.8269112e-01   9.6383847e-01
   2.0295833e+03   1.0018770e+00   9.8256806e-01   9.6362992e-01
   2.0296667e+03   1.0017930e+00   9.8239792e-01   9.6337701e-01
   2.0297500e+03   1.0017249e+00   9.8224285e-01   9.6313834e-01
   2.0298333e+03   1.0017488e+00   9.8217467e-01   9.6298164e-01
   2.0299167e+03   1.0018105e+00   9.8214219e-01   9.6285864e-01
   2.0300000e+03   1.0018431e+00   9.8208222e-01   9.6270974e-01
   2.0300833e+03   1.0018366e+00   9.8198539e-01   9.6252612e-01
   2.0301667e+03   1.0018238e+00   9.8188255e-01   9.6233687e-01
   2.0302500e+03   1.0018366e+00   9.8180401e-01   9.6217057e-01
   2.0303333e+03   1.0018933e+00   9.8176685e-01   9.6204330e-01
   2.0304167e+03   1.0019481e+00   9.8172787e-01   9.6191435e-01
   2.0305000e+03   1.0019767e+00   9.8166428e-01   9.6176223e-01
   2.0305833e+03   1.0019402e+00   9.8153925e-01   9.6155225e-01
   2.0306667e+03   1.0018534e+00   9.8136674e-01   9.6129759e-01
   2.0307500e+03   1.0017827e+00   9.8120949e-01   9.6105735e-01
   2.0308333e+03   1.0018052e+00   9.8114022e-01   9.6090003e-01
   2.0309167e+03   1.0018671e+00   9.8110808e-01   9.6077772e-01
   2.0310000e+03   1.0019008e+00   9.8104935e-01   9.6063039e-01
   2.0310833e+03   1.0018960e+00   9.8095434e-01   9.6044893e-01
   2.0311667e+03   1.0018849e+00   9.8085339e-01   9.6026191e-01
   2.0312500e+03   1.0018992e+00   9.8077641e-01   9.6009751e-01
   2.0313333e+03   1.0019563e+00   9.8073990e-01   9.5997124e-01
   2.0314167e+03   1.0020105e+00   9.8070055e-01   9.5984233e-01
   2.0315000e+03   1.0020379e+00   9.8063601e-01   9.5968973e-01
   2.0315833e+03   1.0019993e+00   9.8050925e-01   9.5947861e-01
   2.0316667e+03   1.0019098e+00   9.8033459e-01   9.5922245e-01
   2.0317500e+03   1.0018366e+00   9.8017531e-01   9.5898082e-01
   2.0318333e+03   1.0018578e+00   9.8010500e-01   9.5882296e-01
   2.0319167e+03   1.0019199e+00   9.8007320e-01   9.5870137e-01
   2.0320000e+03   1.0019546e+00   9.8001573e-01   9.5855565e-01
   2.0320833e+03   1.0019515e+00   9.7992253e-01   9.5837636e-01
   2.0321667e+03   1.0019421e+00   9.7982348e-01   9.5819161e-01
   2.0322500e+03   1.0019578e+00   9.7974808e-01   9.5802914e-01
   2.0323333e+03   1.0020154e+00   9.7971222e-01   9.5790390e-01
   2.0324167e+03   1.0020689e+00   9.7967251e-01   9.5777506e-01
   2.0325000e+03   1.0020951e+00   9.7960703e-01   9.5762203e-01
   2.0325833e+03   1.0020543e+00   9.7947855e-01   9.5740979e-01
   2.0326667e+03   1.0019622e+00   9.7930174e-01   9.5715217e-01
   2.0327500e+03   1.0018865e+00   9.7914044e-01   9.5690919e-01
   2.0328333e+03   1.0019063e+00   9.7906910e-01   9.5675082e-01
   2.0329167e+03   1.0019685e+00   9.7903765e-01   9.5662999e-01
   2.0330000e+03   1.0020043e+00   9.7898144e-01   9.5648591e-01
   2.0330833e+03   1.0020028e+00   9.7889006e-01   9.5630882e-01
   2.0331667e+03   1.0019951e+00   9.7879292e-01   9.5612635e-01
   2.0332500e+03   1.0020122e+00   9.7871909e-01   9.5596584e-01
   2.0333333e+03   1.0020702e+00   9.7868389e-01   9.5584166e-01
   2.0334167e+03   1.0021232e+00   9.7864383e-01   9.5571294e-01
   2.0335000e+03   1.0021480e+00   9.7857741e-01   9.5555950e-01
   2.0335833e+03   1.0021051e+00   9.7844721e-01   9.5534619e-01
   2.0336667e+03   1.0020102e+00   9.7826826e-01   9.5508714e-01
   2.0337500e+03   1.0019320e+00   9.7810496e-01   9.5484285e-01
   2.0338333e+03   1.0019504e+00   9.7803260e-01   9.5468401e-01
   2.0339167e+03   1.0020127e+00   9.7800151e-01   9.5456396e-01
   2.0340000e+03   1.0020496e+00   9.7794655e-01   9.5442154e-01
   2.0340833e+03   1.0020497e+00   9.7785701e-01   9.5424668e-01
   2.0341667e+03   1.0020437e+00   9.7776177e-01   9.5406652e-01
   2.0342500e+03   1.0020621e+00   9.7768953e-01   9.5390800e-01
   2.0343333e+03   1.0021206e+00   9.7765500e-01   9.5378491e-01
   2.0344167e+03   1.0021729e+00   9.7761459e-01   9.5365634e-01
   2.0345000e+03   1.0021964e+00   9.7754724e-01   9.5350253e-01
   2.0345833e+03   1.0021513e+00   9.7741533e-01   9.5328818e-01
   2.0346667e+03   1.0020537e+00   9.7723425e-01   9.5302774e-01
   2.0347500e+03   1.0019729e+00   9.7706895e-01   9.5278217e-01
   2.0348333e+03   1.0019899e+00   9.7699557e-01   9.5262289e-01
   2.0349167e+03   1.0020523e+00   9.7696485e-01   9.5250366e-01
   2.0350000e+03   1.0020902e+00   9.7691116e-01   9.5236293e-01
   2.0350833e+03   1.0020919e+00   9.7682345e-01   9.5219033e-01
   2.0351667e+03   1.0020875e+00   9.7673012e-01   9.5201251e-01
   2.0352500e+03   1.0021073e+00   9.7665947e-01   9.5185600e-01
   2.0353333e+03   1.0021662e+00   9.7662561e-01   9.5173403e-01
   2.0354167e+03   1.0022178e+00   9.7658486e-01   9.5160564e-01
   2.0355000e+03   1.0022400e+00   9.7651660e-01   9.5145150e-01
   2.0355833e+03   1.0021926e+00   9.7638299e-01   9.5123614e-01
   2.0356667e+03   1.0020924e+00   9.7619978e-01   9.5097435e-01
   2.0357500e+03   1.0020090e+00   9.7603249e-01   9.5072753e-01
   2.0358333e+03   1.0020245e+00   9.7595811e-01   9.5056785e-01
   2.0359167e+03   1.0020870e+00   9.7592775e-01   9.5044947e-01
   2.0360000e+03   1.0021259e+00   9.7587533e-01   9.5031046e-01
   2.0360833e+03   1.0021292e+00   9.7578947e-01   9.5014015e-01
   2.0361667e+03   1.0021265e+00   9.7569805e-01   9.4996469e-01
   2.0362500e+03   1.0021475e+00   9.7562899e-01   9.4981022e-01
   2.0363333e+03   1.0022069e+00   9.7559581e-01   9.4968941e-01
   2.0364167e+03   1.0022577e+00   9.7555473e-01   9.4956123e-01
   2.0365000e+03   1.0022786e+00   9.7548556e-01   9.4940679e-01
   2.0365833e+03   1.0022289e+00   9.7535025e-01   9.4919046e-01
   2.0366667e+03   1.0021259e+00   9.7516493e-01   9.4892734e-01
   2.0367500e+03   1.0020399e+00   9.7499565e-01   9.4867931e-01
   2.0368333e+03   1.0020540e+00   9.7492027e-01   9.4851927e-01
   2.0369167e+03   1.0021165e+00   9.7489029e-01   9.4840177e-01
   2.0370000e+03   1.0021564e+00   9.7483916e-01   9.4826451e-01
   2.0370833e+03   1.0021612e+00   9.7475513e-01   9.4809651e-01
   2.0371667e+03   1.0021601e+00   9.7466564e-01   9.4792344e-01
   2.0372500e+03   1.0021825e+00   9.7459818e-01   9.4777103e-01
   2.0373333e+03   1.0022422e+00   9.7456568e-01   9.4765140e-01
   2.0374167e+03   1.0022923e+00   9.7452428e-01   9.4752347e-01
   2.0375000e+03   1.0023118e+00   9.7445420e-01   9.4736876e-01
   2.0375833e+03   1.0022599e+00   9.7431721e-01   9.4715149e-01
   2.0376667e+03   1.0021541e+00   9.7412978e-01   9.4688709e-01
   2.0377500e+03   1.0020655e+00   9.7395852e-01   9.4663788e-01
   2.0378333e+03   1.0020781e+00   9.7388216e-01   9.4647750e-01
   2.0379167e+03   1.0021406e+00   9.7385256e-01   9.4636092e-01
   2.0380000e+03   1.0021815e+00   9.7380270e-01   9.4622544e-01
   2.0380833e+03   1.0021878e+00   9.7372053e-01   9.4605977e-01
   2.0381667e+03   1.0021883e+00   9.7363296e-01   9.4588911e-01
   2.0382500e+03   1.0022120e+00   9.7356710e-01   9.4573880e-01
   2.0383333e+03   1.0022720e+00   9.7353530e-01   9.4562038e-01
   2.0384167e+03   1.0023214e+00   9.7349358e-01   9.4549274e-01
   2.0385000e+03   1.0023395e+00   9.7342260e-01   9.4533779e-01
   2.0385833e+03   1.0022853e+00   9.7328394e-01   9.4511962e-01
   2.0386667e+03   1.0021766e+00   9.7309441e-01   9.4485397e-01
   2.0387500e+03   1.0020854e+00   9.7292118e-01   9.4460361e-01
   2.0388333e+03   1.0020965e+00   9.7284383e-01   9.4444293e-01
   2.0389167e+03   1.0021590e+00   9.7281462e-01   9.4432729e-01
   2.0390000e+03   1.0022008e+00   9.7276606e-01   9.4419361e-01
   2.0390833e+03   1.0022087e+00   9.7268573e-01   9.4403031e-01
   2.0391667e+03   1.0022108e+00   9.7260010e-01   9.4386209e-01
   2.0392500e+03   1.0022357e+00   9.7253585e-01   9.4371390e-01
   2.0393333e+03   1.0022960e+00   9.7250474e-01   9.4359672e-01
   2.0394167e+03   1.0023446e+00   9.7246271e-01   9.4346939e-01
   2.0395000e+03   1.0023613e+00   9.7239084e-01   9.4331424e-01
   2.0395833e+03   1.0023048e+00   9.7225051e-01   9.4309520e-01
   2.0396667e+03   1.0021933e+00   9.7205889e-01   9.4282832e-01
   2.0397500e+03   1.0020993e+00   9.7188369e-01   9.4257686e-01
   2.0398333e+03   1.0021089e+00   9.7180537e-01   9.4241591e-01
   2.0399167e+03   1.0021714e+00   9.7177655e-01   9.4230124e-01
   2.0400000e+03   1.0022142e+00   9.7172929e-01   9.4216940e-01
   2.0400833e+03   1.0022235e+00   9.7165082e-01   9.4200848e-01
   2.0401667e+03   1.0022272e+00   9.7156712e-01   9.4184272e-01
   2.0402500e+03   1.0022534e+00   9.7150448e-01   9.4169668e-01
   2.0403333e+03   1.0023140e+00   9.7147408e-01   9.4158078e-01
   2.0404167e+03   1.0023618e+00   9.7143174e-01   9.4145379e-01
   2.0405000e+03   1.0023770e+00   9.7135900e-01   9.4129847e-01
   2.0405833e+03   1.0023181e+00   9.7121700e-01   9.4107859e-01
   2.0406667e+03   1.0022038e+00   9.7102329e-01   9.4081053e-01
   2.0407500e+03   1.0021072e+00   9.7084614e-01   9.4055798e-01
   2.0408333e+03   1.0021152e+00   9.7076685e-01   9.4039680e-01
   2.0409167e+03   1.0021777e+00   9.7073843e-01   9.4028314e-01
   2.0410000e+03   1.0022213e+00   9.7069247e-01   9.4015315e-01
   2.0410833e+03   1.0022321e+00   9.7061587e-01   9.3999464e-01
   2.0411667e+03   1.0022373e+00   9.7053411e-01   9.3983138e-01
   2.0412500e+03   1.0022647e+00   9.7047309e-01   9.3968751e-01
   2.0413333e+03   1.0023256e+00   9.7044339e-01   9.3957290e-01
   2.0414167e+03   1.0023726e+00   9.7040076e-01   9.3944629e-01
   2.0415000e+03   1.0023864e+00   9.7032714e-01   9.3929083e-01
   2.0415833e+03   1.0023251e+00   9.7018349e-01   9.3907015e-01
   2.0416667e+03   1.0022079e+00   9.6998770e-01   9.3880093e-01
   2.0417500e+03   1.0021085e+00   9.6980860e-01   9.3854734e-01
   2.0418333e+03   1.0021150e+00   9.6972834e-01   9.3838595e-01
   2.0419167e+03   1.0021774e+00   9.6970034e-01   9.3827332e-01
   2.0420000e+03   1.0022219e+00   9.6965568e-01   9.3814522e-01
   2.0420833e+03   1.0022342e+00   9.6958095e-01   9.3798915e-01
   2.0421667e+03   1.0022409e+00   9.6950113e-01   9.3782840e-01
   2.0422500e+03   1.0022695e+00   9.6944173e-01   9.3768673e-01
   2.0423333e+03   1.0023306e+00   9.6941276e-01   9.3757346e-01
   2.0424167e+03   1.0023768e+00   9.6936983e-01   9.3744725e-01
   2.0425000e+03   1.0023891e+00   9.6929534e-01   9.3729169e-01
   2.0425833e+03   1.0023254e+00   9.6915004e-01   9.3707023e-01
   2.0426667e+03   1.0022053e+00   9.6895218e-01   9.3679988e-01
   2.0427500e+03   1.0021032e+00   9.6877114e-01   9.3654528e-01
   2.0428333e+03   1.0021081e+00   9.6868993e-01   9.3638372e-01
   2.0429167e+03   1.0021704e+00   9.6866234e-01   9.3627215e-01
   2.0430000e+03   1.0022157e+00   9.6861899e-01   9.3614597e-01
   2.0430833e+03   1.0022294e+00   9.6854614e-01   9.3599236e-01
   2.0431667e+03   1.0022377e+00   9.6846827e-01   9.3583414e-01
   2.0432500e+03   1.0022674e+00   9.6841050e-01   9.3569470e-01
   2.0433333e+03   1.0023288e+00   9.6838224e-01   9.3558279e-01
   2.0434167e+03   1.0023741e+00   9.6833904e-01   9.3545701e-01
   2.0435000e+03   1.0023849e+00   9.6826369e-01   9.3530138e-01
   2.0435833e+03   1.0023188e+00   9.6811674e-01   9.3507917e-01
   2.0436667e+03   1.0021958e+00   9.6791682e-01   9.3480774e-01
   2.0437500e+03   1.0020909e+00   9.6773384e-01   9.3455215e-01
   2.0438333e+03   1.0020941e+00   9.6765168e-01   9.3439045e-01
   2.0439167e+03   1.0021563e+00   9.6762451e-01   9.3427997e-01
   2.0440000e+03   1.0022025e+00   9.6758248e-01   9.3415573e-01
   2.0440833e+03   1.0022176e+00   9.6751150e-01   9.3400460e-01
   2.0441667e+03   1.0022274e+00   9.6743559e-01   9.3384895e-01
   2.0442500e+03   1.0022583e+00   9.6737945e-01   9.3371176e-01
   2.0443333e+03   1.0023199e+00   9.6735192e-01   9.3360123e-01
   2.0444167e+03   1.0023643e+00   9.6730844e-01   9.3347593e-01
   2.0445000e+03   1.0023736e+00   9.6723224e-01   9.3332025e-01
   2.0445833e+03   1.0023050e+00   9.6708366e-01   9.3309733e-01
   2.0446667e+03   1.0021790e+00   9.6688167e-01   9.3282483e-01
   2.0447500e+03   1.0020713e+00   9.6669676e-01   9.3256829e-01
   2.0448333e+03   1.0020729e+00   9.6661367e-01   9.3240648e-01
   2.0449167e+03   1.0021350e+00   9.6658693e-01   9.3229712e-01
   2.0450000e+03   1.0021821e+00   9.6654622e-01   9.3217484e-01
   2.0450833e+03   1.0021985e+00   9.6647712e-01   9.3202623e-01
   2.0451667e+03   1.0022097e+00   9.6640316e-01   9.3187317e-01
   2.0452500e+03   1.0022418e+00   9.6634866e-01   9.3173825e-01
   2.0453333e+03   1.0023036e+00   9.6632187e-01   9.3162914e-01
   2.0454167e+03   1.0023471e+00   9.6627812e-01   9.3150433e-01
   2.0455000e+03   1.0023548e+00   9.6620107e-01   9.3134864e-01
   2.0455833e+03   1.0022838e+00   9.6605086e-01   9.3112504e-01
   2.0456667e+03   1.0021548e+00   9.6584682e-01   9.3085151e-01
   2.0457500e+03   1.0020443e+00   9.6565999e-01   9.3059404e-01
   2.0458333e+03   1.0020442e+00   9.6557596e-01   9.3043215e-01
   2.0459167e+03   1.0021062e+00   9.6554965e-01   9.3032394e-01
   2.0460000e+03   1.0021540e+00   9.6551027e-01   9.3020366e-01
   2.0460833e+03   1.0021718e+00   9.6544306e-01   9.3005758e-01
   2.0461667e+03   1.0021845e+00   9.6537107e-01   9.2990713e-01
   2.0462500e+03   1.0022177e+00   9.6531821e-01   9.2977451e-01
   2.0463333e+03   1.0022796e+00   9.6529215e-01   9.2966684e-01
   2.0464167e+03   1.0023222e+00   9.6524814e-01   9.2954256e-01
   2.0465000e+03   1.0023283e+00   9.6517025e-01   9.2938689e-01
   2.0465833e+03   1.0022548e+00   9.6501842e-01   9.2916264e-01
   2.0466667e+03   1.0021229e+00   9.6481233e-01   9.2888810e-01
   2.0467500e+03   1.0020095e+00   9.6462359e-01   9.2862973e-01
   2.0468333e+03   1.0020078e+00   9.6453863e-01   9.2846779e-01
   2.0469167e+03   1.0020695e+00   9.6451276e-01   9.2836077e-01
   2.0470000e+03   1.0021181e+00   9.6447471e-01   9.2824250e-01
   2.0470833e+03   1.0021373e+00   9.6440939e-01   9.2809898e-01
   2.0471667e+03   1.0021514e+00   9.6433936e-01   9.2795116e-01
   2.0472500e+03   1.0021857e+00   9.6428815e-01   9.2782087e-01
   2.0473333e+03   1.0022478e+00   9.6426284e-01   9.2771468e-01
   2.0474167e+03   1.0022894e+00   9.6421857e-01   9.2759095e-01
   2.0475000e+03   1.0022939e+00   9.6413985e-01   9.2743532e-01
   2.0475833e+03   1.0022179e+00   9.6398640e-01   9.2721045e-01
   2.0476667e+03   1.0020829e+00   9.6377828e-01   9.2693493e-01
   2.0477500e+03   1.0019667e+00   9.6358762e-01   9.2667570e-01
   2.0478333e+03   1.0019632e+00   9.6350174e-01   9.2651374e-01
   2.0479167e+03   1.0020248e+00   9.6347632e-01   9.2640792e-01
   2.0480000e+03   1.0020741e+00   9.6343961e-01   9.2629170e-01
   2.0480833e+03   1.0020947e+00   9.6337618e-01   9.2615077e-01
   2.0481667e+03   1.0021101e+00   9.6330813e-01   9.2600561e-01
   2.0482500e+03   1.0021455e+00   9.6325857e-01   9.2587766e-01
   2.0483333e+03   1.0022077e+00   9.6323401e-01   9.2577297e-01
   2.0484167e+03   1.0022484e+00   9.6318949e-01   9.2564983e-01
   2.0485000e+03   1.0022512e+00   9.6310994e-01   9.2549428e-01
   2.0485833e+03   1.0021727e+00   9.6295488e-01   9.2526881e-01
   2.0486667e+03   1.0020347e+00   9.6274472e-01   9.2499234e-01
   2.0487500e+03   1.0019156e+00   9.6255216e-01   9.2473228e-01
   2.0488333e+03   1.0019104e+00   9.6246537e-01   9.2457032e-01
   2.0489167e+03   1.0019717e+00   9.6244040e-01   9.2446574e-01
   2.0490000e+03   1.0020218e+00   9.6240503e-01   9.2435159e-01
   2.0490833e+03   1.0020436e+00   9.6234351e-01   9.2421326e-01
   2.0491667e+03   1.0020605e+00   9.6227743e-01   9.2407078e-01
   2.0492500e+03   1.0020969e+00   9.6222952e-01   9.2394521e-01
   2.0493333e+03   1.0021592e+00   9.6220572e-01   9.2384205e-01
   2.0494167e+03   1.0021989e+00   9.6216096e-01   9.2371952e-01
   2.0495000e+03   1.0022001e+00   9.6208058e-01   9.2356407e-01
   2.0495833e+03   1.0021190e+00   9.6192392e-01   9.2333804e-01
   2.0496667e+03   1.0019779e+00   9.6171174e-01   9.2306065e-01
   2.0497500e+03   1.0018559e+00   9.6151728e-01   9.2279977e-01
   2.0498333e+03   1.0018489e+00   9.6142958e-01   9.2263786e-01
   2.0499167e+03   1.0019101e+00   9.6140506e-01   9.2253454e-01
   2.0500000e+03   1.0019608e+00   9.6137105e-01   9.2242248e-01
   2.0500833e+03   1.0019839e+00   9.6131137e-01   9.2228673e-01
   2.0501667e+03   1.0020020e+00   9.6124715e-01   9.2214685e-01
   2.0502500e+03   1.0020393e+00   9.6120077e-01   9.2202355e-01
   2.0503333e+03   1.0021017e+00   9.6117772e-01   9.2192192e-01
   2.0504167e+03   1.0021406e+00   9.6113293e-01   9.2180023e-01
   2.0505000e+03   1.0021406e+00   9.6105217e-01   9.2164531e-01
   2.0505833e+03   1.0020578e+00   9.6089470e-01   9.2141944e-01
   2.0506667e+03   7.0134035e-01   6.7247709e-01   6.4479950e-01
   2.0507500e+03   7.0125376e-01   6.7234044e-01   6.4461706e-01
   2.0508333e+03   7.0124822e-01   6.7227895e-01   6.4450424e-01
   2.0509167e+03   7.0129090e-01   6.7226218e-01   6.4443286e-01
   2.0510000e+03   7.0132667e-01   6.7223904e-01   6.4435563e-01
   2.0510833e+03   7.0134320e-01   6.7219812e-01   6.4426199e-01
   2.0511667e+03   7.0135628e-01   6.7215403e-01   6.4416547e-01
   2.0512500e+03   7.0138269e-01   6.7212233e-01   6.4408045e-01
   2.0513333e+03   7.0142638e-01   6.7210668e-01   6.4401032e-01
   2.0514167e+03   7.0145329e-01   6.7207551e-01   6.4392589e-01
   2.0515000e+03   7.0145278e-01   6.7201899e-01   6.4381805e-01
   2.0515833e+03   7.0139402e-01   6.7190856e-01   6.4366039e-01
   2.0516667e+03   7.0129300e-01   6.7175905e-01   6.4346664e-01
   2.0517500e+03   7.0120552e-01   6.7162211e-01   6.4328458e-01
   2.0518333e+03   7.0119943e-01   6.7156060e-01   6.4317233e-01
   2.0519167e+03   7.0124204e-01   6.7154421e-01   6.4310186e-01
   2.0520000e+03   7.0127801e-01   6.7152172e-01   6.4302578e-01
   2.0520833e+03   7.0129493e-01   6.7148161e-01   6.4293346e-01
   2.0521667e+03   7.0130841e-01   6.7143837e-01   6.4283829e-01
   2.0522500e+03   7.0133513e-01   6.7140741e-01   6.4275451e-01
   2.0523333e+03   7.0137884e-01   6.7139220e-01   6.4268535e-01
   2.0524167e+03   7.0140543e-01   6.7136119e-01   6.4260162e-01
   2.0525000e+03   7.0140440e-01   6.7130466e-01   6.4249433e-01
   2.0525833e+03   7.0134485e-01   6.7119400e-01   6.4233707e-01
   2.0526667e+03   7.0124290e-01   6.7104415e-01   6.4214363e-01
   2.0527500e+03   7.0115452e-01   6.7090692e-01   6.4196190e-01
   2.0528333e+03   7.0114789e-01   6.7084536e-01   6.4185018e-01
   2.0529167e+03   7.0119040e-01   6.7082932e-01   6.4178055e-01
   2.0530000e+03   7.0122658e-01   6.7080744e-01   6.4170558e-01
   2.0530833e+03   7.0124388e-01   6.7076812e-01   6.4161454e-01
   2.0531667e+03   7.0125777e-01   6.7072570e-01   6.4152066e-01
   2.0532500e+03   7.0128479e-01   6.7069545e-01   6.4143807e-01
   2.0533333e+03   7.0132851e-01   6.7068067e-01   6.4136982e-01
   2.0534167e+03   7.0135478e-01   6.7064979e-01   6.4128673e-01
   2.0535000e+03   7.0135324e-01   6.7059322e-01   6.4117996e-01
   2.0535833e+03   7.0129290e-01   6.7048231e-01   6.4102304e-01
   2.0536667e+03   7.0119000e-01   6.7033210e-01   6.4082986e-01
   2.0537500e+03   7.0110072e-01   6.7019453e-01   6.4064842e-01
   2.0538333e+03   7.0109354e-01   6.7013291e-01   6.4053717e-01
   2.0539167e+03   7.0113597e-01   6.7011718e-01   6.4046835e-01
   2.0540000e+03   7.0117235e-01   6.7009589e-01   6.4039443e-01
   2.0540833e+03   7.0119002e-01   6.7005734e-01   6.4030460e-01
   2.0541667e+03   7.0120432e-01   6.7001570e-01   6.4021197e-01
   2.0542500e+03   7.0123164e-01   6.6998614e-01   6.4013052e-01
   2.0543333e+03   7.0127537e-01   6.6997176e-01   6.4006313e-01
   2.0544167e+03   7.0130131e-01   6.6994098e-01   6.3998064e-01
   2.0545000e+03   7.0129925e-01   6.6988435e-01   6.3987432e-01
   2.0545833e+03   7.0123812e-01   6.6977317e-01   6.3971770e-01
   2.0546667e+03   7.0113427e-01   6.6962257e-01   6.3952475e-01
   2.0547500e+03   7.0104410e-01   6.6948464e-01   6.3934354e-01
   2.0548333e+03   7.0103637e-01   6.6942292e-01   6.3923272e-01
   2.0549167e+03   7.0107870e-01   6.6940749e-01   6.3916464e-01
   2.0550000e+03   7.0111528e-01   6.6938677e-01   6.3909172e-01
   2.0550833e+03   7.0113333e-01   6.6934896e-01   6.3900307e-01
   2.0551667e+03   7.0114802e-01   6.6930808e-01   6.3891162e-01
   2.0552500e+03   7.0117564e-01   6.6927916e-01   6.3883126e-01
   2.0553333e+03   7.0121938e-01   6.6926516e-01   6.3876468e-01
   2.0554167e+03   7.0124500e-01   6.6923446e-01   6.3868273e-01
   2.0555000e+03   7.0124241e-01   6.6917774e-01   6.3857683e-01
   2.0555833e+03   7.0118048e-01   6.6906626e-01   6.3842046e-01
   2.0556667e+03   7.0107569e-01   6.6891524e-01   6.3822768e-01
   2.0557500e+03   7.0098461e-01   6.6877694e-01   6.3804667e-01
   2.0558333e+03   7.0097632e-01   6.6871510e-01   6.3793622e-01
   2.0559167e+03   7.0101856e-01   6.6869993e-01   6.3786884e-01
   2.0560000e+03   7.0105534e-01   6.6867975e-01   6.3779687e-01
   2.0560833e+03   7.0107376e-01   6.6864265e-01   6.3770934e-01
   2.0561667e+03   7.0108885e-01   6.6860250e-01   6.3761904e-01
   2.0562500e+03   7.0111676e-01   6.6857422e-01   6.3753970e-01
   2.0563333e+03   7.0116050e-01   6.6856056e-01   6.3747389e-01
   2.0564167e+03   7.0118579e-01   6.6852991e-01   6.3739244e-01
   2.0565000e+03   7.0118268e-01   6.6847308e-01   6.3728690e-01
   2.0565833e+03   7.0111995e-01   6.6836127e-01   6.3713073e-01
   2.0566667e+03   7.0101420e-01   6.6820982e-01   6.3693808e-01
   2.0567500e+03   7.0092222e-01   6.6807111e-01   6.3675721e-01
   2.0568333e+03   7.0091337e-01   6.6800912e-01   6.3664709e-01
   2.0569167e+03   7.0095552e-01   6.6799420e-01   6.3658036e-01
   2.0570000e+03   7.0099249e-01   6.6797452e-01   6.3650929e-01
   2.0570833e+03   7.0101128e-01   6.6793811e-01   6.3642283e-01
   2.0571667e+03   7.0102676e-01   6.6789867e-01   6.3633361e-01
   2.0572500e+03   7.0105497e-01   6.6787099e-01   6.3625526e-01
   2.0573333e+03   7.0109871e-01   6.6785765e-01   6.3619016e-01
   2.0574167e+03   7.0112366e-01   6.6782702e-01   6.3610916e-01
   2.0575000e+03   7.0112002e-01   6.6777005e-01   6.3600393e-01
   2.0575833e+03   7.0105649e-01   6.6765789e-01   6.3584792e-01
   2.0576667e+03   7.0094979e-01   6.6750599e-01   6.3565535e-01
   2.0577500e+03   7.0085690e-01   6.6736685e-01   6.3547459e-01
   2.0578333e+03   7.0084749e-01   6.6730469e-01   6.3536474e-01
   2.0579167e+03   7.0088953e-01   6.6728998e-01   6.3529861e-01
   2.0580000e+03   7.0092669e-01   6.6727079e-01   6.3522839e-01
   2.0580833e+03   7.0094585e-01   6.6723503e-01   6.3514295e-01
   2.0581667e+03   7.0096172e-01   6.6719627e-01   6.3505478e-01
   2.0582500e+03   7.0099022e-01   6.6716916e-01   6.3497736e-01
   2.0583333e+03   7.0103396e-01   6.6715612e-01   6.3491292e-01
   2.0584167e+03   7.0105858e-01   6.6712549e-01   6.3483231e-01
   2.0585000e+03   7.0105440e-01   6.6706835e-01   6.3472735e-01
   2.0585833e+03   7.0099006e-01   6.6695582e-01   6.3457145e-01
   2.0586667e+03   7.0088241e-01   6.6680343e-01   6.3437893e-01
   2.0587500e+03   7.0078861e-01   6.6666384e-01   6.3419822e-01
   2.0588333e+03   7.0077864e-01   6.6660149e-01   6.3408860e-01
   2.0589167e+03   7.0082058e-01   6.6658696e-01   6.3402303e-01
   2.0590000e+03   7.0085792e-01   6.6656823e-01   6.3395360e-01
   2.0590833e+03   7.0087744e-01   6.6653310e-01   6.3386913e-01
   2.0591667e+03   7.0089370e-01   6.6649500e-01   6.3378195e-01
   2.0592500e+03   7.0092249e-01   6.6646844e-01   6.3370541e-01
   2.0593333e+03   7.0096622e-01   6.6645566e-01   6.3364158e-01
   2.0594167e+03   7.0099050e-01   6.6642500e-01   6.3356133e-01
   2.0595000e+03   7.0098579e-01   6.6636768e-01   6.3345659e-01
   2.0595833e+03   7.0092064e-01   6.6625475e-01   6.3330076e-01
   2.0596667e+03   7.0081203e-01   6.6610185e-01   6.3310822e-01
   2.0597500e+03   7.0071732e-01   6.6596179e-01   6.3292753e-01
   2.0598333e+03   7.0070678e-01   6.6589921e-01   6.3281810e-01
   2.0599167e+03   7.0074861e-01   6.6588484e-01   6.3275302e-01
   2.0600000e+03   7.0078614e-01   6.6586654e-01   6.3268435e-01
   2.0600833e+03   7.0080602e-01   6.6583202e-01   6.3260080e-01
   2.0601667e+03   7.0082267e-01   6.6579454e-01   6.3251455e-01
   2.0602500e+03   7.0085173e-01   6.6576850e-01   6.3243885e-01
   2.0603333e+03   7.0089546e-01   6.6575597e-01   6.3237558e-01
   2.0604167e+03   7.0091940e-01   6.6572526e-01   6.3229564e-01
   2.0605000e+03   7.0091415e-01   6.6566771e-01   6.3219107e-01
   2.0605833e+03   7.0084819e-01   6.6555436e-01   6.3203526e-01
   2.0606667e+03   7.0073862e-01   6.6540094e-01   6.3184268e-01
   2.0607500e+03   7.0064299e-01   6.6526037e-01   6.3166195e-01
   2.0608333e+03   7.0063188e-01   6.6519755e-01   6.3155266e-01
   2.0609167e+03   7.0067360e-01   6.6518332e-01   6.3148803e-01
   2.0610000e+03   7.0071131e-01   6.6516542e-01   6.3142006e-01
   2.0610833e+03   7.0073155e-01   6.6513148e-01   6.3133738e-01
   2.0611667e+03   7.0074858e-01   6.6509460e-01   6.3125203e-01
   2.0612500e+03   7.0077793e-01   6.6506906e-01   6.3117711e-01
   2.0613333e+03   7.0082164e-01   6.6505674e-01   6.3111436e-01
   2.0614167e+03   7.0084524e-01   6.6502594e-01   6.3103466e-01
   2.0615000e+03   7.0083944e-01   6.6496816e-01   6.3093022e-01
   2.0615833e+03   7.0077267e-01   6.6485437e-01   6.3077439e-01
   2.0616667e+03   7.0066214e-01   6.6470039e-01   6.3058172e-01
   2.0617500e+03   7.0056560e-01   6.6455930e-01   6.3040091e-01
   2.0618333e+03   7.0055391e-01   6.6449620e-01   6.3029172e-01
   2.0619167e+03   7.0059552e-01   6.6448208e-01   6.3022750e-01
   2.0620000e+03   7.0063340e-01   6.6446456e-01   6.3016017e-01
   2.0620833e+03   7.0065400e-01   6.6443117e-01   6.3007831e-01
   2.0621667e+03   7.0067141e-01   6.6439487e-01   6.2999381e-01
   2.0622500e+03   7.0070103e-01   6.6436980e-01   6.2991963e-01
   2.0623333e+03   7.0074473e-01   6.6435766e-01   6.2985734e-01
   2.0624167e+03   7.0076798e-01   6.6432677e-01   6.2977785e-01
   2.0625000e+03   7.0076164e-01   6.6426872e-01   6.2967349e-01
   2.0625833e+03   7.0069405e-01   6.6415445e-01   6.2951760e-01
   2.0626667e+03   7.0058256e-01   6.6399990e-01   6.2932479e-01
   2.0627500e+03   7.0048509e-01   6.6385827e-01   6.2914386e-01
   2.0628333e+03   7.0047283e-01   6.6379487e-01   6.2903471e-01
   2.0629167e+03   7.0051432e-01   6.6378084e-01   6.2897085e-01
   2.0630000e+03   7.0055238e-01   6.6376366e-01   6.2890413e-01
   2.0630833e+03   7.0057333e-01   6.6373080e-01   6.2882304e-01
   2.0631667e+03   7.0059112e-01   6.6369504e-01   6.2873933e-01
   2.0632500e+03   7.0062102e-01   6.6367041e-01   6.2866584e-01
   2.0633333e+03   7.0066470e-01   6.6365845e-01   6.2860397e-01
   2.0634167e+03   7.0068759e-01   6.6362742e-01   6.2852464e-01
   2.0635000e+03   7.0068071e-01   6.6356908e-01   6.2842032e-01
   2.0635833e+03   7.0061230e-01   6.6345432e-01   6.2826431e-01
   2.0636667e+03   7.0049984e-01   6.6329917e-01   6.2807133e-01
   2.0637500e+03   7.0040145e-01   6.6315697e-01   6.2789024e-01
   2.0638333e+03   7.0038861e-01   6.6309325e-01   6.2778110e-01
   2.0639167e+03   7.0042998e-01   6.6307927e-01   6.2771754e-01
   2.0640000e+03   7.0046821e-01   6.6306243e-01   6.2765138e-01
   2.0640833e+03   7.0048951e-01   6.6303006e-01   6.2757102e-01
   2.0641667e+03   7.0050767e-01   6.6299482e-01   6.2748805e-01
   2.0642500e+03   7.0053784e-01   6.6297061e-01   6.2741519e-01
   2.0643333e+03   7.0058150e-01   6.6295878e-01   6.2735369e-01
   2.0644167e+03   7.0060404e-01   6.6292759e-01   6.2727449e-01
   2.0645000e+03   7.0059661e-01   6.6286894e-01   6.2717015e-01
   2.0645833e+03   7.0052738e-01   6.6275367e-01   6.2701399e-01
   2.0646667e+03   7.0041394e-01   6.6259790e-01   6.2682079e-01
   2.0647500e+03   7.0031463e-01   6.6245511e-01   6.2663950e-01
   2.0648333e+03   7.0030121e-01   6.6239105e-01   6.2653031e-01
   2.0649167e+03   7.0034246e-01   6.6237710e-01   6.2646702e-01
   2.0650000e+03   7.0038086e-01   6.6236055e-01   6.2640136e-01
   2.0650833e+03   7.0040251e-01   6.6232865e-01   6.2632168e-01
   2.0651667e+03   7.0042104e-01   6.6229391e-01   6.2623941e-01
   2.0652500e+03   7.0045148e-01   6.6227009e-01   6.2616714e-01
   2.0653333e+03   7.0049511e-01   6.6225837e-01   6.2610596e-01
   2.0654167e+03   7.0051730e-01   6.6222700e-01   6.2602683e-01
   2.0655000e+03   7.0050931e-01   6.6216801e-01   6.2592244e-01
   2.0655833e+03   7.0043926e-01   6.6205220e-01   6.2576609e-01
   2.0656667e+03   7.0032485e-01   6.6189579e-01   6.2557262e-01
   2.0657500e+03   7.0022461e-01   6.6175238e-01   6.2539109e-01
   2.0658333e+03   7.0021060e-01   6.6168795e-01   6.2528182e-01
   2.0659167e+03   7.0025172e-01   6.6167401e-01   6.2521874e-01
   2.0660000e+03   7.0029029e-01   6.6165773e-01   6.2515354e-01
   2.0660833e+03   7.0031228e-01   6.6162628e-01   6.2507448e-01
   2.0661667e+03   7.0033118e-01   6.6159201e-01   6.2499286e-01
   2.0662500e+03   7.0036189e-01   6.6156856e-01   6.2492114e-01
   2.0663333e+03   7.0040550e-01   6.6155692e-01   6.2486024e-01
   2.0664167e+03   7.0042732e-01   6.6152535e-01   6.2478113e-01
   2.0665000e+03   7.0041878e-01   6.6146599e-01   6.2467664e-01
   2.0665833e+03   7.0034790e-01   6.6134962e-01   6.2452005e-01
   2.0666667e+03   7.0023251e-01   6.6119254e-01   6.2432629e-01
   2.0667500e+03   7.0013134e-01   6.6104850e-01   6.2414447e-01
   2.0668333e+03   7.0011675e-01   6.6098367e-01   6.2403506e-01
   2.0669167e+03   7.0015774e-01   6.6096971e-01   6.2397216e-01
   2.0670000e+03   7.0019647e-01   6.6095368e-01   6.2390737e-01
   2.0670833e+03   7.0021881e-01   6.6092265e-01   6.2382890e-01
   2.0671667e+03   7.0023807e-01   6.6088882e-01   6.2374788e-01
   2.0672500e+03   7.0026904e-01   6.6086571e-01   6.2367665e-01
   2.0673333e+03   7.0031262e-01   6.6085412e-01   6.2361598e-01
   2.0674167e+03   7.0033408e-01   6.6082232e-01   6.2353685e-01
   2.0675000e+03   7.0032497e-01   6.6076258e-01   6.2343222e-01
   2.0675833e+03   7.0025327e-01   6.6064562e-01   6.2327535e-01
   2.0676667e+03   7.0013690e-01   6.6048786e-01   6.2308125e-01
   2.0677500e+03   7.0003480e-01   6.6034316e-01   6.2289910e-01
   2.0678333e+03   7.0001961e-01   6.6027792e-01   6.2278952e-01
   2.0679167e+03   7.0006048e-01   6.6026390e-01   6.2272674e-01
   2.0680000e+03   7.0009937e-01   6.6024809e-01   6.2266231e-01
   2.0680833e+03   7.0012204e-01   6.6021746e-01   6.2258438e-01
   2.0681667e+03   7.0014167e-01   6.6018405e-01   6.2250391e-01
   2.0682500e+03   7.0017289e-01   6.6016125e-01   6.2243314e-01
   2.0683333e+03   7.0021644e-01   6.6014970e-01   6.2237265e-01
   2.0684167e+03   7.0023754e-01   6.6011764e-01   6.2229345e-01
   2.0685000e+03   7.0022787e-01   6.6005749e-01   6.2218863e-01
   2.0685833e+03   7.0015533e-01   6.5993992e-01   6.2203145e-01
   2.0686667e+03   7.0003799e-01   6.5978145e-01   6.2183696e-01
   2.0687500e+03   6.9993495e-01   6.5963607e-01   6.2165445e-01
   2.0688333e+03   6.9991917e-01   6.5957038e-01   6.2154465e-01
   2.0689167e+03   6.9995990e-01   6.5955630e-01   6.2148195e-01
   2.0690000e+03   6.9999895e-01   6.5954068e-01   6.2141784e-01
   2.0690833e+03   7.0002195e-01   6.5951042e-01   6.2134039e-01
   2.0691667e+03   7.0004194e-01   6.5947740e-01   6.2126044e-01
   2.0692500e+03   7.0007342e-01   6.5945488e-01   6.2119007e-01
   2.0693333e+03   7.0011693e-01   6.5944334e-01   6.2112972e-01
   2.0694167e+03   7.0013766e-01   6.5941100e-01   6.2105041e-01
   2.0695000e+03   7.0012743e-01   6.5935042e-01   6.2094536e-01
   2.0695833e+03   7.0005406e-01   6.5923222e-01   6.2078781e-01
   2.0696667e+03   6.9993573e-01   6.5907302e-01   6.2059291e-01
   2.0697500e+03   6.9983175e-01   6.5892694e-01   6.2040999e-01
   2.0698333e+03   6.9981538e-01   6.5886078e-01   6.2029994e-01
   2.0699167e+03   6.9985597e-01   6.5884661e-01   6.2023726e-01
   2.0700000e+03   6.9989517e-01   6.5883116e-01   6.2017343e-01
   2.0700833e+03   6.9991851e-01   6.5880124e-01   6.2009642e-01
   2.0701667e+03   6.9993885e-01   6.5876858e-01   6.2001693e-01
   2.0702500e+03   6.9997059e-01   6.5874633e-01   6.1994692e-01
   2.0703333e+03   7.0001406e-01   6.5873476e-01   6.1988665e-01
   2.0704167e+03   7.0003442e-01   6.5870212e-01   6.1980719e-01
   2.0705000e+03   7.0002362e-01   6.5864108e-01   6.1970187e-01
   2.0705833e+03   6.9994941e-01   6.5852223e-01   6.1954392e-01
   2.0706667e+03   6.9983009e-01   6.5836228e-01   6.1934856e-01
   2.0707500e+03   6.9972518e-01   6.5821547e-01   6.1916520e-01
   2.0708333e+03   6.9970820e-01   6.5814883e-01   6.1905484e-01
   2.0709167e+03   6.9974866e-01   6.5813453e-01   6.1899215e-01
   2.0710000e+03   6.9978801e-01   6.5811922e-01   6.1892855e-01
   2.0710833e+03   6.9981168e-01   6.5808962e-01   6.1885194e-01
   2.0711667e+03   6.9983237e-01   6.5805730e-01   6.1877286e-01
   2.0712500e+03   6.9986436e-01   6.5803528e-01   6.1870316e-01
   2.0713333e+03   6.9990779e-01   6.5802368e-01   6.1864294e-01
   2.0714167e+03   6.9992777e-01   6.5799070e-01   6.1856328e-01
   2.0715000e+03   6.9991640e-01   6.5792917e-01   6.1845765e-01
   2.0715833e+03   6.9984135e-01   6.5780965e-01   6.1829926e-01
   2.0716667e+03   6.9972105e-01   6.5764893e-01   6.1810340e-01
   2.0717500e+03   6.9961519e-01   6.5750137e-01   6.1791955e-01
   2.0718333e+03   6.9959762e-01   6.5743422e-01   6.1780885e-01
   2.0719167e+03   6.9963792e-01   6.5741977e-01   6.1774610e-01
   2.0720000e+03   6.9967742e-01   6.5740458e-01   6.1768268e-01
   2.0720833e+03   6.9970142e-01   6.5737527e-01   6.1760642e-01
   2.0721667e+03   6.9972247e-01   6.5734327e-01   6.1752772e-01
   2.0722500e+03   6.9975470e-01   6.5732146e-01   6.1745828e-01
   2.0723333e+03   6.9979809e-01   6.5730979e-01   6.1739806e-01
   2.0724167e+03   6.9981769e-01   6.5727646e-01   6.1731816e-01
   2.0725000e+03   6.9980575e-01   6.5721442e-01   6.1721217e-01
   2.0725833e+03   6.9972986e-01   6.5709420e-01   6.1705330e-01
   2.0726667e+03   6.9960857e-01   6.5693269e-01   6.1685691e-01
   2.0727500e+03   6.9950176e-01   6.5678437e-01   6.1667254e-01
   2.0728333e+03   6.9948358e-01   6.5671668e-01   6.1656146e-01
   2.0729167e+03   6.9952374e-01   6.5670206e-01   6.1649860e-01
   2.0730000e+03   6.9956339e-01   6.5668696e-01   6.1643532e-01
   2.0730833e+03   6.9958771e-01   6.5665792e-01   6.1635936e-01
   2.0731667e+03   6.9960910e-01   6.5662621e-01   6.1628098e-01
   2.0732500e+03   6.9964158e-01   6.5660457e-01   6.1621177e-01
   2.0733333e+03   6.9968492e-01   6.5659281e-01   6.1615151e-01
   2.0734167e+03   6.9970414e-01   6.5655910e-01   6.1607132e-01
   2.0735000e+03   6.9969162e-01   6.5649654e-01   6.1596493e-01
   2.0735833e+03   6.9961489e-01   6.5637560e-01   6.1580554e-01
   2.0736667e+03   6.9949260e-01   6.5621327e-01   6.1560858e-01
   2.0737500e+03   6.9938485e-01   6.5606416e-01   6.1542365e-01
   2.0738333e+03   6.9936607e-01   6.5599591e-01   6.1531214e-01
   2.0739167e+03   6.9940608e-01   6.5598109e-01   6.1524914e-01
   2.0740000e+03   6.9944586e-01   6.5596606e-01   6.1518594e-01
   2.0740833e+03   6.9947050e-01   6.5593726e-01   6.1511025e-01
   2.0741667e+03   6.9949224e-01   6.5590581e-01   6.1503215e-01
   2.0742500e+03   6.9952497e-01   6.5588434e-01   6.1496311e-01
   2.0743333e+03   6.9956825e-01   6.5587245e-01   6.1490276e-01
   2.0744167e+03   6.9958709e-01   6.5583834e-01   6.1482225e-01
   2.0745000e+03   6.9957399e-01   6.5577522e-01   6.1471542e-01
   2.0745833e+03   6.9949641e-01   6.5565355e-01   6.1455547e-01
   2.0746667e+03   6.9937313e-01   6.5549038e-01   6.1435790e-01
   2.0747500e+03   6.9926443e-01   6.5534046e-01   6.1417237e-01
   2.0748333e+03   6.9924503e-01   6.5527163e-01   6.1406040e-01
   2.0749167e+03   6.9928489e-01   6.5525659e-01   6.1399721e-01
   2.0750000e+03   6.9932482e-01   6.5524160e-01   6.1393406e-01
   2.0750833e+03   6.9934977e-01   6.5521301e-01   6.1385857e-01
   2.0751667e+03   6.9937183e-01   6.5518178e-01   6.1378069e-01
   2.0752500e+03   6.9940477e-01   6.5516042e-01   6.1371176e-01
   2.0753333e+03   6.9944801e-01   6.5514839e-01   6.1365128e-01
   2.0754167e+03   6.9946651e-01   6.5511391e-01   6.1357045e-01
   2.0755000e+03   6.9945293e-01   6.5505031e-01   6.1346322e-01
   2.0755833e+03   6.9937468e-01   6.5492802e-01   6.1330282e-01
   2.0756667e+03   6.9925063e-01   6.5476421e-01   6.1310480e-01
   2.0757500e+03   6.9914123e-01   6.5461370e-01   6.1291884e-01
   2.0758333e+03   6.9912140e-01   6.5454442e-01   6.1280651e-01
   2.0759167e+03   6.9916115e-01   6.5452918e-01   6.1274312e-01
   2.0760000e+03   6.9920116e-01   6.5451416e-01   6.1267993e-01
   2.0760833e+03   6.9922631e-01   6.5448565e-01   6.1260452e-01
   2.0761667e+03   6.9924860e-01   6.5445453e-01   6.1252674e-01
   2.0762500e+03   6.9928169e-01   6.5443320e-01   6.1245783e-01
   2.0763333e+03   6.9932489e-01   6.5442102e-01   6.1239719e-01
   2.0764167e+03   6.9934314e-01   6.5438621e-01   6.1231605e-01
   2.0765000e+03   6.9932918e-01   6.5432219e-01   6.1220847e-01
   2.0765833e+03   6.9925037e-01   6.5419939e-01   6.1204769e-01
   2.0766667e+03   6.9912568e-01   6.5403503e-01   6.1184927e-01
   2.0767500e+03   6.9901566e-01   6.5388397e-01   6.1166292e-01
   2.0768333e+03   6.9899542e-01   6.5381426e-01   6.1155021e-01
   2.0769167e+03   6.9903507e-01   6.5379879e-01   6.1148659e-01
   2.0770000e+03   6.9907517e-01   6.5378372e-01   6.1142332e-01
   2.0770833e+03   6.9910052e-01   6.5375528e-01   6.1134795e-01
   2.0771667e+03   6.9912302e-01   6.5372424e-01   6.1127022e-01
   2.0772500e+03   6.9915627e-01   6.5370292e-01   6.1120128e-01
   2.0773333e+03   6.9919943e-01   6.5369056e-01   6.1114044e-01
   2.0774167e+03   6.9921742e-01   6.5365539e-01   6.1105896e-01
   2.0775000e+03   6.9920308e-01   6.5359094e-01   6.1095099e-01
   2.0775833e+03   6.9912371e-01   6.5346761e-01   6.1078977e-01
   2.0776667e+03   6.9899838e-01   6.5330267e-01   6.1059094e-01
   2.0777500e+03   6.9888774e-01   6.5315104e-01   6.1040415e-01
   2.0778333e+03   6.9886710e-01   6.5308088e-01   6.1029103e-01
   2.0779167e+03   6.9890664e-01   6.5306516e-01   6.1022713e-01
   2.0780000e+03   6.9894682e-01   6.5305001e-01   6.1016374e-01
   2.0780833e+03   6.9897238e-01   6.5302162e-01   6.1008836e-01
   2.0781667e+03   6.9899510e-01   6.5299064e-01   6.1001065e-01
   2.0782500e+03   6.9902850e-01   6.5296930e-01   6.0994164e-01
   2.0783333e+03   6.9907161e-01   6.5295674e-01   6.0988055e-01
   2.0784167e+03   6.9908935e-01   6.5292120e-01   6.0979869e-01
   2.0785000e+03   6.9907462e-01   6.5285629e-01   6.0969028e-01
   2.0785833e+03   6.9899470e-01   6.5273241e-01   6.0952861e-01
   2.0786667e+03   6.9886871e-01   6.5256687e-01   6.0932931e-01
   2.0787500e+03   6.9875745e-01   6.5241466e-01   6.0914205e-01
   2.0788333e+03   6.9873641e-01   6.5234401e-01   6.0902848e-01
   2.0789167e+03   6.9877584e-01   6.5232803e-01   6.0896427e-01
   2.0790000e+03   6.9881610e-01   6.5231278e-01   6.0890071e-01
   2.0790833e+03   6.9884187e-01   6.5228441e-01   6.0882529e-01
   2.0791667e+03   6.9886480e-01   6.5225346e-01   6.0874754e-01
   2.0792500e+03   6.9889835e-01   6.5223209e-01   6.0867842e-01
   2.0793333e+03   6.9894142e-01   6.5221930e-01   6.0861705e-01
   2.0794167e+03   6.9895890e-01   6.5218337e-01   6.0853477e-01
   2.0795000e+03   6.9894378e-01   6.5211797e-01   6.0842589e-01
   2.0795833e+03   6.9886331e-01   6.5199352e-01   6.0826371e-01
   2.0796667e+03   6.9873667e-01   6.5182737e-01   6.0806392e-01
   2.0797500e+03   6.9862479e-01   6.5167455e-01   6.0787616e-01
   2.0798333e+03   6.9860335e-01   6.5160341e-01   6.0776210e-01
   2.0799167e+03   6.9864266e-01   6.5158713e-01   6.0769753e-01
   2.0800000e+03   6.9868301e-01   6.5157176e-01   6.0763377e-01
   2.0800833e+03   6.9870897e-01   6.5154338e-01   6.0755826e-01
   2.0801667e+03   6.9873213e-01   6.5151245e-01   6.0748043e-01
   2.0802500e+03   6.9876582e-01   6.5149101e-01   6.0741116e-01
   2.0803333e+03   6.9880885e-01   6.5147798e-01   6.0734946e-01
   2.0804167e+03   6.9882606e-01   6.5144162e-01   6.0726672e-01
   2.0805000e+03   6.9881056e-01   6.5137573e-01   6.0715733e-01
   2.0805833e+03   6.9872953e-01   6.5125068e-01   6.0699462e-01
   2.0806667e+03   6.9860224e-01   6.5108390e-01   6.0679429e-01
   2.0807500e+03   6.9848974e-01   6.5093045e-01   6.0660600e-01
   2.0808333e+03   6.9846789e-01   6.5085879e-01   6.0649142e-01
   2.0809167e+03   6.9850710e-01   6.5084220e-01   6.0642645e-01
   2.0810000e+03   6.9854752e-01   6.5082668e-01   6.0636243e-01
   2.0810833e+03   6.9857368e-01   6.5079828e-01   6.0628679e-01
   2.0811667e+03   6.9859705e-01   6.5076733e-01   6.0620886e-01
   2.0812500e+03   6.9863089e-01   6.5074581e-01   6.0613940e-01
   2.0813333e+03   6.9867388e-01   6.5073251e-01   6.0607732e-01
   2.0814167e+03   6.9869082e-01   6.5069571e-01   6.0599408e-01
   2.0815000e+03   6.9867494e-01   6.5062929e-01   6.0588414e-01
   2.0815833e+03   6.9859334e-01   6.5050363e-01   6.0572086e-01
   2.0816667e+03   6.9846541e-01   6.5033620e-01   6.0551997e-01
   2.0817500e+03   6.9835229e-01   6.5018211e-01   6.0533111e-01
   2.0818333e+03   6.9833003e-01   6.5010991e-01   6.0521596e-01
   2.0819167e+03   6.9836912e-01   6.5009298e-01   6.0515055e-01
   2.0820000e+03   6.9840962e-01   6.5007729e-01   6.0508625e-01
   2.0820833e+03   6.9843598e-01   6.5004883e-01   6.0501044e-01
   2.0821667e+03   6.9845957e-01   6.5001785e-01   6.0493235e-01
   2.0822500e+03   6.9849355e-01   6.4999623e-01   6.0486265e-01
   2.0823333e+03   6.9853649e-01   6.4998263e-01   6.0480017e-01
   2.0824167e+03   6.9855317e-01   6.4994537e-01   6.0471638e-01
   2.0825000e+03   6.9853690e-01   6.4987840e-01   6.0460586e-01
   2.0825833e+03   6.9845475e-01   6.4975211e-01   6.0444198e-01
   2.0826667e+03   6.9832616e-01   6.4958401e-01   6.0424049e-01
   2.0827500e+03   6.9821241e-01   6.4942926e-01   6.0405103e-01
   2.0828333e+03   6.9818974e-01   6.4935650e-01   6.0393528e-01
   2.0829167e+03   6.9822873e-01   6.4933920e-01   6.0386939e-01
   2.0830000e+03   6.9826931e-01   6.4932332e-01   6.0380476e-01
   2.0830833e+03   6.9829586e-01   6.4929479e-01   6.0372874e-01
   2.0831667e+03   6.9831966e-01   6.4926376e-01   6.0365045e-01
   2.0832500e+03   6.9835379e-01   6.4924200e-01   6.0358048e-01
   2.0833333e+03   6.9839667e-01   6.4922808e-01   6.0351754e-01
   2.0834167e+03   6.9841309e-01   6.4919034e-01   6.0343318e-01
   2.0835000e+03   6.9839643e-01   6.4912281e-01   6.0332204e-01
   2.0835833e+03   6.9831372e-01   6.4899586e-01   6.0315751e-01
   2.0836667e+03   6.9818448e-01   6.4882707e-01   6.0295540e-01
   2.0837500e+03   6.9807011e-01   6.4867165e-01   6.0276530e-01
   2.0838333e+03   6.9804703e-01   6.4859830e-01   6.0264891e-01
   2.0839167e+03   6.9808590e-01   6.4858062e-01   6.0258250e-01
   2.0840000e+03   6.9812655e-01   6.4856452e-01   6.0251750e-01
   2.0840833e+03   6.9815330e-01   6.4853590e-01   6.0244123e-01
   2.0841667e+03   6.9817731e-01   6.4850478e-01   6.0236270e-01
   2.0842500e+03   6.9821158e-01   6.4848286e-01   6.0229242e-01
   2.0843333e+03   6.9825442e-01   6.4846861e-01   6.0222899e-01
   2.0844167e+03   6.9827057e-01   6.4843036e-01   6.0214401e-01
   2.0845000e+03   6.9825351e-01   6.4836224e-01   6.0203221e-01
   2.0845833e+03   6.9817024e-01   6.4823463e-01   6.0186701e-01
   2.0846667e+03   6.9804035e-01   6.4806513e-01   6.0166424e-01
   2.0847500e+03   6.9792536e-01   6.4790901e-01   6.0147347e-01
   2.0848333e+03   6.9790187e-01   6.4783505e-01   6.0135641e-01
   2.0849167e+03   6.9794062e-01   6.4781697e-01   6.0128944e-01
   2.0850000e+03   6.9798135e-01   6.4780063e-01   6.0122403e-01
   2.0850833e+03   6.9800829e-01   6.4777189e-01   6.0114746e-01
   2.0851667e+03   6.9803251e-01   6.4774067e-01   6.0106866e-01
   2.0852500e+03   6.9806692e-01   6.4771857e-01   6.0099802e-01
   2.0853333e+03   6.9810971e-01   6.4770396e-01   6.0093407e-01
   2.0854167e+03   6.9812559e-01   6.4766518e-01   6.0084843e-01
   2.0855000e+03   6.9810814e-01   6.4759645e-01   6.0073593e-01
   2.0855833e+03   6.9802431e-01   6.4746815e-01   6.0057003e-01
   2.0856667e+03   6.9789377e-01   6.4729792e-01   6.0036656e-01
   2.0857500e+03   6.9777815e-01   6.4714109e-01   6.0017509e-01
   2.0858333e+03   6.9775425e-01   6.4706651e-01   6.0005732e-01
   2.0859167e+03   6.9779288e-01   6.4704799e-01   5.9998976e-01
   2.0860000e+03   6.9783368e-01   6.4703140e-01   5.9992389e-01
   2.0860833e+03   6.9786082e-01   6.4700251e-01   5.9984700e-01
   2.0861667e+03   6.9788524e-01   6.4697116e-01   5.9976788e-01
   2.0862500e+03   6.9791980e-01   6.4694887e-01   5.9969684e-01
   2.0863333e+03   6.9796253e-01   6.4693387e-01   5.9963232e-01
   2.0864167e+03   6.9797814e-01   6.4689454e-01   5.9954599e-01
   2.0865000e+03   6.9796030e-01   6.4682518e-01   5.9943277e-01
   2.0865833e+03   6.9787591e-01   6.4669617e-01   5.9926613e-01
   2.0866667e+03   6.9774471e-01   6.4652521e-01   5.9906193e-01
   2.0867500e+03   6.9762846e-01   6.4636763e-01   5.9886973e-01
   2.0868333e+03   6.9760415e-01   6.4629241e-01   5.9875121e-01
   2.0869167e+03   6.9764266e-01   6.4627345e-01   5.9868302e-01
   2.0870000e+03   6.9768354e-01   6.4625657e-01   5.9861666e-01
   2.0870833e+03   6.9771087e-01   6.4622751e-01   5.9853939e-01
   2.0871667e+03   6.9773550e-01   6.4619601e-01   5.9845992e-01
   2.0872500e+03   6.9777019e-01   6.4617350e-01   5.9838845e-01
   2.0873333e+03   6.9781286e-01   6.4615809e-01   5.9832332e-01
   2.0874167e+03   6.9782821e-01   6.4611819e-01   5.9823626e-01
   2.0875000e+03   6.9780998e-01   6.4604819e-01   5.9812227e-01
   2.0875833e+03   6.9772502e-01   6.4591845e-01   5.9795486e-01
   2.0876667e+03   6.9759317e-01   6.4574672e-01   5.9774991e-01
   2.0877500e+03   6.9747629e-01   6.4558840e-01   5.9755694e-01
   2.0878333e+03   6.9745157e-01   6.4551251e-01   5.9743764e-01
   2.0879167e+03   6.9748996e-01   6.4549307e-01   5.9736877e-01
   2.0880000e+03   6.9753091e-01   6.4547588e-01   5.9730189e-01
   2.0880833e+03   6.9755842e-01   6.4544664e-01   5.9722421e-01
   2.0881667e+03   6.9758326e-01   6.4541497e-01   5.9714434e-01
   2.0882500e+03   6.9761809e-01   6.4539221e-01   5.9707240e-01
   2.0883333e+03   6.9766071e-01   6.4537637e-01   5.9700662e-01
   2.0884167e+03   6.9767579e-01   6.4533587e-01   5.9691880e-01
   2.0885000e+03   6.9765715e-01   6.4526520e-01   5.9680401e-01
   2.0885833e+03   6.9757163e-01   6.4513472e-01   5.9663579e-01
   2.0886667e+03   6.9743912e-01   6.4496222e-01   5.9643006e-01
   2.0887500e+03   6.9732163e-01   6.4480312e-01   5.9623629e-01
   2.0888333e+03   6.9729648e-01   6.4472655e-01   5.9611618e-01
   2.0889167e+03   6.9733475e-01   6.4470662e-01   5.9604660e-01
   2.0890000e+03   6.9737577e-01   6.4468910e-01   5.9597915e-01
   2.0890833e+03   6.9740347e-01   6.4465965e-01   5.9590103e-01
   2.0891667e+03   6.9742851e-01   6.4462778e-01   5.9582072e-01
   2.0892500e+03   6.9746348e-01   6.4460475e-01   5.9574827e-01
   2.0893333e+03   6.9750604e-01   6.4458846e-01   5.9568181e-01
   2.0894167e+03   6.9752085e-01   6.4454735e-01   5.9559318e-01
   2.0895000e+03   6.9750182e-01   6.4447599e-01   5.9547755e-01
   2.0895833e+03   6.9741573e-01   6.4434474e-01   5.9530850e-01
   2.0896667e+03   6.9728257e-01   6.4417145e-01   5.9510195e-01
   2.0897500e+03   6.9716444e-01   6.4401156e-01   5.9490736e-01
   2.0898333e+03   6.9713888e-01   6.4393429e-01   5.9478640e-01
   2.0899167e+03   6.9717703e-01   6.4391383e-01   5.9471607e-01
   2.0900000e+03   6.9721812e-01   6.4389596e-01   5.9464802e-01
   2.0900833e+03   6.9724601e-01   6.4386628e-01   5.9456940e-01
   2.0901667e+03   6.9727125e-01   6.4383420e-01   5.9448863e-01
   2.0902500e+03   6.9730635e-01   6.4381087e-01   5.9441563e-01
   2.0903333e+03   6.9734885e-01   6.4379411e-01   5.9434844e-01
   2.0904167e+03   6.9736338e-01   6.4375236e-01   5.9425897e-01
   2.0905000e+03   6.9734396e-01   6.4368030e-01   5.9414248e-01
   2.0905833e+03   6.9725731e-01   6.4354826e-01   5.9397256e-01
   2.0906667e+03   6.9712349e-01   6.4337416e-01   5.9376517e-01
   2.0907500e+03   6.9700473e-01   6.4321347e-01   5.9356973e-01
   2.0908333e+03   6.9697876e-01   6.4313547e-01   5.9344788e-01
   2.0909167e+03   6.9701678e-01   6.4311448e-01   5.9337677e-01
   2.0910000e+03   6.9705793e-01   6.4309623e-01   5.9330807e-01
   2.0910833e+03   6.9708600e-01   6.4306629e-01   5.9322893e-01
   2.0911667e+03   6.9711145e-01   6.4303397e-01   5.9314764e-01
   2.0912500e+03   6.9714668e-01   6.4301033e-01   5.9307405e-01
   2.0913333e+03   6.9718912e-01   6.4299307e-01   5.9300611e-01
   2.0914167e+03   6.9720338e-01   6.4295067e-01   5.9291577e-01
   2.0915000e+03   6.9718356e-01   6.4287787e-01   5.9279837e-01
   2.0915833e+03   6.9709634e-01   6.4274504e-01   5.9262755e-01
   2.0916667e+03   6.9696186e-01   6.4257011e-01   5.9241929e-01
   2.0917500e+03   6.9684248e-01   6.4240860e-01   5.9222296e-01
   2.0918333e+03   6.9681609e-01   6.4232985e-01   5.9210021e-01
   2.0919167e+03   6.9685398e-01   6.4230830e-01   5.9202827e-01
   2.0920000e+03   6.9689520e-01   6.4228966e-01   5.9195888e-01
   2.0920833e+03   6.9692346e-01   6.4225944e-01   5.9187918e-01
   2.0921667e+03   6.9694910e-01   6.4222686e-01   5.9179735e-01
   2.0922500e+03   6.9698447e-01   6.4220288e-01   5.9172313e-01
   2.0923333e+03   6.9702685e-01   6.4218510e-01   5.9165439e-01
   2.0924167e+03   6.9704083e-01   6.4214202e-01   5.9156314e-01
   2.0925000e+03   6.9702060e-01   6.4206848e-01   5.9144481e-01
   2.0925833e+03   6.9693282e-01   6.4193483e-01   5.9127307e-01
   2.0926667e+03   6.9679769e-01   6.4175905e-01   5.9106390e-01
   2.0927500e+03   6.9667767e-01   6.4159670e-01   5.9086666e-01
   2.0928333e+03   6.9665086e-01   6.4151720e-01   5.9074296e-01
   2.0929167e+03   6.9668863e-01   6.4149506e-01   5.9067016e-01
   2.0930000e+03   6.9672991e-01   6.4147600e-01   5.9060005e-01
   2.0930833e+03   6.9675835e-01   6.4144548e-01   5.9051976e-01
   2.0931667e+03   6.9678419e-01   6.4141261e-01   5.9043734e-01
   2.0932500e+03   6.9681969e-01   6.4138828e-01   5.9036246e-01
   2.0933333e+03   6.9686201e-01   6.4136996e-01   5.9029288e-01
   2.0934167e+03   6.9687571e-01   6.4132618e-01   5.9020069e-01
   2.0935000e+03   6.9685509e-01   6.4125187e-01   5.9008138e-01
   2.0935833e+03   6.9676674e-01   6.4111738e-01   5.8990869e-01
   2.0936667e+03   6.9663094e-01   6.4094075e-01   5.8969860e-01
   2.0937500e+03   6.9651030e-01   6.4077754e-01   5.8950041e-01
   2.0938333e+03   6.9648307e-01   6.4069725e-01   5.8937573e-01
   2.0939167e+03   6.9652071e-01   6.4067451e-01   5.8930203e-01
   2.0940000e+03   6.9656205e-01   6.4065501e-01   5.8923118e-01
   2.0940833e+03   6.9659067e-01   6.4062417e-01   5.8915024e-01
   2.0941667e+03   6.9661671e-01   6.4059099e-01   5.8906720e-01
   2.0942500e+03   6.9665234e-01   6.4056628e-01   5.8899162e-01
   2.0943333e+03   6.9669459e-01   6.4054740e-01   5.8892118e-01
   2.0944167e+03   6.9670802e-01   6.4050290e-01   5.8882801e-01
   2.0945000e+03   6.9668699e-01   6.4042780e-01   5.8870770e-01
   2.0945833e+03   6.9659807e-01   6.4029246e-01   5.8853402e-01
   2.0946667e+03   6.9646162e-01   6.4011495e-01   5.8832297e-01
   2.0947500e+03   6.9634034e-01   6.3995088e-01   5.8812382e-01
   2.0948333e+03   6.9631269e-01   6.3986978e-01   5.8799812e-01
   2.0949167e+03   6.9635020e-01   6.3984641e-01   5.8792350e-01
   2.0950000e+03   6.9639161e-01   6.3982645e-01   5.8785185e-01
   2.0950833e+03   6.9642041e-01   6.3979526e-01   5.8777024e-01
   2.0951667e+03   6.9644664e-01   6.3976176e-01   5.8768654e-01
   2.0952500e+03   6.9648240e-01   6.3973665e-01   5.8761022e-01
   2.0953333e+03   6.9652458e-01   6.3971718e-01   5.8753888e-01
   2.0954167e+03   6.9653773e-01   6.3967195e-01   5.8744469e-01
   2.0955000e+03   6.9651630e-01   6.3959604e-01   5.8732335e-01
   2.0955833e+03   6.9642681e-01   6.3945983e-01   5.8714865e-01
   2.0956667e+03   6.9628970e-01   6.3928142e-01   5.8693663e-01
   2.0957500e+03   6.9616780e-01   6.3911646e-01   5.8673648e-01
   2.0958333e+03   6.9613972e-01   6.3903455e-01   5.8660974e-01
   2.0959167e+03   6.9617710e-01   6.3901053e-01   5.8653415e-01
   2.0960000e+03   6.9621856e-01   6.3899008e-01   5.8646167e-01
   2.0960833e+03   6.9624754e-01   6.3895853e-01   5.8637935e-01
   2.0961667e+03   6.9627397e-01   6.3892468e-01   5.8629495e-01
   2.0962500e+03   6.9630985e-01   6.3889914e-01   5.8621787e-01
   2.0963333e+03   6.9635197e-01   6.3887907e-01   5.8614558e-01
   2.0964167e+03   6.9636484e-01   6.3883307e-01   5.8605035e-01
   2.0965000e+03   6.9634300e-01   6.3875634e-01   5.8592795e-01
   2.0965833e+03   6.9625295e-01   6.3861925e-01   5.8575220e-01
   2.0966667e+03   6.9611518e-01   6.3843993e-01   5.8553917e-01
   2.0967500e+03   6.9599264e-01   6.3827407e-01   5.8533800e-01
   2.0968333e+03   6.9596414e-01   6.3819131e-01   5.8521018e-01
   2.0969167e+03   6.9600139e-01   6.3816663e-01   5.8513359e-01
   2.0970000e+03   6.9604291e-01   6.3814567e-01   5.8506025e-01
   2.0970833e+03   6.9607207e-01   6.3811373e-01   5.8497719e-01
   2.0971667e+03   6.9609869e-01   6.3807951e-01   5.8489206e-01
   2.0972500e+03   6.9613469e-01   6.3805352e-01   5.8481417e-01
   2.0973333e+03   6.9617675e-01   6.3803283e-01   5.8474091e-01
   2.0974167e+03   6.9618933e-01   6.3798605e-01   5.8464460e-01
   2.0975000e+03   6.9616709e-01   6.3790847e-01   5.8452110e-01
   2.0975833e+03   6.9607646e-01   6.3777047e-01   5.8434428e-01
   2.0976667e+03   6.9593803e-01   6.3759024e-01   5.8413022e-01
   2.0977500e+03   6.9581486e-01   6.3742345e-01   5.8392800e-01
   2.0978333e+03   6.9578594e-01   6.3733984e-01   5.8379908e-01
   2.0979167e+03   6.9582305e-01   6.3731446e-01   5.8372145e-01
   2.0980000e+03   6.9586463e-01   6.3729297e-01   5.8364721e-01
   2.0980833e+03   6.9589396e-01   6.3726063e-01   5.8356337e-01
   2.0981667e+03   6.9592078e-01   6.3722601e-01   5.8347748e-01
   2.0982500e+03   6.9595691e-01   6.3719956e-01   5.8339874e-01
   2.0983333e+03   6.9599889e-01   6.3717822e-01   5.8332447e-01
   2.0984167e+03   6.9601119e-01   6.3713064e-01   5.8322705e-01
   2.0985000e+03   6.9598854e-01   6.3705220e-01   5.8310242e-01
   2.0985833e+03   6.9589735e-01   6.3691328e-01   5.8292451e-01
   2.0986667e+03   6.9575825e-01   6.3673210e-01   5.8270939e-01
   2.0987500e+03   6.9563445e-01   6.3656438e-01   5.8250609e-01
   2.0988333e+03   6.9560510e-01   6.3647989e-01   5.8237603e-01
   2.0989167e+03   6.9564208e-01   6.3645381e-01   5.8229734e-01
   2.0990000e+03   6.9568371e-01   6.3643177e-01   5.8222217e-01
   2.0990833e+03   6.9571322e-01   6.3639899e-01   5.8213751e-01
   2.0991667e+03   6.9574023e-01   6.3636396e-01   5.8205082e-01
   2.0992500e+03   6.9577648e-01   6.3633702e-01   5.8197120e-01
   2.0993333e+03   6.9581839e-01   6.3631501e-01   5.8189588e-01
   2.0994167e+03   6.9583040e-01   6.3626661e-01   5.8179733e-01
   2.0995000e+03   6.9580735e-01   6.3618729e-01   5.8167154e-01
   2.0995833e+03   6.9571558e-01   6.3604743e-01   5.8149251e-01
   2.0996667e+03   6.9557583e-01   6.3586530e-01   5.8127630e-01
   2.0997500e+03   6.9545139e-01   6.3569663e-01   5.8107191e-01
   2.0998333e+03   6.9542162e-01   6.3561124e-01   5.8094068e-01
   2.0999167e+03   6.9545846e-01   6.3558443e-01   5.8086089e-01
   2.1000000e+03   6.9550014e-01   6.3556182e-01   5.8078475e-01
   2.1000833e+03   6.9552983e-01   6.3552859e-01   5.8069923e-01
   2.1001667e+03   6.9555702e-01   6.3549312e-01   5.8061171e-01
   2.1002500e+03   6.9559339e-01   6.3546567e-01   5.8053118e-01
   2.1003333e+03   6.9563523e-01   6.3544297e-01   5.8045479e-01
   2.1004167e+03   6.9564696e-01   6.3539373e-01   5.8035506e-01
   2.1005000e+03   6.9562350e-01   6.3531351e-01   5.8022808e-01
   2.1005833e+03   6.9553116e-01   6.3517270e-01   5.8004790e-01
   2.1006667e+03   6.9539074e-01   6.3498960e-01   5.7983059e-01
   2.1007500e+03   6.9526567e-01   6.3481996e-01   5.7962507e-01
   2.1008333e+03   6.9523547e-01   6.3473366e-01   5.7949265e-01
   2.1009167e+03   6.9527217e-01   6.3470610e-01   5.7941173e-01
