   2.0000000e+03   1.0000000e+00   1.0000000e+00   1.0000000e+00
   2.0000833e+03   1.0000000e+00   1.0000000e+00   1.0000000e+00
   2.0001667e+03   1.0000000e+00   1.0000000e+00   1.0000000e+00
   2.0002500e+03   1.0000000e+00   1.0000000e+00   1.0000000e+00
   2.0003333e+03   1.0000000e+00   1.0000000e+00   1.0000000e+00
   2.0004167e+03   1.0000000e+00   1.0000000e+00   1.0000000e+00
   2.0005000e+03   1.0000000e+00   1.0000000e+00   1.0000000e+00
   2.0005833e+03   1.0000000e+00   1.0000000e+00   1.0000000e+00
   2.0006667e+03   1.0000000e+00   1.0000000e+00   1.0000000e+00
   2.0007500e+03   1.0000000e+00   1.0000000e+00   1.0000000e+00
   2.0008333e+03   1.0000000e+00   1.0000000e+00   1.0000000e+00
   2.0009167e+03   1.0000000e+00   1.0000000e+00   1.0000000e+00
   2.0010000e+03   9.9997468e-01   9.9997426e-01   9.9997383e-01
   2.0010833e+03   9.9988918e-01   9.9988793e-01   9.9988669e-01
   2.0011667e+03   9.9979460e-01   9.9979213e-01   9.9978965e-01
   2.0012500e+03   9.9973793e-01   9.9973379e-01   9.9972965e-01
   2.0013333e+03   9.9976017e-01   9.9975389e-01   9.9974760e-01
   2.0014167e+03   9.9982111e-01   9.9981222e-01   9.9980332e-01
   2.0015000e+03   9.9988026e-01   9.9986833e-01   9.9985639e-01
   2.0015833e+03   9.9990807e-01   9.9989271e-01   9.9987734e-01
   2.0016667e+03   9.9990441e-01   9.9988523e-01   9.9986606e-01
   2.0017500e+03   9.9991115e-01   9.9988773e-01   9.9986432e-01
   2.0018333e+03   9.9996821e-01   9.9994004e-01   9.9991187e-01
   2.0019167e+03   1.0000084e+00   9.9997510e-01   9.9994178e-01
   2.0020000e+03   9.9998562e-01   9.9994687e-01   9.9990812e-01
   2.0020833e+03   9.9990337e-01   9.9985892e-01   9.9981447e-01
   2.0021667e+03   9.9981214e-01   9.9976161e-01   9.9971108e-01
   2.0022500e+03   9.9975840e-01   9.9970128e-01   9.9964417e-01
   2.0023333e+03   9.9978235e-01   9.9971803e-01   9.9965371e-01
   2.0024167e+03   9.9984361e-01   9.9977155e-01   9.9969949e-01
   2.0025000e+03   9.9990224e-01   9.9982202e-01   9.9974181e-01
   2.0025833e+03   9.9992835e-01   9.9983967e-01   9.9975100e-01
   2.0026667e+03   9.9992235e-01   9.9982490e-01   9.9972747e-01
   2.0027500e+03   9.9992694e-01   9.9982029e-01   9.9971364e-01
   2.0028333e+03   9.9998334e-01   9.9986686e-01   9.9975039e-01
   2.0029167e+03   1.0000248e+00   9.9989817e-01   9.9977153e-01
   2.0030000e+03   1.0000045e+00   9.9986753e-01   9.9973056e-01
   2.0030833e+03   9.9992548e-01   9.9977803e-01   9.9963060e-01
   2.0031667e+03   9.9983756e-01   9.9967929e-01   9.9952105e-01
   2.0032500e+03   9.9978670e-01   9.9961705e-01   9.9944743e-01
   2.0033333e+03   9.9981233e-01   9.9963053e-01   9.9944876e-01
   2.0034167e+03   9.9987387e-01   9.9967932e-01   9.9948481e-01
   2.0035000e+03   9.9993194e-01   9.9972424e-01   9.9951660e-01
   2.0035833e+03   9.9995632e-01   9.9973527e-01   9.9951426e-01
   2.0036667e+03   9.9994793e-01   9.9971329e-01   9.9947870e-01
   2.0037500e+03   9.9995034e-01   9.9970165e-01   9.9945303e-01
   2.0038333e+03   1.0000060e+00   9.9974258e-01   9.9947920e-01
   2.0039167e+03   1.0000488e+00   9.9977022e-01   9.9949176e-01
   2.0040000e+03   1.0000309e+00   9.9973725e-01   9.9944369e-01
   2.0040833e+03   9.9995504e-01   9.9964628e-01   9.9933761e-01
   2.0041667e+03   9.9987039e-01   9.9954619e-01   9.9922209e-01
   2.0042500e+03   9.9982239e-01   9.9948212e-01   9.9914197e-01
   2.0043333e+03   9.9984967e-01   9.9949242e-01   9.9913529e-01
   2.0044167e+03   9.9991144e-01   9.9953656e-01   9.9916182e-01
   2.0045000e+03   9.9996890e-01   9.9957603e-01   9.9918331e-01
   2.0045833e+03   9.9999152e-01   9.9958051e-01   9.9916967e-01
   2.0046667e+03   9.9998070e-01   9.9955143e-01   9.9912233e-01
   2.0047500e+03   9.9998088e-01   9.9953286e-01   9.9908504e-01
   2.0048333e+03   1.0000358e+00   9.9956823e-01   9.9910086e-01
   2.0049167e+03   1.0000798e+00   9.9959229e-01   9.9910505e-01
   2.0050000e+03   1.0000643e+00   9.9955707e-01   9.9905009e-01
   2.0050833e+03   9.9999159e-01   9.9946471e-01   9.9893809e-01
   2.0051667e+03   9.9991019e-01   9.9936335e-01   9.9881680e-01
   2.0052500e+03   9.9986500e-01   9.9929753e-01   9.9873036e-01
   2.0053333e+03   9.9989389e-01   9.9930472e-01   9.9871589e-01
   2.0054167e+03   9.9995586e-01   9.9934431e-01   9.9873313e-01
   2.0055000e+03   1.0000127e+00   9.9937841e-01   9.9874453e-01
   2.0055833e+03   1.0000335e+00   9.9937645e-01   9.9871982e-01
   2.0056667e+03   1.0000202e+00   9.9934035e-01   9.9866094e-01
   2.0057500e+03   1.0000181e+00   9.9931494e-01   9.9861227e-01
   2.0058333e+03   1.0000723e+00   9.9934485e-01   9.9861796e-01
   2.0059167e+03   1.0001174e+00   9.9936541e-01   9.9861401e-01
   2.0060000e+03   1.0001043e+00   9.9932803e-01   9.9855235e-01
   2.0060833e+03   1.0000347e+00   9.9923435e-01   9.9843463e-01
   2.0061667e+03   9.9995649e-01   9.9913180e-01   9.9830778e-01
   2.0062500e+03   9.9991409e-01   9.9906431e-01   9.9821523e-01
   2.0063333e+03   9.9994455e-01   9.9906849e-01   9.9819318e-01
   2.0064167e+03   1.0000067e+00   9.9910361e-01   9.9820134e-01
   2.0065000e+03   1.0000628e+00   9.9913243e-01   9.9820289e-01
   2.0065833e+03   1.0000818e+00   9.9912412e-01   9.9816735e-01
   2.0066667e+03   1.0000660e+00   9.9908110e-01   9.9809716e-01
   2.0067500e+03   1.0000616e+00   9.9904896e-01   9.9803735e-01
   2.0068333e+03   1.0001149e+00   9.9907349e-01   9.9803315e-01
   2.0069167e+03   1.0001611e+00   9.9909064e-01   9.9802127e-01
   2.0070000e+03   1.0001504e+00   9.9905117e-01   9.9795313e-01
   2.0070833e+03   1.0000839e+00   9.9895626e-01   9.9782989e-01
   2.0071667e+03   1.0000088e+00   9.9885260e-01   9.9769767e-01
   2.0072500e+03   9.9996919e-01   9.9878352e-01   9.9759923e-01
   2.0073333e+03   1.0000012e+00   9.9878477e-01   9.9756981e-01
   2.0074167e+03   1.0000634e+00   9.9881552e-01   9.9756912e-01
   2.0075000e+03   1.0001189e+00   9.9883915e-01   9.9756104e-01
   2.0075833e+03   1.0001359e+00   9.9882458e-01   9.9751492e-01
   2.0076667e+03   1.0001176e+00   9.9877473e-01   9.9743367e-01
   2.0077500e+03   1.0001108e+00   9.9873595e-01   9.9736296e-01
   2.0078333e+03   1.0001633e+00   9.9875521e-01   9.9734910e-01
   2.0079167e+03   1.0002106e+00   9.9876903e-01   9.9732951e-01
   2.0080000e+03   1.0002022e+00   9.9872756e-01   9.9725509e-01
   2.0080833e+03   1.0001387e+00   9.9863150e-01   9.9712655e-01
   2.0081667e+03   1.0000668e+00   9.9852681e-01   9.9698917e-01
   2.0082500e+03   1.0000298e+00   9.9845622e-01   9.9688503e-01
   2.0083333e+03   1.0000633e+00   9.9845462e-01   9.9684846e-01
   2.0084167e+03   1.0001257e+00   9.9848108e-01   9.9683915e-01
   2.0085000e+03   1.0001803e+00   9.9849962e-01   9.9682168e-01
   2.0085833e+03   1.0001955e+00   9.9847889e-01   9.9676522e-01
   2.0086667e+03   1.0001745e+00   9.9842232e-01   9.9667315e-01
   2.0087500e+03   1.0001653e+00   9.9837700e-01   9.9659180e-01
   2.0088333e+03   1.0002169e+00   9.9839106e-01   9.9656850e-01
   2.0089167e+03   1.0002653e+00   9.9840164e-01   9.9654142e-01
   2.0090000e+03   1.0002591e+00   9.9835826e-01   9.9646095e-01
   2.0090833e+03   1.0001987e+00   9.9826113e-01   9.9632730e-01
   2.0091667e+03   1.0001299e+00   9.9815549e-01   9.9618497e-01
   2.0092500e+03   1.0000956e+00   9.9808347e-01   9.9607535e-01
   2.0093333e+03   1.0001305e+00   9.9807912e-01   9.9603185e-01
   2.0094167e+03   1.0001929e+00   9.9810139e-01   9.9601415e-01
   2.0095000e+03   1.0002468e+00   9.9811492e-01   9.9598753e-01
   2.0095833e+03   1.0002599e+00   9.9808812e-01   9.9592096e-01
   2.0096667e+03   1.0002364e+00   9.9802493e-01   9.9581832e-01
   2.0097500e+03   1.0002248e+00   9.9797316e-01   9.9572657e-01
   2.0098333e+03   1.0002754e+00   9.9798213e-01   9.9569409e-01
   2.0099167e+03   1.0003248e+00   9.9798956e-01   9.9565975e-01
   2.0100000e+03   1.0003209e+00   9.9794435e-01   9.9557342e-01
   2.0100833e+03   1.0002633e+00   9.9784623e-01   9.9543489e-01
   2.0101667e+03   1.0001976e+00   9.9773972e-01   9.9528781e-01
   2.0102500e+03   1.0001660e+00   9.9766636e-01   9.9517292e-01
   2.0103333e+03   1.0002024e+00   9.9765934e-01   9.9512271e-01
   2.0104167e+03   1.0002648e+00   9.9767750e-01   9.9509686e-01
   2.0105000e+03   1.0003178e+00   9.9768613e-01   9.9506132e-01
   2.0105833e+03   1.0003289e+00   9.9765336e-01   9.9498489e-01
   2.0106667e+03   1.0003026e+00   9.9758364e-01   9.9487194e-01
   2.0107500e+03   1.0002886e+00   9.9752552e-01   9.9477004e-01
   2.0108333e+03   1.0003382e+00   9.9752949e-01   9.9472860e-01
   2.0109167e+03   1.0003886e+00   9.9753386e-01   9.9468723e-01
   2.0110000e+03   1.0003868e+00   9.9748690e-01   9.9459528e-01
   2.0110833e+03   1.0003323e+00   9.9738788e-01   9.9445206e-01
   2.0111667e+03   1.0002696e+00   9.9728058e-01   9.9430045e-01
   2.0112500e+03   1.0002405e+00   9.9720597e-01   9.9418050e-01
   2.0113333e+03   1.0002783e+00   9.9719636e-01   9.9412381e-01
   2.0114167e+03   1.0003407e+00   9.9721051e-01   9.9409003e-01
   2.0115000e+03   1.0003928e+00   9.9721432e-01   9.9404582e-01
   2.0115833e+03   1.0004019e+00   9.9717569e-01   9.9395978e-01
   2.0116667e+03   1.0003729e+00   9.9709953e-01   9.9383677e-01
   2.0117500e+03   1.0003563e+00   9.9703516e-01   9.9372496e-01
   2.0118333e+03   1.0004049e+00   9.9703423e-01   9.9367482e-01
   2.0119167e+03   1.0004562e+00   9.9703563e-01   9.9362663e-01
   2.0120000e+03   1.0004567e+00   9.9698701e-01   9.9352928e-01
   2.0120833e+03   1.0004050e+00   9.9688716e-01   9.9338159e-01
   2.0121667e+03   1.0003453e+00   9.9677917e-01   9.9322566e-01
   2.0122500e+03   1.0003188e+00   9.9670338e-01   9.9310087e-01
   2.0123333e+03   1.0003579e+00   9.9669127e-01   9.9303792e-01
   2.0124167e+03   1.0004202e+00   9.9670150e-01   9.9299645e-01
   2.0125000e+03   1.0004715e+00   9.9670060e-01   9.9294381e-01
   2.0125833e+03   1.0004784e+00   9.9665619e-01   9.9284842e-01
   2.0126667e+03   1.0004467e+00   9.9657370e-01   9.9271559e-01
   2.0127500e+03   1.0004275e+00   9.9650318e-01   9.9259413e-01
   2.0128333e+03   1.0004750e+00   9.9649745e-01   9.9253553e-01
   2.0129167e+03   1.0005273e+00   9.9649596e-01   9.9248076e-01
   2.0130000e+03   1.0005298e+00   9.9644576e-01   9.9237822e-01
   2.0130833e+03   1.0004810e+00   9.9634518e-01   9.9222628e-01
   2.0131667e+03   1.0004243e+00   9.9623656e-01   9.9206624e-01
   2.0132500e+03   1.0004004e+00   9.9615968e-01   9.9193682e-01
   2.0133333e+03   1.0004408e+00   9.9614517e-01   9.9186785e-01
   2.0134167e+03   1.0005030e+00   9.9615157e-01   9.9181893e-01
   2.0135000e+03   1.0005532e+00   9.9614605e-01   9.9175809e-01
   2.0135833e+03   1.0005581e+00   9.9609596e-01   9.9165359e-01
   2.0136667e+03   1.0005235e+00   9.9600725e-01   9.9151121e-01
   2.0137500e+03   1.0005017e+00   9.9593068e-01   9.9138035e-01
   2.0138333e+03   1.0005481e+00   9.9592022e-01   9.9131353e-01
   2.0139167e+03   1.0006012e+00   9.9591595e-01   9.9125242e-01
   2.0140000e+03   1.0006059e+00   9.9586426e-01   9.9114490e-01
   2.0140833e+03   1.0005599e+00   9.9576302e-01   9.9098893e-01
   2.0141667e+03   1.0005061e+00   9.9565387e-01   9.9082500e-01
   2.0142500e+03   1.0004847e+00   9.9557599e-01   9.9069117e-01
   2.0143333e+03   1.0005264e+00   9.9555916e-01   9.9061640e-01
   2.0144167e+03   1.0005884e+00   9.9556182e-01   9.9056026e-01
   2.0145000e+03   1.0006377e+00   9.9555177e-01   9.9049148e-01
   2.0145833e+03   1.0006403e+00   9.9549611e-01   9.9037812e-01
   2.0146667e+03   1.0006029e+00   9.9540126e-01   9.9022643e-01
   2.0147500e+03   1.0005785e+00   9.9531874e-01   9.9008644e-01
   2.0148333e+03   1.0006238e+00   9.9530367e-01   9.9001164e-01
   2.0149167e+03   1.0006777e+00   9.9529669e-01   9.8994441e-01
   2.0150000e+03   1.0006844e+00   9.9524360e-01   9.8983216e-01
   2.0150833e+03   1.0006412e+00   9.9514179e-01   9.8967236e-01
   2.0151667e+03   1.0005903e+00   9.9503219e-01   9.8950475e-01
   2.0152500e+03   1.0005713e+00   9.9495339e-01   9.8936674e-01
   2.0153333e+03   1.0006143e+00   9.9493433e-01   9.8928639e-01
   2.0154167e+03   1.0006761e+00   9.9493336e-01   9.8922328e-01
   2.0155000e+03   1.0007244e+00   9.9491887e-01   9.8914680e-01
   2.0155833e+03   1.0007248e+00   9.9485773e-01   9.8902483e-01
   2.0156667e+03   1.0006845e+00   9.9475686e-01   9.8886410e-01
   2.0157500e+03   1.0006573e+00   9.9466848e-01   9.8871522e-01
   2.0158333e+03   1.0007014e+00   9.9464889e-01   9.8863269e-01
   2.0159167e+03   1.0007561e+00   9.9463930e-01   9.8855958e-01
   2.0160000e+03   1.0007649e+00   9.9458490e-01   9.8844281e-01
   2.0160833e+03   1.0007245e+00   9.9448260e-01   9.8827940e-01
   2.0161667e+03   1.0006764e+00   9.9437263e-01   9.8810833e-01
   2.0162500e+03   1.0006599e+00   9.9429300e-01   9.8796635e-01
   2.0163333e+03   1.0007040e+00   9.9427180e-01   9.8788066e-01
   2.0164167e+03   1.0007656e+00   9.9426728e-01   9.8781082e-01
   2.0165000e+03   1.0008128e+00   9.9424846e-01   9.8772689e-01
   2.0165833e+03   1.0008109e+00   9.9418194e-01   9.8759657e-01
   2.0166667e+03   1.0007677e+00   9.9407513e-01   9.8742704e-01
   2.0167500e+03   1.0007378e+00   9.9398100e-01   9.8726953e-01
   2.0168333e+03   1.0007807e+00   9.9395699e-01   9.8717952e-01
   2.0169167e+03   1.0008361e+00   9.9394488e-01   9.8710076e-01
   2.0170000e+03   1.0008469e+00   9.9388925e-01   9.8697969e-01
   2.0170833e+03   1.0008092e+00   9.9378655e-01   9.8681290e-01
   2.0171667e+03   1.0007639e+00   9.9367630e-01   9.8663858e-01
   2.0172500e+03   1.0007498e+00   9.9359592e-01   9.8649286e-01
   2.0173333e+03   1.0007951e+00   9.9357268e-01   9.8640205e-01
   2.0174167e+03   1.0008565e+00   9.9356470e-01   9.8632572e-01
   2.0175000e+03   1.0009025e+00   9.9354164e-01   9.8623458e-01
   2.0175833e+03   1.0008983e+00   9.9346985e-01   9.8609616e-01
   2.0176667e+03   1.0008521e+00   9.9335721e-01   9.8591810e-01
   2.0177500e+03   1.0008194e+00   9.9325743e-01   9.8575220e-01
   2.0178333e+03   1.0008610e+00   9.9322908e-01   9.8565496e-01
   2.0179167e+03   1.0009172e+00   9.9321455e-01   9.8557079e-01
   2.0180000e+03   1.0009299e+00   9.9315778e-01   9.8544564e-01
   2.0180833e+03   1.0008949e+00   9.9305477e-01   9.8527569e-01
   2.0181667e+03   1.0008524e+00   9.9294432e-01   9.8509834e-01
   2.0182500e+03   1.0008407e+00   9.9286327e-01   9.8494910e-01
   2.0183333e+03   1.0008871e+00   9.9283808e-01   9.8485341e-01
   2.0184167e+03   1.0009481e+00   9.9282674e-01   9.8477083e-01
   2.0185000e+03   1.0009930e+00   9.9279954e-01   9.8467273e-01
   2.0185833e+03   1.0009865e+00   9.9272256e-01   9.8452646e-01
   2.0186667e+03   1.0009372e+00   9.9260419e-01   9.8434011e-01
   2.0187500e+03   1.0009017e+00   9.9249886e-01   9.8416609e-01
   2.0188333e+03   1.0009420e+00   9.9246628e-01   9.8406187e-01
   2.0189167e+03   1.0009989e+00   9.9244942e-01   9.8397251e-01
   2.0190000e+03   1.0010135e+00   9.9239160e-01   9.8384353e-01
   2.0190833e+03   1.0009811e+00   9.9228835e-01   9.8367062e-01
   2.0191667e+03   1.0009414e+00   9.9217779e-01   9.8349046e-01
   2.0192500e+03   1.0009320e+00   9.9209617e-01   9.8333791e-01
   2.0193333e+03   1.0009795e+00   9.9206911e-01   9.8323758e-01
   2.0194167e+03   1.0010402e+00   9.9205451e-01   9.8314899e-01
   2.0195000e+03   1.0010839e+00   9.9202326e-01   9.8304417e-01
   2.0195833e+03   1.0010750e+00   9.9194120e-01   9.8289031e-01
   2.0196667e+03   1.0010226e+00   9.9181720e-01   9.8269594e-01
   2.0197500e+03   1.0009843e+00   9.9170641e-01   9.8251405e-01
   2.0198333e+03   1.0010232e+00   9.9166971e-01   9.8240308e-01
   2.0199167e+03   1.0010808e+00   9.9165060e-01   9.8230878e-01
   2.0200000e+03   1.0010972e+00   9.9159182e-01   9.8217618e-01
   2.0200833e+03   1.0010675e+00   9.9148842e-01   9.8200054e-01
   2.0201667e+03   1.0010305e+00   9.9137784e-01   9.8181779e-01
   2.0202500e+03   1.0010233e+00   9.9129573e-01   9.8166216e-01
   2.0203333e+03   1.0010719e+00   9.9126689e-01   9.8155741e-01
   2.0204167e+03   1.0011322e+00   9.9124913e-01   9.8146306e-01
   2.0205000e+03   1.0011747e+00   9.9121393e-01   9.8135177e-01
   2.0205833e+03   1.0011633e+00   9.9112689e-01   9.8119056e-01
   2.0206667e+03   1.0011079e+00   9.9099735e-01   9.8098842e-01
   2.0207500e+03   1.0010666e+00   9.9088121e-01   9.8079891e-01
   2.0208333e+03   1.0011042e+00   9.9084047e-01   9.8068145e-01
   2.0209167e+03   1.0011623e+00   9.9081921e-01   9.8058245e-01
   2.0210000e+03   1.0011806e+00   9.9075956e-01   9.8044645e-01
   2.0210833e+03   1.0011534e+00   9.9065610e-01   9.8026829e-01
   2.0211667e+03   1.0011191e+00   9.9054557e-01   9.8008317e-01
   2.0212500e+03   1.0011142e+00   9.9046307e-01   9.7992468e-01
   2.0213333e+03   1.0011638e+00   9.9043254e-01   9.7981575e-01
   2.0214167e+03   1.0012237e+00   9.9041170e-01   9.7971587e-01
   2.0215000e+03   1.0012648e+00   9.9037266e-01   9.7959836e-01
   2.0215833e+03   1.0012510e+00   9.9028073e-01   9.7943005e-01
   2.0216667e+03   1.0011924e+00   9.9014577e-01   9.7922039e-01
   2.0217500e+03   1.0011482e+00   9.9002437e-01   9.7902352e-01
   2.0218333e+03   1.0011843e+00   9.8997969e-01   9.7889982e-01
   2.0219167e+03   1.0012430e+00   9.8995637e-01   9.7879634e-01
   2.0220000e+03   1.0012631e+00   9.8989593e-01   9.7865717e-01
   2.0220833e+03   1.0012385e+00   9.8979251e-01   9.7847673e-01
   2.0221667e+03   1.0012068e+00   9.8968212e-01   9.7828945e-01
   2.0222500e+03   1.0012041e+00   9.8959930e-01   9.7812832e-01
   2.0223333e+03   1.0012547e+00   9.8956718e-01   9.7801543e-01
   2.0224167e+03   1.0013142e+00   9.8954337e-01   9.7791028e-01
   2.0225000e+03   1.0013540e+00   9.8950056e-01   9.7778679e-01
   2.0225833e+03   1.0013376e+00   9.8940385e-01   9.7761164e-01
   2.0226667e+03   1.0012758e+00   9.8926356e-01   9.7739471e-01
   2.0227500e+03   1.0012286e+00   9.8913700e-01   9.7719073e-01
   2.0228333e+03   1.0012633e+00   9.8908848e-01   9.7706103e-01
   2.0229167e+03   1.0013225e+00   9.8906320e-01   9.7695331e-01
   2.0230000e+03   1.0013443e+00   9.8900206e-01   9.7681120e-01
   2.0230833e+03   1.0013222e+00   9.8889875e-01   9.7662868e-01
   2.0231667e+03   1.0012932e+00   9.8878859e-01   9.7643946e-01
   2.0232500e+03   1.0012927e+00   9.8870555e-01   9.7627591e-01
   2.0233333e+03   1.0013442e+00   9.8867193e-01   9.7615931e-01
   2.0234167e+03   1.0014031e+00   9.8864523e-01   9.7604911e-01
   2.0235000e+03   1.0014416e+00   9.8859877e-01   9.7591989e-01
   2.0235833e+03   1.0014226e+00   9.8849737e-01   9.7573815e-01
   2.0236667e+03   1.0013576e+00   9.8835184e-01   9.7551420e-01
   2.0237500e+03   1.0013074e+00   9.8822023e-01   9.7530336e-01
   2.0238333e+03   1.0013405e+00   9.8816797e-01   9.7516791e-01
   2.0239167e+03   1.0014002e+00   9.8814082e-01   9.7505619e-01
   2.0240000e+03   1.0014238e+00   9.8807907e-01   9.7491136e-01
   2.0240833e+03   1.0014042e+00   9.8797595e-01   9.7472698e-01
   2.0241667e+03   1.0013777e+00   9.8786611e-01   9.7453603e-01
   2.0242500e+03   1.0013793e+00   9.8778293e-01   9.7437029e-01
   2.0243333e+03   1.0014317e+00   9.8774790e-01   9.7425020e-01
   2.0244167e+03   1.0014902e+00   9.8771841e-01   9.7413520e-01
   2.0245000e+03   1.0015272e+00   9.8766839e-01   9.7400049e-01
   2.0245833e+03   1.0015057e+00   9.8756240e-01   9.7381241e-01
   2.0246667e+03   1.0014374e+00   9.8741174e-01   9.7358170e-01
   2.0247500e+03   1.0013840e+00   9.8727518e-01   9.7336424e-01
   2.0248333e+03   1.0014156e+00   9.8721926e-01   9.7322328e-01
   2.0249167e+03   1.0014758e+00   9.8719033e-01   9.7310779e-01
   2.0250000e+03   1.0015011e+00   9.8712807e-01   9.7296046e-01
   2.0250833e+03   1.0014839e+00   9.8702522e-01   9.7277443e-01
   2.0251667e+03   1.0014599e+00   9.8691575e-01   9.7258197e-01
   2.0252500e+03   1.0014636e+00   9.8683249e-01   9.7241424e-01
   2.0253333e+03   1.0015168e+00   9.8679614e-01   9.7229091e-01
   2.0254167e+03   1.0015747e+00   9.8676402e-01   9.7217144e-01
   2.0255000e+03   1.0016103e+00   9.8671064e-01   9.7203164e-01
   2.0255833e+03   1.0015863e+00   9.8660034e-01   9.7183769e-01
   2.0256667e+03   1.0015148e+00   9.8644490e-01   9.7160078e-01
   2.0257500e+03   1.0014586e+00   9.8630376e-01   9.7137733e-01
   2.0258333e+03   1.0014887e+00   9.8624453e-01   9.7123145e-01
   2.0259167e+03   1.0015492e+00   9.8621403e-01   9.7111270e-01
   2.0260000e+03   1.0015760e+00   9.8615139e-01   9.7096333e-01
   2.0260833e+03   1.0015610e+00   9.8604893e-01   9.7077610e-01
   2.0261667e+03   1.0015393e+00   9.8593997e-01   9.7058260e-01
   2.0262500e+03   1.0015450e+00   9.8585684e-01   9.7041347e-01
   2.0263333e+03   1.0015990e+00   9.8581950e-01   9.7028762e-01
   2.0264167e+03   1.0016562e+00   9.8578514e-01   9.7016450e-01
   2.0265000e+03   1.0016906e+00   9.8572886e-01   9.7002048e-01
   2.0265833e+03   1.0016640e+00   9.8561474e-01   9.6982159e-01
   2.0266667e+03   1.0015895e+00   9.8545501e-01   9.6957941e-01
   2.0267500e+03   1.0015303e+00   9.8530977e-01   9.6935088e-01
   2.0268333e+03   1.0015589e+00   9.8524766e-01   9.6920098e-01
   2.0269167e+03   1.0016198e+00   9.8521603e-01   9.6907985e-01
   2.0270000e+03   1.0016481e+00   9.8515342e-01   9.6892931e-01
   2.0270833e+03   1.0016353e+00   9.8505176e-01   9.6874172e-01
   2.0271667e+03   1.0016159e+00   9.8494374e-01   9.6854804e-01
   2.0272500e+03   1.0016234e+00   9.8486116e-01   9.6837837e-01
   2.0273333e+03   1.0016781e+00   9.8482324e-01   9.6825089e-01
   2.0274167e+03   1.0017348e+00   9.8478708e-01   9.6812500e-01
   2.0275000e+03   1.0017677e+00   9.8472831e-01   9.6797765e-01
   2.0275833e+03   1.0017386e+00   9.8461080e-01   9.6777468e-01
   2.0276667e+03   1.0016610e+00   9.8444719e-01   9.6752809e-01
   2.0277500e+03   1.0015989e+00   9.8429826e-01   9.6729533e-01
   2.0278333e+03   1.0016260e+00   9.8423371e-01   9.6714230e-01
   2.0279167e+03   1.0016872e+00   9.8420137e-01   9.6701967e-01
   2.0280000e+03   1.0017169e+00   9.8413922e-01   9.6686882e-01
   2.0280833e+03   1.0017062e+00   9.8403877e-01   9.6668173e-01
   2.0281667e+03   1.0016891e+00   9.8393209e-01   9.6648871e-01
   2.0282500e+03   1.0016984e+00   9.8385047e-01   9.6631936e-01
   2.0283333e+03   1.0017538e+00   9.8381240e-01   9.6619111e-01
   2.0284167e+03   1.0018099e+00   9.8377488e-01   9.6606334e-01
   2.0285000e+03   1.0018414e+00   9.8371405e-01   9.6591353e-01
   2.0285833e+03   1.0018098e+00   9.8359356e-01   9.6570735e-01
   2.0286667e+03   1.0017290e+00   9.8342648e-01   9.6545718e-01
   2.0287500e+03   1.0016639e+00   9.8327428e-01   9.6522104e-01
   2.0288333e+03   1.0016894e+00   9.8320770e-01   9.6506575e-01
   2.0289167e+03   1.0017509e+00   9.8317508e-01   9.6494250e-01
   2.0290000e+03   1.0017821e+00   9.8311381e-01   9.6479220e-01
   2.0290833e+03   1.0017735e+00   9.8301498e-01   9.6460644e-01
   2.0291667e+03   1.0017585e+00   9.8291005e-01   9.6441493e-01
   2.0292500e+03   1.0017697e+00   9.8282981e-01   9.6424674e-01
   2.0293333e+03   1.0018258e+00   9.8279202e-01   9.6411859e-01
   2.0294167e+03   1.0018812e+00   9.8275355e-01   9.6398981e-01
   2.0295000e+03   1.0019112e+00   9.8269110e-01   9.6383842e-01
   2.0295833e+03   1.0018770e+00   9.8256803e-01   9.6362987e-01
   2.0296667e+03   1.0017930e+00   9.8239790e-01   9.6337696e-01
   2.0297500e+03   1.0017249e+00   9.8224282e-01   9.6313829e-01
   2.0298333e+03   1.0017488e+00   9.8217464e-01   9.6298159e-01
   2.0299167e+03   1.0018105e+00   9.8214217e-01   9.6285859e-01
   2.0300000e+03   1.0018431e+00   9.8208220e-01   9.6270969e-01
   2.0300833e+03   1.0018366e+00   9.8198536e-01   9.6252607e-01
   2.0301667e+03   1.0018238e+00   9.8188252e-01   9.6233683e-01
   2.0302500e+03   1.0018366e+00   9.8180398e-01   9.6217052e-01
   2.0303333e+03   1.0018933e+00   9.8176682e-01   9.6204326e-01
   2.0304167e+03   1.0019481e+00   9.8172784e-01   9.6191430e-01
   2.0305000e+03   1.0019767e+00   9.8166425e-01   9.6176218e-01
   2.0305833e+03   1.0019402e+00   9.8153923e-01   9.6155220e-01
   2.0306667e+03   1.0018534e+00   9.8136672e-01   9.6129754e-01
   2.0307500e+03   1.0017827e+00   9.8120947e-01   9.6105730e-01
   2.0308333e+03   1.0018052e+00   9.8114019e-01   9.6089998e-01
   2.0309167e+03   1.0018671e+00   9.8110805e-01   9.6077767e-01
   2.0310000e+03   1.0019008e+00   9.8104933e-01   9.6063035e-01
   2.0310833e+03   1.0018960e+00   9.8095431e-01   9.6044888e-01
   2.0311667e+03   1.0018849e+00   9.8085336e-01   9.6026186e-01
   2.0312500e+03   1.0018992e+00   9.8077639e-01   9.6009746e-01
   2.0313333e+03   1.0019563e+00   9.8073988e-01   9.5997119e-01
   2.0314167e+03   1.0020105e+00   9.8070053e-01   9.5984228e-01
   2.0315000e+03   1.0020379e+00   9.8063599e-01   9.5968969e-01
   2.0315833e+03   1.0019993e+00   9.8050923e-01   9.5947856e-01
   2.0316667e+03   1.0019098e+00   9.8033456e-01   9.5922240e-01
   2.0317500e+03   1.0018366e+00   9.8017529e-01   9.5898078e-01
   2.0318333e+03   1.0018578e+00   9.8010498e-01   9.5882291e-01
   2.0319167e+03   1.0019199e+00   9.8007318e-01   9.5870132e-01
   2.0320000e+03   1.0019546e+00   9.8001571e-01   9.5855561e-01
   2.0320833e+03   1.0019515e+00   9.7992251e-01   9.5837632e-01
   2.0321667e+03   1.0019421e+00   9.7982346e-01   9.5819156e-01
   2.0322500e+03   1.0019578e+00   9.7974806e-01   9.5802909e-01
   2.0323333e+03   1.0020154e+00   9.7971220e-01   9.5790385e-01
   2.0324167e+03   1.0020689e+00   9.7967249e-01   9.5777502e-01
   2.0325000e+03   1.0020951e+00   9.7960701e-01   9.5762198e-01
   2.0325833e+03   1.0020543e+00   9.7947852e-01   9.5740975e-01
   2.0326667e+03   1.0019622e+00   9.7930171e-01   9.5715213e-01
   2.0327500e+03   1.0018865e+00   9.7914042e-01   9.5690915e-01
   2.0328333e+03   1.0019063e+00   9.7906908e-01   9.5675078e-01
   2.0329167e+03   1.0019685e+00   9.7903763e-01   9.5662994e-01
   2.0330000e+03   1.0020043e+00   9.7898141e-01   9.5648586e-01
   2.0330833e+03   1.0020028e+00   9.7889004e-01   9.5630877e-01
   2.0331667e+03   1.0019951e+00   9.7879289e-01   9.5612630e-01
   2.0332500e+03   1.0020122e+00   9.7871907e-01   9.5596579e-01
   2.0333333e+03   1.0020702e+00   9.7868387e-01   9.5584161e-01
   2.0334167e+03   1.0021232e+00   9.7864381e-01   9.5571289e-01
   2.0335000e+03   1.0021480e+00   9.7857739e-01   9.5555945e-01
   2.0335833e+03   1.0021051e+00   9.7844719e-01   9.5534614e-01
   2.0336667e+03   1.0020102e+00   9.7826824e-01   9.5508710e-01
   2.0337500e+03   1.0019320e+00   9.7810494e-01   9.5484280e-01
   2.0338333e+03   1.0019504e+00   9.7803258e-01   9.5468396e-01
   2.0339167e+03   1.0020127e+00   9.7800148e-01   9.5456391e-01
   2.0340000e+03   1.0020496e+00   9.7794653e-01   9.5442149e-01
   2.0340833e+03   1.0020497e+00   9.7785699e-01   9.5424664e-01
   2.0341667e+03   1.0020437e+00   9.7776175e-01   9.5406648e-01
   2.0342500e+03   1.0020621e+00   9.7768950e-01   9.5390796e-01
   2.0343333e+03   1.0021206e+00   9.7765497e-01   9.5378487e-01
   2.0344167e+03   1.0021729e+00   9.7761456e-01   9.5365629e-01
   2.0345000e+03   1.0021964e+00   9.7754722e-01   9.5350249e-01
   2.0345833e+03   1.0021513e+00   9.7741531e-01   9.5328813e-01
   2.0346667e+03   1.0020537e+00   9.7723423e-01   9.5302770e-01
   2.0347500e+03   1.0019729e+00   9.7706893e-01   9.5278212e-01
   2.0348333e+03   1.0019899e+00   9.7699555e-01   9.5262285e-01
   2.0349167e+03   1.0020523e+00   9.7696482e-01   9.5250362e-01
   2.0350000e+03   1.0020902e+00   9.7691114e-01   9.5236289e-01
   2.0350833e+03   1.0020919e+00   9.7682343e-01   9.5219029e-01
   2.0351667e+03   1.0020875e+00   9.7673010e-01   9.5201247e-01
   2.0352500e+03   1.0021073e+00   9.7665945e-01   9.5185596e-01
   2.0353333e+03   1.0021662e+00   9.7662559e-01   9.5173399e-01
   2.0354167e+03   1.0022178e+00   9.7658484e-01   9.5160560e-01
   2.0355000e+03   1.0022400e+00   9.7651658e-01   9.5145146e-01
   2.0355833e+03   1.0021926e+00   9.7638297e-01   9.5123610e-01
   2.0356667e+03   1.0020924e+00   9.7619976e-01   9.5097431e-01
   2.0357500e+03   1.0020090e+00   9.7603246e-01   9.5072749e-01
   2.0358333e+03   1.0020245e+00   9.7595808e-01   9.5056781e-01
   2.0359167e+03   1.0020870e+00   9.7592773e-01   9.5044943e-01
   2.0360000e+03   1.0021259e+00   9.7587531e-01   9.5031042e-01
   2.0360833e+03   1.0021292e+00   9.7578944e-01   9.5014011e-01
   2.0361667e+03   1.0021265e+00   9.7569803e-01   9.4996465e-01
   2.0362500e+03   1.0021475e+00   9.7562897e-01   9.4981018e-01
   2.0363333e+03   1.0022069e+00   9.7559579e-01   9.4968937e-01
   2.0364167e+03   1.0022577e+00   9.7555471e-01   9.4956119e-01
   2.0365000e+03   1.0022786e+00   9.7548554e-01   9.4940675e-01
   2.0365833e+03   1.0022289e+00   9.7535023e-01   9.4919042e-01
   2.0366667e+03   1.0021259e+00   9.7516491e-01   9.4892730e-01
   2.0367500e+03   1.0020399e+00   9.7499563e-01   9.4867927e-01
   2.0368333e+03   1.0020540e+00   9.7492025e-01   9.4851923e-01
   2.0369167e+03   1.0021165e+00   9.7489027e-01   9.4840173e-01
   2.0370000e+03   1.0021564e+00   9.7483914e-01   9.4826447e-01
   2.0370833e+03   1.0021612e+00   9.7475511e-01   9.4809647e-01
   2.0371667e+03   1.0021601e+00   9.7466562e-01   9.4792340e-01
   2.0372500e+03   1.0021825e+00   9.7459816e-01   9.4777099e-01
   2.0373333e+03   1.0022422e+00   9.7456566e-01   9.4765136e-01
   2.0374167e+03   1.0022923e+00   9.7452426e-01   9.4752344e-01
   2.0375000e+03   1.0023118e+00   9.7445418e-01   9.4736872e-01
   2.0375833e+03   1.0022599e+00   9.7431719e-01   9.4715146e-01
   2.0376667e+03   1.0021541e+00   9.7412977e-01   9.4688706e-01
   2.0377500e+03   1.0020655e+00   9.7395850e-01   9.4663785e-01
   2.0378333e+03   1.0020781e+00   9.7388214e-01   9.4647747e-01
   2.0379167e+03   1.0021406e+00   9.7385254e-01   9.4636088e-01
   2.0380000e+03   1.0021815e+00   9.7380269e-01   9.4622540e-01
   2.0380833e+03   1.0021878e+00   9.7372051e-01   9.4605973e-01
   2.0381667e+03   1.0021883e+00   9.7363295e-01   9.4588908e-01
   2.0382500e+03   1.0022120e+00   9.7356708e-01   9.4573877e-01
   2.0383333e+03   1.0022720e+00   9.7353528e-01   9.4562035e-01
   2.0384167e+03   1.0023214e+00   9.7349356e-01   9.4549270e-01
   2.0385000e+03   1.0023395e+00   9.7342258e-01   9.4533775e-01
   2.0385833e+03   1.0022853e+00   9.7328392e-01   9.4511958e-01
   2.0386667e+03   1.0021766e+00   9.7309439e-01   9.4485393e-01
   2.0387500e+03   1.0020854e+00   9.7292116e-01   9.4460358e-01
   2.0388333e+03   1.0020965e+00   9.7284381e-01   9.4444290e-01
   2.0389167e+03   1.0021590e+00   9.7281460e-01   9.4432726e-01
   2.0390000e+03   1.0022008e+00   9.7276604e-01   9.4419358e-01
   2.0390833e+03   1.0022087e+00   9.7268572e-01   9.4403027e-01
   2.0391667e+03   1.0022108e+00   9.7260008e-01   9.4386206e-01
   2.0392500e+03   1.0022357e+00   9.7253583e-01   9.4371387e-01
   2.0393333e+03   1.0022960e+00   9.7250472e-01   9.4359669e-01
   2.0394167e+03   1.0023446e+00   9.7246269e-01   9.4346936e-01
   2.0395000e+03   1.0023613e+00   9.7239083e-01   9.4331421e-01
   2.0395833e+03   1.0023048e+00   9.7225049e-01   9.4309517e-01
   2.0396667e+03   1.0021933e+00   9.7205887e-01   9.4282829e-01
   2.0397500e+03   1.0020993e+00   9.7188367e-01   9.4257683e-01
   2.0398333e+03   1.0021089e+00   9.7180535e-01   9.4241588e-01
   2.0399167e+03   1.0021714e+00   9.7177654e-01   9.4230121e-01
   2.0400000e+03   1.0022142e+00   9.7172927e-01   9.4216937e-01
   2.0400833e+03   1.0022235e+00   9.7165081e-01   9.4200845e-01
   2.0401667e+03   1.0022272e+00   9.7156711e-01   9.4184270e-01
   2.0402500e+03   1.0022534e+00   9.7150447e-01   9.4169665e-01
   2.0403333e+03   1.0023140e+00   9.7147406e-01   9.4158075e-01
   2.0404167e+03   1.0023618e+00   9.7143173e-01   9.4145376e-01
   2.0405000e+03   1.0023770e+00   9.7135898e-01   9.4129844e-01
   2.0405833e+03   1.0023181e+00   9.7121699e-01   9.4107856e-01
   2.0406667e+03   1.0022038e+00   9.7102328e-01   9.4081050e-01
   2.0407500e+03   1.0021072e+00   9.7084613e-01   9.4055796e-01
   2.0408333e+03   1.0021152e+00   9.7076683e-01   9.4039678e-01
   2.0409167e+03   1.0021777e+00   9.7073842e-01   9.4028311e-01
   2.0410000e+03   1.0022213e+00   9.7069246e-01   9.4015312e-01
   2.0410833e+03   1.0022321e+00   9.7061586e-01   9.3999462e-01
   2.0411667e+03   1.0022373e+00   9.7053410e-01   9.3983135e-01
   2.0412500e+03   1.0022647e+00   9.7047307e-01   9.3968748e-01
   2.0413333e+03   1.0023256e+00   9.7044338e-01   9.3957288e-01
   2.0414167e+03   1.0023726e+00   9.7040075e-01   9.3944627e-01
   2.0415000e+03   1.0023864e+00   9.7032713e-01   9.3929081e-01
   2.0415833e+03   1.0023251e+00   9.7018348e-01   9.3907013e-01
   2.0416667e+03   1.0022079e+00   9.6998769e-01   9.3880091e-01
   2.0417500e+03   1.0021085e+00   9.6980859e-01   9.3854732e-01
   2.0418333e+03   1.0021150e+00   9.6972833e-01   9.3838593e-01
   2.0419167e+03   1.0021774e+00   9.6970033e-01   9.3827330e-01
   2.0420000e+03   1.0022219e+00   9.6965567e-01   9.3814520e-01
   2.0420833e+03   1.0022342e+00   9.6958094e-01   9.3798913e-01
   2.0421667e+03   1.0022409e+00   9.6950112e-01   9.3782838e-01
   2.0422500e+03   1.0022695e+00   9.6944172e-01   9.3768671e-01
   2.0423333e+03   1.0023306e+00   9.6941275e-01   9.3757344e-01
   2.0424167e+03   1.0023768e+00   9.6936982e-01   9.3744723e-01
   2.0425000e+03   1.0023891e+00   9.6929534e-01   9.3729167e-01
   2.0425833e+03   1.0023254e+00   9.6915003e-01   9.3707021e-01
   2.0426667e+03   1.0022053e+00   9.6895217e-01   9.3679987e-01
   2.0427500e+03   1.0021032e+00   9.6877113e-01   9.3654526e-01
   2.0428333e+03   1.0021081e+00   9.6868992e-01   9.3638370e-01
   2.0429167e+03   1.0021704e+00   9.6866233e-01   9.3627214e-01
   2.0430000e+03   1.0022157e+00   9.6861899e-01   9.3614595e-01
   2.0430833e+03   1.0022294e+00   9.6854613e-01   9.3599234e-01
   2.0431667e+03   1.0022377e+00   9.6846826e-01   9.3583413e-01
   2.0432500e+03   1.0022674e+00   9.6841049e-01   9.3569468e-01
   2.0433333e+03   1.0023288e+00   9.6838223e-01   9.3558277e-01
   2.0434167e+03   1.0023741e+00   9.6833903e-01   9.3545700e-01
   2.0435000e+03   1.0023849e+00   9.6826368e-01   9.3530136e-01
   2.0435833e+03   1.0023188e+00   9.6811674e-01   9.3507916e-01
   2.0436667e+03   1.0021958e+00   9.6791681e-01   9.3480772e-01
   2.0437500e+03   1.0020909e+00   9.6773383e-01   9.3455213e-01
   2.0438333e+03   1.0020941e+00   9.6765167e-01   9.3439044e-01
   2.0439167e+03   1.0021563e+00   9.6762451e-01   9.3427996e-01
   2.0440000e+03   1.0022025e+00   9.6758248e-01   9.3415572e-01
   2.0440833e+03   1.0022176e+00   9.6751150e-01   9.3400459e-01
   2.0441667e+03   1.0022274e+00   9.6743558e-01   9.3384894e-01
   2.0442500e+03   1.0022583e+00   9.6737944e-01   9.3371175e-01
   2.0443333e+03   1.0023199e+00   9.6735192e-01   9.3360122e-01
   2.0444167e+03   1.0023643e+00   9.6730844e-01   9.3347592e-01
   2.0445000e+03   1.0023736e+00   9.6723223e-01   9.3332024e-01
   2.0445833e+03   1.0023050e+00   9.6708365e-01   9.3309732e-01
   2.0446667e+03   1.0021790e+00   9.6688167e-01   9.3282482e-01
   2.0447500e+03   1.0020713e+00   9.6669676e-01   9.3256828e-01
   2.0448333e+03   1.0020729e+00   9.6661366e-01   9.3240647e-01
   2.0449167e+03   1.0021350e+00   9.6658692e-01   9.3229712e-01
   2.0450000e+03   1.0021821e+00   9.6654622e-01   9.3217484e-01
   2.0450833e+03   1.0021985e+00   9.6647712e-01   9.3202623e-01
   2.0451667e+03   1.0022097e+00   9.6640316e-01   9.3187316e-01
   2.0452500e+03   1.0022418e+00   9.6634866e-01   9.3173824e-01
   2.0453333e+03   1.0023036e+00   9.6632187e-01   9.3162913e-01
   2.0454167e+03   1.0023471e+00   9.6627812e-01   9.3150433e-01
   2.0455000e+03   1.0023548e+00   9.6620106e-01   9.3134864e-01
   2.0455833e+03   1.0022838e+00   9.6605086e-01   9.3112504e-01
   2.0456667e+03   1.0021548e+00   9.6584682e-01   9.3085150e-01
   2.0457500e+03   1.0020443e+00   9.6565999e-01   9.3059403e-01
   2.0458333e+03   1.0020442e+00   9.6557596e-01   9.3043215e-01
   2.0459167e+03   1.0021062e+00   9.6554965e-01   9.3032394e-01
   2.0460000e+03   1.0021540e+00   9.6551027e-01   9.3020366e-01
   2.0460833e+03   1.0021718e+00   9.6544306e-01   9.3005758e-01
   2.0461667e+03   1.0021845e+00   9.6537107e-01   9.2990713e-01
   2.0462500e+03   1.0022177e+00   9.6531821e-01   9.2977451e-01
   2.0463333e+03   1.0022796e+00   9.6529215e-01   9.2966684e-01
   2.0464167e+03   1.0023222e+00   9.6524814e-01   9.2954256e-01
   2.0465000e+03   1.0023283e+00   9.6517025e-01   9.2938689e-01
   2.0465833e+03   1.0022548e+00   9.6501842e-01   9.2916264e-01
   2.0466667e+03   1.0021229e+00   9.6481233e-01   9.2888810e-01
   2.0467500e+03   1.0020095e+00   9.6462359e-01   9.2862974e-01
   2.0468333e+03   1.0020078e+00   9.6453863e-01   9.2846780e-01
   2.0469167e+03   1.0020695e+00   9.6451276e-01   9.2836077e-01
   2.0470000e+03   1.0021181e+00   9.6447472e-01   9.2824251e-01
   2.0470833e+03   1.0021373e+00   9.6440939e-01   9.2809899e-01
   2.0471667e+03   1.0021514e+00   9.6433937e-01   9.2795117e-01
   2.0472500e+03   1.0021857e+00   9.6428815e-01   9.2782088e-01
   2.0473333e+03   1.0022478e+00   9.6426285e-01   9.2771468e-01
   2.0474167e+03   1.0022894e+00   9.6421858e-01   9.2759096e-01
   2.0475000e+03   1.0022939e+00   9.6413985e-01   9.2743533e-01
   2.0475833e+03   1.0022179e+00   9.6398641e-01   9.2721046e-01
   2.0476667e+03   1.0020829e+00   9.6377828e-01   9.2693494e-01
   2.0477500e+03   1.0019667e+00   9.6358762e-01   9.2667571e-01
   2.0478333e+03   1.0019632e+00   9.6350175e-01   9.2651375e-01
   2.0479167e+03   1.0020248e+00   9.6347632e-01   9.2640793e-01
   2.0480000e+03   1.0020741e+00   9.6343962e-01   9.2629171e-01
   2.0480833e+03   1.0020947e+00   9.6337619e-01   9.2615078e-01
   2.0481667e+03   1.0021101e+00   9.6330813e-01   9.2600562e-01
   2.0482500e+03   1.0021455e+00   9.6325857e-01   9.2587768e-01
   2.0483333e+03   1.0022077e+00   9.6323402e-01   9.2577298e-01
   2.0484167e+03   1.0022484e+00   9.6318950e-01   9.2564985e-01
   2.0485000e+03   1.0022512e+00   9.6310994e-01   9.2549429e-01
   2.0485833e+03   1.0021727e+00   9.6295489e-01   9.2526882e-01
   2.0486667e+03   1.0020347e+00   9.6274473e-01   9.2499236e-01
   2.0487500e+03   1.0019156e+00   9.6255217e-01   9.2473229e-01
   2.0488333e+03   1.0019104e+00   9.6246538e-01   9.2457034e-01
   2.0489167e+03   1.0019717e+00   9.6244041e-01   9.2446576e-01
   2.0490000e+03   1.0020218e+00   9.6240504e-01   9.2435161e-01
   2.0490833e+03   1.0020436e+00   9.6234351e-01   9.2421328e-01
   2.0491667e+03   1.0020605e+00   9.6227743e-01   9.2407080e-01
   2.0492500e+03   1.0020969e+00   9.6222953e-01   9.2394523e-01
   2.0493333e+03   1.0021592e+00   9.6220573e-01   9.2384207e-01
   2.0494167e+03   1.0021989e+00   9.6216097e-01   9.2371954e-01
   2.0495000e+03   1.0022001e+00   9.6208059e-01   9.2356409e-01
   2.0495833e+03   1.0021190e+00   9.6192393e-01   9.2333806e-01
   2.0496667e+03   1.0019779e+00   9.6171175e-01   9.2306067e-01
   2.0497500e+03   1.0018559e+00   9.6151729e-01   9.2279979e-01
   2.0498333e+03   1.0018489e+00   9.6142959e-01   9.2263788e-01
   2.0499167e+03   1.0019101e+00   9.6140507e-01   9.2253456e-01
   2.0500000e+03   1.0019608e+00   9.6137106e-01   9.2242251e-01
   2.0500833e+03   1.0019839e+00   9.6131138e-01   9.2228676e-01
   2.0501667e+03   1.0020020e+00   9.6124716e-01   9.2214687e-01
   2.0502500e+03   1.0020393e+00   9.6120078e-01   9.2202358e-01
   2.0503333e+03   1.0021017e+00   9.6117773e-01   9.2192194e-01
   2.0504167e+03   1.0021406e+00   9.6113295e-01   9.2180026e-01
   2.0505000e+03   1.0021406e+00   9.6105218e-01   9.2164533e-01
   2.0505833e+03   1.0020578e+00   9.6089471e-01   9.2141947e-01
   2.0506667e+03   7.0134035e-01   6.7247710e-01   6.4479952e-01
   2.0507500e+03   7.0125376e-01   6.7234045e-01   6.4461708e-01
   2.0508333e+03   7.0124822e-01   6.7227896e-01   6.4450426e-01
   2.0509167e+03   7.0129090e-01   6.7226219e-01   6.4443288e-01
   2.0510000e+03   7.0132667e-01   6.7223905e-01   6.4435565e-01
   2.0510833e+03   7.0134320e-01   6.7219813e-01   6.4426201e-01
   2.0511667e+03   7.0135628e-01   6.7215404e-01   6.4416549e-01
   2.0512500e+03   7.0138269e-01   6.7212234e-01   6.4408047e-01
   2.0513333e+03   7.0142638e-01   6.7210669e-01   6.4401035e-01
   2.0514167e+03   7.0145329e-01   6.7207552e-01   6.4392591e-01
   2.0515000e+03   7.0145278e-01   6.7201900e-01   6.4381807e-01
   2.0515833e+03   7.0139402e-01   6.7190857e-01   6.4366041e-01
   2.0516667e+03   7.0129300e-01   6.7175906e-01   6.4346666e-01
   2.0517500e+03   7.0120552e-01   6.7162213e-01   6.4328460e-01
   2.0518333e+03   7.0119943e-01   6.7156062e-01   6.4317236e-01
   2.0519167e+03   7.0124204e-01   6.7154423e-01   6.4310188e-01
   2.0520000e+03   7.0127801e-01   6.7152173e-01   6.4302581e-01
   2.0520833e+03   7.0129493e-01   6.7148162e-01   6.4293349e-01
   2.0521667e+03   7.0130841e-01   6.7143838e-01   6.4283832e-01
   2.0522500e+03   7.0133513e-01   6.7140742e-01   6.4275454e-01
   2.0523333e+03   7.0137884e-01   6.7139222e-01   6.4268538e-01
   2.0524167e+03   7.0140543e-01   6.7136121e-01   6.4260164e-01
   2.0525000e+03   7.0140440e-01   6.7130468e-01   6.4249436e-01
   2.0525833e+03   7.0134485e-01   6.7119402e-01   6.4233710e-01
   2.0526667e+03   7.0124290e-01   6.7104417e-01   6.4214366e-01
   2.0527500e+03   7.0115452e-01   6.7090693e-01   6.4196193e-01
   2.0528333e+03   7.0114789e-01   6.7084538e-01   6.4185021e-01
   2.0529167e+03   7.0119040e-01   6.7082933e-01   6.4178058e-01
   2.0530000e+03   7.0122658e-01   6.7080746e-01   6.4170561e-01
   2.0530833e+03   7.0124388e-01   6.7076814e-01   6.4161457e-01
   2.0531667e+03   7.0125777e-01   6.7072571e-01   6.4152069e-01
   2.0532500e+03   7.0128479e-01   6.7069546e-01   6.4143810e-01
   2.0533333e+03   7.0132851e-01   6.7068069e-01   6.4136985e-01
   2.0534167e+03   7.0135478e-01   6.7064980e-01   6.4128676e-01
   2.0535000e+03   7.0135324e-01   6.7059324e-01   6.4117999e-01
   2.0535833e+03   7.0129290e-01   6.7048233e-01   6.4102307e-01
   2.0536667e+03   7.0119000e-01   6.7033212e-01   6.4082990e-01
   2.0537500e+03   7.0110072e-01   6.7019455e-01   6.4064846e-01
   2.0538333e+03   7.0109354e-01   6.7013292e-01   6.4053721e-01
   2.0539167e+03   7.0113597e-01   6.7011720e-01   6.4046838e-01
   2.0540000e+03   7.0117235e-01   6.7009591e-01   6.4039446e-01
   2.0540833e+03   7.0119002e-01   6.7005736e-01   6.4030464e-01
   2.0541667e+03   7.0120432e-01   6.7001572e-01   6.4021200e-01
   2.0542500e+03   7.0123164e-01   6.6998615e-01   6.4013055e-01
   2.0543333e+03   7.0127537e-01   6.6997178e-01   6.4006317e-01
   2.0544167e+03   7.0130131e-01   6.6994100e-01   6.3998067e-01
   2.0545000e+03   7.0129925e-01   6.6988437e-01   6.3987436e-01
   2.0545833e+03   7.0123812e-01   6.6977319e-01   6.3971774e-01
   2.0546667e+03   7.0113427e-01   6.6962259e-01   6.3952478e-01
   2.0547500e+03   7.0104410e-01   6.6948466e-01   6.3934358e-01
   2.0548333e+03   7.0103637e-01   6.6942294e-01   6.3923275e-01
   2.0549167e+03   7.0107870e-01   6.6940751e-01   6.3916468e-01
   2.0550000e+03   7.0111528e-01   6.6938679e-01   6.3909176e-01
   2.0550833e+03   7.0113333e-01   6.6934898e-01   6.3900311e-01
   2.0551667e+03   7.0114802e-01   6.6930810e-01   6.3891167e-01
   2.0552500e+03   7.0117564e-01   6.6927919e-01   6.3883130e-01
   2.0553333e+03   7.0121938e-01   6.6926519e-01   6.3876472e-01
   2.0554167e+03   7.0124500e-01   6.6923448e-01   6.3868278e-01
   2.0555000e+03   7.0124241e-01   6.6917776e-01   6.3857687e-01
   2.0555833e+03   7.0118048e-01   6.6906628e-01   6.3842050e-01
   2.0556667e+03   7.0107569e-01   6.6891527e-01   6.3822772e-01
   2.0557500e+03   7.0098461e-01   6.6877696e-01   6.3804671e-01
   2.0558333e+03   7.0097632e-01   6.6871512e-01   6.3793626e-01
   2.0559167e+03   7.0101856e-01   6.6869996e-01   6.3786889e-01
   2.0560000e+03   7.0105534e-01   6.6867977e-01   6.3779692e-01
   2.0560833e+03   7.0107376e-01   6.6864267e-01   6.3770938e-01
   2.0561667e+03   7.0108885e-01   6.6860253e-01   6.3761908e-01
   2.0562500e+03   7.0111676e-01   6.6857424e-01   6.3753975e-01
   2.0563333e+03   7.0116050e-01   6.6856059e-01   6.3747394e-01
   2.0564167e+03   7.0118579e-01   6.6852993e-01   6.3739248e-01
   2.0565000e+03   7.0118268e-01   6.6847310e-01   6.3728694e-01
   2.0565833e+03   7.0111995e-01   6.6836129e-01   6.3713078e-01
   2.0566667e+03   7.0101420e-01   6.6820985e-01   6.3693813e-01
   2.0567500e+03   7.0092222e-01   6.6807114e-01   6.3675726e-01
   2.0568333e+03   7.0091337e-01   6.6800915e-01   6.3664714e-01
   2.0569167e+03   7.0095552e-01   6.6799422e-01   6.3658041e-01
   2.0570000e+03   7.0099249e-01   6.6797455e-01   6.3650934e-01
   2.0570833e+03   7.0101128e-01   6.6793814e-01   6.3642288e-01
   2.0571667e+03   7.0102676e-01   6.6789870e-01   6.3633366e-01
   2.0572500e+03   7.0105497e-01   6.6787102e-01   6.3625532e-01
   2.0573333e+03   7.0109871e-01   6.6785768e-01   6.3619021e-01
   2.0574167e+03   7.0112366e-01   6.6782705e-01   6.3610921e-01
   2.0575000e+03   7.0112002e-01   6.6777008e-01   6.3600398e-01
   2.0575833e+03   7.0105649e-01   6.6765792e-01   6.3584797e-01
   2.0576667e+03   7.0094979e-01   6.6750602e-01   6.3565541e-01
   2.0577500e+03   7.0085690e-01   6.6736688e-01   6.3547464e-01
   2.0578333e+03   7.0084749e-01   6.6730472e-01   6.3536480e-01
   2.0579167e+03   7.0088953e-01   6.6729001e-01   6.3529867e-01
   2.0580000e+03   7.0092669e-01   6.6727081e-01   6.3522845e-01
   2.0580833e+03   7.0094585e-01   6.6723506e-01   6.3514301e-01
   2.0581667e+03   7.0096172e-01   6.6719630e-01   6.3505483e-01
   2.0582500e+03   7.0099022e-01   6.6716919e-01   6.3497742e-01
   2.0583333e+03   7.0103396e-01   6.6715615e-01   6.3491297e-01
   2.0584167e+03   7.0105858e-01   6.6712552e-01   6.3483237e-01
   2.0585000e+03   7.0105440e-01   6.6706838e-01   6.3472741e-01
   2.0585833e+03   7.0099006e-01   6.6695585e-01   6.3457151e-01
   2.0586667e+03   7.0088241e-01   6.6680346e-01   6.3437899e-01
   2.0587500e+03   7.0078861e-01   6.6666387e-01   6.3419828e-01
   2.0588333e+03   7.0077864e-01   6.6660152e-01   6.3408867e-01
   2.0589167e+03   7.0082058e-01   6.6658699e-01   6.3402309e-01
   2.0590000e+03   7.0085792e-01   6.6656826e-01   6.3395366e-01
   2.0590833e+03   7.0087744e-01   6.6653313e-01   6.3386919e-01
   2.0591667e+03   7.0089370e-01   6.6649503e-01   6.3378201e-01
   2.0592500e+03   7.0092249e-01   6.6646847e-01   6.3370548e-01
   2.0593333e+03   7.0096622e-01   6.6645570e-01   6.3364165e-01
   2.0594167e+03   7.0099050e-01   6.6642504e-01   6.3356139e-01
   2.0595000e+03   7.0098579e-01   6.6636771e-01   6.3345665e-01
   2.0595833e+03   7.0092064e-01   6.6625478e-01   6.3330082e-01
   2.0596667e+03   7.0081203e-01   6.6610189e-01   6.3310829e-01
   2.0597500e+03   7.0071732e-01   6.6596182e-01   6.3292759e-01
   2.0598333e+03   7.0070678e-01   6.6589924e-01   6.3281817e-01
   2.0599167e+03   7.0074861e-01   6.6588488e-01   6.3275309e-01
   2.0600000e+03   7.0078614e-01   6.6586657e-01   6.3268442e-01
   2.0600833e+03   7.0080602e-01   6.6583205e-01   6.3260086e-01
   2.0601667e+03   7.0082267e-01   6.6579458e-01   6.3251462e-01
   2.0602500e+03   7.0085173e-01   6.6576854e-01   6.3243892e-01
   2.0603333e+03   7.0089546e-01   6.6575601e-01   6.3237565e-01
   2.0604167e+03   7.0091940e-01   6.6572529e-01   6.3229571e-01
   2.0605000e+03   7.0091415e-01   6.6566775e-01   6.3219114e-01
   2.0605833e+03   7.0084819e-01   6.6555440e-01   6.3203533e-01
   2.0606667e+03   7.0073862e-01   6.6540098e-01   6.3184275e-01
   2.0607500e+03   7.0064299e-01   6.6526041e-01   6.3166202e-01
   2.0608333e+03   7.0063188e-01   6.6519759e-01   6.3155273e-01
   2.0609167e+03   7.0067360e-01   6.6518336e-01   6.3148811e-01
   2.0610000e+03   7.0071131e-01   6.6516546e-01   6.3142013e-01
   2.0610833e+03   7.0073155e-01   6.6513151e-01   6.3133745e-01
   2.0611667e+03   7.0074858e-01   6.6509464e-01   6.3125210e-01
   2.0612500e+03   7.0077793e-01   6.6506910e-01   6.3117719e-01
   2.0613333e+03   7.0082164e-01   6.6505678e-01   6.3111443e-01
   2.0614167e+03   7.0084524e-01   6.6502598e-01   6.3103474e-01
   2.0615000e+03   7.0083944e-01   6.6496820e-01   6.3093030e-01
   2.0615833e+03   7.0077267e-01   6.6485441e-01   6.3077447e-01
   2.0616667e+03   7.0066214e-01   6.6470043e-01   6.3058179e-01
   2.0617500e+03   7.0056560e-01   6.6455934e-01   6.3040099e-01
   2.0618333e+03   7.0055391e-01   6.6449625e-01   6.3029180e-01
   2.0619167e+03   7.0059552e-01   6.6448213e-01   6.3022758e-01
   2.0620000e+03   7.0063340e-01   6.6446460e-01   6.3016025e-01
   2.0620833e+03   7.0065400e-01   6.6443121e-01   6.3007839e-01
   2.0621667e+03   7.0067141e-01   6.6439491e-01   6.2999389e-01
   2.0622500e+03   7.0070103e-01   6.6436984e-01   6.2991971e-01
   2.0623333e+03   7.0074473e-01   6.6435771e-01   6.2985742e-01
   2.0624167e+03   7.0076798e-01   6.6432681e-01   6.2977793e-01
   2.0625000e+03   7.0076164e-01   6.6426876e-01   6.2967357e-01
   2.0625833e+03   7.0069405e-01   6.6415450e-01   6.2951768e-01
   2.0626667e+03   7.0058256e-01   6.6399995e-01   6.2932487e-01
   2.0627500e+03   7.0048509e-01   6.6385831e-01   6.2914394e-01
   2.0628333e+03   7.0047283e-01   6.6379492e-01   6.2903480e-01
   2.0629167e+03   7.0051432e-01   6.6378088e-01   6.2897094e-01
   2.0630000e+03   7.0055238e-01   6.6376371e-01   6.2890422e-01
   2.0630833e+03   7.0057333e-01   6.6373084e-01   6.2882313e-01
   2.0631667e+03   7.0059112e-01   6.6369509e-01   6.2873942e-01
   2.0632500e+03   7.0062102e-01   6.6367046e-01   6.2866592e-01
   2.0633333e+03   7.0066470e-01   6.6365849e-01   6.2860405e-01
   2.0634167e+03   7.0068759e-01   6.6362746e-01   6.2852473e-01
   2.0635000e+03   7.0068071e-01   6.6356913e-01   6.2842041e-01
   2.0635833e+03   7.0061230e-01   6.6345437e-01   6.2826440e-01
   2.0636667e+03   7.0049984e-01   6.6329922e-01   6.2807142e-01
   2.0637500e+03   7.0040145e-01   6.6315702e-01   6.2789033e-01
   2.0638333e+03   7.0038861e-01   6.6309330e-01   6.2778119e-01
   2.0639167e+03   7.0042998e-01   6.6307932e-01   6.2771763e-01
   2.0640000e+03   7.0046821e-01   6.6306247e-01   6.2765147e-01
   2.0640833e+03   7.0048951e-01   6.6303011e-01   6.2757111e-01
   2.0641667e+03   7.0050767e-01   6.6299487e-01   6.2748814e-01
   2.0642500e+03   7.0053784e-01   6.6297066e-01   6.2741528e-01
   2.0643333e+03   7.0058150e-01   6.6295883e-01   6.2735378e-01
   2.0644167e+03   7.0060404e-01   6.6292764e-01   6.2727458e-01
   2.0645000e+03   7.0059661e-01   6.6286899e-01   6.2717024e-01
   2.0645833e+03   7.0052738e-01   6.6275372e-01   6.2701409e-01
   2.0646667e+03   7.0041394e-01   6.6259795e-01   6.2682088e-01
   2.0647500e+03   7.0031463e-01   6.6245516e-01   6.2663959e-01
   2.0648333e+03   7.0030121e-01   6.6239110e-01   6.2653041e-01
   2.0649167e+03   7.0034246e-01   6.6237715e-01   6.2646712e-01
   2.0650000e+03   7.0038086e-01   6.6236060e-01   6.2640146e-01
   2.0650833e+03   7.0040251e-01   6.6232871e-01   6.2632177e-01
   2.0651667e+03   7.0042104e-01   6.6229397e-01   6.2623950e-01
   2.0652500e+03   7.0045148e-01   6.6227015e-01   6.2616724e-01
   2.0653333e+03   7.0049511e-01   6.6225842e-01   6.2610606e-01
   2.0654167e+03   7.0051730e-01   6.6222706e-01   6.2602693e-01
   2.0655000e+03   7.0050931e-01   6.6216807e-01   6.2592254e-01
   2.0655833e+03   7.0043926e-01   6.6205226e-01   6.2576619e-01
   2.0656667e+03   7.0032485e-01   6.6189585e-01   6.2557272e-01
   2.0657500e+03   7.0022461e-01   6.6175244e-01   6.2539119e-01
   2.0658333e+03   7.0021060e-01   6.6168801e-01   6.2528192e-01
   2.0659167e+03   7.0025172e-01   6.6167406e-01   6.2521884e-01
   2.0660000e+03   7.0029029e-01   6.6165778e-01   6.2515364e-01
   2.0660833e+03   7.0031228e-01   6.6162634e-01   6.2507459e-01
   2.0661667e+03   7.0033118e-01   6.6159207e-01   6.2499297e-01
   2.0662500e+03   7.0036189e-01   6.6156861e-01   6.2492125e-01
   2.0663333e+03   7.0040550e-01   6.6155697e-01   6.2486035e-01
   2.0664167e+03   7.0042732e-01   6.6152540e-01   6.2478124e-01
   2.0665000e+03   7.0041878e-01   6.6146605e-01   6.2467675e-01
   2.0665833e+03   7.0034790e-01   6.6134968e-01   6.2452016e-01
   2.0666667e+03   7.0023251e-01   6.6119260e-01   6.2432639e-01
   2.0667500e+03   7.0013134e-01   6.6104856e-01   6.2414457e-01
   2.0668333e+03   7.0011675e-01   6.6098373e-01   6.2403517e-01
   2.0669167e+03   7.0015774e-01   6.6096977e-01   6.2397226e-01
   2.0670000e+03   7.0019647e-01   6.6095374e-01   6.2390748e-01
   2.0670833e+03   7.0021881e-01   6.6092271e-01   6.2382901e-01
   2.0671667e+03   7.0023807e-01   6.6088888e-01   6.2374799e-01
   2.0672500e+03   7.0026904e-01   6.6086576e-01   6.2367677e-01
   2.0673333e+03   7.0031262e-01   6.6085418e-01   6.2361609e-01
   2.0674167e+03   7.0033408e-01   6.6082238e-01   6.2353696e-01
   2.0675000e+03   7.0032497e-01   6.6076264e-01   6.2343233e-01
   2.0675833e+03   7.0025327e-01   6.6064568e-01   6.2327546e-01
   2.0676667e+03   7.0013690e-01   6.6048792e-01   6.2308136e-01
   2.0677500e+03   7.0003480e-01   6.6034322e-01   6.2289921e-01
   2.0678333e+03   7.0001961e-01   6.6027798e-01   6.2278964e-01
   2.0679167e+03   7.0006048e-01   6.6026397e-01   6.2272685e-01
   2.0680000e+03   7.0009937e-01   6.6024815e-01   6.2266243e-01
   2.0680833e+03   7.0012204e-01   6.6021752e-01   6.2258449e-01
   2.0681667e+03   7.0014167e-01   6.6018411e-01   6.2250403e-01
   2.0682500e+03   7.0017289e-01   6.6016131e-01   6.2243326e-01
   2.0683333e+03   7.0021644e-01   6.6014976e-01   6.2237277e-01
   2.0684167e+03   7.0023754e-01   6.6011770e-01   6.2229357e-01
   2.0685000e+03   7.0022787e-01   6.6005755e-01   6.2218875e-01
   2.0685833e+03   7.0015533e-01   6.5993999e-01   6.2203157e-01
   2.0686667e+03   7.0003799e-01   6.5978152e-01   6.2183708e-01
   2.0687500e+03   6.9993495e-01   6.5963613e-01   6.2165457e-01
   2.0688333e+03   6.9991917e-01   6.5957045e-01   6.2154478e-01
   2.0689167e+03   6.9995990e-01   6.5955637e-01   6.2148207e-01
   2.0690000e+03   6.9999895e-01   6.5954075e-01   6.2141797e-01
   2.0690833e+03   7.0002195e-01   6.5951049e-01   6.2134052e-01
   2.0691667e+03   7.0004194e-01   6.5947747e-01   6.2126056e-01
   2.0692500e+03   7.0007342e-01   6.5945495e-01   6.2119019e-01
   2.0693333e+03   7.0011693e-01   6.5944341e-01   6.2112984e-01
   2.0694167e+03   7.0013766e-01   6.5941107e-01   6.2105054e-01
   2.0695000e+03   7.0012743e-01   6.5935048e-01   6.2094549e-01
   2.0695833e+03   7.0005406e-01   6.5923229e-01   6.2078794e-01
   2.0696667e+03   6.9993573e-01   6.5907309e-01   6.2059304e-01
   2.0697500e+03   6.9983175e-01   6.5892700e-01   6.2041011e-01
   2.0698333e+03   6.9981538e-01   6.5886085e-01   6.2030006e-01
   2.0699167e+03   6.9985597e-01   6.5884667e-01   6.2023739e-01
   2.0700000e+03   6.9989517e-01   6.5883122e-01   6.2017356e-01
   2.0700833e+03   6.9991851e-01   6.5880131e-01   6.2009655e-01
   2.0701667e+03   6.9993885e-01   6.5876865e-01   6.2001706e-01
   2.0702500e+03   6.9997059e-01   6.5874639e-01   6.1994705e-01
   2.0703333e+03   7.0001406e-01   6.5873483e-01   6.1988679e-01
   2.0704167e+03   7.0003442e-01   6.5870219e-01   6.1980733e-01
   2.0705000e+03   7.0002362e-01   6.5864115e-01   6.1970201e-01
   2.0705833e+03   6.9994941e-01   6.5852230e-01   6.1954406e-01
   2.0706667e+03   6.9983009e-01   6.5836235e-01   6.1934870e-01
   2.0707500e+03   6.9972518e-01   6.5821554e-01   6.1916533e-01
   2.0708333e+03   6.9970820e-01   6.5814890e-01   6.1905498e-01
   2.0709167e+03   6.9974866e-01   6.5813460e-01   6.1899229e-01
   2.0710000e+03   6.9978801e-01   6.5811929e-01   6.1892868e-01
   2.0710833e+03   6.9981168e-01   6.5808969e-01   6.1885207e-01
   2.0711667e+03   6.9983237e-01   6.5805738e-01   6.1877300e-01
   2.0712500e+03   6.9986436e-01   6.5803535e-01   6.1870330e-01
   2.0713333e+03   6.9990779e-01   6.5802375e-01   6.1864308e-01
   2.0714167e+03   6.9992777e-01   6.5799078e-01   6.1856342e-01
   2.0715000e+03   6.9991640e-01   6.5792925e-01   6.1845779e-01
   2.0715833e+03   6.9984135e-01   6.5780973e-01   6.1829940e-01
   2.0716667e+03   6.9972105e-01   6.5764900e-01   6.1810354e-01
   2.0717500e+03   6.9961519e-01   6.5750145e-01   6.1791969e-01
   2.0718333e+03   6.9959762e-01   6.5743430e-01   6.1780899e-01
   2.0719167e+03   6.9963792e-01   6.5741985e-01   6.1774625e-01
   2.0720000e+03   6.9967742e-01   6.5740466e-01   6.1768282e-01
   2.0720833e+03   6.9970142e-01   6.5737535e-01   6.1760656e-01
   2.0721667e+03   6.9972247e-01   6.5734335e-01   6.1752786e-01
   2.0722500e+03   6.9975470e-01   6.5732154e-01   6.1745842e-01
   2.0723333e+03   6.9979809e-01   6.5730986e-01   6.1739821e-01
   2.0724167e+03   6.9981769e-01   6.5727654e-01   6.1731831e-01
   2.0725000e+03   6.9980575e-01   6.5721450e-01   6.1721232e-01
   2.0725833e+03   6.9972986e-01   6.5709428e-01   6.1705345e-01
   2.0726667e+03   6.9960857e-01   6.5693276e-01   6.1685706e-01
   2.0727500e+03   6.9950176e-01   6.5678444e-01   6.1667268e-01
   2.0728333e+03   6.9948358e-01   6.5671676e-01   6.1656160e-01
   2.0729167e+03   6.9952374e-01   6.5670214e-01   6.1649875e-01
   2.0730000e+03   6.9956339e-01   6.5668704e-01   6.1643547e-01
   2.0730833e+03   6.9958771e-01   6.5665800e-01   6.1635951e-01
   2.0731667e+03   6.9960910e-01   6.5662629e-01   6.1628113e-01
   2.0732500e+03   6.9964158e-01   6.5660465e-01   6.1621192e-01
   2.0733333e+03   6.9968492e-01   6.5659289e-01   6.1615166e-01
   2.0734167e+03   6.9970414e-01   6.5655918e-01   6.1607147e-01
   2.0735000e+03   6.9969162e-01   6.5649662e-01   6.1596508e-01
   2.0735833e+03   6.9961489e-01   6.5637568e-01   6.1580569e-01
   2.0736667e+03   6.9949260e-01   6.5621335e-01   6.1560873e-01
   2.0737500e+03   6.9938485e-01   6.5606424e-01   6.1542380e-01
   2.0738333e+03   6.9936607e-01   6.5599599e-01   6.1531229e-01
   2.0739167e+03   6.9940608e-01   6.5598118e-01   6.1524929e-01
   2.0740000e+03   6.9944586e-01   6.5596614e-01   6.1518610e-01
   2.0740833e+03   6.9947050e-01   6.5593734e-01   6.1511040e-01
   2.0741667e+03   6.9949224e-01   6.5590589e-01   6.1503231e-01
   2.0742500e+03   6.9952497e-01   6.5588442e-01   6.1496326e-01
   2.0743333e+03   6.9956825e-01   6.5587253e-01   6.1490292e-01
   2.0744167e+03   6.9958709e-01   6.5583843e-01   6.1482241e-01
   2.0745000e+03   6.9957399e-01   6.5577531e-01   6.1471558e-01
   2.0745833e+03   6.9949641e-01   6.5565363e-01   6.1455563e-01
   2.0746667e+03   6.9937313e-01   6.5549047e-01   6.1435806e-01
   2.0747500e+03   6.9926443e-01   6.5534055e-01   6.1417253e-01
   2.0748333e+03   6.9924503e-01   6.5527172e-01   6.1406056e-01
   2.0749167e+03   6.9928489e-01   6.5525668e-01   6.1399737e-01
   2.0750000e+03   6.9932482e-01   6.5524169e-01   6.1393422e-01
   2.0750833e+03   6.9934977e-01   6.5521309e-01   6.1385873e-01
   2.0751667e+03   6.9937183e-01   6.5518187e-01   6.1378085e-01
   2.0752500e+03   6.9940477e-01   6.5516051e-01   6.1371192e-01
   2.0753333e+03   6.9944801e-01   6.5514848e-01   6.1365145e-01
   2.0754167e+03   6.9946651e-01   6.5511400e-01   6.1357061e-01
   2.0755000e+03   6.9945293e-01   6.5505039e-01   6.1346339e-01
   2.0755833e+03   6.9937468e-01   6.5492811e-01   6.1330299e-01
   2.0756667e+03   6.9925063e-01   6.5476430e-01   6.1310497e-01
   2.0757500e+03   6.9914123e-01   6.5461379e-01   6.1291901e-01
   2.0758333e+03   6.9912140e-01   6.5454451e-01   6.1280667e-01
   2.0759167e+03   6.9916115e-01   6.5452927e-01   6.1274329e-01
   2.0760000e+03   6.9920116e-01   6.5451425e-01   6.1268010e-01
   2.0760833e+03   6.9922631e-01   6.5448574e-01   6.1260469e-01
   2.0761667e+03   6.9924860e-01   6.5445462e-01   6.1252691e-01
   2.0762500e+03   6.9928169e-01   6.5443329e-01   6.1245800e-01
   2.0763333e+03   6.9932489e-01   6.5442111e-01   6.1239736e-01
   2.0764167e+03   6.9934314e-01   6.5438630e-01   6.1231623e-01
   2.0765000e+03   6.9932918e-01   6.5432228e-01   6.1220865e-01
   2.0765833e+03   6.9925037e-01   6.5419949e-01   6.1204786e-01
   2.0766667e+03   6.9912568e-01   6.5403512e-01   6.1184945e-01
   2.0767500e+03   6.9901566e-01   6.5388406e-01   6.1166309e-01
   2.0768333e+03   6.9899542e-01   6.5381435e-01   6.1155038e-01
   2.0769167e+03   6.9903507e-01   6.5379888e-01   6.1148676e-01
   2.0770000e+03   6.9907517e-01   6.5378381e-01   6.1142349e-01
   2.0770833e+03   6.9910052e-01   6.5375537e-01   6.1134813e-01
   2.0771667e+03   6.9912302e-01   6.5372433e-01   6.1127040e-01
   2.0772500e+03   6.9915627e-01   6.5370301e-01   6.1120146e-01
   2.0773333e+03   6.9919943e-01   6.5369065e-01   6.1114062e-01
   2.0774167e+03   6.9921742e-01   6.5365549e-01   6.1105914e-01
   2.0775000e+03   6.9920308e-01   6.5359103e-01   6.1095117e-01
   2.0775833e+03   6.9912371e-01   6.5346771e-01   6.1078995e-01
   2.0776667e+03   6.9899838e-01   6.5330277e-01   6.1059111e-01
   2.0777500e+03   6.9888774e-01   6.5315114e-01   6.1040433e-01
   2.0778333e+03   6.9886710e-01   6.5308097e-01   6.1029121e-01
   2.0779167e+03   6.9890664e-01   6.5306526e-01   6.1022731e-01
   2.0780000e+03   6.9894682e-01   6.5305011e-01   6.1016392e-01
   2.0780833e+03   6.9897238e-01   6.5302172e-01   6.1008855e-01
   2.0781667e+03   6.9899510e-01   6.5299073e-01   6.1001083e-01
   2.0782500e+03   6.9902850e-01   6.5296940e-01   6.0994182e-01
   2.0783333e+03   6.9907161e-01   6.5295684e-01   6.0988073e-01
   2.0784167e+03   6.9908935e-01   6.5292130e-01   6.0979888e-01
   2.0785000e+03   6.9907462e-01   6.5285639e-01   6.0969047e-01
   2.0785833e+03   6.9899470e-01   6.5273251e-01   6.0952879e-01
   2.0786667e+03   6.9886871e-01   6.5256697e-01   6.0932949e-01
   2.0787500e+03   6.9875745e-01   6.5241476e-01   6.0914224e-01
   2.0788333e+03   6.9873641e-01   6.5234411e-01   6.0902867e-01
   2.0789167e+03   6.9877584e-01   6.5232813e-01   6.0896446e-01
   2.0790000e+03   6.9881610e-01   6.5231288e-01   6.0890090e-01
   2.0790833e+03   6.9884187e-01   6.5228451e-01   6.0882548e-01
   2.0791667e+03   6.9886480e-01   6.5225356e-01   6.0874773e-01
   2.0792500e+03   6.9889835e-01   6.5223219e-01   6.0867861e-01
   2.0793333e+03   6.9894142e-01   6.5221940e-01   6.0861724e-01
   2.0794167e+03   6.9895890e-01   6.5218347e-01   6.0853496e-01
   2.0795000e+03   6.9894378e-01   6.5211807e-01   6.0842608e-01
   2.0795833e+03   6.9886331e-01   6.5199362e-01   6.0826391e-01
   2.0796667e+03   6.9873667e-01   6.5182747e-01   6.0806411e-01
   2.0797500e+03   6.9862479e-01   6.5167465e-01   6.0787636e-01
   2.0798333e+03   6.9860335e-01   6.5160351e-01   6.0776230e-01
   2.0799167e+03   6.9864266e-01   6.5158723e-01   6.0769773e-01
   2.0800000e+03   6.9868301e-01   6.5157186e-01   6.0763396e-01
   2.0800833e+03   6.9870897e-01   6.5154349e-01   6.0755845e-01
   2.0801667e+03   6.9873213e-01   6.5151255e-01   6.0748063e-01
   2.0802500e+03   6.9876582e-01   6.5149112e-01   6.0741136e-01
   2.0803333e+03   6.9880885e-01   6.5147808e-01   6.0734966e-01
   2.0804167e+03   6.9882606e-01   6.5144173e-01   6.0726691e-01
   2.0805000e+03   6.9881056e-01   6.5137583e-01   6.0715753e-01
   2.0805833e+03   6.9872953e-01   6.5125079e-01   6.0699482e-01
   2.0806667e+03   6.9860224e-01   6.5108400e-01   6.0679449e-01
   2.0807500e+03   6.9848974e-01   6.5093056e-01   6.0660620e-01
   2.0808333e+03   6.9846789e-01   6.5085890e-01   6.0649162e-01
   2.0809167e+03   6.9850710e-01   6.5084231e-01   6.0642665e-01
   2.0810000e+03   6.9854752e-01   6.5082679e-01   6.0636264e-01
   2.0810833e+03   6.9857368e-01   6.5079838e-01   6.0628700e-01
   2.0811667e+03   6.9859705e-01   6.5076744e-01   6.0620906e-01
   2.0812500e+03   6.9863089e-01   6.5074592e-01   6.0613960e-01
   2.0813333e+03   6.9867388e-01   6.5073262e-01   6.0607753e-01
   2.0814167e+03   6.9869082e-01   6.5069582e-01   6.0599428e-01
   2.0815000e+03   6.9867494e-01   6.5062940e-01   6.0588435e-01
   2.0815833e+03   6.9859334e-01   6.5050374e-01   6.0572107e-01
   2.0816667e+03   6.9846541e-01   6.5033631e-01   6.0552018e-01
   2.0817500e+03   6.9835229e-01   6.5018222e-01   6.0533132e-01
   2.0818333e+03   6.9833003e-01   6.5011002e-01   6.0521617e-01
   2.0819167e+03   6.9836912e-01   6.5009309e-01   6.0515076e-01
   2.0820000e+03   6.9840962e-01   6.5007740e-01   6.0508646e-01
   2.0820833e+03   6.9843598e-01   6.5004895e-01   6.0501065e-01
   2.0821667e+03   6.9845957e-01   6.5001797e-01   6.0493256e-01
   2.0822500e+03   6.9849355e-01   6.4999634e-01   6.0486286e-01
   2.0823333e+03   6.9853649e-01   6.4998274e-01   6.0480038e-01
   2.0824167e+03   6.9855317e-01   6.4994548e-01   6.0471659e-01
   2.0825000e+03   6.9853690e-01   6.4987852e-01   6.0460608e-01
   2.0825833e+03   6.9845475e-01   6.4975223e-01   6.0444219e-01
   2.0826667e+03   6.9832616e-01   6.4958412e-01   6.0424071e-01
   2.0827500e+03   6.9821241e-01   6.4942938e-01   6.0405124e-01
   2.0828333e+03   6.9818974e-01   6.4935661e-01   6.0393549e-01
   2.0829167e+03   6.9822873e-01   6.4933932e-01   6.0386961e-01
   2.0830000e+03   6.9826931e-01   6.4932344e-01   6.0380497e-01
   2.0830833e+03   6.9829586e-01   6.4929491e-01   6.0372895e-01
   2.0831667e+03   6.9831966e-01   6.4926387e-01   6.0365066e-01
   2.0832500e+03   6.9835379e-01   6.4924211e-01   6.0358069e-01
   2.0833333e+03   6.9839667e-01   6.4922820e-01   6.0351776e-01
   2.0834167e+03   6.9841309e-01   6.4919045e-01   6.0343339e-01
   2.0835000e+03   6.9839643e-01   6.4912292e-01   6.0332226e-01
   2.0835833e+03   6.9831372e-01   6.4899598e-01   6.0315773e-01
   2.0836667e+03   6.9818448e-01   6.4882719e-01   6.0295562e-01
   2.0837500e+03   6.9807011e-01   6.4867176e-01   6.0276552e-01
   2.0838333e+03   6.9804703e-01   6.4859842e-01   6.0264913e-01
   2.0839167e+03   6.9808590e-01   6.4858074e-01   6.0258272e-01
   2.0840000e+03   6.9812655e-01   6.4856464e-01   6.0251772e-01
   2.0840833e+03   6.9815330e-01   6.4853602e-01   6.0244145e-01
   2.0841667e+03   6.9817731e-01   6.4850490e-01   6.0236292e-01
   2.0842500e+03   6.9821158e-01   6.4848298e-01   6.0229264e-01
   2.0843333e+03   6.9825442e-01   6.4846873e-01   6.0222922e-01
   2.0844167e+03   6.9827057e-01   6.4843048e-01   6.0214423e-01
   2.0845000e+03   6.9825351e-01   6.4836236e-01   6.0203244e-01
   2.0845833e+03   6.9817024e-01   6.4823475e-01   6.0186724e-01
   2.0846667e+03   6.9804035e-01   6.4806525e-01   6.0166447e-01
   2.0847500e+03   6.9792536e-01   6.4790913e-01   6.0147369e-01
   2.0848333e+03   6.9790187e-01   6.4783518e-01   6.0135663e-01
   2.0849167e+03   6.9794062e-01   6.4781709e-01   6.0128967e-01
   2.0850000e+03   6.9798135e-01   6.4780076e-01   6.0122426e-01
   2.0850833e+03   6.9800829e-01   6.4777201e-01   6.0114769e-01
   2.0851667e+03   6.9803251e-01   6.4774079e-01   6.0106889e-01
   2.0852500e+03   6.9806692e-01   6.4771870e-01   6.0099825e-01
   2.0853333e+03   6.9810971e-01   6.4770408e-01   6.0093430e-01
   2.0854167e+03   6.9812559e-01   6.4766530e-01   6.0084866e-01
   2.0855000e+03   6.9810814e-01   6.4759658e-01   6.0073617e-01
   2.0855833e+03   6.9802431e-01   6.4746827e-01   6.0057027e-01
   2.0856667e+03   6.9789377e-01   6.4729805e-01   6.0036680e-01
   2.0857500e+03   6.9777815e-01   6.4714121e-01   6.0017533e-01
   2.0858333e+03   6.9775425e-01   6.4706664e-01   6.0005755e-01
   2.0859167e+03   6.9779288e-01   6.4704812e-01   5.9998999e-01
   2.0860000e+03   6.9783368e-01   6.4703153e-01   5.9992413e-01
   2.0860833e+03   6.9786082e-01   6.4700264e-01   5.9984723e-01
   2.0861667e+03   6.9788524e-01   6.4697129e-01   5.9976811e-01
   2.0862500e+03   6.9791980e-01   6.4694900e-01   5.9969708e-01
   2.0863333e+03   6.9796253e-01   6.4693400e-01   5.9963256e-01
   2.0864167e+03   6.9797814e-01   6.4689466e-01   5.9954623e-01
   2.0865000e+03   6.9796030e-01   6.4682531e-01   5.9943301e-01
   2.0865833e+03   6.9787591e-01   6.4669630e-01   5.9926637e-01
   2.0866667e+03   6.9774471e-01   6.4652534e-01   5.9906217e-01
   2.0867500e+03   6.9762846e-01   6.4636776e-01   5.9886997e-01
   2.0868333e+03   6.9760415e-01   6.4629254e-01   5.9875145e-01
   2.0869167e+03   6.9764266e-01   6.4627358e-01   5.9868326e-01
   2.0870000e+03   6.9768354e-01   6.4625670e-01   5.9861690e-01
   2.0870833e+03   6.9771087e-01   6.4622764e-01   5.9853964e-01
   2.0871667e+03   6.9773550e-01   6.4619615e-01   5.9846016e-01
   2.0872500e+03   6.9777019e-01   6.4617363e-01   5.9838869e-01
   2.0873333e+03   6.9781286e-01   6.4615822e-01   5.9832356e-01
   2.0874167e+03   6.9782821e-01   6.4611832e-01   5.9823650e-01
   2.0875000e+03   6.9780998e-01   6.4604832e-01   5.9812251e-01
   2.0875833e+03   6.9772502e-01   6.4591858e-01   5.9795510e-01
   2.0876667e+03   6.9759317e-01   6.4574685e-01   5.9775016e-01
   2.0877500e+03   6.9747629e-01   6.4558853e-01   5.9755719e-01
   2.0878333e+03   6.9745157e-01   6.4551264e-01   5.9743789e-01
   2.0879167e+03   6.9748996e-01   6.4549320e-01   5.9736902e-01
   2.0880000e+03   6.9753091e-01   6.4547602e-01   5.9730214e-01
   2.0880833e+03   6.9755842e-01   6.4544678e-01   5.9722446e-01
   2.0881667e+03   6.9758326e-01   6.4541511e-01   5.9714459e-01
   2.0882500e+03   6.9761809e-01   6.4539234e-01   5.9707265e-01
   2.0883333e+03   6.9766071e-01   6.4537651e-01   5.9700687e-01
   2.0884167e+03   6.9767579e-01   6.4533601e-01   5.9691905e-01
   2.0885000e+03   6.9765715e-01   6.4526534e-01   5.9680426e-01
   2.0885833e+03   6.9757163e-01   6.4513486e-01   5.9663604e-01
   2.0886667e+03   6.9743912e-01   6.4496235e-01   5.9643031e-01
   2.0887500e+03   6.9732163e-01   6.4480326e-01   5.9623655e-01
   2.0888333e+03   6.9729648e-01   6.4472669e-01   5.9611644e-01
   2.0889167e+03   6.9733475e-01   6.4470675e-01   5.9604686e-01
   2.0890000e+03   6.9737577e-01   6.4468924e-01   5.9597941e-01
   2.0890833e+03   6.9740347e-01   6.4465979e-01   5.9590128e-01
   2.0891667e+03   6.9742851e-01   6.4462792e-01   5.9582098e-01
   2.0892500e+03   6.9746348e-01   6.4460489e-01   5.9574853e-01
   2.0893333e+03   6.9750604e-01   6.4458860e-01   5.9568206e-01
   2.0894167e+03   6.9752085e-01   6.4454749e-01   5.9559343e-01
   2.0895000e+03   6.9750182e-01   6.4447613e-01   5.9547781e-01
   2.0895833e+03   6.9741573e-01   6.4434488e-01   5.9530876e-01
   2.0896667e+03   6.9728257e-01   6.4417159e-01   5.9510221e-01
   2.0897500e+03   6.9716444e-01   6.4401170e-01   5.9490762e-01
   2.0898333e+03   6.9713888e-01   6.4393443e-01   5.9478667e-01
   2.0899167e+03   6.9717703e-01   6.4391398e-01   5.9471634e-01
   2.0900000e+03   6.9721812e-01   6.4389610e-01   5.9464828e-01
   2.0900833e+03   6.9724601e-01   6.4386642e-01   5.9456967e-01
   2.0901667e+03   6.9727125e-01   6.4383434e-01   5.9448889e-01
   2.0902500e+03   6.9730635e-01   6.4381102e-01   5.9441589e-01
   2.0903333e+03   6.9734885e-01   6.4379425e-01   5.9434871e-01
   2.0904167e+03   6.9736338e-01   6.4375251e-01   5.9425924e-01
   2.0905000e+03   6.9734396e-01   6.4368044e-01   5.9414274e-01
   2.0905833e+03   6.9725731e-01   6.4354841e-01   5.9397283e-01
   2.0906667e+03   6.9712349e-01   6.4337430e-01   5.9376544e-01
   2.0907500e+03   6.9700473e-01   6.4321362e-01   5.9356999e-01
   2.0908333e+03   6.9697876e-01   6.4313562e-01   5.9344815e-01
   2.0909167e+03   6.9701678e-01   6.4311462e-01   5.9337704e-01
   2.0910000e+03   6.9705793e-01   6.4309638e-01   5.9330833e-01
   2.0910833e+03   6.9708600e-01   6.4306644e-01   5.9322920e-01
   2.0911667e+03   6.9711145e-01   6.4303412e-01   5.9314791e-01
   2.0912500e+03   6.9714668e-01   6.4301048e-01   5.9307432e-01
   2.0913333e+03   6.9718912e-01   6.4299322e-01   5.9300638e-01
   2.0914167e+03   6.9720338e-01   6.4295082e-01   5.9291604e-01
   2.0915000e+03   6.9718356e-01   6.4287802e-01   5.9279864e-01
   2.0915833e+03   6.9709634e-01   6.4274519e-01   5.9262783e-01
   2.0916667e+03   6.9696186e-01   6.4257026e-01   5.9241957e-01
   2.0917500e+03   6.9684248e-01   6.4240875e-01   5.9222324e-01
   2.0918333e+03   6.9681609e-01   6.4233000e-01   5.9210048e-01
   2.0919167e+03   6.9685398e-01   6.4230845e-01   5.9202854e-01
   2.0920000e+03   6.9689520e-01   6.4228981e-01   5.9195916e-01
   2.0920833e+03   6.9692346e-01   6.4225959e-01   5.9187946e-01
   2.0921667e+03   6.9694910e-01   6.4222701e-01   5.9179762e-01
   2.0922500e+03   6.9698447e-01   6.4220303e-01   5.9172341e-01
   2.0923333e+03   6.9702685e-01   6.4218525e-01   5.9165467e-01
   2.0924167e+03   6.9704083e-01   6.4214217e-01   5.9156342e-01
   2.0925000e+03   6.9702060e-01   6.4206863e-01   5.9144508e-01
   2.0925833e+03   6.9693282e-01   6.4193498e-01   5.9127334e-01
   2.0926667e+03   6.9679769e-01   6.4175920e-01   5.9106418e-01
   2.0927500e+03   6.9667767e-01   6.4159686e-01   5.9086694e-01
   2.0928333e+03   6.9665086e-01   6.4151735e-01   5.9074324e-01
   2.0929167e+03   6.9668863e-01   6.4149521e-01   5.9067044e-01
   2.0930000e+03   6.9672991e-01   6.4147615e-01   5.9060034e-01
   2.0930833e+03   6.9675835e-01   6.4144563e-01   5.9052004e-01
   2.0931667e+03   6.9678419e-01   6.4141276e-01   5.9043762e-01
   2.0932500e+03   6.9681969e-01   6.4138843e-01   5.9036274e-01
   2.0933333e+03   6.9686201e-01   6.4137011e-01   5.9029317e-01
   2.0934167e+03   6.9687571e-01   6.4132634e-01   5.9020097e-01
   2.0935000e+03   6.9685509e-01   6.4125202e-01   5.9008167e-01
   2.0935833e+03   6.9676674e-01   6.4111754e-01   5.8990897e-01
   2.0936667e+03   6.9663094e-01   6.4094090e-01   5.8969888e-01
   2.0937500e+03   6.9651030e-01   6.4077770e-01   5.8950070e-01
   2.0938333e+03   6.9648307e-01   6.4069741e-01   5.8937601e-01
   2.0939167e+03   6.9652071e-01   6.4067467e-01   5.8930232e-01
   2.0940000e+03   6.9656205e-01   6.4065516e-01   5.8923146e-01
   2.0940833e+03   6.9659067e-01   6.4062432e-01   5.8915053e-01
   2.0941667e+03   6.9661671e-01   6.4059115e-01   5.8906749e-01
   2.0942500e+03   6.9665234e-01   6.4056644e-01   5.8899191e-01
   2.0943333e+03   6.9669459e-01   6.4054756e-01   5.8892147e-01
   2.0944167e+03   6.9670802e-01   6.4050306e-01   5.8882830e-01
   2.0945000e+03   6.9668699e-01   6.4042796e-01   5.8870799e-01
   2.0945833e+03   6.9659807e-01   6.4029262e-01   5.8853431e-01
   2.0946667e+03   6.9646162e-01   6.4011511e-01   5.8832326e-01
   2.0947500e+03   6.9634034e-01   6.3995103e-01   5.8812411e-01
   2.0948333e+03   6.9631269e-01   6.3986994e-01   5.8799841e-01
   2.0949167e+03   6.9635020e-01   6.3984657e-01   5.8792379e-01
   2.0950000e+03   6.9639161e-01   6.3982661e-01   5.8785214e-01
   2.0950833e+03   6.9642041e-01   6.3979543e-01   5.8777053e-01
   2.0951667e+03   6.9644664e-01   6.3976192e-01   5.8768683e-01
   2.0952500e+03   6.9648240e-01   6.3973681e-01   5.8761052e-01
   2.0953333e+03   6.9652458e-01   6.3971734e-01   5.8753917e-01
   2.0954167e+03   6.9653773e-01   6.3967211e-01   5.8744499e-01
   2.0955000e+03   6.9651630e-01   6.3959620e-01   5.8732365e-01
   2.0955833e+03   6.9642681e-01   6.3945999e-01   5.8714895e-01
   2.0956667e+03   6.9628970e-01   6.3928159e-01   5.8693692e-01
   2.0957500e+03   6.9616780e-01   6.3911662e-01   5.8673678e-01
   2.0958333e+03   6.9613972e-01   6.3903471e-01   5.8661003e-01
   2.0959167e+03   6.9617710e-01   6.3901069e-01   5.8653445e-01
   2.0960000e+03   6.9621856e-01   6.3899024e-01   5.8646197e-01
   2.0960833e+03   6.9624754e-01   6.3895870e-01   5.8637965e-01
   2.0961667e+03   6.9627397e-01   6.3892484e-01   5.8629526e-01
   2.0962500e+03   6.9630985e-01   6.3889930e-01   5.8621817e-01
   2.0963333e+03   6.9635197e-01   6.3887923e-01   5.8614588e-01
   2.0964167e+03   6.9636484e-01   6.3883324e-01   5.8605066e-01
   2.0965000e+03   6.9634300e-01   6.3875651e-01   5.8592825e-01
   2.0965833e+03   6.9625295e-01   6.3861941e-01   5.8575251e-01
   2.0966667e+03   6.9611518e-01   6.3844010e-01   5.8553948e-01
   2.0967500e+03   6.9599264e-01   6.3827423e-01   5.8533830e-01
   2.0968333e+03   6.9596414e-01   6.3819148e-01   5.8521049e-01
   2.0969167e+03   6.9600139e-01   6.3816679e-01   5.8513390e-01
   2.0970000e+03   6.9604291e-01   6.3814583e-01   5.8506056e-01
   2.0970833e+03   6.9607207e-01   6.3811390e-01   5.8497749e-01
   2.0971667e+03   6.9609869e-01   6.3807967e-01   5.8489237e-01
   2.0972500e+03   6.9613469e-01   6.3805369e-01   5.8481448e-01
   2.0973333e+03   6.9617675e-01   6.3803299e-01   5.8474121e-01
   2.0974167e+03   6.9618933e-01   6.3798622e-01   5.8464491e-01
   2.0975000e+03   6.9616709e-01   6.3790864e-01   5.8452141e-01
   2.0975833e+03   6.9607646e-01   6.3777064e-01   5.8434459e-01
   2.0976667e+03   6.9593803e-01   6.3759041e-01   5.8413053e-01
   2.0977500e+03   6.9581486e-01   6.3742362e-01   5.8392831e-01
   2.0978333e+03   6.9578594e-01   6.3734001e-01   5.8379939e-01
   2.0979167e+03   6.9582305e-01   6.3731463e-01   5.8372176e-01
   2.0980000e+03   6.9586463e-01   6.3729314e-01   5.8364752e-01
   2.0980833e+03   6.9589396e-01   6.3726080e-01   5.8356368e-01
   2.0981667e+03   6.9592078e-01   6.3722618e-01   5.8347779e-01
   2.0982500e+03   6.9595691e-01   6.3719973e-01   5.8339905e-01
   2.0983333e+03   6.9599889e-01   6.3717839e-01   5.8332478e-01
   2.0984167e+03   6.9601119e-01   6.3713081e-01   5.8322737e-01
   2.0985000e+03   6.9598854e-01   6.3705237e-01   5.8310274e-01
   2.0985833e+03   6.9589735e-01   6.3691345e-01   5.8292483e-01
   2.0986667e+03   6.9575825e-01   6.3673228e-01   5.8270970e-01
   2.0987500e+03   6.9563445e-01   6.3656455e-01   5.8250641e-01
   2.0988333e+03   6.9560510e-01   6.3648006e-01   5.8237635e-01
   2.0989167e+03   6.9564208e-01   6.3645398e-01   5.8229766e-01
   2.0990000e+03   6.9568371e-01   6.3643194e-01   5.8222249e-01
   2.0990833e+03   6.9571322e-01   6.3639917e-01   5.8213782e-01
   2.0991667e+03   6.9574023e-01   6.3636414e-01   5.8205114e-01
   2.0992500e+03   6.9577648e-01   6.3633719e-01   5.8197152e-01
   2.0993333e+03   6.9581839e-01   6.3631518e-01   5.8189621e-01
   2.0994167e+03   6.9583040e-01   6.3626679e-01   5.8179765e-01
   2.0995000e+03   6.9580735e-01   6.3618747e-01   5.8167186e-01
   2.0995833e+03   6.9571558e-01   6.3604761e-01   5.8149283e-01
   2.0996667e+03   6.9557583e-01   6.3586548e-01   5.8127662e-01
   2.0997500e+03   6.9545139e-01   6.3569681e-01   5.8107223e-01
   2.0998333e+03   6.9542162e-01   6.3561142e-01   5.8094101e-01
   2.0999167e+03   6.9545846e-01   6.3558461e-01   5.8086121e-01
   2.1000000e+03   6.9550014e-01   6.3556200e-01   5.8078507e-01
   2.1000833e+03   6.9552983e-01   6.3552877e-01   5.8069956e-01
   2.1001667e+03   6.9555702e-01   6.3549330e-01   5.8061204e-01
   2.1002500e+03   6.9559339e-01   6.3546585e-01   5.8053151e-01
   2.1003333e+03   6.9563523e-01   6.3544315e-01   5.8045511e-01
   2.1004167e+03   6.9564696e-01   6.3539391e-01   5.8035538e-01
   2.1005000e+03   6.9562350e-01   6.3531369e-01   5.8022841e-01
   2.1005833e+03   6.9553116e-01   6.3517288e-01   5.8004823e-01
   2.1006667e+03   6.9539074e-01   6.3498978e-01   5.7983092e-01
   2.1007500e+03   6.9526567e-01   6.3482014e-01   5.7962540e-01
   2.1008333e+03   6.9523547e-01   6.3473384e-01   5.7949298e-01
   2.1009167e+03   6.9527217e-01   6.3470628e-01   5.7941205e-01
