   2.0000000e+03   1.0000000e+00   1.0000000e+00   1.0000000e+00
   2.0000833e+03   1.0000000e+00   1.0000000e+00   1.0000000e+00
   2.0001667e+03   1.0000000e+00   1.0000000e+00   1.0000000e+00
   2.0002500e+03   1.0000000e+00   1.0000000e+00   1.0000000e+00
   2.0003333e+03   1.0000000e+00   1.0000000e+00   1.0000000e+00
   2.0004167e+03   1.0000000e+00   1.0000000e+00   1.0000000e+00
   2.0005000e+03   1.0000000e+00   1.0000000e+00   1.0000000e+00
   2.0005833e+03   1.0000000e+00   1.0000000e+00   1.0000000e+00
   2.0006667e+03   1.0000000e+00   1.0000000e+00   1.0000000e+00
   2.0007500e+03   1.0000000e+00   1.0000000e+00   1.0000000e+00
   2.0008333e+03   1.0000000e+00   1.0000000e+00   1.0000000e+00
   2.0009167e+03   1.0000000e+00   1.0000000e+00   1.0000000e+00
   2.0010000e+03   9.9988769e-01   9.9988729e-01   9.9988688e-01
   2.0010833e+03   9.9967439e-01   9.9967321e-01   9.9967202e-01
   2.0011667e+03   9.9946648e-01   9.9946412e-01   9.9946177e-01
   2.0012500e+03   9.9933123e-01   9.9932726e-01   9.9932330e-01
   2.0013333e+03   9.9934477e-01   9.9933867e-01   9.9933258e-01
   2.0014167e+03   9.9945868e-01   9.9944993e-01   9.9944118e-01
   2.0015000e+03   9.9957962e-01   9.9956776e-01   9.9955590e-01
   2.0015833e+03   9.9968735e-01   9.9967196e-01   9.9965657e-01
   2.0016667e+03   9.9977017e-01   9.9975085e-01   9.9973153e-01
   2.0017500e+03   9.9986196e-01   9.9983826e-01   9.9981456e-01
   2.0018333e+03   9.9998213e-01   9.9995357e-01   9.9992500e-01
   2.0019167e+03   1.0000194e+00   9.9998565e-01   9.9995195e-01
   2.0020000e+03   9.9991101e-01   9.9987207e-01   9.9983314e-01
   2.0020833e+03   9.9970236e-01   9.9965804e-01   9.9961372e-01
   2.0021667e+03   9.9949907e-01   9.9944897e-01   9.9939887e-01
   2.0022500e+03   9.9936794e-01   9.9931149e-01   9.9925503e-01
   2.0023333e+03   9.9938424e-01   9.9932061e-01   9.9925699e-01
   2.0024167e+03   9.9949888e-01   9.9942736e-01   9.9935585e-01
   2.0025000e+03   9.9961975e-01   9.9953990e-01   9.9946005e-01
   2.0025833e+03   9.9972642e-01   9.9963785e-01   9.9954928e-01
   2.0026667e+03   9.9980744e-01   9.9970980e-01   9.9961218e-01
   2.0027500e+03   9.9989764e-01   9.9979049e-01   9.9968335e-01
   2.0028333e+03   1.0000181e+00   9.9990085e-01   9.9978365e-01
   2.0029167e+03   1.0000577e+00   9.9993037e-01   9.9980301e-01
   2.0030000e+03   9.9995331e-01   9.9981599e-01   9.9967869e-01
   2.0030833e+03   9.9974929e-01   9.9960208e-01   9.9945489e-01
   2.0031667e+03   9.9955058e-01   9.9939309e-01   9.9923562e-01
   2.0032500e+03   9.9942355e-01   9.9925506e-01   9.9908660e-01
   2.0033333e+03   9.9944257e-01   9.9926198e-01   9.9908142e-01
   2.0034167e+03   9.9955789e-01   9.9936431e-01   9.9917075e-01
   2.0035000e+03   9.9967867e-01   9.9947164e-01   9.9926464e-01
   2.0035833e+03   9.9978424e-01   9.9956342e-01   9.9934264e-01
   2.0036667e+03   9.9986341e-01   9.9962853e-01   9.9939370e-01
   2.0037500e+03   9.9995199e-01   9.9970258e-01   9.9945324e-01
   2.0038333e+03   1.0000726e+00   9.9980808e-01   9.9954360e-01
   2.0039167e+03   1.0001147e+00   9.9983510e-01   9.9955557e-01
   2.0040000e+03   1.0000142e+00   9.9972001e-01   9.9942593e-01
   2.0040833e+03   9.9981474e-01   9.9950629e-01   9.9919792e-01
   2.0041667e+03   9.9962059e-01   9.9929745e-01   9.9897442e-01
   2.0042500e+03   9.9949762e-01   9.9915896e-01   9.9882040e-01
   2.0043333e+03   9.9951933e-01   9.9916375e-01   9.9880829e-01
   2.0044167e+03   9.9963530e-01   9.9926173e-01   9.9888830e-01
   2.0045000e+03   9.9975595e-01   9.9936394e-01   9.9897208e-01
   2.0045833e+03   9.9986038e-01   9.9944964e-01   9.9903907e-01
   2.0046667e+03   9.9993765e-01   9.9950799e-01   9.9907851e-01
   2.0047500e+03   1.0000246e+00   9.9957551e-01   9.9912665e-01
   2.0048333e+03   1.0001454e+00   9.9967622e-01   9.9920729e-01
   2.0049167e+03   1.0001898e+00   9.9970083e-01   9.9921206e-01
   2.0050000e+03   1.0000932e+00   9.9958510e-01   9.9907729e-01
   2.0050833e+03   9.9989829e-01   9.9937164e-01   9.9884527e-01
   2.0051667e+03   9.9970866e-01   9.9916304e-01   9.9861771e-01
   2.0052500e+03   9.9958972e-01   9.9902415e-01   9.9845889e-01
   2.0053333e+03   9.9961408e-01   9.9902689e-01   9.9844004e-01
   2.0054167e+03   9.9973067e-01   9.9912062e-01   9.9851094e-01
   2.0055000e+03   9.9985114e-01   9.9921779e-01   9.9858484e-01
   2.0055833e+03   9.9995439e-01   9.9929751e-01   9.9864104e-01
   2.0056667e+03   1.0000297e+00   9.9934919e-01   9.9866909e-01
   2.0057500e+03   1.0001150e+00   9.9941025e-01   9.9870604e-01
   2.0058333e+03   1.0002359e+00   9.9950627e-01   9.9877718e-01
   2.0059167e+03   1.0002827e+00   9.9952854e-01   9.9877496e-01
   2.0060000e+03   1.0001898e+00   9.9941225e-01   9.9863524e-01
   2.0060833e+03   9.9999950e-01   9.9919913e-01   9.9839940e-01
   2.0061667e+03   9.9981436e-01   9.9899084e-01   9.9816798e-01
   2.0062500e+03   9.9969942e-01   9.9885163e-01   9.9800454e-01
   2.0063333e+03   9.9972641e-01   9.9885241e-01   9.9797916e-01
   2.0064167e+03   9.9984358e-01   9.9894197e-01   9.9804115e-01
   2.0065000e+03   9.9996383e-01   9.9903418e-01   9.9810538e-01
   2.0065833e+03   1.0000659e+00   9.9910800e-01   9.9815103e-01
   2.0066667e+03   1.0001392e+00   9.9915310e-01   9.9816792e-01
   2.0067500e+03   1.0002227e+00   9.9920780e-01   9.9819392e-01
   2.0068333e+03   1.0003437e+00   9.9929921e-01   9.9825577e-01
   2.0069167e+03   1.0003928e+00   9.9931923e-01   9.9824675e-01
   2.0070000e+03   1.0003038e+00   9.9920245e-01   9.9810229e-01
   2.0070833e+03   1.0001179e+00   9.9898975e-01   9.9786281e-01
   2.0071667e+03   9.9993726e-01   9.9878183e-01   9.9762772e-01
   2.0072500e+03   9.9982629e-01   9.9864238e-01   9.9745986e-01
   2.0073333e+03   9.9985586e-01   9.9864128e-01   9.9742814e-01
   2.0074167e+03   9.9997358e-01   9.9872675e-01   9.9748146e-01
   2.0075000e+03   1.0000936e+00   9.9881411e-01   9.9753624e-01
   2.0075833e+03   1.0001944e+00   9.9888211e-01   9.9757156e-01
   2.0076667e+03   1.0002657e+00   9.9892072e-01   9.9757752e-01
   2.0077500e+03   1.0003474e+00   9.9896915e-01   9.9759279e-01
   2.0078333e+03   1.0004684e+00   9.9905603e-01   9.9764558e-01
   2.0079167e+03   1.0005199e+00   9.9907389e-01   9.9762998e-01
   2.0080000e+03   1.0004346e+00   9.9895670e-01   9.9748097e-01
   2.0080833e+03   1.0002532e+00   9.9874449e-01   9.9723804e-01
   2.0081667e+03   1.0000769e+00   9.9853703e-01   9.9699947e-01
   2.0082500e+03   9.9996990e-01   9.9839742e-01   9.9682738e-01
   2.0083333e+03   1.0000020e+00   9.9839451e-01   9.9678953e-01
   2.0084167e+03   1.0001202e+00   9.9847599e-01   9.9683439e-01
   2.0085000e+03   1.0002400e+00   9.9855856e-01   9.9687995e-01
   2.0085833e+03   1.0003394e+00   9.9862084e-01   9.9690517e-01
   2.0086667e+03   1.0004087e+00   9.9865306e-01   9.9690044e-01
   2.0087500e+03   1.0004886e+00   9.9869531e-01   9.9690523e-01
   2.0088333e+03   1.0006097e+00   9.9877776e-01   9.9694917e-01
   2.0089167e+03   1.0006633e+00   9.9879353e-01   9.9692719e-01
   2.0090000e+03   1.0005818e+00   9.9867601e-01   9.9677384e-01
   2.0090833e+03   1.0004048e+00   9.9846437e-01   9.9652765e-01
   2.0091667e+03   1.0002329e+00   9.9825744e-01   9.9628579e-01
   2.0092500e+03   1.0001298e+00   9.9811774e-01   9.9610967e-01
   2.0093333e+03   1.0001645e+00   9.9811311e-01   9.9606590e-01
   2.0094167e+03   1.0002832e+00   9.9819068e-01   9.9610252e-01
   2.0095000e+03   1.0004025e+00   9.9826857e-01   9.9613909e-01
   2.0095833e+03   1.0005007e+00   9.9832522e-01   9.9615444e-01
   2.0096667e+03   1.0005678e+00   9.9835112e-01   9.9613925e-01
   2.0097500e+03   1.0006458e+00   9.9838729e-01   9.9613379e-01
   2.0098333e+03   1.0007669e+00   9.9846539e-01   9.9616912e-01
   2.0099167e+03   1.0008228e+00   9.9847916e-01   9.9614098e-01
   2.0100000e+03   1.0007449e+00   9.9836139e-01   9.9598347e-01
   2.0100833e+03   1.0005724e+00   9.9815039e-01   9.9573422e-01
   2.0101667e+03   1.0004049e+00   9.9794407e-01   9.9548926e-01
   2.0102500e+03   1.0003056e+00   9.9780437e-01   9.9530931e-01
   2.0103333e+03   1.0003427e+00   9.9779809e-01   9.9525984e-01
   2.0104167e+03   1.0004619e+00   9.9787184e-01   9.9528844e-01
   2.0105000e+03   1.0005809e+00   9.9794513e-01   9.9531624e-01
   2.0105833e+03   1.0006776e+00   9.9799624e-01   9.9532196e-01
   2.0106667e+03   1.0007426e+00   9.9801593e-01   9.9529656e-01
   2.0107500e+03   1.0008187e+00   9.9804610e-01   9.9528108e-01
   2.0108333e+03   1.0009397e+00   9.9811995e-01   9.9530802e-01
   2.0109167e+03   1.0009978e+00   9.9813180e-01   9.9527393e-01
   2.0110000e+03   1.0009236e+00   9.9801386e-01   9.9511247e-01
   2.0110833e+03   1.0007554e+00   9.9780358e-01   9.9486036e-01
   2.0111667e+03   1.0005923e+00   9.9759794e-01   9.9461250e-01
   2.0112500e+03   1.0004968e+00   9.9745831e-01   9.9442892e-01
   2.0113333e+03   1.0005364e+00   9.9745048e-01   9.9437395e-01
   2.0114167e+03   1.0006559e+00   9.9752049e-01   9.9439475e-01
   2.0115000e+03   1.0007746e+00   9.9758928e-01   9.9441403e-01
   2.0115833e+03   1.0008699e+00   9.9763494e-01   9.9441035e-01
   2.0116667e+03   1.0009327e+00   9.9764851e-01   9.9437497e-01
   2.0117500e+03   1.0010068e+00   9.9767277e-01   9.9434972e-01
   2.0118333e+03   1.0011277e+00   9.9774245e-01   9.9436850e-01
   2.0119167e+03   1.0011879e+00   9.9775247e-01   9.9432867e-01
   2.0120000e+03   1.0011174e+00   9.9763443e-01   9.9416347e-01
   2.0120833e+03   1.0009535e+00   9.9742495e-01   9.9390869e-01
   2.0121667e+03   1.0007947e+00   9.9722008e-01   9.9365813e-01
   2.0122500e+03   1.0007031e+00   9.9708060e-01   9.9347112e-01
   2.0123333e+03   1.0007451e+00   9.9707130e-01   9.9341085e-01
   2.0124167e+03   1.0008650e+00   9.9713766e-01   9.9342410e-01
   2.0125000e+03   1.0009831e+00   9.9720203e-01   9.9343507e-01
   2.0125833e+03   1.0010770e+00   9.9724234e-01   9.9342224e-01
   2.0126667e+03   1.0011376e+00   9.9724988e-01   9.9337713e-01
   2.0127500e+03   1.0012097e+00   9.9726833e-01   9.9334234e-01
   2.0128333e+03   1.0013305e+00   9.9733393e-01   9.9335320e-01
   2.0129167e+03   1.0013928e+00   9.9734220e-01   9.9330785e-01
   2.0130000e+03   1.0013259e+00   9.9722415e-01   9.9313910e-01
   2.0130833e+03   1.0011663e+00   9.9701555e-01   9.9288185e-01
   2.0131667e+03   1.0010117e+00   9.9681152e-01   9.9262879e-01
   2.0132500e+03   1.0009239e+00   9.9667227e-01   9.9243855e-01
   2.0133333e+03   1.0009683e+00   9.9666158e-01   9.9237321e-01
   2.0134167e+03   1.0010885e+00   9.9672438e-01   9.9237912e-01
   2.0135000e+03   1.0012062e+00   9.9678443e-01   9.9238203e-01
   2.0135833e+03   1.0012985e+00   9.9681947e-01   9.9236027e-01
   2.0136667e+03   1.0013568e+00   9.9682107e-01   9.9230568e-01
   2.0137500e+03   1.0014269e+00   9.9683381e-01   9.9226160e-01
   2.0138333e+03   1.0015475e+00   9.9689542e-01   9.9226476e-01
   2.0139167e+03   1.0016119e+00   9.9690203e-01   9.9221411e-01
   2.0140000e+03   1.0015486e+00   9.9678405e-01   9.9204203e-01
   2.0140833e+03   1.0013933e+00   9.9657640e-01   9.9178250e-01
   2.0141667e+03   1.0012429e+00   9.9637329e-01   9.9152713e-01
   2.0142500e+03   1.0011589e+00   9.9623434e-01   9.9133386e-01
   2.0143333e+03   1.0012056e+00   9.9622235e-01   9.9126367e-01
   2.0144167e+03   1.0013261e+00   9.9628169e-01   9.9126248e-01
   2.0145000e+03   1.0014433e+00   9.9633750e-01   9.9125755e-01
   2.0145833e+03   1.0015341e+00   9.9636737e-01   9.9122712e-01
   2.0146667e+03   1.0015900e+00   9.9636313e-01   9.9116328e-01
   2.0147500e+03   1.0016580e+00   9.9637024e-01   9.9111016e-01
   2.0148333e+03   1.0017784e+00   9.9642796e-01   9.9110586e-01
   2.0149167e+03   1.0018449e+00   9.9643298e-01   9.9105012e-01
   2.0150000e+03   1.0017850e+00   9.9631516e-01   9.9087491e-01
   2.0150833e+03   1.0016340e+00   9.9610854e-01   9.9061330e-01
   2.0151667e+03   1.0014879e+00   9.9590642e-01   9.9035583e-01
   2.0152500e+03   1.0014075e+00   9.9576787e-01   9.9015974e-01
   2.0153333e+03   1.0014566e+00   9.9575466e-01   9.9008491e-01
   2.0154167e+03   1.0015773e+00   9.9581062e-01   9.9007685e-01
   2.0155000e+03   1.0016939e+00   9.9586229e-01   9.9006432e-01
   2.0155833e+03   1.0017831e+00   9.9588708e-01   9.9002546e-01
   2.0156667e+03   1.0018368e+00   9.9587709e-01   9.8995261e-01
   2.0157500e+03   1.0019026e+00   9.9587867e-01   9.8989069e-01
   2.0158333e+03   1.0020227e+00   9.9593258e-01   9.8987916e-01
   2.0159167e+03   1.0020912e+00   9.9593611e-01   9.8981857e-01
   2.0160000e+03   1.0020349e+00   9.9581852e-01   9.8964043e-01
   2.0160833e+03   1.0018881e+00   9.9561300e-01   9.8937695e-01
   2.0161667e+03   1.0017461e+00   9.9541197e-01   9.8911756e-01
   2.0162500e+03   1.0016695e+00   9.9527388e-01   9.8891886e-01
   2.0163333e+03   1.0017209e+00   9.9525954e-01   9.8883961e-01
   2.0164167e+03   1.0018418e+00   9.9531222e-01   9.8882491e-01
   2.0165000e+03   1.0019578e+00   9.9535983e-01   9.8880503e-01
   2.0165833e+03   1.0020453e+00   9.9537963e-01   9.8875797e-01
   2.0166667e+03   1.0020965e+00   9.9536399e-01   9.8867636e-01
   2.0167500e+03   1.0021602e+00   9.9536013e-01   9.8860588e-01
   2.0168333e+03   1.0022801e+00   9.9541033e-01   9.8858736e-01
   2.0169167e+03   1.0023505e+00   9.9541246e-01   9.8852213e-01
   2.0170000e+03   1.0022977e+00   9.9529518e-01   9.8834127e-01
   2.0170833e+03   1.0021551e+00   9.9509085e-01   9.8807611e-01
   2.0171667e+03   1.0020173e+00   9.9489097e-01   9.8781502e-01
   2.0172500e+03   1.0019442e+00   9.9475344e-01   9.8761391e-01
   2.0173333e+03   1.0019979e+00   9.9473804e-01   9.8753046e-01
   2.0174167e+03   1.0021190e+00   9.9478752e-01   9.8750935e-01
   2.0175000e+03   1.0022343e+00   9.9483118e-01   9.8748234e-01
   2.0175833e+03   1.0023202e+00   9.9484609e-01   9.8742733e-01
   2.0176667e+03   1.0023690e+00   9.9482488e-01   9.8733722e-01
   2.0177500e+03   1.0024304e+00   9.9481568e-01   9.8725843e-01
   2.0178333e+03   1.0025499e+00   9.9486225e-01   9.8723315e-01
   2.0179167e+03   1.0026223e+00   9.9486307e-01   9.8716350e-01
   2.0180000e+03   1.0025729e+00   9.9474618e-01   9.8698013e-01
   2.0180833e+03   1.0024345e+00   9.9454312e-01   9.8671350e-01
   2.0181667e+03   1.0023008e+00   9.9434447e-01   9.8645090e-01
   2.0182500e+03   1.0022314e+00   9.9420757e-01   9.8624759e-01
   2.0183333e+03   1.0022873e+00   9.9419122e-01   9.8616015e-01
   2.0184167e+03   1.0024085e+00   9.9423759e-01   9.8613287e-01
   2.0185000e+03   1.0025232e+00   9.9427738e-01   9.8609898e-01
   2.0185833e+03   1.0026073e+00   9.9428749e-01   9.8603626e-01
   2.0186667e+03   1.0026536e+00   9.9426082e-01   9.8593788e-01
   2.0187500e+03   1.0027128e+00   9.9424636e-01   9.8585102e-01
   2.0188333e+03   1.0028319e+00   9.9428941e-01   9.8581923e-01
   2.0189167e+03   1.0029062e+00   9.9428899e-01   9.8574537e-01
   2.0190000e+03   1.0028603e+00   9.9417258e-01   9.8555971e-01
   2.0190833e+03   1.0027259e+00   9.9397086e-01   9.8529180e-01
   2.0191667e+03   1.0025963e+00   9.9377353e-01   9.8502790e-01
   2.0192500e+03   1.0025305e+00   9.9363734e-01   9.8482258e-01
   2.0193333e+03   1.0025886e+00   9.9362011e-01   9.8473138e-01
   2.0194167e+03   1.0027099e+00   9.9366348e-01   9.8469817e-01
   2.0195000e+03   1.0028239e+00   9.9369949e-01   9.8465763e-01
   2.0195833e+03   1.0029063e+00   9.9370489e-01   9.8458745e-01
   2.0196667e+03   1.0029500e+00   9.9367284e-01   9.8448105e-01
   2.0197500e+03   1.0030068e+00   9.9365323e-01   9.8438636e-01
   2.0198333e+03   1.0031256e+00   9.9369283e-01   9.8434829e-01
   2.0199167e+03   1.0032018e+00   9.9369128e-01   9.8427046e-01
   2.0200000e+03   1.0031592e+00   9.9357542e-01   9.8408270e-01
   2.0200833e+03   1.0030290e+00   9.9337513e-01   9.8381372e-01
   2.0201667e+03   1.0029034e+00   9.9317919e-01   9.8354871e-01
   2.0202500e+03   1.0028412e+00   9.9304380e-01   9.8334161e-01
   2.0203333e+03   1.0029014e+00   9.9302578e-01   9.8324686e-01
   2.0204167e+03   1.0030228e+00   9.9306622e-01   9.8320794e-01
   2.0205000e+03   1.0031360e+00   9.9309855e-01   9.8316100e-01
   2.0205833e+03   1.0032166e+00   9.9309934e-01   9.8308359e-01
   2.0206667e+03   1.0032577e+00   9.9306201e-01   9.8296942e-01
   2.0207500e+03   1.0033122e+00   9.9303733e-01   9.8286715e-01
   2.0208333e+03   1.0034305e+00   9.9307359e-01   9.8282304e-01
   2.0209167e+03   1.0035085e+00   9.9307098e-01   9.8274145e-01
   2.0210000e+03   1.0034693e+00   9.9295576e-01   9.8255181e-01
   2.0210833e+03   1.0033431e+00   9.9275698e-01   9.8228195e-01
   2.0211667e+03   1.0032216e+00   9.9256250e-01   9.8201604e-01
   2.0212500e+03   1.0031629e+00   9.9242800e-01   9.8180736e-01
   2.0213333e+03   1.0032253e+00   9.9240928e-01   9.8170929e-01
   2.0214167e+03   1.0033467e+00   9.9244689e-01   9.8166490e-01
   2.0215000e+03   1.0034591e+00   9.9247562e-01   9.8161179e-01
   2.0215833e+03   1.0035378e+00   9.9247189e-01   9.8152740e-01
   2.0216667e+03   1.0035762e+00   9.9242937e-01   9.8140570e-01
   2.0217500e+03   1.0036284e+00   9.9239972e-01   9.8129609e-01
   2.0218333e+03   1.0037462e+00   9.9243273e-01   9.8124617e-01
   2.0219167e+03   1.0038260e+00   9.9242915e-01   9.8116106e-01
   2.0220000e+03   1.0037901e+00   9.9231466e-01   9.8096974e-01
   2.0220833e+03   1.0036680e+00   9.9211746e-01   9.8069921e-01
   2.0221667e+03   1.0035505e+00   9.9192454e-01   9.8043260e-01
   2.0222500e+03   1.0034953e+00   9.9179099e-01   9.8022253e-01
   2.0223333e+03   1.0035597e+00   9.9177165e-01   9.8012136e-01
   2.0224167e+03   1.0036811e+00   9.9180652e-01   9.8007174e-01
   2.0225000e+03   1.0037927e+00   9.9183176e-01   9.8001270e-01
   2.0225833e+03   1.0038695e+00   9.9182361e-01   9.7992157e-01
   2.0226667e+03   1.0039052e+00   9.9177599e-01   9.7979258e-01
   2.0227500e+03   1.0039549e+00   9.9174146e-01   9.7967588e-01
   2.0228333e+03   1.0040722e+00   9.9177131e-01   9.7962040e-01
   2.0229167e+03   1.0041538e+00   9.9176685e-01   9.7953197e-01
   2.0230000e+03   1.0041212e+00   9.9165316e-01   9.7933919e-01
   2.0230833e+03   1.0040031e+00   9.9145763e-01   9.7906819e-01
   2.0231667e+03   1.0038896e+00   9.9126634e-01   9.7880107e-01
   2.0232500e+03   1.0038378e+00   9.9113383e-01   9.7858984e-01
   2.0233333e+03   1.0039044e+00   9.9111397e-01   9.7848578e-01
   2.0234167e+03   1.0040257e+00   9.9114619e-01   9.7843116e-01
   2.0235000e+03   1.0041363e+00   9.9116802e-01   9.7836643e-01
   2.0235833e+03   1.0042112e+00   9.9115553e-01   9.7826880e-01
   2.0236667e+03   1.0042442e+00   9.9110292e-01   9.7813277e-01
   2.0237500e+03   1.0042914e+00   9.9106360e-01   9.7800922e-01
   2.0238333e+03   1.0044081e+00   9.9109038e-01   9.7794840e-01
   2.0239167e+03   1.0044915e+00   9.9108513e-01   9.7785690e-01
   2.0240000e+03   1.0044622e+00   9.9097233e-01   9.7766285e-01
   2.0240833e+03   1.0043480e+00   9.9077854e-01   9.7739158e-01
   2.0241667e+03   1.0042385e+00   9.9058896e-01   9.7712416e-01
   2.0242500e+03   1.0041902e+00   9.9045758e-01   9.7691196e-01
   2.0243333e+03   1.0042587e+00   9.9043728e-01   9.7680524e-01
   2.0244167e+03   1.0043799e+00   9.9046695e-01   9.7674585e-01
   2.0245000e+03   1.0044896e+00   9.9048546e-01   9.7667567e-01
   2.0245833e+03   1.0045625e+00   9.9046873e-01   9.7657178e-01
   2.0246667e+03   1.0045928e+00   9.9041121e-01   9.7642895e-01
   2.0247500e+03   1.0046374e+00   9.9036720e-01   9.7629879e-01
   2.0248333e+03   1.0047535e+00   9.9039100e-01   9.7623288e-01
   2.0249167e+03   1.0048386e+00   9.9038505e-01   9.7613851e-01
   2.0250000e+03   1.0048125e+00   9.9027323e-01   9.7594342e-01
   2.0250833e+03   1.0047023e+00   9.9008122e-01   9.7567203e-01
   2.0251667e+03   1.0045965e+00   9.8989335e-01   9.7540445e-01
   2.0252500e+03   1.0045515e+00   9.8976308e-01   9.7519141e-01
   2.0253333e+03   1.0046220e+00   9.8974237e-01   9.7508222e-01
   2.0254167e+03   1.0047431e+00   9.8976962e-01   9.7501838e-01
   2.0255000e+03   1.0048519e+00   9.8978503e-01   9.7494314e-01
   2.0255833e+03   1.0049229e+00   9.8976437e-01   9.7483351e-01
   2.0256667e+03   1.0049506e+00   9.8970236e-01   9.7468451e-01
   2.0257500e+03   1.0049929e+00   9.8965411e-01   9.7454843e-01
   2.0258333e+03   1.0051085e+00   9.8967523e-01   9.7447799e-01
   2.0259167e+03   1.0051950e+00   9.8966863e-01   9.7438111e-01
   2.0260000e+03   1.0051717e+00   9.8955763e-01   9.7418514e-01
   2.0260833e+03   1.0050648e+00   9.8936722e-01   9.7391379e-01
   2.0261667e+03   1.0049624e+00   9.8918095e-01   9.7364628e-01
   2.0262500e+03   1.0049204e+00   9.8905179e-01   9.7343279e-01
   2.0263333e+03   1.0049925e+00   9.8903087e-01   9.7332173e-01
   2.0264167e+03   1.0051135e+00   9.8905612e-01   9.7325427e-01
   2.0265000e+03   1.0052214e+00   9.8906890e-01   9.7317489e-01
   2.0265833e+03   1.0052907e+00   9.8904484e-01   9.7306049e-01
   2.0266667e+03   1.0053159e+00   9.8897888e-01   9.7290632e-01
   2.0267500e+03   1.0053559e+00   9.8892690e-01   9.7276529e-01
   2.0268333e+03   1.0054709e+00   9.8894581e-01   9.7269125e-01
   2.0269167e+03   1.0055588e+00   9.8893898e-01   9.7259275e-01
   2.0270000e+03   1.0055383e+00   9.8882923e-01   9.7239676e-01
   2.0270833e+03   1.0054348e+00   9.8864082e-01   9.7212628e-01
   2.0271667e+03   1.0053357e+00   9.8845656e-01   9.7185967e-01
   2.0272500e+03   1.0052966e+00   9.8832893e-01   9.7164658e-01
   2.0273333e+03   1.0053704e+00   9.8830824e-01   9.7153454e-01
   2.0274167e+03   1.0054912e+00   9.8833192e-01   9.7146439e-01
   2.0275000e+03   1.0055982e+00   9.8834252e-01   9.7138178e-01
   2.0275833e+03   1.0056657e+00   9.8831550e-01   9.7126353e-01
   2.0276667e+03   1.0056883e+00   9.8824603e-01   9.7110508e-01
   2.0277500e+03   1.0057261e+00   9.8819076e-01   9.7096000e-01
   2.0278333e+03   1.0058404e+00   9.8820789e-01   9.7088328e-01
   2.0279167e+03   1.0059298e+00   9.8820128e-01   9.7078405e-01
   2.0280000e+03   1.0059119e+00   9.8809320e-01   9.7058891e-01
   2.0280833e+03   1.0058118e+00   9.8790720e-01   9.7032013e-01
   2.0281667e+03   1.0057161e+00   9.8772535e-01   9.7005524e-01
   2.0282500e+03   1.0056798e+00   9.8759967e-01   9.6984339e-01
   2.0283333e+03   1.0057552e+00   9.8757965e-01   9.6973129e-01
   2.0284167e+03   1.0058758e+00   9.8760222e-01   9.6965935e-01
   2.0285000e+03   1.0059820e+00   9.8761108e-01   9.6957443e-01
   2.0285833e+03   1.0060475e+00   9.8758154e-01   9.6945322e-01
   2.0286667e+03   1.0060677e+00   9.8750898e-01   9.6929138e-01
   2.0287500e+03   1.0061031e+00   9.8745084e-01   9.6914313e-01
   2.0288333e+03   1.0062168e+00   9.8746666e-01   9.6906464e-01
   2.0289167e+03   1.0063075e+00   9.8746070e-01   9.6896559e-01
   2.0290000e+03   1.0062924e+00   9.8735471e-01   9.6877214e-01
   2.0290833e+03   1.0061956e+00   9.8717152e-01   9.6850588e-01
   2.0291667e+03   1.0061031e+00   9.8699249e-01   9.6824354e-01
   2.0292500e+03   1.0060697e+00   9.8686918e-01   9.6803379e-01
   2.0293333e+03   1.0061468e+00   9.8685026e-01   9.6792249e-01
   2.0294167e+03   1.0062671e+00   9.8687216e-01   9.6784969e-01
   2.0295000e+03   1.0063723e+00   9.8687973e-01   9.6776336e-01
   2.0295833e+03   1.0064360e+00   9.8684810e-01   9.6764008e-01
   2.0296667e+03   1.0064535e+00   9.8677289e-01   9.6747572e-01
   2.0297500e+03   1.0064866e+00   9.8671232e-01   9.6732520e-01
   2.0298333e+03   1.0065996e+00   9.8672725e-01   9.6724584e-01
   2.0299167e+03   1.0066917e+00   9.8672239e-01   9.6714785e-01
   2.0300000e+03   1.0066792e+00   9.8661891e-01   9.6695695e-01
   2.0300833e+03   1.0065857e+00   9.8643890e-01   9.6669398e-01
   2.0301667e+03   1.0064964e+00   9.8626299e-01   9.6643491e-01
   2.0302500e+03   1.0064657e+00   9.8614234e-01   9.6622796e-01
   2.0303333e+03   1.0065443e+00   9.8612484e-01   9.6611820e-01
   2.0304167e+03   1.0066644e+00   9.8614649e-01   9.6604536e-01
   2.0305000e+03   1.0067687e+00   9.8615322e-01   9.6595847e-01
   2.0305833e+03   1.0068306e+00   9.8612005e-01   9.6583402e-01
   2.0306667e+03   1.0068459e+00   9.8604280e-01   9.6566809e-01
   2.0307500e+03   1.0068768e+00   9.8598040e-01   9.6551618e-01
   2.0308333e+03   1.0069893e+00   9.8599483e-01   9.6543663e-01
   2.0309167e+03   1.0070824e+00   9.8599111e-01   9.6534001e-01
   2.0310000e+03   1.0070722e+00   9.8588989e-01   9.6515164e-01
   2.0310833e+03   1.0069813e+00   9.8571270e-01   9.6489180e-01
   2.0311667e+03   1.0068947e+00   9.8553959e-01   9.6463585e-01
   2.0312500e+03   1.0068663e+00   9.8542134e-01   9.6443158e-01
   2.0313333e+03   1.0069462e+00   9.8540518e-01   9.6432342e-01
   2.0314167e+03   1.0070661e+00   9.8542669e-01   9.6425072e-01
   2.0315000e+03   1.0071696e+00   9.8543273e-01   9.6416348e-01
   2.0315833e+03   1.0072299e+00   9.8539819e-01   9.6403809e-01
   2.0316667e+03   1.0072430e+00   9.8531906e-01   9.6387079e-01
   2.0317500e+03   1.0072719e+00   9.8525495e-01   9.6371765e-01
   2.0318333e+03   1.0073838e+00   9.8526891e-01   9.6363796e-01
   2.0319167e+03   1.0074780e+00   9.8526632e-01   9.6354273e-01
   2.0320000e+03   1.0074699e+00   9.8516737e-01   9.6335691e-01
   2.0320833e+03   1.0073818e+00   9.8499301e-01   9.6310024e-01
   2.0321667e+03   1.0072978e+00   9.8482270e-01   9.6284743e-01
   2.0322500e+03   1.0072717e+00   9.8470687e-01   9.6264588e-01
   2.0323333e+03   1.0073529e+00   9.8469206e-01   9.6253933e-01
   2.0324167e+03   1.0074726e+00   9.8471344e-01   9.6246682e-01
   2.0325000e+03   1.0075752e+00   9.8471880e-01   9.6237927e-01
   2.0325833e+03   1.0076339e+00   9.8468289e-01   9.6225297e-01
   2.0326667e+03   1.0076447e+00   9.8460190e-01   9.6208434e-01
   2.0327500e+03   1.0076717e+00   9.8453608e-01   9.6193000e-01
   2.0328333e+03   1.0077829e+00   9.8454959e-01   9.6185022e-01
   2.0329167e+03   1.0078782e+00   9.8454813e-01   9.6175641e-01
   2.0330000e+03   1.0078723e+00   9.8445145e-01   9.6157318e-01
   2.0330833e+03   1.0077868e+00   9.8427994e-01   9.6131970e-01
   2.0331667e+03   1.0077055e+00   9.8411244e-01   9.6107005e-01
   2.0332500e+03   1.0076817e+00   9.8399902e-01   9.6087124e-01
   2.0333333e+03   1.0077641e+00   9.8398557e-01   9.6076634e-01
   2.0334167e+03   1.0078835e+00   9.8400683e-01   9.6069406e-01
   2.0335000e+03   1.0079852e+00   9.8401152e-01   9.6060624e-01
   2.0335833e+03   1.0080423e+00   9.8397425e-01   9.6047907e-01
   2.0336667e+03   1.0080509e+00   9.8389140e-01   9.6030914e-01
   2.0337500e+03   1.0080758e+00   9.8382389e-01   9.6015364e-01
   2.0338333e+03   1.0081864e+00   9.8383694e-01   9.6007380e-01
   2.0339167e+03   1.0082828e+00   9.8383664e-01   9.5998145e-01
   2.0340000e+03   1.0082790e+00   9.8374225e-01   9.5980083e-01
   2.0340833e+03   1.0081961e+00   9.8357357e-01   9.5955057e-01
   2.0341667e+03   1.0081175e+00   9.8340889e-01   9.5930411e-01
   2.0342500e+03   1.0080959e+00   9.8329790e-01   9.5910807e-01
   2.0343333e+03   1.0081796e+00   9.8328582e-01   9.5900485e-01
   2.0344167e+03   1.0082987e+00   9.8330696e-01   9.5893283e-01
   2.0345000e+03   1.0083996e+00   9.8331099e-01   9.5884478e-01
   2.0345833e+03   1.0084550e+00   9.8327237e-01   9.5871677e-01
   2.0346667e+03   1.0084613e+00   9.8318768e-01   9.5854558e-01
   2.0347500e+03   1.0084841e+00   9.8311847e-01   9.5838896e-01
   2.0348333e+03   1.0085940e+00   9.8313109e-01   9.5830910e-01
   2.0349167e+03   1.0086914e+00   9.8313194e-01   9.5821823e-01
   2.0350000e+03   1.0086898e+00   9.8303984e-01   9.5804026e-01
   2.0350833e+03   1.0086096e+00   9.8287402e-01   9.5779324e-01
   2.0351667e+03   1.0085335e+00   9.8271216e-01   9.5754999e-01
   2.0352500e+03   1.0085142e+00   9.8260361e-01   9.5735675e-01
   2.0353333e+03   1.0085992e+00   9.8259291e-01   9.5725525e-01
   2.0354167e+03   1.0087180e+00   9.8261394e-01   9.5718352e-01
   2.0355000e+03   1.0088179e+00   9.8261731e-01   9.5709527e-01
   2.0355833e+03   1.0088716e+00   9.8257736e-01   9.5696647e-01
   2.0356667e+03   1.0088757e+00   9.8249082e-01   9.5679406e-01
   2.0357500e+03   1.0088964e+00   9.8241993e-01   9.5663635e-01
   2.0358333e+03   1.0090056e+00   9.8243212e-01   9.5655650e-01
   2.0359167e+03   1.0091040e+00   9.8243414e-01   9.5646716e-01
   2.0360000e+03   1.0091045e+00   9.8234434e-01   9.5629186e-01
   2.0360833e+03   1.0090269e+00   9.8218137e-01   9.5604810e-01
   2.0361667e+03   1.0089535e+00   9.8202235e-01   9.5580809e-01
   2.0362500e+03   1.0089364e+00   9.8191624e-01   9.5561768e-01
   2.0363333e+03   1.0090226e+00   9.8190692e-01   9.5551793e-01
   2.0364167e+03   1.0091410e+00   9.8192786e-01   9.5544653e-01
   2.0365000e+03   1.0092400e+00   9.8193058e-01   9.5535812e-01
   2.0365833e+03   1.0092920e+00   9.8188930e-01   9.5522855e-01
   2.0366667e+03   1.0092937e+00   9.8180093e-01   9.5505496e-01
   2.0367500e+03   1.0093123e+00   9.8172836e-01   9.5489620e-01
   2.0368333e+03   1.0094209e+00   9.8174013e-01   9.5481640e-01
   2.0369167e+03   1.0095203e+00   9.8174333e-01   9.5472861e-01
   2.0370000e+03   1.0095228e+00   9.8165583e-01   9.5455601e-01
   2.0370833e+03   1.0094478e+00   9.8149573e-01   9.5431554e-01
   2.0371667e+03   1.0093770e+00   9.8133955e-01   9.5407880e-01
   2.0372500e+03   1.0093622e+00   9.8123588e-01   9.5389124e-01
   2.0373333e+03   1.0094496e+00   9.8122797e-01   9.5379327e-01
   2.0374167e+03   1.0095676e+00   9.8124882e-01   9.5372224e-01
   2.0375000e+03   1.0096656e+00   9.8125090e-01   9.5363370e-01
   2.0375833e+03   1.0097159e+00   9.8120830e-01   9.5350341e-01
   2.0376667e+03   1.0097153e+00   9.8111810e-01   9.5332866e-01
   2.0377500e+03   1.0097318e+00   9.8104386e-01   9.5316889e-01
   2.0378333e+03   1.0098396e+00   9.8105522e-01   9.5308917e-01
   2.0379167e+03   1.0099399e+00   9.8105960e-01   9.5300297e-01
   2.0380000e+03   1.0099446e+00   9.8097442e-01   9.5283310e-01
   2.0380833e+03   1.0098722e+00   9.8081719e-01   9.5259594e-01
   2.0381667e+03   1.0098039e+00   9.8066385e-01   9.5236249e-01
   2.0382500e+03   1.0097913e+00   9.8056265e-01   9.5217782e-01
   2.0383333e+03   1.0098799e+00   9.8055614e-01   9.5208166e-01
   2.0384167e+03   1.0099976e+00   9.8057691e-01   9.5201104e-01
   2.0385000e+03   1.0100946e+00   9.8057837e-01   9.5192240e-01
   2.0385833e+03   1.0101431e+00   9.8053445e-01   9.5179142e-01
   2.0386667e+03   1.0101402e+00   9.8044243e-01   9.5161556e-01
   2.0387500e+03   1.0101544e+00   9.8036653e-01   9.5145480e-01
   2.0388333e+03   1.0102615e+00   9.8037748e-01   9.5137520e-01
   2.0389167e+03   1.0103628e+00   9.8038307e-01   9.5129062e-01
   2.0390000e+03   1.0103695e+00   9.8030021e-01   9.5112351e-01
   2.0390833e+03   1.0102997e+00   9.8014585e-01   9.5088969e-01
   2.0391667e+03   1.0102340e+00   9.7999537e-01   9.5065956e-01
   2.0392500e+03   1.0102236e+00   9.7989663e-01   9.5047779e-01
   2.0393333e+03   1.0103133e+00   9.7989154e-01   9.5038348e-01
   2.0394167e+03   1.0104306e+00   9.7991224e-01   9.5031329e-01
   2.0395000e+03   1.0105267e+00   9.7991308e-01   9.5022460e-01
   2.0395833e+03   1.0105734e+00   9.7986785e-01   9.5009296e-01
   2.0396667e+03   1.0105681e+00   9.7977402e-01   9.4991602e-01
   2.0397500e+03   1.0105801e+00   9.7969647e-01   9.4975431e-01
   2.0398333e+03   1.0106864e+00   9.7970702e-01   9.4967486e-01
   2.0399167e+03   1.0107887e+00   9.7971381e-01   9.4959194e-01
   2.0400000e+03   1.0107974e+00   9.7963328e-01   9.4942761e-01
   2.0400833e+03   1.0107302e+00   9.7948181e-01   9.4919716e-01
   2.0401667e+03   1.0106670e+00   9.7933419e-01   9.4897037e-01
   2.0402500e+03   1.0106588e+00   9.7923793e-01   9.4879153e-01
   2.0403333e+03   1.0107497e+00   9.7923426e-01   9.4869910e-01
   2.0404167e+03   1.0108666e+00   9.7925490e-01   9.4862939e-01
   2.0405000e+03   1.0109616e+00   9.7925513e-01   9.4854067e-01
   2.0405833e+03   1.0110065e+00   9.7920860e-01   9.4840841e-01
   2.0406667e+03   1.0109987e+00   9.7911296e-01   9.4823042e-01
   2.0407500e+03   1.0110085e+00   9.7903376e-01   9.4806780e-01
   2.0408333e+03   1.0111141e+00   9.7904393e-01   9.4798854e-01
   2.0409167e+03   1.0112172e+00   9.7905193e-01   9.4790731e-01
   2.0410000e+03   1.0112280e+00   9.7897374e-01   9.4774579e-01
   2.0410833e+03   1.0111634e+00   9.7882517e-01   9.4751873e-01
   2.0411667e+03   1.0111027e+00   9.7868041e-01   9.4729530e-01
   2.0412500e+03   1.0110967e+00   9.7858663e-01   9.4711943e-01
   2.0413333e+03   1.0111887e+00   9.7858439e-01   9.4702890e-01
   2.0414167e+03   1.0113051e+00   9.7860499e-01   9.4695970e-01
   2.0415000e+03   1.0113991e+00   9.7860461e-01   9.4687100e-01
   2.0415833e+03   1.0114421e+00   9.7855679e-01   9.4673815e-01
   2.0416667e+03   1.0114320e+00   9.7845935e-01   9.4655913e-01
   2.0417500e+03   1.0114395e+00   9.7837851e-01   9.4639564e-01
   2.0418333e+03   1.0115442e+00   9.7838830e-01   9.4631660e-01
   2.0419167e+03   1.0116483e+00   9.7839752e-01   9.4623709e-01
   2.0420000e+03   1.0116611e+00   9.7832168e-01   9.4607841e-01
   2.0420833e+03   1.0115990e+00   9.7817601e-01   9.4585476e-01
   2.0421667e+03   1.0115409e+00   9.7803413e-01   9.4563472e-01
   2.0422500e+03   1.0115370e+00   9.7794284e-01   9.4546184e-01
   2.0423333e+03   1.0116301e+00   9.7794204e-01   9.4537326e-01
   2.0424167e+03   1.0117461e+00   9.7796260e-01   9.4530460e-01
   2.0425000e+03   1.0118390e+00   9.7796162e-01   9.4521594e-01
   2.0425833e+03   1.0118802e+00   9.7791252e-01   9.4508254e-01
   2.0426667e+03   7.0830726e-01   6.8446930e-01   6.6143178e-01
   2.0427500e+03   7.0831096e-01   6.8441156e-01   6.6131674e-01
   2.0428333e+03   7.0838368e-01   6.8441816e-01   6.6126159e-01
   2.0429167e+03   7.0845715e-01   6.8442548e-01   6.6120716e-01
   2.0430000e+03   7.0846752e-01   6.8437404e-01   6.6109809e-01
   2.0430833e+03   7.0842580e-01   6.8427410e-01   6.6094394e-01
   2.0431667e+03   7.0838686e-01   6.8417681e-01   6.6079231e-01
   2.0432500e+03   7.0838562e-01   6.8411465e-01   6.6067340e-01
   2.0433333e+03   7.0845158e-01   6.8411511e-01   6.6061277e-01
   2.0434167e+03   7.0853244e-01   6.8412947e-01   6.6056511e-01
   2.0435000e+03   7.0859669e-01   6.8412838e-01   6.6050311e-01
   2.0435833e+03   7.0862420e-01   6.8409311e-01   6.6040936e-01
   2.0436667e+03   7.0861361e-01   6.8402240e-01   6.6028270e-01
   2.0437500e+03   7.0861570e-01   6.8396352e-01   6.6016708e-01
   2.0438333e+03   7.0868782e-01   6.8396987e-01   6.6011215e-01
   2.0439167e+03   7.0876189e-01   6.8397806e-01   6.6005896e-01
   2.0440000e+03   7.0877366e-01   6.8392827e-01   6.5995192e-01
   2.0440833e+03   7.0873369e-01   6.8383038e-01   6.5980020e-01
   2.0441667e+03   7.0869650e-01   6.8373510e-01   6.5965097e-01
   2.0442500e+03   7.0869675e-01   6.8367470e-01   6.5953420e-01
   2.0443333e+03   7.0876346e-01   6.8367618e-01   6.5947497e-01
   2.0444167e+03   7.0884397e-01   6.8369053e-01   6.5942773e-01
   2.0445000e+03   7.0890743e-01   6.8368904e-01   6.5936581e-01
   2.0445833e+03   7.0893361e-01   6.8365287e-01   6.5927172e-01
   2.0446667e+03   7.0892126e-01   6.8358091e-01   6.5914441e-01
   2.0447500e+03   7.0892172e-01   6.8352090e-01   6.5902825e-01
   2.0448333e+03   7.0899322e-01   6.8352700e-01   6.5897354e-01
   2.0449167e+03   7.0906789e-01   6.8353606e-01   6.5892162e-01
   2.0450000e+03   7.0908104e-01   6.8348794e-01   6.5881663e-01
   2.0450833e+03   7.0904282e-01   6.8339209e-01   6.5866735e-01
   2.0451667e+03   7.0900736e-01   6.8329884e-01   6.5852054e-01
   2.0452500e+03   7.0900908e-01   6.8324020e-01   6.5840592e-01
   2.0453333e+03   7.0907653e-01   6.8324271e-01   6.5834812e-01
   2.0454167e+03   7.0915668e-01   6.8325705e-01   6.5830133e-01
   2.0455000e+03   7.0921934e-01   6.8325516e-01   6.5823952e-01
   2.0455833e+03   7.0924416e-01   6.8321811e-01   6.5814510e-01
   2.0456667e+03   7.0923003e-01   6.8314490e-01   6.5801717e-01
   2.0457500e+03   7.0922884e-01   6.8308376e-01   6.5790048e-01
   2.0458333e+03   7.0929971e-01   6.8308962e-01   6.5784602e-01
   2.0459167e+03   7.0937496e-01   6.8309956e-01   6.5779539e-01
   2.0460000e+03   7.0938948e-01   6.8305311e-01   6.5769247e-01
   2.0460833e+03   7.0935300e-01   6.8295931e-01   6.5754565e-01
   2.0461667e+03   7.0931926e-01   6.8286810e-01   6.5740129e-01
   2.0462500e+03   7.0932244e-01   6.8281122e-01   6.5728884e-01
   2.0463333e+03   7.0939063e-01   6.8281477e-01   6.5723248e-01
   2.0464167e+03   7.0947040e-01   6.8282910e-01   6.5718617e-01
   2.0465000e+03   7.0953224e-01   6.8282681e-01   6.5712447e-01
   2.0465833e+03   7.0955568e-01   6.8278889e-01   6.5702976e-01
   2.0466667e+03   7.0953976e-01   6.8271444e-01   6.5690123e-01
   2.0467500e+03   7.0953691e-01   6.8265217e-01   6.5678403e-01
   2.0468333e+03   7.0960714e-01   6.8265779e-01   6.5672985e-01
   2.0469167e+03   7.0968295e-01   6.8266863e-01   6.5668053e-01
   2.0470000e+03   7.0969883e-01   6.8262385e-01   6.5657969e-01
   2.0470833e+03   7.0966407e-01   6.8253210e-01   6.5643535e-01
   2.0471667e+03   7.0963205e-01   6.8244293e-01   6.5629345e-01
   2.0472500e+03   7.0963668e-01   6.8238783e-01   6.5618319e-01
   2.0473333e+03   7.0970558e-01   6.8239241e-01   6.5612829e-01
   2.0474167e+03   7.0978496e-01   6.8240675e-01   6.5608248e-01
   2.0475000e+03   7.0984597e-01   6.8240407e-01   6.5602093e-01
   2.0475833e+03   7.0986802e-01   6.8236527e-01   6.5592595e-01
   2.0476667e+03   7.0985029e-01   6.8228958e-01   6.5579683e-01
   2.0477500e+03   7.0984575e-01   6.8222619e-01   6.5567916e-01
   2.0478333e+03   7.0991532e-01   6.8223158e-01   6.5562526e-01
   2.0479167e+03   7.0999168e-01   6.8224331e-01   6.5557729e-01
   2.0480000e+03   7.1000891e-01   6.8220021e-01   6.5547855e-01
   2.0480833e+03   7.0997587e-01   6.8211053e-01   6.5533670e-01
   2.0481667e+03   7.0994555e-01   6.8202340e-01   6.5519728e-01
   2.0482500e+03   7.0995162e-01   6.8197008e-01   6.5508922e-01
   2.0483333e+03   7.1002123e-01   6.8197571e-01   6.5503582e-01
   2.0484167e+03   7.1010019e-01   6.8199005e-01   6.5499052e-01
   2.0485000e+03   7.1016036e-01   6.8198699e-01   6.5492915e-01
   2.0485833e+03   7.1018100e-01   6.8194732e-01   6.5483391e-01
   2.0486667e+03   7.1016143e-01   6.8187040e-01   6.5470423e-01
   2.0487500e+03   7.1015519e-01   6.8180588e-01   6.5458609e-01
   2.0488333e+03   7.1022408e-01   6.8181105e-01   6.5453252e-01
   2.0489167e+03   7.1030099e-01   6.8182369e-01   6.5448590e-01
   2.0490000e+03   7.1031956e-01   6.8178227e-01   6.5438929e-01
   2.0490833e+03   7.1028823e-01   6.8169465e-01   6.5424995e-01
   2.0491667e+03   7.1025959e-01   6.8160958e-01   6.5411302e-01
   2.0492500e+03   7.1026710e-01   6.8155804e-01   6.5400719e-01
   2.0493333e+03   7.1033740e-01   6.8156473e-01   6.5395530e-01
   2.0494167e+03   7.1041594e-01   6.8157908e-01   6.5391054e-01
   2.0495000e+03   7.1047524e-01   6.8157565e-01   6.5384936e-01
   2.0495833e+03   7.1049445e-01   6.8153510e-01   6.5375389e-01
   2.0496667e+03   7.1047303e-01   6.8145695e-01   6.5362367e-01
   2.0497500e+03   7.1046508e-01   6.8139132e-01   6.5350509e-01
   2.0498333e+03   7.1053327e-01   6.8139627e-01   6.5345186e-01
   2.0499167e+03   7.1061071e-01   6.8140982e-01   6.5340662e-01
   2.0500000e+03   7.1063060e-01   6.8137009e-01   6.5331215e-01
   2.0500833e+03   7.1060089e-01   6.8128447e-01   6.5317527e-01
   2.0501667e+03   7.1057377e-01   6.8120130e-01   6.5304072e-01
   2.0502500e+03   7.1058249e-01   6.8115136e-01   6.5293695e-01
   2.0503333e+03   7.1065335e-01   6.8115900e-01   6.5288648e-01
   2.0504167e+03   7.1073156e-01   6.8117347e-01   6.5284238e-01
   2.0505000e+03   7.1079024e-01   6.8116990e-01   6.5278163e-01
   2.0505833e+03   7.1080850e-01   6.8112893e-01   6.5268634e-01
   2.0506667e+03   7.1078592e-01   6.8105021e-01   6.5255619e-01
   2.0507500e+03   7.1077697e-01   6.8098414e-01   6.5243780e-01
   2.0508333e+03   7.1084482e-01   6.8098919e-01   6.5238521e-01
   2.0509167e+03   7.1092252e-01   6.8100339e-01   6.5234111e-01
   2.0510000e+03   7.1094297e-01   6.8096465e-01   6.5224812e-01
   2.0510833e+03   7.1091398e-01   6.8088019e-01   6.5211291e-01
   2.0511667e+03   7.1088757e-01   6.8079816e-01   6.5198001e-01
   2.0512500e+03   7.1089691e-01   6.8074924e-01   6.5187776e-01
   2.0513333e+03   7.1096807e-01   6.8075757e-01   6.5182846e-01
   2.0514167e+03   7.1104611e-01   6.8077230e-01   6.5178511e-01
   2.0515000e+03   7.1110443e-01   6.8076880e-01   6.5172496e-01
   2.0515833e+03   7.1112207e-01   6.8072771e-01   6.5163011e-01
   2.0516667e+03   7.1109868e-01   6.8064870e-01   6.5150029e-01
   2.0517500e+03   7.1108898e-01   6.8058240e-01   6.5138225e-01
   2.0518333e+03   7.1115653e-01   6.8058759e-01   6.5133030e-01
   2.0519167e+03   7.1123447e-01   6.8060241e-01   6.5128728e-01
   2.0520000e+03   7.1125550e-01   6.8056463e-01   6.5119572e-01
   2.0520833e+03   7.1122722e-01   6.8048129e-01   6.5106212e-01
   2.0521667e+03   7.1120152e-01   6.8040038e-01   6.5093082e-01
   2.0522500e+03   7.1121146e-01   6.8035246e-01   6.5083004e-01
   2.0523333e+03   7.1128293e-01   6.8036146e-01   6.5078186e-01
   2.0524167e+03   7.1136079e-01   6.8037640e-01   6.5073920e-01
   2.0525000e+03   7.1141874e-01   6.8037296e-01   6.5067960e-01
   2.0525833e+03   7.1143576e-01   6.8033171e-01   6.5058515e-01
   2.0526667e+03   7.1141156e-01   6.8025240e-01   6.5045560e-01
   2.0527500e+03   7.1140111e-01   6.8018584e-01   6.5033786e-01
   2.0528333e+03   7.1146837e-01   6.8019114e-01   6.5028650e-01
   2.0529167e+03   7.1154655e-01   6.8020655e-01   6.5024451e-01
   2.0530000e+03   7.1156814e-01   6.8016970e-01   6.5015432e-01
   2.0530833e+03   7.1154057e-01   6.8008746e-01   6.5002229e-01
   2.0531667e+03   7.1151558e-01   6.8000764e-01   6.4989254e-01
   2.0532500e+03   7.1152613e-01   6.7996069e-01   6.4979317e-01
   2.0533333e+03   7.1159790e-01   6.7997033e-01   6.4974605e-01
   2.0534167e+03   7.1167558e-01   6.7998547e-01   6.4970404e-01
   2.0535000e+03   7.1173316e-01   6.7998205e-01   6.4964495e-01
   2.0535833e+03   7.1174955e-01   6.7994062e-01   6.4955083e-01
   2.0536667e+03   7.1172453e-01   6.7986098e-01   6.4942150e-01
   2.0537500e+03   7.1171333e-01   6.7979414e-01   6.4930402e-01
   2.0538333e+03   7.1178029e-01   6.7979952e-01   6.4925320e-01
   2.0539167e+03   7.1185870e-01   6.7981549e-01   6.4921218e-01
   2.0540000e+03   7.1188086e-01   6.7977954e-01   6.4912332e-01
   2.0540833e+03   7.1185401e-01   6.7969838e-01   6.4899280e-01
   2.0541667e+03   7.1182973e-01   6.7961963e-01   6.4886455e-01
   2.0542500e+03   7.1184087e-01   6.7957362e-01   6.4876654e-01
   2.0543333e+03   7.1191294e-01   6.7958388e-01   6.4872044e-01
   2.0544167e+03   7.1199045e-01   6.7959917e-01   6.4867902e-01
   2.0545000e+03   7.1204765e-01   6.7959576e-01   6.4862038e-01
   2.0545833e+03   7.1206341e-01   6.7955412e-01   6.4852655e-01
   2.0546667e+03   7.1203757e-01   6.7947413e-01   6.4839740e-01
   2.0547500e+03   7.1202560e-01   6.7940697e-01   6.4828013e-01
   2.0548333e+03   7.1209228e-01   6.7941240e-01   6.4822980e-01
   2.0549167e+03   7.1217092e-01   6.7942891e-01   6.4818970e-01
   2.0550000e+03   7.1219364e-01   6.7939384e-01   6.4810211e-01
   2.0550833e+03   7.1216750e-01   6.7931373e-01   6.4797306e-01
   2.0551667e+03   7.1214392e-01   6.7923602e-01   6.4784625e-01
   2.0552500e+03   7.1215567e-01   6.7919093e-01   6.4774955e-01
   2.0553333e+03   7.1222803e-01   6.7920177e-01   6.4770442e-01
   2.0554167e+03   7.1230535e-01   6.7921721e-01   6.4766354e-01
   2.0555000e+03   7.1236218e-01   6.7921376e-01   6.4760530e-01
   2.0555833e+03   7.1237731e-01   6.7917190e-01   6.4751171e-01
   2.0556667e+03   7.1235065e-01   6.7909152e-01   6.4738269e-01
   2.0557500e+03   7.1233791e-01   6.7902402e-01   6.4726557e-01
   2.0558333e+03   7.1240428e-01   6.7902949e-01   6.4721568e-01
   2.0559167e+03   7.1248315e-01   6.7904650e-01   6.4717645e-01
   2.0560000e+03   7.1250644e-01   6.7901228e-01   6.4709009e-01
   2.0560833e+03   7.1248101e-01   6.7893320e-01   6.4696245e-01
   2.0561667e+03   7.1245813e-01   6.7885650e-01   6.4683704e-01
   2.0562500e+03   7.1247048e-01   6.7881229e-01   6.4674160e-01
   2.0563333e+03   7.1254314e-01   6.7882370e-01   6.4669738e-01
   2.0564167e+03   7.1262027e-01   6.7883925e-01   6.4665700e-01
   2.0565000e+03   7.1267671e-01   6.7883575e-01   6.4659911e-01
   2.0565833e+03   7.1269121e-01   6.7879363e-01   6.4650571e-01
   2.0566667e+03   7.1266372e-01   6.7871284e-01   6.4637677e-01
   2.0567500e+03   7.1265022e-01   6.7864498e-01   6.4625976e-01
   2.0568333e+03   7.1271628e-01   6.7865045e-01   6.4621026e-01
   2.0569167e+03   7.1279538e-01   6.7866794e-01   6.4617185e-01
   2.0570000e+03   7.1281922e-01   6.7863455e-01   6.4608666e-01
   2.0570833e+03   7.1279450e-01   6.7855646e-01   6.4596038e-01
   2.0571667e+03   7.1277233e-01   6.7848075e-01   6.4583632e-01
   2.0572500e+03   7.1278527e-01   6.7843741e-01   6.4574208e-01
   2.0573333e+03   7.1285823e-01   6.7844935e-01   6.4569872e-01
   2.0574167e+03   7.1293517e-01   6.7846498e-01   6.4565879e-01
   2.0575000e+03   7.1299122e-01   6.7846140e-01   6.4560120e-01
   2.0575833e+03   7.1300509e-01   6.7841900e-01   6.4550795e-01
   2.0576667e+03   7.1297676e-01   6.7833778e-01   6.4537904e-01
   2.0577500e+03   7.1296249e-01   6.7826953e-01   6.4526209e-01
   2.0578333e+03   7.1302825e-01   6.7827497e-01   6.4521293e-01
   2.0579167e+03   7.1310757e-01   6.7829291e-01   6.4517529e-01
   2.0580000e+03   7.1313197e-01   6.7826033e-01   6.4509122e-01
   2.0580833e+03   7.1310795e-01   6.7818321e-01   6.4496625e-01
   2.0581667e+03   7.1308648e-01   6.7810846e-01   6.4484349e-01
   2.0582500e+03   7.1310002e-01   6.7806596e-01   6.4475041e-01
   2.0583333e+03   7.1317326e-01   6.7807841e-01   6.4470787e-01
   2.0584167e+03   7.1325001e-01   6.7809410e-01   6.4466832e-01
   2.0585000e+03   7.1330568e-01   6.7809041e-01   6.4461099e-01
   2.0585833e+03   7.1331890e-01   6.7804769e-01   6.4451783e-01
   2.0586667e+03   7.1328974e-01   6.7796602e-01   6.4438891e-01
   2.0587500e+03   7.1327469e-01   6.7789735e-01   6.4427197e-01
   2.0588333e+03   7.1334014e-01   6.7790274e-01   6.4422310e-01
   2.0589167e+03   7.1341969e-01   6.7792111e-01   6.4418618e-01
   2.0590000e+03   7.1344464e-01   6.7788930e-01   6.4410318e-01
   2.0590833e+03   7.1342133e-01   6.7781312e-01   6.4397948e-01
   2.0591667e+03   7.1340055e-01   6.7773931e-01   6.4385797e-01
   2.0592500e+03   7.1341469e-01   6.7769762e-01   6.4376600e-01
   2.0593333e+03   7.1348822e-01   6.7771055e-01   6.4372421e-01
   2.0594167e+03   7.1356478e-01   6.7772627e-01   6.4368501e-01
   2.0595000e+03   7.1362005e-01   6.7772245e-01   6.4362789e-01
   2.0595833e+03   7.1363263e-01   6.7767940e-01   6.4353477e-01
   2.0596667e+03   7.1360262e-01   6.7759724e-01   6.4340579e-01
   2.0597500e+03   7.1358679e-01   6.7752813e-01   6.4328882e-01
   2.0598333e+03   7.1365193e-01   6.7753344e-01   6.4324019e-01
   2.0599167e+03   7.1373170e-01   6.7755221e-01   6.4320394e-01
   2.0600000e+03   7.1375720e-01   6.7752115e-01   6.4312196e-01
   2.0600833e+03   7.1373460e-01   6.7744589e-01   6.4299947e-01
   2.0601667e+03   7.1371452e-01   6.7737299e-01   6.4287916e-01
   2.0602500e+03   7.1372925e-01   6.7733208e-01   6.4278825e-01
   2.0603333e+03   7.1380307e-01   6.7734547e-01   6.4274718e-01
   2.0604167e+03   7.1387942e-01   6.7736120e-01   6.4270827e-01
   2.0605000e+03   7.1393430e-01   6.7735722e-01   6.4265130e-01
   2.0605833e+03   7.1394623e-01   6.7731380e-01   6.4255819e-01
   2.0606667e+03   7.1391538e-01   6.7723113e-01   6.4242909e-01
   2.0607500e+03   7.1389877e-01   6.7716155e-01   6.4231204e-01
   2.0608333e+03   7.1396359e-01   6.7716677e-01   6.4226361e-01
   2.0609167e+03   7.1404357e-01   6.7718591e-01   6.4222797e-01
   2.0610000e+03   7.1406963e-01   6.7715556e-01   6.4214697e-01
   2.0610833e+03   7.1404773e-01   6.7708121e-01   6.4202564e-01
   2.0611667e+03   7.1402834e-01   6.7700918e-01   6.4190649e-01
   2.0612500e+03   7.1404366e-01   6.7696904e-01   6.4181658e-01
   2.0613333e+03   7.1411777e-01   6.7698285e-01   6.4177617e-01
   2.0614167e+03   7.1419392e-01   6.7699856e-01   6.4173751e-01
   2.0615000e+03   7.1424840e-01   6.7699439e-01   6.4168066e-01
   2.0615833e+03   7.1425967e-01   6.7695059e-01   6.4158749e-01
   2.0616667e+03   7.1422798e-01   6.7686738e-01   6.4145824e-01
   2.0617500e+03   7.1421058e-01   6.7679731e-01   6.4134107e-01
   2.0618333e+03   7.1427508e-01   6.7680240e-01   6.4129278e-01
   2.0619167e+03   7.1435528e-01   6.7682189e-01   6.4125771e-01
   2.0620000e+03   7.1438189e-01   6.7679223e-01   6.4117763e-01
   2.0620833e+03   7.1436069e-01   6.7671875e-01   6.4105742e-01
   2.0621667e+03   7.1434200e-01   6.7664758e-01   6.4093937e-01
   2.0622500e+03   7.1435791e-01   6.7660817e-01   6.4085042e-01
   2.0623333e+03   7.1443229e-01   6.7662239e-01   6.4081063e-01
   2.0624167e+03   7.1450824e-01   6.7663804e-01   6.4077216e-01
   2.0625000e+03   7.1456232e-01   6.7663366e-01   6.4071537e-01
   2.0625833e+03   7.1457294e-01   6.7658945e-01   6.4062211e-01
   2.0626667e+03   7.1454039e-01   6.7650568e-01   6.4049266e-01
   2.0627500e+03   7.1452220e-01   6.7643510e-01   6.4037531e-01
   2.0628333e+03   7.1458638e-01   6.7644002e-01   6.4032712e-01
   2.0629167e+03   7.1466679e-01   6.7645983e-01   6.4029257e-01
   2.0630000e+03   7.1469395e-01   6.7643085e-01   6.4021337e-01
   2.0630833e+03   7.1467344e-01   6.7635820e-01   6.4009422e-01
   2.0631667e+03   7.1465545e-01   6.7628787e-01   6.3997722e-01
   2.0632500e+03   7.1467194e-01   6.7624916e-01   6.3988919e-01
   2.0633333e+03   7.1474661e-01   6.7626376e-01   6.3984996e-01
   2.0634167e+03   7.1482235e-01   6.7627934e-01   6.3981165e-01
   2.0635000e+03   7.1487602e-01   6.7627472e-01   6.3975486e-01
   2.0635833e+03   7.1488598e-01   6.7623006e-01   6.3966146e-01
   2.0636667e+03   7.1485258e-01   6.7614571e-01   6.3953177e-01
   2.0637500e+03   7.1483359e-01   6.7607459e-01   6.3941420e-01
   2.0638333e+03   7.1489744e-01   6.7607933e-01   6.3936605e-01
   2.0639167e+03   7.1497807e-01   6.7609943e-01   6.3933198e-01
   2.0640000e+03   7.1500577e-01   6.7607109e-01   6.3925360e-01
   2.0640833e+03   7.1498596e-01   6.7599926e-01   6.3913548e-01
   2.0641667e+03   7.1496866e-01   6.7592974e-01   6.3901949e-01
   2.0642500e+03   7.1498574e-01   6.7589171e-01   6.3893232e-01
   2.0643333e+03   7.1506068e-01   6.7590666e-01   6.3889360e-01
   2.0644167e+03   7.1513621e-01   6.7592214e-01   6.3885539e-01
   2.0645000e+03   7.1518948e-01   6.7591726e-01   6.3879857e-01
   2.0645833e+03   7.1519877e-01   6.7587213e-01   6.3870498e-01
   2.0646667e+03   7.1516451e-01   6.7578717e-01   6.3857500e-01
   2.0647500e+03   7.1514473e-01   6.7571548e-01   6.3845716e-01
   2.0648333e+03   7.1520825e-01   6.7572001e-01   6.3840902e-01
   2.0649167e+03   7.1528908e-01   6.7574038e-01   6.3837537e-01
   2.0650000e+03   7.1531733e-01   6.7571266e-01   6.3829777e-01
   2.0650833e+03   7.1529822e-01   6.7564162e-01   6.3818062e-01
   2.0651667e+03   7.1528160e-01   6.7557288e-01   6.3806558e-01
   2.0652500e+03   7.1529927e-01   6.7553551e-01   6.3797923e-01
   2.0653333e+03   7.1537448e-01   6.7555077e-01   6.3794098e-01
   2.0654167e+03   7.1544980e-01   6.7556613e-01   6.3790282e-01
   2.0655000e+03   7.1550265e-01   6.7556095e-01   6.3784591e-01
   2.0655833e+03   7.1551128e-01   6.7551534e-01   6.3775209e-01
   2.0656667e+03   7.1547615e-01   6.7542974e-01   6.3762178e-01
   2.0657500e+03   7.1545557e-01   6.7535745e-01   6.3750364e-01
   2.0658333e+03   7.1551876e-01   6.7536175e-01   6.3745545e-01
   2.0659167e+03   7.1559980e-01   6.7538237e-01   6.3742217e-01
   2.0660000e+03   7.1562859e-01   6.7535523e-01   6.3734530e-01
   2.0660833e+03   7.1561017e-01   6.7528496e-01   6.3722907e-01
   2.0661667e+03   7.1559424e-01   6.7521698e-01   6.3711495e-01
   2.0662500e+03   7.1561249e-01   6.7518023e-01   6.3702936e-01
   2.0663333e+03   7.1568798e-01   6.7519579e-01   6.3699153e-01
   2.0664167e+03   7.1576307e-01   6.7521100e-01   6.3695337e-01
   2.0665000e+03   7.1581552e-01   6.7520550e-01   6.3689634e-01
   2.0665833e+03   7.1582347e-01   6.7515937e-01   6.3680224e-01
   2.0666667e+03   7.1578748e-01   6.7507312e-01   6.3667155e-01
   2.0667500e+03   7.1576609e-01   6.7500021e-01   6.3655305e-01
   2.0668333e+03   7.1582894e-01   6.7500425e-01   6.3650477e-01
   2.0669167e+03   7.1591019e-01   6.7502508e-01   6.3647181e-01
   2.0670000e+03   7.1593952e-01   6.7499851e-01   6.3639563e-01
   2.0670833e+03   7.1592179e-01   6.7492898e-01   6.3628028e-01
   2.0671667e+03   7.1590655e-01   6.7486172e-01   6.3616702e-01
   2.0672500e+03   7.1592538e-01   6.7482558e-01   6.3608215e-01
   2.0673333e+03   7.1600114e-01   6.7484141e-01   6.3604469e-01
   2.0674167e+03   7.1607601e-01   6.7485644e-01   6.3600649e-01
   2.0675000e+03   7.1612804e-01   6.7485060e-01   6.3594928e-01
   2.0675833e+03   7.1613532e-01   6.7480393e-01   6.3585486e-01
   2.0676667e+03   7.1609845e-01   6.7471699e-01   6.3572374e-01
   2.0677500e+03   7.1607626e-01   6.7464344e-01   6.3560485e-01
   2.0678333e+03   7.1613877e-01   6.7464719e-01   6.3555643e-01
   2.0679167e+03   7.1622021e-01   6.7466821e-01   6.3552375e-01
   2.0680000e+03   7.1625009e-01   6.7464218e-01   6.3544820e-01
   2.0680833e+03   7.1623305e-01   6.7457336e-01   6.3533368e-01
   2.0681667e+03   7.1621849e-01   6.7450681e-01   6.3522124e-01
   2.0682500e+03   7.1623790e-01   6.7447125e-01   6.3513704e-01
   2.0683333e+03   7.1631393e-01   6.7448732e-01   6.3509990e-01
   2.0684167e+03   7.1638858e-01   6.7450214e-01   6.3506161e-01
   2.0685000e+03   7.1644018e-01   6.7449594e-01   6.3500418e-01
   2.0685833e+03   7.1644678e-01   6.7444870e-01   6.3490939e-01
   2.0686667e+03   7.1640904e-01   6.7436105e-01   6.3477781e-01
   2.0687500e+03   7.1638603e-01   6.7428683e-01   6.3465848e-01
   2.0688333e+03   7.1644821e-01   6.7429027e-01   6.3460987e-01
   2.0689167e+03   7.1652985e-01   6.7431145e-01   6.3457742e-01
   2.0690000e+03   7.1656026e-01   6.7428593e-01   6.3450245e-01
   2.0690833e+03   7.1654391e-01   6.7421780e-01   6.3438871e-01
   2.0691667e+03   7.1653004e-01   6.7415193e-01   6.3427704e-01
   2.0692500e+03   7.1655002e-01   6.7411692e-01   6.3419347e-01
   2.0693333e+03   7.1662631e-01   6.7413321e-01   6.3415660e-01
   2.0694167e+03   7.1670074e-01   6.7414780e-01   6.3411818e-01
   2.0695000e+03   7.1675192e-01   6.7414120e-01   6.3406049e-01
   2.0695833e+03   7.1675783e-01   6.7409337e-01   6.3396528e-01
   2.0696667e+03   7.1671922e-01   6.7400498e-01   6.3383319e-01
   2.0697500e+03   7.1669539e-01   6.7393008e-01   6.3371337e-01
   2.0698333e+03   7.1675722e-01   6.7393317e-01   6.3366453e-01
   2.0699167e+03   7.1683906e-01   6.7395449e-01   6.3363226e-01
   2.0700000e+03   7.1687000e-01   6.7392945e-01   6.3355784e-01
   2.0700833e+03   7.1685434e-01   6.7386199e-01   6.3344484e-01
   2.0701667e+03   7.1684115e-01   6.7379678e-01   6.3333389e-01
   2.0702500e+03   7.1686171e-01   6.7376229e-01   6.3325090e-01
   2.0703333e+03   7.1693826e-01   6.7377878e-01   6.3321425e-01
   2.0704167e+03   7.1701246e-01   6.7379310e-01   6.3317565e-01
   2.0705000e+03   7.1706321e-01   6.7378608e-01   6.3311764e-01
   2.0705833e+03   7.1706844e-01   6.7373764e-01   6.3302198e-01
   2.0706667e+03   7.1702894e-01   6.7364850e-01   6.3288933e-01
   2.0707500e+03   7.1700430e-01   6.7357287e-01   6.3276899e-01
   2.0708333e+03   7.1706578e-01   6.7357560e-01   6.3271987e-01
   2.0709167e+03   7.1714781e-01   6.7359702e-01   6.3268773e-01
   2.0710000e+03   7.1717928e-01   6.7357245e-01   6.3261380e-01
   2.0710833e+03   7.1716431e-01   6.7350563e-01   6.3250149e-01
   2.0711667e+03   7.1715180e-01   6.7344105e-01   6.3239122e-01
   2.0712500e+03   7.1717293e-01   6.7340706e-01   6.3230876e-01
   2.0713333e+03   7.1724975e-01   6.7342371e-01   6.3227229e-01
   2.0714167e+03   7.1732371e-01   6.7343775e-01   6.3223346e-01
   2.0715000e+03   7.1737403e-01   6.7343028e-01   6.3217509e-01
   2.0715833e+03   7.1737857e-01   6.7338120e-01   6.3207893e-01
   2.0716667e+03   7.1733819e-01   6.7329127e-01   6.3194569e-01
   2.0717500e+03   7.1731272e-01   6.7321490e-01   6.3182478e-01
   2.0718333e+03   7.1737384e-01   6.7321725e-01   6.3177534e-01
   2.0719167e+03   7.1745606e-01   6.7323875e-01   6.3174329e-01
   2.0720000e+03   7.1748807e-01   6.7321461e-01   6.3166980e-01
   2.0720833e+03   7.1747379e-01   6.7314841e-01   6.3155814e-01
   2.0721667e+03   7.1746195e-01   6.7308443e-01   6.3144850e-01
   2.0722500e+03   7.1748365e-01   6.7305091e-01   6.3136652e-01
   2.0723333e+03   7.1756073e-01   6.7306770e-01   6.3133019e-01
   2.0724167e+03   7.1763445e-01   6.7308143e-01   6.3129108e-01
   2.0725000e+03   7.1768434e-01   6.7307349e-01   6.3123231e-01
   2.0725833e+03   7.1768819e-01   6.7302374e-01   6.3113560e-01
   2.0726667e+03   7.1764692e-01   6.7293301e-01   6.3100173e-01
   2.0727500e+03   7.1762062e-01   6.7285588e-01   6.3088020e-01
   2.0728333e+03   7.1768139e-01   6.7285780e-01   6.3083039e-01
   2.0729167e+03   7.1776380e-01   6.7287936e-01   6.3079838e-01
   2.0730000e+03   7.1779634e-01   6.7285563e-01   6.3072529e-01
   2.0730833e+03   7.1778274e-01   6.7279002e-01   6.3061422e-01
   2.0731667e+03   7.1777157e-01   6.7272661e-01   6.3050517e-01
   2.0732500e+03   7.1779385e-01   6.7269355e-01   6.3042363e-01
   2.0733333e+03   7.1787118e-01   6.7271045e-01   6.3038738e-01
   2.0734167e+03   7.1794467e-01   6.7272384e-01   6.3034795e-01
   2.0735000e+03   7.1799411e-01   6.7271541e-01   6.3028874e-01
   2.0735833e+03   7.1799727e-01   6.7266496e-01   6.3019144e-01
   2.0736667e+03   7.1795510e-01   6.7257340e-01   6.3005689e-01
   2.0737500e+03   7.1792797e-01   6.7249548e-01   6.2993471e-01
   2.0738333e+03   7.1798838e-01   6.7249696e-01   6.2988448e-01
   2.0739167e+03   7.1807098e-01   6.7251855e-01   6.2985246e-01
   2.0740000e+03   7.1810404e-01   6.7249521e-01   6.2977973e-01
   2.0740833e+03   7.1809112e-01   6.7243015e-01   6.2966922e-01
   2.0741667e+03   7.1808064e-01   6.7236730e-01   6.2956071e-01
   2.0742500e+03   7.1810348e-01   6.7233466e-01   6.2947956e-01
   2.0743333e+03   7.1818106e-01   6.7235164e-01   6.2944335e-01
   2.0744167e+03   7.1825431e-01   6.7236468e-01   6.2940355e-01
   2.0745000e+03   7.1830331e-01   6.7235572e-01   6.2934384e-01
   2.0745833e+03   7.1830577e-01   6.7230456e-01   6.2924592e-01
   2.0746667e+03   7.1826270e-01   6.7221214e-01   6.2911065e-01
   2.0747500e+03   7.1823473e-01   6.7213341e-01   6.2898777e-01
   2.0748333e+03   7.1829478e-01   6.7213442e-01   6.2893708e-01
   2.0749167e+03   7.1837756e-01   6.7215602e-01   6.2890501e-01
   2.0750000e+03   7.1841116e-01   6.7213303e-01   6.2883258e-01
   2.0750833e+03   7.1839890e-01   6.7206850e-01   6.2872256e-01
   2.0751667e+03   7.1838904e-01   6.7200614e-01   6.2861451e-01
   2.0752500e+03   7.1841240e-01   6.7197385e-01   6.2853367e-01
   2.0753333e+03   7.1849021e-01   6.7199087e-01   6.2849743e-01
   2.0754167e+03   7.1856325e-01   6.7200355e-01   6.2845726e-01
   2.0755000e+03   7.1861190e-01   6.7199412e-01   6.2839708e-01
   2.0755833e+03   7.1861379e-01   6.7194235e-01   6.2829860e-01
   2.0756667e+03   7.1857003e-01   6.7184924e-01   6.2816274e-01
   2.0757500e+03   7.1854144e-01   6.7176987e-01   6.2803930e-01
   2.0758333e+03   7.1860124e-01   6.7177049e-01   6.2798820e-01
   2.0759167e+03   7.1868415e-01   6.7179202e-01   6.2795599e-01
   2.0760000e+03   7.1871809e-01   6.7176920e-01   6.2788368e-01
   2.0760833e+03   7.1870627e-01   6.7170497e-01   6.2777393e-01
   2.0761667e+03   7.1869685e-01   6.7164290e-01   6.2766614e-01
   2.0762500e+03   7.1872058e-01   6.7161081e-01   6.2758544e-01
   2.0763333e+03   7.1879857e-01   6.7162779e-01   6.2754908e-01
   2.0764167e+03   7.1887146e-01   6.7164015e-01   6.2750853e-01
   2.0765000e+03   7.1891982e-01   6.7163029e-01   6.2744791e-01
   2.0765833e+03   7.1892125e-01   6.7157798e-01   6.2734892e-01
   2.0766667e+03   7.1887690e-01   6.7148425e-01   6.2721251e-01
   2.0767500e+03   7.1884775e-01   6.7140428e-01   6.2708853e-01
   2.0768333e+03   7.1890733e-01   6.7140451e-01   6.2703700e-01
   2.0769167e+03   7.1899037e-01   6.7142594e-01   6.2700460e-01
   2.0770000e+03   7.1902466e-01   6.7140327e-01   6.2693236e-01
   2.0770833e+03   7.1901327e-01   6.7133931e-01   6.2682284e-01
   2.0771667e+03   7.1900429e-01   6.7127751e-01   6.2671526e-01
   2.0772500e+03   7.1902839e-01   6.7124559e-01   6.2663466e-01
   2.0773333e+03   7.1910654e-01   6.7126252e-01   6.2659814e-01
   2.0774167e+03   7.1917928e-01   6.7127452e-01   6.2655717e-01
   2.0775000e+03   7.1922736e-01   6.7126422e-01   6.2649605e-01
   2.0775833e+03   7.1922834e-01   6.7121135e-01   6.2639651e-01
   2.0776667e+03   7.1918338e-01   6.7111698e-01   6.2625952e-01
   2.0777500e+03   7.1915369e-01   6.7103638e-01   6.2613496e-01
   2.0778333e+03   7.1921303e-01   6.7103619e-01   6.2608295e-01
   2.0779167e+03   7.1929620e-01   6.7105751e-01   6.2605032e-01
   2.0780000e+03   7.1933083e-01   6.7103496e-01   6.2597811e-01
   2.0780833e+03   7.1931989e-01   6.7097125e-01   6.2586877e-01
   2.0781667e+03   7.1931134e-01   6.7090969e-01   6.2576136e-01
   2.0782500e+03   7.1933580e-01   6.7087792e-01   6.2568082e-01
   2.0783333e+03   7.1941413e-01   6.7089476e-01   6.2564409e-01
   2.0784167e+03   7.1948672e-01   6.7090639e-01   6.2560266e-01
   2.0785000e+03   7.1953451e-01   6.7089561e-01   6.2554101e-01
   2.0785833e+03   7.1953502e-01   6.7084216e-01   6.2544088e-01
   2.0786667e+03   7.1948947e-01   6.7074712e-01   6.2530326e-01
   2.0787500e+03   7.1945922e-01   6.7066588e-01   6.2517808e-01
   2.0788333e+03   7.1951833e-01   6.7066525e-01   6.2512555e-01
   2.0789167e+03   7.1960163e-01   6.7068642e-01   6.2509264e-01
   2.0790000e+03   7.1963660e-01   6.7066397e-01   6.2502042e-01
   2.0790833e+03   7.1962610e-01   6.7060049e-01   6.2491121e-01
   2.0791667e+03   7.1961798e-01   6.7053915e-01   6.2480393e-01
   2.0792500e+03   7.1964282e-01   6.7050750e-01   6.2472340e-01
   2.0793333e+03   7.1972131e-01   6.7052423e-01   6.2468643e-01
   2.0794167e+03   7.1979375e-01   6.7053546e-01   6.2464449e-01
   2.0795000e+03   7.1984125e-01   6.7052419e-01   6.2458227e-01
   2.0795833e+03   7.1984130e-01   6.7047013e-01   6.2448150e-01
   2.0796667e+03   7.1979515e-01   6.7037440e-01   6.2434322e-01
   2.0797500e+03   7.1976434e-01   6.7029250e-01   6.2421738e-01
   2.0798333e+03   7.1982322e-01   6.7029140e-01   6.2416428e-01
   2.0799167e+03   7.1990664e-01   6.7031241e-01   6.2413106e-01
   2.0800000e+03   7.1994196e-01   6.7029003e-01   6.2405878e-01
   2.0800833e+03   7.1993189e-01   6.7022675e-01   6.2394967e-01
   2.0801667e+03   7.1992421e-01   6.7016560e-01   6.2384248e-01
   2.0802500e+03   7.1994941e-01   6.7013406e-01   6.2376191e-01
   2.0803333e+03   7.2002808e-01   6.7015065e-01   6.2372465e-01
   2.0804167e+03   7.2010036e-01   6.7016146e-01   6.2368216e-01
   2.0805000e+03   7.2014757e-01   6.7014968e-01   6.2361932e-01
   2.0805833e+03   7.2014715e-01   6.7009498e-01   6.2351788e-01
   2.0806667e+03   7.2010040e-01   6.6999854e-01   6.2337890e-01
   2.0807500e+03   7.2006904e-01   6.6991595e-01   6.2325236e-01
   2.0808333e+03   7.2012768e-01   6.6991437e-01   6.2319866e-01
   2.0809167e+03   7.2021123e-01   6.6993518e-01   6.2316507e-01
   2.0810000e+03   7.2024688e-01   6.6991285e-01   6.2309268e-01
   2.0810833e+03   7.2023725e-01   6.6984975e-01   6.2298363e-01
   2.0811667e+03   7.2023000e-01   6.6978877e-01   6.2287648e-01
   2.0812500e+03   7.2025557e-01   6.6975731e-01   6.2279585e-01
   2.0813333e+03   7.2033441e-01   6.6977374e-01   6.2275824e-01
   2.0814167e+03   7.2040653e-01   6.6978410e-01   6.2271516e-01
   2.0815000e+03   7.2045345e-01   6.6977177e-01   6.2265167e-01
   2.0815833e+03   7.2045257e-01   6.6971642e-01   6.2254951e-01
   2.0816667e+03   7.2040522e-01   6.6961926e-01   6.2240979e-01
   2.0817500e+03   7.2037329e-01   6.6953595e-01   6.2228252e-01
   2.0818333e+03   7.2043169e-01   6.6953385e-01   6.2222817e-01
   2.0819167e+03   7.2051537e-01   6.6955445e-01   6.2219417e-01
   2.0820000e+03   7.2055136e-01   6.6953215e-01   6.2212164e-01
   2.0820833e+03   7.2054217e-01   6.6946920e-01   6.2201260e-01
   2.0821667e+03   7.2053535e-01   6.6940837e-01   6.2190546e-01
   2.0822500e+03   7.2056129e-01   6.6937696e-01   6.2182471e-01
   2.0823333e+03   7.2064029e-01   6.6939321e-01   6.2178672e-01
   2.0824167e+03   7.2071226e-01   6.6940310e-01   6.2174300e-01
   2.0825000e+03   7.2075889e-01   6.6939020e-01   6.2167882e-01
   2.0825833e+03   7.2075753e-01   6.6933417e-01   6.2157591e-01
   2.0826667e+03   4.3242574e-01   4.0154175e-01   3.7286125e-01
   2.0827500e+03   4.3240625e-01   4.0149133e-01   3.7278442e-01
   2.0828333e+03   4.3244115e-01   4.0148975e-01   3.7275139e-01
   2.0829167e+03   4.3249143e-01   4.0150196e-01   3.7273072e-01
   2.0830000e+03   4.3251323e-01   4.0148858e-01   3.7268709e-01
   2.0830833e+03   4.3250798e-01   4.0145089e-01   3.7262165e-01
   2.0831667e+03   4.3250414e-01   4.0141447e-01   3.7255734e-01
   2.0832500e+03   4.3251992e-01   4.0139564e-01   3.7250880e-01
   2.0833333e+03   4.3256743e-01   4.0140527e-01   3.7248575e-01
   2.0834167e+03   4.3261051e-01   4.0141091e-01   3.7245912e-01
   2.0835000e+03   4.3263831e-01   4.0140281e-01   3.7242016e-01
   2.0835833e+03   4.3263722e-01   4.0136877e-01   3.7235794e-01
   2.0836667e+03   4.3260808e-01   4.0130956e-01   3.7227315e-01
   2.0837500e+03   4.3258825e-01   4.0125869e-01   3.7219583e-01
   2.0838333e+03   4.3262300e-01   4.0125677e-01   3.7216237e-01
   2.0839167e+03   4.3267335e-01   4.0126882e-01   3.7214141e-01
   2.0840000e+03   4.3269536e-01   4.0125543e-01   3.7209764e-01
   2.0840833e+03   4.3269037e-01   4.0121780e-01   3.7203216e-01
   2.0841667e+03   4.3268679e-01   4.0118144e-01   3.7196780e-01
   2.0842500e+03   4.3270279e-01   4.0116262e-01   3.7191913e-01
   2.0843333e+03   4.3275039e-01   4.0117210e-01   3.7189580e-01
   2.0844167e+03   4.3279338e-01   4.0117743e-01   3.7186874e-01
   2.0845000e+03   4.3282101e-01   4.0116897e-01   3.7182931e-01
   2.0845833e+03   4.3281963e-01   4.0113449e-01   3.7176659e-01
   2.0846667e+03   4.3279012e-01   4.0107480e-01   3.7168130e-01
   2.0847500e+03   4.3276995e-01   4.0102346e-01   3.7160347e-01
   2.0848333e+03   4.3280456e-01   4.0102119e-01   3.7156954e-01
   2.0849167e+03   4.3285499e-01   4.0103307e-01   3.7154826e-01
   2.0850000e+03   4.3287720e-01   4.0101965e-01   3.7150433e-01
   2.0850833e+03   4.3287246e-01   4.0098208e-01   3.7143878e-01
   2.0851667e+03   4.3286915e-01   4.0094576e-01   3.7137435e-01
   2.0852500e+03   4.3288536e-01   4.0092693e-01   3.7132553e-01
   2.0853333e+03   4.3293307e-01   4.0093626e-01   3.7130190e-01
   2.0854167e+03   4.3297596e-01   4.0094126e-01   3.7127438e-01
   2.0855000e+03   4.3300340e-01   4.0093241e-01   3.7123446e-01
   2.0855833e+03   4.3300174e-01   4.0089749e-01   3.7117122e-01
   2.0856667e+03   4.3297187e-01   4.0083731e-01   3.7108539e-01
   2.0857500e+03   4.3295136e-01   4.0078550e-01   3.7100703e-01
   2.0858333e+03   4.3298582e-01   4.0078286e-01   3.7097262e-01
   2.0859167e+03   4.3303632e-01   4.0079455e-01   3.7095099e-01
   2.0860000e+03   4.3305873e-01   4.0078108e-01   3.7090687e-01
   2.0860833e+03   4.3305426e-01   4.0074355e-01   3.7084123e-01
   2.0861667e+03   4.3305120e-01   4.0070727e-01   3.7077670e-01
   2.0862500e+03   4.3306764e-01   4.0068841e-01   3.7072772e-01
   2.0863333e+03   4.3311544e-01   4.0069757e-01   3.7070375e-01
   2.0864167e+03   4.3315823e-01   4.0070223e-01   3.7067575e-01
   2.0865000e+03   4.3318549e-01   4.0069299e-01   3.7063532e-01
   2.0865833e+03   4.3318355e-01   4.0065761e-01   3.7057153e-01
   2.0866667e+03   4.3315331e-01   4.0059692e-01   3.7048515e-01
   2.0867500e+03   4.3313245e-01   4.0054462e-01   3.7040623e-01
   2.0868333e+03   4.3316677e-01   4.0054160e-01   3.7037131e-01
   2.0869167e+03   4.3321734e-01   4.0055308e-01   3.7034930e-01
   2.0870000e+03   4.3323996e-01   4.0053956e-01   3.7030497e-01
   2.0870833e+03   4.3323574e-01   4.0050205e-01   3.7023922e-01
   2.0871667e+03   4.3323294e-01   4.0046579e-01   3.7017457e-01
   2.0872500e+03   4.3324960e-01   4.0044689e-01   3.7012539e-01
   2.0873333e+03   4.3329749e-01   4.0045587e-01   3.7010107e-01
   2.0874167e+03   4.3334018e-01   4.0046017e-01   3.7007256e-01
   2.0875000e+03   4.3336727e-01   4.0045052e-01   3.7003159e-01
   2.0875833e+03   4.3336504e-01   4.0041467e-01   3.6996724e-01
   2.0876667e+03   4.3333443e-01   4.0035347e-01   3.6988028e-01
   2.0877500e+03   4.3331323e-01   4.0030066e-01   3.6980079e-01
   2.0878333e+03   4.3334741e-01   4.0029725e-01   3.6976532e-01
   2.0879167e+03   4.3339804e-01   4.0030851e-01   3.6974292e-01
   2.0880000e+03   4.3342086e-01   4.0029492e-01   3.6969835e-01
   2.0880833e+03   4.3341691e-01   4.0025742e-01   3.6963246e-01
   2.0881667e+03   4.3341436e-01   4.0022117e-01   3.6956766e-01
   2.0882500e+03   4.3343124e-01   4.0020221e-01   3.6951827e-01
   2.0883333e+03   4.3347923e-01   4.0021099e-01   3.6949356e-01
   2.0884167e+03   4.3352182e-01   4.0021493e-01   3.6946453e-01
   2.0885000e+03   4.3354873e-01   4.0020485e-01   3.6942299e-01
   2.0885833e+03   4.3354621e-01   4.0016851e-01   3.6935805e-01
   2.0886667e+03   4.3351523e-01   4.0010678e-01   3.6927049e-01
   2.0887500e+03   4.3349369e-01   4.0005345e-01   3.6919040e-01
   2.0888333e+03   4.3352771e-01   4.0004964e-01   3.6915438e-01
   2.0889167e+03   4.3357842e-01   4.0006066e-01   3.6913156e-01
   2.0890000e+03   4.3360144e-01   4.0004699e-01   3.6908672e-01
   2.0890833e+03   4.3359775e-01   4.0000949e-01   3.6902067e-01
   2.0891667e+03   4.3359546e-01   3.9997322e-01   3.6895570e-01
   2.0892500e+03   4.3361255e-01   3.9995420e-01   3.6890606e-01
   2.0893333e+03   4.3366064e-01   3.9996277e-01   3.6888095e-01
   2.0894167e+03   4.3370313e-01   3.9996632e-01   3.6885136e-01
   2.0895000e+03   4.3372985e-01   3.9995580e-01   3.6880924e-01
   2.0895833e+03   4.3372704e-01   3.9991896e-01   3.6874369e-01
   2.0896667e+03   4.3369570e-01   3.9985669e-01   3.6865551e-01
   2.0897500e+03   4.3367381e-01   3.9980284e-01   3.6857480e-01
   2.0898333e+03   4.3370769e-01   3.9979860e-01   3.6853820e-01
   2.0899167e+03   4.3375846e-01   3.9980938e-01   3.6851492e-01
   2.0900000e+03   4.3378168e-01   3.9979560e-01   3.6846981e-01
   2.0900833e+03   4.3377825e-01   3.9975808e-01   3.6840356e-01
   2.0901667e+03   4.3377622e-01   3.9972180e-01   3.6833840e-01
   2.0902500e+03   4.3379352e-01   3.9970269e-01   3.6828850e-01
   2.0903333e+03   4.3384171e-01   3.9971103e-01   3.6826296e-01
   2.0904167e+03   4.3388410e-01   3.9971418e-01   3.6823279e-01
   2.0905000e+03   4.3391064e-01   3.9970322e-01   3.6819005e-01
   2.0905833e+03   4.3390754e-01   3.9966586e-01   3.6812387e-01
   2.0906667e+03   4.3387582e-01   3.9960304e-01   3.6803505e-01
   2.0907500e+03   4.3385359e-01   3.9954864e-01   3.6795371e-01
   2.0908333e+03   4.3388731e-01   3.9954397e-01   3.6791649e-01
   2.0909167e+03   4.3393816e-01   3.9955448e-01   3.6789275e-01
   2.0910000e+03   4.3396158e-01   3.9954060e-01   3.6784732e-01
   2.0910833e+03   4.3395840e-01   3.9950305e-01   3.6778086e-01
   2.0911667e+03   4.3395663e-01   3.9946672e-01   3.6771549e-01
   2.0912500e+03   4.3397415e-01   3.9944752e-01   3.6766529e-01
   2.0913333e+03   4.3402243e-01   3.9945562e-01   3.6763929e-01
   2.0914167e+03   4.3406472e-01   3.9945836e-01   3.6760852e-01
   2.0915000e+03   4.3409108e-01   3.9944693e-01   3.6756516e-01
   2.0915833e+03   4.3408769e-01   3.9940905e-01   3.6749832e-01
   2.0916667e+03   4.3405559e-01   3.9934566e-01   3.6740884e-01
   2.0917500e+03   4.3403302e-01   3.9929071e-01   3.6732683e-01
   2.0918333e+03   4.3406659e-01   3.9928558e-01   3.6728899e-01
   2.0919167e+03   4.3411750e-01   3.9929582e-01   3.6726475e-01
   2.0920000e+03   4.3414112e-01   3.9928181e-01   3.6721898e-01
   2.0920833e+03   4.3413821e-01   3.9924421e-01   3.6715229e-01
   2.0921667e+03   4.3413669e-01   3.9920783e-01   3.6708668e-01
   2.0922500e+03   4.3415442e-01   3.9918852e-01   3.6703616e-01
   2.0923333e+03   4.3420280e-01   3.9919636e-01   3.6700968e-01
   2.0924167e+03   4.3424498e-01   3.9919868e-01   3.6697829e-01
   2.0925000e+03   4.3427116e-01   3.9918677e-01   3.6693427e-01
   2.0925833e+03   4.3426747e-01   3.9914835e-01   3.6686675e-01
   2.0926667e+03   4.3423501e-01   3.9908439e-01   3.6677660e-01
   2.0927500e+03   4.3421208e-01   3.9902886e-01   3.6669391e-01
   2.0928333e+03   4.3424550e-01   3.9902327e-01   3.6665541e-01
   2.0929167e+03   4.3429648e-01   3.9903322e-01   3.6663064e-01
   2.0930000e+03   4.3432031e-01   3.9901907e-01   3.6658452e-01
   2.0930833e+03   4.3431764e-01   3.9898141e-01   3.6651758e-01
   2.0931667e+03   4.3431638e-01   3.9894497e-01   3.6645170e-01
   2.0932500e+03   4.3433433e-01   3.9892553e-01   3.6640084e-01
   2.0933333e+03   4.3438280e-01   3.9893310e-01   3.6637386e-01
   2.0934167e+03   4.3442488e-01   3.9893498e-01   3.6634182e-01
   2.0935000e+03   4.3445087e-01   3.9892257e-01   3.6629711e-01
   2.0935833e+03   4.3444690e-01   3.9888361e-01   3.6622890e-01
   2.0936667e+03   4.3441405e-01   3.9881905e-01   3.6613805e-01
   2.0937500e+03   4.3439078e-01   3.9876295e-01   3.6605465e-01
   2.0938333e+03   4.3442405e-01   3.9875688e-01   3.6601548e-01
   2.0939167e+03   4.3447510e-01   3.9876652e-01   3.6599017e-01
   2.0940000e+03   4.3449912e-01   3.9875221e-01   3.6594366e-01
   2.0940833e+03   4.3449671e-01   3.9871448e-01   3.6587644e-01
   2.0941667e+03   4.3449571e-01   3.9867797e-01   3.6581027e-01
   2.0942500e+03   4.3451387e-01   3.9865839e-01   3.6575905e-01
   2.0943333e+03   4.3456243e-01   3.9866568e-01   3.6573154e-01
   2.0944167e+03   4.3460441e-01   3.9866710e-01   3.6569883e-01
   2.0945000e+03   4.3463021e-01   3.9865419e-01   3.6565343e-01
   2.0945833e+03   4.3462594e-01   3.9861465e-01   3.6558449e-01
   2.0946667e+03   4.3459272e-01   3.9854950e-01   3.6549292e-01
   2.0947500e+03   4.3456910e-01   3.9849280e-01   3.6540881e-01
   2.0948333e+03   4.3460221e-01   3.9848625e-01   3.6536894e-01
   2.0949167e+03   4.3465333e-01   3.9849556e-01   3.6534306e-01
   2.0950000e+03   4.3467755e-01   3.9848108e-01   3.6529614e-01
   2.0950833e+03   4.3467540e-01   3.9844327e-01   3.6522862e-01
   2.0951667e+03   4.3467465e-01   3.9840666e-01   3.6516214e-01
   2.0952500e+03   4.3469303e-01   3.9838693e-01   3.6511053e-01
   2.0953333e+03   4.3474168e-01   3.9839392e-01   3.6508247e-01
   2.0954167e+03   4.3478355e-01   3.9839487e-01   3.6504906e-01
   2.0955000e+03   4.3480916e-01   3.9838144e-01   3.6500293e-01
   2.0955833e+03   4.3480460e-01   3.9834133e-01   3.6493326e-01
   2.0956667e+03   4.3477101e-01   3.9827556e-01   3.6484095e-01
   2.0957500e+03   4.3474703e-01   3.9821826e-01   3.6475610e-01
   2.0958333e+03   4.3477999e-01   3.9821120e-01   3.6471550e-01
   2.0959167e+03   4.3483117e-01   3.9822018e-01   3.6468903e-01
   2.0960000e+03   4.3485559e-01   3.9820551e-01   3.6464169e-01
   2.0960833e+03   4.3485370e-01   3.9816760e-01   3.6457384e-01
   2.0961667e+03   4.3485320e-01   3.9813089e-01   3.6450703e-01
   2.0962500e+03   4.3487179e-01   3.9811099e-01   3.6445501e-01
   2.0963333e+03   4.3492054e-01   3.9811766e-01   3.6442637e-01
   2.0964167e+03   4.3496230e-01   3.9811814e-01   3.6439224e-01
   2.0965000e+03   4.3498773e-01   3.9810417e-01   3.6434537e-01
   2.0965833e+03   4.3498287e-01   3.9806347e-01   3.6427494e-01
   2.0966667e+03   4.3494890e-01   3.9799707e-01   3.6418187e-01
   2.0967500e+03   4.3492457e-01   3.9793916e-01   3.6409625e-01
   2.0968333e+03   4.3495738e-01   3.9793158e-01   3.6405492e-01
   2.0969167e+03   4.3500862e-01   3.9794021e-01   3.6402783e-01
   2.0970000e+03   4.3503323e-01   3.9792535e-01   3.6398003e-01
   2.0970833e+03   4.3503160e-01   3.9788732e-01   3.6391183e-01
   2.0971667e+03   4.3503136e-01   3.9785049e-01   3.6384467e-01
   2.0972500e+03   4.3505016e-01   3.9783041e-01   3.6379222e-01
   2.0973333e+03   4.3509900e-01   3.9783676e-01   3.6376298e-01
   2.0974167e+03   4.3514066e-01   3.9783673e-01   3.6372811e-01
   2.0975000e+03   4.3516589e-01   3.9782222e-01   3.6368047e-01
   2.0975833e+03   4.3516074e-01   3.9778091e-01   3.6360926e-01
   2.0976667e+03   4.3512638e-01   3.9771388e-01   3.6351542e-01
   2.0977500e+03   4.3510170e-01   3.9765534e-01   3.6342902e-01
   2.0978333e+03   4.3513435e-01   3.9764722e-01   3.6338692e-01
   2.0979167e+03   4.3518566e-01   3.9765549e-01   3.6335919e-01
   2.0980000e+03   4.3521047e-01   3.9764042e-01   3.6331091e-01
   2.0980833e+03   4.3520909e-01   3.9760226e-01   3.6324235e-01
   2.0981667e+03   4.3520910e-01   3.9756530e-01   3.6317480e-01
   2.0982500e+03   4.3522812e-01   3.9754503e-01   3.6312190e-01
   2.0983333e+03   4.3527705e-01   3.9755103e-01   3.6309203e-01
   2.0984167e+03   4.3531860e-01   3.9755050e-01   3.6305640e-01
   2.0985000e+03   4.3534364e-01   3.9753542e-01   3.6300798e-01
   2.0985833e+03   4.3533819e-01   3.9749350e-01   3.6293597e-01
   2.0986667e+03   4.3530346e-01   3.9742582e-01   3.6284133e-01
   2.0987500e+03   4.3527842e-01   3.9736664e-01   3.6275413e-01
   2.0988333e+03   4.3531091e-01   3.9735798e-01   3.6271124e-01
   2.0989167e+03   4.3536228e-01   3.9736587e-01   3.6268285e-01
   2.0990000e+03   4.3538730e-01   3.9735056e-01   3.6263408e-01
   2.0990833e+03   4.3538617e-01   3.9731227e-01   3.6256512e-01
   2.0991667e+03   4.3538644e-01   3.9727516e-01   3.6249718e-01
   2.0992500e+03   4.3540567e-01   3.9725469e-01   3.6244379e-01
   2.0993333e+03   4.3545469e-01   3.9726033e-01   3.6241328e-01
   2.0994167e+03   4.3549612e-01   3.9725927e-01   3.6237687e-01
   2.0995000e+03   4.3552098e-01   3.9724362e-01   3.6232763e-01
   2.0995833e+03   4.3551523e-01   3.9720107e-01   3.6225480e-01
   2.0996667e+03   4.3548011e-01   3.9713273e-01   3.6215935e-01
   2.0997500e+03   4.3545472e-01   3.9707289e-01   3.6207133e-01
   2.0998333e+03   4.3548705e-01   3.9706368e-01   3.6202764e-01
   2.0999167e+03   4.3553849e-01   3.9707117e-01   3.6199855e-01
   2.1000000e+03   4.3556369e-01   3.9705563e-01   3.6194926e-01
   2.1000833e+03   4.3556283e-01   3.9701718e-01   3.6187989e-01
   2.1001667e+03   4.3556334e-01   3.9697992e-01   3.6181152e-01
   2.1002500e+03   4.3558279e-01   3.9695922e-01   3.6175764e-01
   2.1003333e+03   4.3563190e-01   3.9696449e-01   3.6172646e-01
   2.1004167e+03   4.3567322e-01   3.9696289e-01   3.6168924e-01
   2.1005000e+03   4.3569788e-01   3.9694666e-01   3.6163918e-01
   2.1005833e+03   4.3569183e-01   3.9690347e-01   3.6156551e-01
   2.1006667e+03   4.3565634e-01   3.9683445e-01   3.6146922e-01
   2.1007500e+03   4.3563059e-01   3.9677395e-01   3.6138037e-01
   2.1008333e+03   4.3566276e-01   3.9676416e-01   3.6133584e-01
   2.1009167e+03   4.3571426e-01   3.9677125e-01   3.6130605e-01
