   2.0000000e+03   1.0000000e+00   1.0000000e+00   1.0000000e+00
   2.0000833e+03   1.0000000e+00   1.0000000e+00   1.0000000e+00
   2.0001667e+03   1.0000000e+00   1.0000000e+00   1.0000000e+00
   2.0002500e+03   1.0000000e+00   1.0000000e+00   1.0000000e+00
   2.0003333e+03   1.0000000e+00   1.0000000e+00   1.0000000e+00
   2.0004167e+03   1.0000000e+00   1.0000000e+00   1.0000000e+00
   2.0005000e+03   1.0000000e+00   1.0000000e+00   1.0000000e+00
   2.0005833e+03   1.0000000e+00   1.0000000e+00   1.0000000e+00
   2.0006667e+03   1.0000000e+00   1.0000000e+00   1.0000000e+00
   2.0007500e+03   1.0000000e+00   1.0000000e+00   1.0000000e+00
   2.0008333e+03   1.0000000e+00   1.0000000e+00   1.0000000e+00
   2.0009167e+03   1.0000000e+00   1.0000000e+00   1.0000000e+00
   2.0010000e+03   9.9999707e-01   9.9999653e-01   9.9999598e-01
   2.0010833e+03   9.9994437e-01   9.9994276e-01   9.9994114e-01
   2.0011667e+03   9.9987888e-01   9.9987567e-01   9.9987246e-01
   2.0012500e+03   9.9984568e-01   9.9984031e-01   9.9983494e-01
   2.0013333e+03   9.9987214e-01   9.9986401e-01   9.9985588e-01
   2.0014167e+03   9.9992280e-01   9.9991132e-01   9.9989984e-01
   2.0015000e+03   9.9996621e-01   9.9995083e-01   9.9993546e-01
   2.0015833e+03   9.9997131e-01   9.9995155e-01   9.9993179e-01
   2.0016667e+03   9.9994420e-01   9.9991957e-01   9.9989494e-01
   2.0017500e+03   9.9992552e-01   9.9989545e-01   9.9986539e-01
   2.0018333e+03   9.9996249e-01   9.9992632e-01   9.9989014e-01
   2.0019167e+03   1.0000047e+00   9.9996181e-01   9.9991895e-01
   2.0020000e+03   1.0000040e+00   9.9995401e-01   9.9990403e-01
   2.0020833e+03   9.9995440e-01   9.9989690e-01   9.9983941e-01
   2.0021667e+03   9.9989220e-01   9.9982669e-01   9.9976118e-01
   2.0022500e+03   9.9986181e-01   9.9978763e-01   9.9971346e-01
   2.0023333e+03   9.9988978e-01   9.9980618e-01   9.9972259e-01
   2.0024167e+03   9.9994055e-01   9.9984687e-01   9.9975320e-01
   2.0025000e+03   9.9998307e-01   9.9987878e-01   9.9977451e-01
   2.0025833e+03   9.9998597e-01   9.9987070e-01   9.9975544e-01
   2.0026667e+03   9.9995598e-01   9.9982932e-01   9.9970268e-01
   2.0027500e+03   9.9993458e-01   9.9979595e-01   9.9965733e-01
   2.0028333e+03   9.9997034e-01   9.9981889e-01   9.9966747e-01
   2.0029167e+03   1.0000134e+00   9.9984855e-01   9.9968371e-01
   2.0030000e+03   1.0000149e+00   9.9983633e-01   9.9965775e-01
   2.0030833e+03   9.9996842e-01   9.9977579e-01   9.9958319e-01
   2.0031667e+03   9.9990946e-01   9.9970235e-01   9.9949528e-01
   2.0032500e+03   9.9988183e-01   9.9965950e-01   9.9943721e-01
   2.0033333e+03   9.9991128e-01   9.9967280e-01   9.9943438e-01
   2.0034167e+03   9.9996210e-01   9.9970677e-01   9.9945150e-01
   2.0035000e+03   1.0000037e+00   9.9973099e-01   9.9945838e-01
   2.0035833e+03   1.0000043e+00   9.9971403e-01   9.9942381e-01
   2.0036667e+03   9.9997140e-01   9.9966318e-01   9.9935505e-01
   2.0037500e+03   9.9994723e-01   9.9962048e-01   9.9929382e-01
   2.0038333e+03   9.9998173e-01   9.9963542e-01   9.9928922e-01
   2.0039167e+03   1.0000257e+00   9.9965914e-01   9.9929276e-01
   2.0040000e+03   1.0000293e+00   9.9964241e-01   9.9925562e-01
   2.0040833e+03   9.9998583e-01   9.9957833e-01   9.9917099e-01
   2.0041667e+03   9.9993008e-01   9.9950158e-01   9.9907325e-01
   2.0042500e+03   9.9990516e-01   9.9945483e-01   9.9900470e-01
   2.0043333e+03   9.9993602e-01   9.9946279e-01   9.9898977e-01
   2.0044167e+03   9.9998685e-01   9.9948995e-01   9.9899328e-01
   2.0045000e+03   1.0000274e+00   9.9950639e-01   9.9898562e-01
   2.0045833e+03   1.0000258e+00   9.9948047e-01   9.9893544e-01
   2.0046667e+03   9.9998987e-01   9.9942009e-01   9.9885061e-01
   2.0047500e+03   9.9996287e-01   9.9936797e-01   9.9877342e-01
   2.0048333e+03   9.9999606e-01   9.9937483e-01   9.9875398e-01
   2.0049167e+03   1.0000408e+00   9.9939253e-01   9.9874469e-01
   2.0050000e+03   1.0000466e+00   9.9937118e-01   9.9869622e-01
   2.0050833e+03   1.0000060e+00   9.9930347e-01   9.9860139e-01
   2.0051667e+03   9.9995344e-01   9.9922330e-01   9.9849369e-01
   2.0052500e+03   9.9993119e-01   9.9917257e-01   9.9841450e-01
   2.0053333e+03   9.9996343e-01   9.9917509e-01   9.9838735e-01
   2.0054167e+03   1.0000142e+00   9.9919535e-01   9.9837713e-01
   2.0055000e+03   1.0000538e+00   9.9920393e-01   9.9835482e-01
   2.0055833e+03   1.0000497e+00   9.9916897e-01   9.9828896e-01
   2.0056667e+03   1.0000108e+00   9.9909898e-01   9.9818799e-01
   2.0057500e+03   9.9998092e-01   9.9903740e-01   9.9809475e-01
   2.0058333e+03   1.0000127e+00   9.9903609e-01   9.9806038e-01
   2.0059167e+03   1.0000582e+00   9.9904767e-01   9.9803813e-01
   2.0060000e+03   1.0000661e+00   9.9902161e-01   9.9797821e-01
   2.0060833e+03   1.0000285e+00   9.9895018e-01   9.9787304e-01
   2.0061667e+03   9.9997896e-01   9.9886650e-01   9.9775525e-01
   2.0062500e+03   9.9995933e-01   9.9881168e-01   9.9766532e-01
   2.0063333e+03   9.9999290e-01   9.9880867e-01   9.9762581e-01
   2.0064167e+03   1.0000436e+00   9.9882194e-01   9.9760175e-01
   2.0065000e+03   1.0000820e+00   9.9882258e-01   9.9756469e-01
   2.0065833e+03   1.0000756e+00   9.9877851e-01   9.9748307e-01
   2.0066667e+03   1.0000336e+00   9.9869886e-01   9.9736590e-01
   2.0067500e+03   1.0000008e+00   9.9862773e-01   9.9725656e-01
   2.0068333e+03   1.0000312e+00   9.9861817e-01   9.9720715e-01
   2.0069167e+03   1.0000773e+00   9.9862355e-01   9.9717184e-01
   2.0070000e+03   1.0000872e+00   9.9859268e-01   9.9710035e-01
   2.0070833e+03   1.0000525e+00   9.9851744e-01   9.9698472e-01
   2.0071667e+03   1.0000060e+00   9.9843016e-01   9.9685671e-01
   2.0072500e+03   9.9998898e-01   9.9837115e-01   9.9675590e-01
   2.0073333e+03   1.0000238e+00   9.9836252e-01   9.9670393e-01
   2.0074167e+03   1.0000744e+00   9.9836872e-01   9.9666592e-01
   2.0075000e+03   1.0001117e+00   9.9836134e-01   9.9661401e-01
   2.0075833e+03   1.0001028e+00   9.9830810e-01   9.9651658e-01
   2.0076667e+03   1.0000576e+00   9.9821871e-01   9.9638315e-01
   2.0077500e+03   1.0000218e+00   9.9813798e-01   9.9625765e-01
   2.0078333e+03   1.0000507e+00   9.9812010e-01   9.9619314e-01
   2.0079167e+03   1.0000976e+00   9.9811918e-01   9.9614464e-01
   2.0080000e+03   1.0001094e+00   9.9808341e-01   9.9606146e-01
   2.0080833e+03   1.0000775e+00   9.9800426e-01   9.9593525e-01
   2.0081667e+03   1.0000341e+00   9.9791329e-01   9.9579691e-01
   2.0082500e+03   1.0000196e+00   9.9785001e-01   9.9568511e-01
   2.0083333e+03   1.0000556e+00   9.9783567e-01   9.9562056e-01
   2.0084167e+03   1.0001060e+00   9.9783470e-01   9.9556851e-01
   2.0085000e+03   1.0001421e+00   9.9781922e-01   9.9550168e-01
   2.0085833e+03   1.0001307e+00   9.9775674e-01   9.9538836e-01
   2.0086667e+03   5.0004114e-01   4.9882878e-01   4.9761932e-01
   2.0087500e+03   5.0002173e-01   4.9878359e-01   4.9754847e-01
   2.0088333e+03   5.0003543e-01   4.9877045e-01   4.9750862e-01
   2.0089167e+03   5.0005915e-01   4.9876679e-01   4.9747774e-01
   2.0090000e+03   5.0006603e-01   4.9874642e-01   4.9743024e-01
   2.0090833e+03   5.0005147e-01   4.9870484e-01   4.9736179e-01
   2.0091667e+03   5.0003125e-01   4.9865746e-01   4.9728740e-01
   2.0092500e+03   5.0002522e-01   4.9862365e-01   4.9722595e-01
   2.0093333e+03   5.0004385e-01   4.9861357e-01   4.9718733e-01
   2.0094167e+03   5.0006890e-01   4.9860947e-01   4.9715424e-01
   2.0095000e+03   5.0008633e-01   4.9859764e-01   4.9711333e-01
   2.0095833e+03   5.0007934e-01   4.9856175e-01   4.9704871e-01
   2.0096667e+03   5.0005351e-01   4.9850724e-01   4.9696568e-01
   2.0097500e+03   5.0003255e-01   4.9845718e-01   4.9688672e-01
   2.0098333e+03   5.0004547e-01   4.9843981e-01   4.9683924e-01
   2.0099167e+03   5.0006947e-01   4.9843292e-01   4.9680167e-01
   2.0100000e+03   5.0007728e-01   4.9841001e-01   4.9674823e-01
   2.0100833e+03   5.0006409e-01   4.9836639e-01   4.9667438e-01
   2.0101667e+03   5.0004533e-01   4.9831707e-01   4.9659471e-01
   2.0102500e+03   5.0004052e-01   4.9828103e-01   4.9652765e-01
   2.0103333e+03   5.0005972e-01   4.9826801e-01   4.9648265e-01
   2.0104167e+03   5.0008462e-01   4.9826025e-01   4.9644245e-01
   2.0105000e+03   5.0010140e-01   4.9824430e-01   4.9639401e-01
   2.0105833e+03   5.0009310e-01   4.9820372e-01   4.9632141e-01
   2.0106667e+03   5.0006562e-01   4.9814426e-01   4.9623021e-01
   2.0107500e+03   5.0004308e-01   4.9808932e-01   4.9614311e-01
   2.0108333e+03   5.0005519e-01   4.9806768e-01   4.9608798e-01
   2.0109167e+03   5.0007944e-01   4.9805752e-01   4.9604368e-01
   2.0110000e+03   5.0008817e-01   4.9803202e-01   4.9598424e-01
   2.0110833e+03   5.0007632e-01   4.9798631e-01   4.9590494e-01
   2.0111667e+03   5.0005900e-01   4.9793502e-01   4.9581996e-01
   2.0112500e+03   5.0005539e-01   4.9789671e-01   4.9574724e-01
   2.0113333e+03   5.0007512e-01   4.9788070e-01   4.9569581e-01
   2.0114167e+03   5.0009986e-01   4.9786924e-01   4.9564847e-01
   2.0115000e+03   5.0011595e-01   4.9784913e-01   4.9559248e-01
   2.0115833e+03   5.0010631e-01   4.9780385e-01   4.9551187e-01
   2.0116667e+03   5.0007715e-01   4.9773941e-01   4.9541249e-01
   2.0117500e+03   5.0005302e-01   4.9767956e-01   4.9531726e-01
   2.0118333e+03   5.0006428e-01   4.9765362e-01   4.9525445e-01
   2.0119167e+03   5.0008876e-01   4.9764014e-01   4.9520339e-01
   2.0120000e+03   5.0009838e-01   4.9761202e-01   4.9513790e-01
   2.0120833e+03   5.0008786e-01   4.9756418e-01   4.9505311e-01
   2.0121667e+03   5.0007195e-01   4.9751086e-01   4.9496275e-01
   2.0122500e+03   5.0006951e-01   4.9747024e-01   4.9488434e-01
   2.0123333e+03   5.0008976e-01   4.9745120e-01   4.9482644e-01
   2.0124167e+03   5.0011430e-01   4.9743601e-01   4.9477193e-01
   2.0125000e+03   5.0012969e-01   4.9741170e-01   4.9470835e-01
   2.0125833e+03   5.0011868e-01   4.9736169e-01   4.9461974e-01
   2.0126667e+03   5.0008781e-01   4.9729226e-01   4.9451218e-01
   2.0127500e+03   5.0006206e-01   4.9722747e-01   4.9440880e-01
   2.0128333e+03   5.0007245e-01   4.9719719e-01   4.9433831e-01
   2.0129167e+03   5.0009714e-01   4.9718036e-01   4.9428044e-01
   2.0130000e+03   5.0010762e-01   4.9714958e-01   4.9420887e-01
   2.0130833e+03   5.0009840e-01   4.9709956e-01   4.9411854e-01
   2.0131667e+03   5.0008388e-01   4.9704417e-01   4.9402277e-01
   2.0132500e+03   5.0008258e-01   4.9700120e-01   4.9393862e-01
   2.0133333e+03   5.0010333e-01   4.9697910e-01   4.9387421e-01
   2.0134167e+03   5.0012764e-01   4.9696013e-01   4.9381250e-01
   2.0135000e+03   5.0014231e-01   4.9693160e-01   4.9374133e-01
   2.0135833e+03   5.0012991e-01   4.9687682e-01   4.9364471e-01
   2.0136667e+03   5.0009731e-01   4.9680238e-01   4.9352897e-01
   2.0137500e+03   5.0006989e-01   4.9673263e-01   4.9341745e-01
   2.0138333e+03   5.0007940e-01   4.9669799e-01   4.9333925e-01
   2.0139167e+03   5.0010426e-01   4.9667777e-01   4.9327455e-01
   2.0140000e+03   5.0011559e-01   4.9664428e-01   4.9319686e-01
   2.0140833e+03   5.0010764e-01   4.9659205e-01   4.9310096e-01
   2.0141667e+03   5.0009450e-01   4.9653455e-01   4.9299974e-01
   2.0142500e+03   5.0009432e-01   4.9648918e-01   4.9290981e-01
   2.0143333e+03   5.0011553e-01   4.9646397e-01   4.9283886e-01
   2.0144167e+03   5.0013960e-01   4.9644120e-01   4.9276993e-01
   2.0145000e+03   5.0015351e-01   4.9640842e-01   4.9269114e-01
   2.0145833e+03   5.0013969e-01   4.9634885e-01   4.9258651e-01
   2.0146667e+03   5.0010533e-01   4.9626937e-01   4.9246260e-01
   2.0147500e+03   5.0007623e-01   4.9619465e-01   4.9234295e-01
   2.0148333e+03   5.0008482e-01   4.9615561e-01   4.9225704e-01
   2.0149167e+03   5.0010984e-01   4.9613196e-01   4.9218548e-01
   2.0150000e+03   5.0012198e-01   4.9609573e-01   4.9210163e-01
   2.0150833e+03   5.0011529e-01   4.9604124e-01   4.9200012e-01
   2.0151667e+03   5.0010349e-01   4.9598160e-01   4.9189342e-01
   2.0152500e+03   5.0010441e-01   4.9593379e-01   4.9179768e-01
   2.0153333e+03   5.0012606e-01   4.9590544e-01   4.9172016e-01
   2.0154167e+03   5.0014986e-01   4.9587883e-01   4.9164399e-01
   2.0155000e+03   5.0016299e-01   4.9584176e-01   4.9155759e-01
   2.0155833e+03   5.0014773e-01   4.9577739e-01   4.9144495e-01
   2.0156667e+03   5.0011157e-01   4.9569285e-01   4.9131289e-01
   2.0157500e+03   5.0008077e-01   4.9561314e-01   4.9118512e-01
   2.0158333e+03   5.0008841e-01   4.9556968e-01   4.9109148e-01
   2.0159167e+03   5.0011356e-01   4.9554257e-01   4.9101305e-01
   2.0160000e+03   5.0012649e-01   4.9550355e-01   4.9092302e-01
   2.0160833e+03   5.0012103e-01   4.9544677e-01   4.9081587e-01
   2.0161667e+03   5.0011056e-01   4.9538494e-01   4.9070364e-01
   2.0162500e+03   5.0011255e-01   4.9533465e-01   4.9060207e-01
   2.0163333e+03   5.0013463e-01   4.9530312e-01   4.9051796e-01
   2.0164167e+03   5.0015812e-01   4.9527264e-01   4.9043453e-01
   2.0165000e+03   5.0017044e-01   4.9523126e-01   4.9034051e-01
   2.0165833e+03   5.0015371e-01   4.9516206e-01   4.9021988e-01
   2.0166667e+03   5.0011574e-01   4.9507246e-01   4.9007968e-01
   2.0167500e+03   5.0008320e-01   4.9498773e-01   4.8994381e-01
   2.0168333e+03   5.0008988e-01   4.9493983e-01   4.8984246e-01
   2.0169167e+03   5.0011513e-01   4.9490922e-01   4.8975712e-01
   2.0170000e+03   5.0012883e-01   4.9486738e-01   4.8966089e-01
   2.0170833e+03   5.0012458e-01   4.9480826e-01   4.8954807e-01
   2.0171667e+03   5.0011540e-01   4.9474420e-01   4.8943030e-01
   2.0172500e+03   5.0011845e-01   4.9469141e-01   4.8932286e-01
   2.0173333e+03   5.0014091e-01   4.9465666e-01   4.8923214e-01
   2.0174167e+03   5.0016409e-01   4.9462227e-01   4.8914145e-01
   2.0175000e+03   5.0017557e-01   4.9457656e-01   4.8903980e-01
   2.0175833e+03   5.0015735e-01   4.9450252e-01   4.8891120e-01
   2.0176667e+03   5.0011753e-01   4.9440783e-01   4.8876288e-01
   2.0177500e+03   5.0008323e-01   4.9431807e-01   4.8861894e-01
   2.0178333e+03   5.0008891e-01   4.9426571e-01   4.8850987e-01
   2.0179167e+03   5.0011424e-01   4.9423156e-01   4.8841763e-01
   2.0180000e+03   5.0012869e-01   4.9418686e-01   4.8831518e-01
   2.0180833e+03   5.0012561e-01   4.9412538e-01   4.8819666e-01
   2.0181667e+03   5.0011771e-01   4.9405905e-01   4.8807332e-01
   2.0182500e+03   5.0012179e-01   4.9400371e-01   4.8796000e-01
   2.0183333e+03   5.0014463e-01   4.9396571e-01   4.8786264e-01
   2.0184167e+03   5.0016745e-01   4.9392739e-01   4.8776470e-01
   2.0185000e+03   5.0017808e-01   4.9387732e-01   4.8765543e-01
   2.0185833e+03   5.0015833e-01   4.9379841e-01   4.8751887e-01
   2.0186667e+03   2.5005832e-01   2.4684932e-01   2.4368124e-01
   2.0187500e+03   2.5004028e-01   2.4680192e-01   2.4360524e-01
   2.0188333e+03   2.5004260e-01   2.4677349e-01   2.4354686e-01
   2.0189167e+03   2.5005530e-01   2.4675464e-01   2.4349728e-01
   2.0190000e+03   2.5006288e-01   2.4673084e-01   2.4344293e-01
   2.0190833e+03   2.5006192e-01   2.4669889e-01   2.4338082e-01
   2.0191667e+03   2.5005860e-01   2.4666458e-01   2.4331635e-01
   2.0192500e+03   2.5006114e-01   2.4663561e-01   2.4325673e-01
   2.0193333e+03   2.5007273e-01   2.4661497e-01   2.4320474e-01
   2.0194167e+03   2.5008395e-01   2.4659384e-01   2.4315213e-01
   2.0195000e+03   2.5008883e-01   2.4656661e-01   2.4309370e-01
   2.0195833e+03   2.5007817e-01   2.4652472e-01   2.4302145e-01
   2.0196667e+03   2.5005638e-01   2.4647227e-01   2.4293923e-01
   2.0197500e+03   2.5003743e-01   2.4642235e-01   2.4285923e-01
   2.0198333e+03   2.5003923e-01   2.4639167e-01   2.4279700e-01
   2.0199167e+03   2.5005194e-01   2.4637102e-01   2.4274397e-01
   2.0200000e+03   2.5005987e-01   2.4634576e-01   2.4268649e-01
   2.0200833e+03   2.5005948e-01   2.4631259e-01   2.4262151e-01
   2.0201667e+03   2.5005677e-01   2.4627711e-01   2.4255424e-01
   2.0202500e+03   2.5005980e-01   2.4624683e-01   2.4249167e-01
   2.0203333e+03   2.5007156e-01   2.4622453e-01   2.4243635e-01
   2.0204167e+03   2.5008258e-01   2.4620140e-01   2.4238012e-01
   2.0205000e+03   2.5008699e-01   2.4617197e-01   2.4231789e-01
   2.0205833e+03   2.5007555e-01   2.4612763e-01   2.4224169e-01
   2.0206667e+03   2.5005280e-01   2.4607264e-01   2.4215547e-01
   2.0207500e+03   2.5003293e-01   2.4602018e-01   2.4207148e-01
   2.0208333e+03   2.5003419e-01   2.4598724e-01   2.4200542e-01
   2.0209167e+03   2.5004690e-01   2.4596478e-01   2.4194893e-01
   2.0210000e+03   2.5005517e-01   2.4593804e-01   2.4188832e-01
   2.0210833e+03   2.5005534e-01   2.4590363e-01   2.4182047e-01
   2.0211667e+03   2.5005323e-01   2.4586696e-01   2.4175039e-01
   2.0212500e+03   2.5005674e-01   2.4583536e-01   2.4168485e-01
   2.0213333e+03   2.5006864e-01   2.4581138e-01   2.4162622e-01
   2.0214167e+03   2.5007945e-01   2.4578625e-01   2.4156636e-01
   2.0215000e+03   2.5008339e-01   2.4575461e-01   2.4150035e-01
   2.0215833e+03   2.5007115e-01   2.4570782e-01   2.4142022e-01
   2.0216667e+03   2.5004742e-01   2.4565026e-01   2.4133002e-01
   2.0217500e+03   2.5002662e-01   2.4559528e-01   2.4124206e-01
   2.0218333e+03   2.5002733e-01   2.4556006e-01   2.4117219e-01
   2.0219167e+03   2.5004003e-01   2.4553577e-01   2.4111223e-01
   2.0220000e+03   2.5004862e-01   2.4550754e-01   2.4104849e-01
   2.0220833e+03   2.5004933e-01   2.4547187e-01   2.4097777e-01
   2.0221667e+03   2.5004781e-01   2.4543400e-01   2.4090488e-01
   2.0222500e+03   2.5005179e-01   2.4540105e-01   2.4083637e-01
   2.0223333e+03   2.5006382e-01   2.4537540e-01   2.4077442e-01
   2.0224167e+03   2.5007441e-01   2.4534824e-01   2.4071094e-01
   2.0225000e+03   2.5007787e-01   2.4531438e-01   2.4064116e-01
   2.0225833e+03   2.5006481e-01   2.4526514e-01   2.4055712e-01
   2.0226667e+03   2.5004009e-01   2.4520502e-01   2.4046297e-01
   2.0227500e+03   2.5001834e-01   2.4514750e-01   2.4037108e-01
   2.0228333e+03   2.5001850e-01   2.4511000e-01   2.4029740e-01
   2.0229167e+03   2.5003117e-01   2.4508388e-01   2.4023399e-01
   2.0230000e+03   2.5004007e-01   2.4505413e-01   2.4016712e-01
   2.0230833e+03   2.5004132e-01   2.4501719e-01   2.4009352e-01
   2.0231667e+03   2.5004038e-01   2.4497811e-01   2.4001782e-01
   2.0232500e+03   2.5004481e-01   2.4494380e-01   2.3994634e-01
   2.0233333e+03   2.5005696e-01   2.4491644e-01   2.3988107e-01
   2.0234167e+03   2.5006731e-01   2.4488726e-01   2.3981399e-01
   2.0235000e+03   2.5007028e-01   2.4485117e-01   2.3974045e-01
   2.0235833e+03   2.5005639e-01   2.4479947e-01   2.3965253e-01
   2.0236667e+03   2.5003067e-01   2.4473679e-01   2.3955446e-01
   2.0237500e+03   2.5000796e-01   2.4467673e-01   2.3945865e-01
   2.0238333e+03   2.5000753e-01   2.4463695e-01   2.3938118e-01
   2.0239167e+03   2.5002017e-01   2.4460898e-01   2.3931433e-01
   2.0240000e+03   2.5002937e-01   2.4457770e-01   2.3924433e-01
   2.0240833e+03   2.5003114e-01   2.4453948e-01   2.3916786e-01
   2.0241667e+03   2.5003077e-01   2.4449915e-01   2.3908934e-01
   2.0242500e+03   2.5003564e-01   2.4446347e-01   2.3901490e-01
   2.0243333e+03   2.5004791e-01   2.4443440e-01   2.3894632e-01
   2.0244167e+03   2.5005800e-01   2.4440318e-01   2.3887565e-01
   2.0245000e+03   2.5006046e-01   2.4436486e-01   2.3879837e-01
   2.0245833e+03   2.5004573e-01   2.4431070e-01   2.3870659e-01
   2.0246667e+03   2.5001899e-01   2.4424545e-01   2.3860462e-01
   2.0247500e+03   2.4999531e-01   2.4418286e-01   2.3850493e-01
   2.0248333e+03   2.4999429e-01   2.4414078e-01   2.3842370e-01
   2.0249167e+03   2.5000688e-01   2.4411095e-01   2.3835342e-01
   2.0250000e+03   2.5001637e-01   2.4407814e-01   2.3828030e-01
   2.0250833e+03   2.5001866e-01   2.4403862e-01   2.3820097e-01
   2.0251667e+03   2.5001887e-01   2.4399707e-01   2.3811966e-01
   2.0252500e+03   2.5002420e-01   2.4396003e-01   2.3804228e-01
   2.0253333e+03   2.5003658e-01   2.4392924e-01   2.3797041e-01
   2.0254167e+03   2.5004637e-01   2.4389595e-01   2.3789613e-01
   2.0255000e+03   2.5004823e-01   2.4385530e-01   2.3781506e-01
   2.0255833e+03   2.5003248e-01   2.4379853e-01   2.3771932e-01
   2.0256667e+03   2.5000449e-01   2.4373052e-01   2.3761330e-01
   2.0257500e+03   2.4997958e-01   2.4366517e-01   2.3750956e-01
   2.0258333e+03   2.4997780e-01   2.4362064e-01   2.3742445e-01
   2.0259167e+03   2.4999031e-01   2.4358892e-01   2.3735072e-01
   2.0260000e+03   2.5000016e-01   2.4355462e-01   2.3727454e-01
   2.0260833e+03   2.5000309e-01   2.4351392e-01   2.3719246e-01
   2.0261667e+03   2.5000402e-01   2.4347126e-01   2.3710846e-01
   2.0262500e+03   2.5000991e-01   2.4343293e-01   2.3702822e-01
   2.0263333e+03   2.5002239e-01   2.4340041e-01   2.3695306e-01
   2.0264167e+03   2.5003181e-01   2.4336496e-01   2.3687512e-01
   2.0265000e+03   2.5003296e-01   2.4332190e-01   2.3679020e-01
   2.0265833e+03   2.5001605e-01   2.4326240e-01   2.3669040e-01
   2.0266667e+03   2.4998668e-01   2.4319151e-01   2.3658027e-01
   2.0267500e+03   2.4996044e-01   2.4312332e-01   2.3647242e-01
   2.0268333e+03   2.4995784e-01   2.4307629e-01   2.3638341e-01
   2.0269167e+03   2.4997024e-01   2.4304264e-01   2.3630622e-01
   2.0270000e+03   2.4998043e-01   2.4300683e-01   2.3622697e-01
   2.0270833e+03   2.4998400e-01   2.4296492e-01   2.3614210e-01
   2.0271667e+03   2.4998562e-01   2.4292110e-01   2.3605540e-01
   2.0272500e+03   2.4999203e-01   2.4288145e-01   2.3597227e-01
   2.0273333e+03   2.5000460e-01   2.4284717e-01   2.3589380e-01
   2.0274167e+03   2.5001363e-01   2.4280955e-01   2.3581221e-01
   2.0275000e+03   2.5001404e-01   2.4276405e-01   2.3572343e-01
   2.0275833e+03   2.4999596e-01   2.4270180e-01   2.3561960e-01
   2.0276667e+03   2.4996518e-01   2.4262803e-01   2.3550536e-01
   2.0277500e+03   2.4993758e-01   2.4255698e-01   2.3539343e-01
   2.0278333e+03   2.4993414e-01   2.4250743e-01   2.3530052e-01
   2.0279167e+03   2.4994642e-01   2.4247183e-01   2.3521986e-01
   2.0280000e+03   2.4995692e-01   2.4243448e-01   2.3513751e-01
   2.0280833e+03   2.4996110e-01   2.4239132e-01   2.3504985e-01
   2.0281667e+03   2.4996340e-01   2.4234632e-01   2.3496042e-01
   2.0282500e+03   2.4997031e-01   2.4230530e-01   2.3487438e-01
   2.0283333e+03   2.4998295e-01   2.4226924e-01   2.3479260e-01
   2.0284167e+03   2.4999156e-01   2.4222942e-01   2.3470734e-01
   2.0285000e+03   2.4999122e-01   2.4218146e-01   2.3461472e-01
   2.0285833e+03   2.4997193e-01   2.4211645e-01   2.3450686e-01
   2.0286667e+03   1.2496986e-01   1.2101989e-01   1.1719427e-01
   2.0287500e+03   1.2495537e-01   1.2098293e-01   1.1713628e-01
   2.0288333e+03   1.2495322e-01   1.2095689e-01   1.1708787e-01
   2.0289167e+03   1.2495928e-01   1.2093810e-01   1.1704581e-01
   2.0290000e+03   1.2496468e-01   1.2091864e-01   1.1700308e-01
   2.0290833e+03   1.2496707e-01   1.2089641e-01   1.1695784e-01
   2.0291667e+03   1.2496854e-01   1.2087331e-01   1.1691175e-01
   2.0292500e+03   1.2497224e-01   1.2085210e-01   1.1686727e-01
   2.0293333e+03   1.2497858e-01   1.2083317e-01   1.1682472e-01
   2.0294167e+03   1.2498267e-01   1.2081215e-01   1.1678026e-01
   2.0295000e+03   1.2498211e-01   1.2078693e-01   1.1673203e-01
   2.0295833e+03   1.2497185e-01   1.2075304e-01   1.1667610e-01
   2.0296667e+03   1.2495502e-01   1.2071324e-01   1.1661492e-01
   2.0297500e+03   1.2493983e-01   1.2067485e-01   1.1655490e-01
   2.0298333e+03   1.2493723e-01   1.2064753e-01   1.1650456e-01
   2.0299167e+03   1.2494321e-01   1.2062774e-01   1.1646076e-01
   2.0300000e+03   1.2494875e-01   1.2060747e-01   1.1641647e-01
   2.0300833e+03   1.2495142e-01   1.2058460e-01   1.1636982e-01
   2.0301667e+03   1.2495322e-01   1.2056088e-01   1.1632236e-01
   2.0302500e+03   1.2495716e-01   1.2053897e-01   1.1627642e-01
   2.0303333e+03   1.2496352e-01   1.2051911e-01   1.1623220e-01
   2.0304167e+03   1.2496735e-01   1.2049696e-01   1.1618590e-01
   2.0305000e+03   1.2496635e-01   1.2047046e-01   1.1613573e-01
   2.0305833e+03   1.2495541e-01   1.2043512e-01   1.1607776e-01
   2.0306667e+03   1.2493775e-01   1.2039379e-01   1.1601450e-01
   2.0307500e+03   1.2492175e-01   1.2035387e-01   1.1595241e-01
   2.0308333e+03   1.2491863e-01   1.2032521e-01   1.1590009e-01
   2.0309167e+03   1.2492449e-01   1.2030439e-01   1.1585454e-01
   2.0310000e+03   1.2493017e-01   1.2028334e-01   1.1580872e-01
   2.0310833e+03   1.2493317e-01   1.2025984e-01   1.1576070e-01
   2.0311667e+03   1.2493533e-01   1.2023553e-01   1.1571190e-01
   2.0312500e+03   1.2493953e-01   1.2021294e-01   1.1566453e-01
   2.0313333e+03   1.2494588e-01   1.2019216e-01   1.1561866e-01
   2.0314167e+03   1.2494943e-01   1.2016884e-01   1.1557052e-01
   2.0315000e+03   1.2494794e-01   1.2014103e-01   1.1551840e-01
   2.0315833e+03   1.2493624e-01   1.2010420e-01   1.1545839e-01
   2.0316667e+03   1.2491769e-01   1.2006130e-01   1.1539305e-01
   2.0317500e+03   1.2490084e-01   1.2001983e-01   1.1532889e-01
   2.0318333e+03   1.2489716e-01   1.1998981e-01   1.1527461e-01
   2.0319167e+03   1.2490289e-01   1.1996796e-01   1.1522733e-01
   2.0320000e+03   1.2490871e-01   1.1994611e-01   1.1517999e-01
   2.0320833e+03   1.2491201e-01   1.1992198e-01   1.1513060e-01
   2.0321667e+03   1.2491451e-01   1.1989708e-01   1.1508047e-01
   2.0322500e+03   1.2491896e-01   1.1987379e-01   1.1503169e-01
   2.0323333e+03   1.2492529e-01   1.1985208e-01   1.1498418e-01
   2.0324167e+03   1.2492854e-01   1.1982759e-01   1.1493421e-01
   2.0325000e+03   1.2492654e-01   1.1979847e-01   1.1488018e-01
   2.0325833e+03   1.2491408e-01   1.1976015e-01   1.1481815e-01
   2.0326667e+03   1.2489462e-01   1.1971568e-01   1.1475076e-01
   2.0327500e+03   1.2487690e-01   1.1967266e-01   1.1468457e-01
   2.0328333e+03   1.2487264e-01   1.1964129e-01   1.1462835e-01
   2.0329167e+03   1.2487823e-01   1.1961840e-01   1.1457937e-01
   2.0330000e+03   1.2488416e-01   1.1959574e-01   1.1453051e-01
   2.0330833e+03   1.2488776e-01   1.1957097e-01   1.1447977e-01
   2.0331667e+03   1.2489059e-01   1.1954546e-01   1.1442833e-01
   2.0332500e+03   1.2489527e-01   1.1952148e-01   1.1437813e-01
   2.0333333e+03   1.2490157e-01   1.1949882e-01   1.1432900e-01
   2.0334167e+03   1.2490449e-01   1.1947317e-01   1.1427723e-01
   2.0335000e+03   1.2490198e-01   1.1944273e-01   1.1422130e-01
   2.0335833e+03   1.2488873e-01   1.1940292e-01   1.1415729e-01
   2.0336667e+03   1.2486835e-01   1.1935689e-01   1.1408790e-01
   2.0337500e+03   1.2484974e-01   1.1931232e-01   1.1401970e-01
   2.0338333e+03   1.2484489e-01   1.1927960e-01   1.1396158e-01
   2.0339167e+03   1.2485032e-01   1.1925567e-01   1.1391090e-01
   2.0340000e+03   1.2485636e-01   1.1923219e-01   1.1386054e-01
   2.0340833e+03   1.2486023e-01   1.1920677e-01   1.1380846e-01
   2.0341667e+03   1.2486338e-01   1.1918065e-01   1.1375572e-01
   2.0342500e+03   1.2486827e-01   1.1915596e-01   1.1370412e-01
   2.0343333e+03   1.2487452e-01   1.1913236e-01   1.1365339e-01
   2.0344167e+03   1.2487711e-01   1.1910553e-01   1.1359985e-01
   2.0345000e+03   1.2487405e-01   1.1907377e-01   1.1354205e-01
   2.0345833e+03   1.2486000e-01   1.1903249e-01   1.1347609e-01
   2.0346667e+03   1.2483869e-01   1.1898490e-01   1.1340472e-01
   2.0347500e+03   1.2481917e-01   1.1893879e-01   1.1333457e-01
   2.0348333e+03   1.2481372e-01   1.1890471e-01   1.1327456e-01
   2.0349167e+03   1.2481897e-01   1.1887974e-01   1.1322221e-01
   2.0350000e+03   1.2482510e-01   1.1885544e-01   1.1317038e-01
   2.0350833e+03   1.2482923e-01   1.1882936e-01   1.1311697e-01
   2.0351667e+03   1.2483268e-01   1.1880262e-01   1.1306292e-01
   2.0352500e+03   1.2483777e-01   1.1877721e-01   1.1300995e-01
   2.0353333e+03   1.2484396e-01   1.1875266e-01   1.1295764e-01
   2.0354167e+03   1.2484619e-01   1.1872466e-01   1.1290234e-01
   2.0355000e+03   1.2484259e-01   1.1869159e-01   1.1284270e-01
   2.0355833e+03   1.2482772e-01   1.1864882e-01   1.1277483e-01
   2.0356667e+03   6.2402727e-02   5.9299841e-02   5.6350765e-02
   2.0357500e+03   6.2392507e-02   5.9276021e-02   5.6314723e-02
   2.0358333e+03   6.2389474e-02   5.9258303e-02   5.6283795e-02
   2.0359167e+03   6.2392001e-02   5.9245292e-02   5.6256799e-02
   2.0360000e+03   6.2395100e-02   5.9232730e-02   5.6230148e-02
   2.0360833e+03   6.2397292e-02   5.9219358e-02   5.6202785e-02
   2.0361667e+03   6.2399158e-02   5.9205671e-02   5.6175125e-02
   2.0362500e+03   6.2401796e-02   5.9192604e-02   5.6147954e-02
   2.0363333e+03   6.2404849e-02   5.9179853e-02   5.6121015e-02
   2.0364167e+03   6.2405784e-02   5.9165264e-02   5.6092505e-02
   2.0365000e+03   6.2403696e-02   5.9148071e-02   5.6061782e-02
   2.0365833e+03   6.2395847e-02   5.9125954e-02   5.6026908e-02
   2.0366667e+03   6.2384229e-02   5.9100611e-02   5.5989310e-02
   2.0367500e+03   6.2373541e-02   5.9076028e-02   5.5952325e-02
   2.0368333e+03   6.2370191e-02   5.9057634e-02   5.5920488e-02
   2.0369167e+03   6.2372614e-02   5.9044097e-02   5.5892680e-02
   2.0370000e+03   6.2375741e-02   5.9031119e-02   5.5865307e-02
   2.0370833e+03   6.2378050e-02   5.9017411e-02   5.5837293e-02
   2.0371667e+03   6.2380050e-02   5.9003405e-02   5.5809000e-02
   2.0372500e+03   6.2382773e-02   5.8989974e-02   5.5781155e-02
   2.0373333e+03   6.2385779e-02   5.8976743e-02   5.5753446e-02
   2.0374167e+03   6.2386522e-02   5.8961566e-02   5.5724086e-02
   2.0375000e+03   6.2384142e-02   5.8943718e-02   5.5692476e-02
   2.0375833e+03   6.2375869e-02   5.8920868e-02   5.5656682e-02
   2.0376667e+03   6.2363759e-02   5.8894756e-02   5.5618157e-02
   2.0377500e+03   6.2352595e-02   5.8869414e-02   5.5580249e-02
   2.0378333e+03   6.2348919e-02   5.8850346e-02   5.5547521e-02
   2.0379167e+03   6.2351230e-02   5.8836283e-02   5.5518914e-02
   2.0380000e+03   6.2354378e-02   5.8822886e-02   5.5490828e-02
   2.0380833e+03   6.2356795e-02   5.8808838e-02   5.5462172e-02
   2.0381667e+03   6.2358923e-02   5.8794510e-02   5.5433254e-02
   2.0382500e+03   6.2361724e-02   5.8780710e-02   5.5404743e-02
   2.0383333e+03   6.2364674e-02   5.8766999e-02   5.5376274e-02
   2.0384167e+03   6.2365218e-02   5.8751233e-02   5.5346080e-02
   2.0385000e+03   6.2362538e-02   5.8732731e-02   5.5313599e-02
   2.0385833e+03   6.2353833e-02   5.8709151e-02   5.5276906e-02
   2.0386667e+03   6.2341223e-02   5.8682275e-02   5.5237475e-02
   2.0387500e+03   6.2329576e-02   5.8656178e-02   5.5198664e-02
   2.0388333e+03   6.2325566e-02   5.8636439e-02   5.5165064e-02
   2.0389167e+03   6.2327757e-02   5.8621848e-02   5.5135670e-02
   2.0390000e+03   6.2330919e-02   5.8608030e-02   5.5106882e-02
   2.0390833e+03   6.2333437e-02   5.8593639e-02   5.5077593e-02
   2.0391667e+03   6.2335685e-02   5.8578986e-02   5.5048059e-02
   2.0392500e+03   6.2338555e-02   5.8564816e-02   5.5018891e-02
   2.0393333e+03   6.2341442e-02   5.8550622e-02   5.4989674e-02
   2.0394167e+03   6.2341780e-02   5.8534269e-02   5.4958661e-02
   2.0395000e+03   6.2338791e-02   5.8515115e-02   5.4925326e-02
   2.0395833e+03   6.2329646e-02   5.8490809e-02   5.4887754e-02
   2.0396667e+03   6.2316529e-02   5.8463174e-02   5.4847439e-02
   2.0397500e+03   6.2304390e-02   5.8436326e-02   5.4807748e-02
   2.0398333e+03   6.2300040e-02   5.8415917e-02   5.4773293e-02
   2.0399167e+03   6.2302103e-02   5.8400798e-02   5.4743126e-02
   2.0400000e+03   6.2305270e-02   5.8386558e-02   5.4713646e-02
   2.0400833e+03   6.2307882e-02   5.8371821e-02   5.4683734e-02
   2.0401667e+03   6.2310242e-02   5.8356840e-02   5.4653593e-02
   2.0402500e+03   6.2313175e-02   5.8342296e-02   5.4623779e-02
   2.0403333e+03   6.2315991e-02   5.8327619e-02   5.4593828e-02
   2.0404167e+03   6.2316114e-02   5.8310680e-02   5.4562010e-02
   2.0405000e+03   6.2312809e-02   5.8290875e-02   5.4527840e-02
   2.0405833e+03   6.2303217e-02   5.8265847e-02   5.4489409e-02
   2.0406667e+03   6.2289585e-02   5.8237458e-02   5.4448234e-02
   2.0407500e+03   6.2276947e-02   5.8209865e-02   5.4407685e-02
   2.0408333e+03   6.2272248e-02   5.8188790e-02   5.4372393e-02
   2.0409167e+03   6.2274176e-02   5.8173143e-02   5.4341468e-02
   2.0410000e+03   6.2277340e-02   5.8158478e-02   5.4311309e-02
   2.0410833e+03   6.2280039e-02   5.8143393e-02   5.4280782e-02
   2.0411667e+03   6.2282504e-02   5.8128081e-02   5.4250044e-02
   2.0412500e+03   6.2285490e-02   5.8113162e-02   5.4219594e-02
   2.0413333e+03   6.2288228e-02   5.8098001e-02   5.4188922e-02
   2.0414167e+03   6.2288128e-02   5.8080477e-02   5.4156317e-02
   2.0415000e+03   6.2284500e-02   5.8060024e-02   5.4121330e-02
   2.0415833e+03   6.2274453e-02   5.8034278e-02   5.4082062e-02
   2.0416667e+03   6.2260298e-02   5.8005141e-02   5.4040049e-02
   2.0417500e+03   6.2247154e-02   5.7976808e-02   5.3998665e-02
   2.0418333e+03   6.2242098e-02   5.7955069e-02   5.3962556e-02
   2.0419167e+03   6.2243883e-02   5.7938894e-02   5.3930888e-02
   2.0420000e+03   6.2247037e-02   5.7923803e-02   5.3900062e-02
   2.0420833e+03   6.2249814e-02   5.7908369e-02   5.3868932e-02
   2.0421667e+03   6.2252376e-02   5.7892723e-02   5.3837606e-02
   2.0422500e+03   6.2255410e-02   5.7877426e-02   5.3806532e-02
   2.0423333e+03   6.2258061e-02   5.7861782e-02   5.3775153e-02
   2.0424167e+03   6.2257731e-02   5.7843673e-02   5.3741778e-02
   2.0425000e+03   6.2253772e-02   5.7822576e-02   5.3705994e-02
   2.0425833e+03   6.2243262e-02   5.7796118e-02   5.3665911e-02
   2.0426667e+03   6.2228577e-02   5.7766238e-02   5.3623084e-02
   2.0427500e+03   6.2214919e-02   5.7737170e-02   5.3580887e-02
   2.0428333e+03   6.2209499e-02   5.7714771e-02   5.3543982e-02
   2.0429167e+03   6.2211133e-02   5.7698069e-02   5.3511586e-02
   2.0430000e+03   6.2214269e-02   5.7682552e-02   5.3480105e-02
   2.0430833e+03   6.2217117e-02   5.7666765e-02   5.3448384e-02
   2.0431667e+03   6.2219769e-02   5.7650784e-02   5.3416482e-02
   2.0432500e+03   6.2222842e-02   5.7635109e-02   5.3384795e-02
   2.0433333e+03   6.2225399e-02   5.7618981e-02   5.3352724e-02
   2.0434167e+03   6.2224831e-02   5.7600289e-02   5.3318596e-02
   2.0435000e+03   6.2220532e-02   5.7578550e-02   5.3282034e-02
   2.0435833e+03   6.2209552e-02   5.7551385e-02   5.3241159e-02
   2.0436667e+03   6.2194330e-02   5.7520770e-02   5.3197542e-02
   2.0437500e+03   6.2180151e-02   5.7490974e-02   5.3154557e-02
   2.0438333e+03   6.2174359e-02   5.7467918e-02   5.3116876e-02
   2.0439167e+03   6.2175834e-02   5.7450690e-02   5.3083768e-02
   2.0440000e+03   6.2178945e-02   5.7434746e-02   5.3051647e-02
   2.0440833e+03   6.2181856e-02   5.7418605e-02   5.3019346e-02
   2.0441667e+03   6.2184590e-02   5.7402287e-02   5.2986878e-02
   2.0442500e+03   6.2187694e-02   5.7386231e-02   5.2954592e-02
   2.0443333e+03   6.2190149e-02   5.7369619e-02   5.2921843e-02
   2.0444167e+03   6.2189335e-02   5.7350348e-02   5.2886981e-02
   2.0445000e+03   6.2184690e-02   5.7327971e-02   5.2849661e-02
   2.0445833e+03   6.2173233e-02   5.7300104e-02   5.2808018e-02
   2.0446667e+03   6.2157466e-02   5.7268760e-02   5.2763635e-02
   2.0447500e+03   6.2142758e-02   5.7238242e-02   5.2719887e-02
   2.0448333e+03   6.2136587e-02   5.7214535e-02   5.2681451e-02
   2.0449167e+03   6.2137895e-02   5.7196782e-02   5.2647649e-02
   2.0450000e+03   6.2140973e-02   5.7180410e-02   5.2614901e-02
   2.0450833e+03   6.2143940e-02   5.7163914e-02   5.2582031e-02
   2.0451667e+03   6.2146749e-02   5.7147257e-02   5.2549011e-02
   2.0452500e+03   6.2149876e-02   5.7130819e-02   5.2516137e-02
   2.0453333e+03   6.2152222e-02   5.7113724e-02   5.2482726e-02
   2.0454167e+03   6.2151154e-02   5.7093876e-02   5.2447149e-02
   2.0455000e+03   6.2146155e-02   5.7070865e-02   5.2409093e-02
   2.0455833e+03   6.2134213e-02   5.7042302e-02   5.2366704e-02
   2.0456667e+03   6.2117895e-02   5.7010236e-02   5.2321582e-02
   2.0457500e+03   6.2102650e-02   5.6979004e-02   5.2277095e-02
   2.0458333e+03   6.2096092e-02   5.6954650e-02   5.2237926e-02
   2.0459167e+03   6.2097226e-02   5.6936373e-02   5.2203447e-02
   2.0460000e+03   6.2100264e-02   5.6919573e-02   5.2170086e-02
   2.0460833e+03   6.2103278e-02   5.6902721e-02   5.2136661e-02
   2.0461667e+03   6.2106154e-02   5.6885724e-02   5.2103101e-02
   2.0462500e+03   6.2109297e-02   5.6868905e-02   5.2069653e-02
   2.0463333e+03   6.2111526e-02   5.6851328e-02   5.2035597e-02
   2.0464167e+03   6.2110197e-02   5.6830904e-02   5.1999324e-02
   2.0465000e+03   6.2104836e-02   5.6807264e-02   5.1960552e-02
   2.0465833e+03   6.2092402e-02   5.6778013e-02   5.1917443e-02
   2.0466667e+03   6.2075524e-02   5.6745232e-02   5.1871607e-02
   2.0467500e+03   6.2059737e-02   5.6713293e-02   5.1826407e-02
   2.0468333e+03   6.2052785e-02   5.6688296e-02   5.1786527e-02
   2.0469167e+03   6.2053737e-02   5.6669498e-02   5.1751387e-02
   2.0470000e+03   6.2056726e-02   5.6652271e-02   5.1717430e-02
   2.0470833e+03   6.2059781e-02   5.6635061e-02   5.1683463e-02
   2.0471667e+03   6.2062715e-02   5.6617723e-02   5.1649374e-02
   2.0472500e+03   6.2065867e-02   5.6600522e-02   5.1615368e-02
   2.0473333e+03   6.2067971e-02   5.6582464e-02   5.1580683e-02
   2.0474167e+03   6.2066373e-02   5.6561469e-02   5.1543733e-02
   2.0475000e+03   6.2060643e-02   5.6537204e-02   5.1504268e-02
   2.0475833e+03   6.2047710e-02   5.6507271e-02   5.1460463e-02
   2.0476667e+03   6.2030266e-02   5.6473784e-02   5.1413939e-02
   2.0477500e+03   6.2013929e-02   5.6441146e-02   5.1368051e-02
   2.0478333e+03   6.2006575e-02   5.6415512e-02   5.1327484e-02
   2.0479167e+03   6.2007338e-02   5.6396195e-02   5.1291702e-02
   2.0480000e+03   6.2010270e-02   5.6378540e-02   5.1257163e-02
   2.0480833e+03   6.2013357e-02   5.6360973e-02   5.1222669e-02
   2.0481667e+03   6.2016343e-02   5.6343293e-02   5.1188066e-02
   2.0482500e+03   6.2019496e-02   5.6325709e-02   5.1153514e-02
   2.0483333e+03   6.2021467e-02   5.6307172e-02   5.1118217e-02
   2.0484167e+03   6.2019593e-02   5.6285609e-02   5.1080611e-02
   2.0485000e+03   6.2013486e-02   5.6260725e-02   5.1040475e-02
   2.0485833e+03   6.2000046e-02   5.6230116e-02   5.0996000e-02
   2.0486667e+03   6.1982030e-02   5.6195933e-02   5.0948815e-02
   2.0487500e+03   6.1965136e-02   5.6162603e-02   5.0902266e-02
   2.0488333e+03   6.1957373e-02   5.6136338e-02   5.0861033e-02
   2.0489167e+03   6.1957939e-02   5.6116504e-02   5.0824629e-02
   2.0490000e+03   6.1960807e-02   5.6098423e-02   5.0789525e-02
   2.0490833e+03   6.1963919e-02   5.6080498e-02   5.0754516e-02
   2.0491667e+03   6.1966949e-02   5.6062476e-02   5.0719413e-02
   2.0492500e+03   6.1970095e-02   5.6044510e-02   5.0684331e-02
   2.0493333e+03   6.1971925e-02   5.6025495e-02   5.0648441e-02
   2.0494167e+03   6.1969767e-02   5.6003369e-02   5.0610199e-02
   2.0495000e+03   6.1963276e-02   5.5977871e-02   5.0569415e-02
   2.0495833e+03   6.1949323e-02   5.5946595e-02   5.0524294e-02
   2.0496667e+03   6.1930728e-02   5.5911722e-02   5.0476475e-02
   2.0497500e+03   6.1913270e-02   5.5877710e-02   5.0429292e-02
   2.0498333e+03   6.1905091e-02   5.5850820e-02   5.0387418e-02
   2.0499167e+03   6.1905451e-02   5.5830473e-02   5.0350411e-02
   2.0500000e+03   6.1908248e-02   5.5811967e-02   5.0314757e-02
   2.0500833e+03   6.1911378e-02   5.5793684e-02   5.0279249e-02
   2.0501667e+03   6.1914443e-02   5.5775319e-02   5.0243660e-02
   2.0502500e+03   6.1917574e-02   5.5756971e-02   5.0208063e-02
   2.0503333e+03   6.1919259e-02   5.5737483e-02   5.0171599e-02
   2.0504167e+03   6.1916814e-02   5.5714801e-02   5.0132746e-02
   2.0505000e+03   6.1909940e-02   5.5688701e-02   5.0091342e-02
   2.0505833e+03   6.1895480e-02   5.5656776e-02   5.0045610e-02
   2.0506667e+03   6.1876315e-02   5.5621237e-02   4.9997194e-02
   2.0507500e+03   6.1858305e-02   5.5586565e-02   4.9949414e-02
   2.0508333e+03   6.1849718e-02   5.5559069e-02   4.9906933e-02
   2.0509167e+03   6.1849874e-02   5.5538218e-02   4.9869347e-02
   2.0510000e+03   6.1852594e-02   5.5519292e-02   4.9833165e-02
   2.0510833e+03   6.1855733e-02   5.5500653e-02   4.9797175e-02
   2.0511667e+03   6.1858826e-02   5.5481946e-02   4.9761116e-02
   2.0512500e+03   6.1861935e-02   5.5463219e-02   4.9725024e-02
   2.0513333e+03   6.1863471e-02   5.5443264e-02   4.9688009e-02
   2.0514167e+03   6.1860740e-02   5.5420039e-02   4.9648573e-02
   2.0515000e+03   6.1853484e-02   5.5393352e-02   4.9606581e-02
   2.0515833e+03   6.1838520e-02   5.5360795e-02   4.9560271e-02
   2.0516667e+03   6.1818787e-02   5.5324607e-02   4.9511292e-02
   2.0517500e+03   6.1800225e-02   5.5289291e-02   4.9462949e-02
   2.0518333e+03   6.1791226e-02   5.5261199e-02   4.9419889e-02
   2.0519167e+03   6.1791171e-02   5.5239851e-02   4.9381749e-02
   2.0520000e+03   6.1793808e-02   5.5220508e-02   4.9345059e-02
   2.0520833e+03   6.1796949e-02   5.5201515e-02   4.9308606e-02
   2.0521667e+03   6.1800063e-02   5.5182469e-02   4.9272096e-02
   2.0522500e+03   6.1803143e-02   5.5163367e-02   4.9235527e-02
   2.0523333e+03   6.1804523e-02   5.5142951e-02   4.9197984e-02
   2.0524167e+03   6.1801499e-02   5.5119188e-02   4.9157990e-02
   2.0525000e+03   6.1793855e-02   5.5091922e-02   4.9115436e-02
   2.0525833e+03   6.1778380e-02   5.5058744e-02   4.9068577e-02
   2.0526667e+03   6.1758075e-02   5.5021918e-02   4.9019066e-02
   2.0527500e+03   6.1738954e-02   5.4985970e-02   4.8970190e-02
   2.0528333e+03   6.1729536e-02   5.4957291e-02   4.8926578e-02
   2.0529167e+03   6.1729264e-02   5.4935451e-02   4.8887908e-02
   2.0530000e+03   6.1731812e-02   5.4915697e-02   4.8850730e-02
   2.0530833e+03   6.1734948e-02   5.4896353e-02   4.8813833e-02
   2.0531667e+03   6.1738074e-02   5.4876970e-02   4.8776891e-02
   2.0532500e+03   6.1741119e-02   5.4857496e-02   4.8739866e-02
   2.0533333e+03   6.1742335e-02   5.4836623e-02   4.8701817e-02
   2.0534167e+03   6.1739012e-02   5.4812331e-02   4.8661289e-02
   2.0535000e+03   6.1730974e-02   5.4784495e-02   4.8618200e-02
   2.0535833e+03   6.1714983e-02   5.4750705e-02   4.8570822e-02
   2.0536667e+03   6.1694098e-02   5.4713254e-02   4.8520809e-02
   2.0537500e+03   6.1674414e-02   5.4676685e-02   4.8471430e-02
   2.0538333e+03   6.1664571e-02   5.4647428e-02   4.8427293e-02
   2.0539167e+03   6.1664075e-02   5.4625104e-02   4.8388116e-02
   2.0540000e+03   6.1666525e-02   5.4604941e-02   4.8350473e-02
   2.0540833e+03   6.1669649e-02   5.4585249e-02   4.8313151e-02
   2.0541667e+03   6.1672782e-02   5.4565533e-02   4.8275795e-02
   2.0542500e+03   6.1675784e-02   5.4545691e-02   4.8238334e-02
   2.0543333e+03   6.1676830e-02   5.4524368e-02   4.8199801e-02
   2.0544167e+03   6.1673201e-02   5.4499554e-02   4.8158766e-02
   2.0545000e+03   6.1664762e-02   5.4471156e-02   4.8115168e-02
   2.0545833e+03   6.1648248e-02   5.4436766e-02   4.8067300e-02
   2.0546667e+03   6.1626779e-02   5.4398701e-02   4.8016816e-02
   2.0547500e+03   6.1606526e-02   5.4361522e-02   4.7966964e-02
   2.0548333e+03   6.1596252e-02   5.4331698e-02   4.7922330e-02
   2.0549167e+03   6.1595525e-02   5.4308895e-02   4.7882669e-02
   2.0550000e+03   6.1597871e-02   5.4288329e-02   4.7844582e-02
   2.0550833e+03   6.1600976e-02   5.4268293e-02   4.7806855e-02
   2.0551667e+03   6.1604107e-02   5.4248247e-02   4.7769106e-02
   2.0552500e+03   6.1607060e-02   5.4228040e-02   4.7731228e-02
   2.0553333e+03   6.1607929e-02   5.4206272e-02   4.7692235e-02
   2.0554167e+03   6.1603987e-02   5.4180943e-02   4.7650717e-02
   2.0555000e+03   6.1595141e-02   5.4151994e-02   4.7606638e-02
   2.0555833e+03   6.1578099e-02   5.4117015e-02   4.7558309e-02
   2.0556667e+03   6.1556040e-02   5.4078348e-02   4.7507384e-02
   2.0557500e+03   6.1535212e-02   5.4040573e-02   4.7457088e-02
   2.0558333e+03   6.1524502e-02   5.4010191e-02   4.7411986e-02
   2.0559167e+03   6.1523537e-02   5.3986915e-02   4.7371865e-02
   2.0560000e+03   6.1525772e-02   5.3965951e-02   4.7333354e-02
   2.0560833e+03   6.1528850e-02   5.3945575e-02   4.7295242e-02
   2.0561667e+03   6.1531974e-02   5.3925202e-02   4.7257119e-02
   2.0562500e+03   6.1534870e-02   5.3904634e-02   4.7218845e-02
   2.0563333e+03   6.1535555e-02   5.3882428e-02   4.7179414e-02
   2.0564167e+03   6.1531294e-02   5.3856593e-02   4.7137440e-02
   2.0565000e+03   6.1522034e-02   5.3827100e-02   4.7092907e-02
   2.0565833e+03   6.1504459e-02   5.3791545e-02   4.7044146e-02
   2.0566667e+03   6.1481806e-02   5.3752289e-02   4.6992810e-02
   2.0567500e+03   6.1460397e-02   5.3713929e-02   4.6942101e-02
   2.0568333e+03   6.1449244e-02   5.3682998e-02   4.6896557e-02
   2.0569167e+03   6.1448035e-02   5.3659258e-02   4.6856001e-02
   2.0570000e+03   6.1450151e-02   5.3637901e-02   4.6817089e-02
   2.0570833e+03   6.1453197e-02   5.3617188e-02   4.6778612e-02
   2.0571667e+03   6.1456305e-02   5.3596493e-02   4.6740133e-02
   2.0572500e+03   6.1459137e-02   5.3575569e-02   4.6701485e-02
   2.0573333e+03   6.1459632e-02   5.3552929e-02   4.6661639e-02
   2.0574167e+03   6.1455045e-02   5.3526596e-02   4.6619233e-02
   2.0575000e+03   6.1445366e-02   5.3496571e-02   4.6574274e-02
   2.0575833e+03   6.1427252e-02   5.3460450e-02   4.6525110e-02
   2.0576667e+03   6.1403998e-02   5.3420618e-02   4.6473394e-02
   2.0577500e+03   6.1382005e-02   5.3381686e-02   4.6422301e-02
   2.0578333e+03   6.1370403e-02   5.3350218e-02   4.6376344e-02
   2.0579167e+03   6.1368943e-02   5.3326019e-02   4.6335377e-02
   2.0580000e+03   6.1370934e-02   5.3304274e-02   4.6296085e-02
   2.0580833e+03   6.1373939e-02   5.3283230e-02   4.6257262e-02
   2.0581667e+03   6.1377025e-02   5.3262215e-02   4.6218449e-02
   2.0582500e+03   6.1379787e-02   5.3240940e-02   4.6179446e-02
   2.0583333e+03   6.1380084e-02   5.3217874e-02   4.6139209e-02
   2.0584167e+03   6.1375165e-02   5.3191051e-02   4.6096397e-02
   2.0585000e+03   6.1365061e-02   5.3160503e-02   4.6051038e-02
   2.0585833e+03   6.1346402e-02   5.3123828e-02   4.6001501e-02
   2.0586667e+03   6.1322544e-02   5.3083434e-02   4.5949434e-02
   2.0587500e+03   6.1299960e-02   5.3043943e-02   4.5897989e-02
   2.0588333e+03   6.1287904e-02   5.3011947e-02   4.5851645e-02
   2.0589167e+03   6.1286186e-02   5.2987298e-02   4.5810291e-02
   2.0590000e+03   6.1288046e-02   5.2965171e-02   4.5770641e-02
   2.0590833e+03   6.1291004e-02   5.2943799e-02   4.5731493e-02
   2.0591667e+03   6.1294060e-02   5.2922469e-02   4.5692365e-02
   2.0592500e+03   6.1296744e-02   5.2900848e-02   4.5653029e-02
   2.0593333e+03   6.1296838e-02   5.2877362e-02   4.5612423e-02
   2.0594167e+03   6.1291580e-02   5.2850058e-02   4.5569231e-02
   2.0595000e+03   6.1281045e-02   5.2818997e-02   4.5523499e-02
   2.0595833e+03   6.1261837e-02   5.2781782e-02   4.5473618e-02
   2.0596667e+03   6.1237369e-02   5.2740838e-02   4.5421231e-02
   2.0597500e+03   6.1214190e-02   5.2700801e-02   4.5369462e-02
   2.0598333e+03   6.1201674e-02   5.2668289e-02   4.5322760e-02
   2.0599167e+03   6.1199692e-02   5.2643197e-02   4.5281043e-02
   2.0600000e+03   6.1201412e-02   5.2620693e-02   4.5241057e-02
   2.0600833e+03   6.1204316e-02   5.2598998e-02   4.5201605e-02
   2.0601667e+03   6.1207337e-02   5.2577358e-02   4.5162181e-02
   2.0602500e+03   6.1209936e-02   5.2555395e-02   4.5122533e-02
   2.0603333e+03   6.1209819e-02   5.2531496e-02   4.5081582e-02
   2.0604167e+03   6.1204216e-02   5.2503721e-02   4.5038035e-02
   2.0605000e+03   6.1193245e-02   5.2472158e-02   4.4991958e-02
   2.0605833e+03   6.1173482e-02   5.2434414e-02   4.4941762e-02
   2.0606667e+03   6.1148400e-02   5.2392934e-02   4.4889084e-02
   2.0607500e+03   6.1124621e-02   5.2352365e-02   4.4837022e-02
   2.0608333e+03   6.1111639e-02   5.2319347e-02   4.4789988e-02
   2.0609167e+03   6.1109387e-02   5.2293820e-02   4.4747933e-02
   2.0610000e+03   6.1110962e-02   5.2270946e-02   4.4707633e-02
   2.0610833e+03   6.1113804e-02   5.2248932e-02   4.4667897e-02
   2.0611667e+03   6.1116782e-02   5.2226987e-02   4.4628198e-02
   2.0612500e+03   6.1119289e-02   5.2204688e-02   4.4588257e-02
   2.0613333e+03   6.1118955e-02   5.2180383e-02   4.4546984e-02
   2.0614167e+03   6.1113002e-02   5.2152145e-02   4.4503108e-02
   2.0615000e+03   6.1101588e-02   5.2120090e-02   4.4456714e-02
   2.0615833e+03   6.1081266e-02   5.2081831e-02   4.4406231e-02
   2.0616667e+03   6.1055565e-02   5.2039829e-02   4.4353293e-02
   2.0617500e+03   6.1031182e-02   5.1998740e-02   4.4300966e-02
   2.0618333e+03   6.1017729e-02   5.1965228e-02   4.4253629e-02
   2.0619167e+03   6.1015200e-02   5.1939275e-02   4.4211259e-02
   2.0620000e+03   6.1016623e-02   5.1916037e-02   4.4170668e-02
   2.0620833e+03   6.1019397e-02   5.1893710e-02   4.4130667e-02
   2.0621667e+03   6.1022324e-02   5.1871463e-02   4.4090713e-02
   2.0622500e+03   6.1024733e-02   5.1848833e-02   4.4050502e-02
   2.0623333e+03   6.1024175e-02   5.1824131e-02   4.4008930e-02
   2.0624167e+03   6.1017865e-02   5.1795439e-02   4.3964751e-02
   2.0625000e+03   6.1006004e-02   5.1762904e-02   4.3918065e-02
   2.0625833e+03   6.0985118e-02   5.1724142e-02   4.3867325e-02
   2.0626667e+03   6.0958794e-02   5.1681632e-02   4.3814156e-02
   2.0627500e+03   6.0933802e-02   5.1640038e-02   4.3761593e-02
   2.0628333e+03   6.0919873e-02   5.1606043e-02   4.3713980e-02
   2.0629167e+03   6.0917061e-02   5.1579671e-02   4.3671320e-02
   2.0630000e+03   6.0918325e-02   5.1556076e-02   4.3630459e-02
   2.0630833e+03   6.0921024e-02   5.1533441e-02   4.3590215e-02
   2.0631667e+03   6.0923894e-02   5.1510898e-02   4.3550026e-02
   2.0632500e+03   6.0926197e-02   5.1487943e-02   4.3509565e-02
   2.0633333e+03   6.0925409e-02   5.1462850e-02   4.3467718e-02
   2.0634167e+03   6.0918737e-02   5.1433715e-02   4.3423260e-02
   2.0635000e+03   6.0906422e-02   5.1400710e-02   4.3376310e-02
   2.0635833e+03   6.0884967e-02   5.1361458e-02   4.3325341e-02
   2.0636667e+03   6.0858017e-02   5.1318455e-02   4.3271969e-02
   2.0637500e+03   6.0832412e-02   5.1276370e-02   4.3219201e-02
   2.0638333e+03   6.0818002e-02   5.1241904e-02   4.3171339e-02
   2.0639167e+03   6.0814900e-02   5.1215121e-02   4.3128413e-02
   2.0640000e+03   6.0815998e-02   5.1191175e-02   4.3087303e-02
   2.0640833e+03   6.0818615e-02   5.1168238e-02   4.3046837e-02
   2.0641667e+03   6.0821421e-02   5.1145405e-02   4.3006432e-02
   2.0642500e+03   6.0823612e-02   5.1122131e-02   4.2965743e-02
   2.0643333e+03   6.0822587e-02   5.1096654e-02   4.2923643e-02
   2.0644167e+03   6.0815547e-02   5.1067085e-02   4.2878933e-02
   2.0645000e+03   6.0802774e-02   5.1033623e-02   4.2831745e-02
   2.0645833e+03   6.0780746e-02   5.0993894e-02   4.2780575e-02
   2.0646667e+03   6.0753165e-02   5.0950412e-02   4.2727030e-02
   2.0647500e+03   6.0726944e-02   5.0907849e-02   4.2674085e-02
   2.0648333e+03   6.0712047e-02   5.0872924e-02   4.2626001e-02
   2.0649167e+03   6.0708650e-02   5.0845741e-02   4.2582833e-02
   2.0650000e+03   6.0709576e-02   5.0821450e-02   4.2541497e-02
   2.0650833e+03   6.0712104e-02   5.0798216e-02   4.2500828e-02
   2.0651667e+03   6.0714839e-02   5.0775098e-02   4.2460229e-02
   2.0652500e+03   6.0716911e-02   5.0751511e-02   4.2419331e-02
   2.0653333e+03   6.0715643e-02   5.0725659e-02   4.2377002e-02
   2.0654167e+03   6.0708229e-02   5.0695667e-02   4.2332064e-02
   2.0655000e+03   6.0694993e-02   5.0661758e-02   4.2284664e-02
   2.0655833e+03   6.0672388e-02   5.0621567e-02   4.2233322e-02
   2.0656667e+03   6.0644172e-02   5.0577620e-02   4.2179633e-02
   2.0657500e+03   6.0617330e-02   5.0534594e-02   4.2126540e-02
   2.0658333e+03   6.0601942e-02   5.0499222e-02   4.2078260e-02
   2.0659167e+03   6.0598244e-02   5.0471647e-02   4.2034873e-02
   2.0660000e+03   6.0598991e-02   5.0447019e-02   4.1993334e-02
   2.0660833e+03   6.0601424e-02   5.0423494e-02   4.1952482e-02
   2.0661667e+03   6.0604081e-02   5.0400096e-02   4.1911708e-02
   2.0662500e+03   6.0606027e-02   5.0376202e-02   4.1870623e-02
   2.0663333e+03   6.0604510e-02   5.0349984e-02   4.1828088e-02
   2.0664167e+03   6.0596716e-02   5.0319577e-02   4.1782947e-02
   2.0665000e+03   6.0583011e-02   5.0285234e-02   4.1735363e-02
   2.0665833e+03   6.0559825e-02   5.0244594e-02   4.1683875e-02
   2.0666667e+03   6.0530971e-02   5.0200197e-02   4.1630071e-02
   2.0667500e+03   6.0503506e-02   5.0156724e-02   4.1576856e-02
   2.0668333e+03   6.0487622e-02   5.0120917e-02   4.1528408e-02
   2.0669167e+03   6.0483616e-02   5.0092958e-02   4.1484827e-02
   2.0670000e+03   6.0484178e-02   5.0068001e-02   4.1443104e-02
   2.0670833e+03   6.0486508e-02   5.0044191e-02   4.1402091e-02
   2.0671667e+03   6.0489081e-02   5.0020518e-02   4.1361162e-02
   2.0672500e+03   6.0490895e-02   4.9996325e-02   4.1319910e-02
   2.0673333e+03   6.0489122e-02   4.9969748e-02   4.1277192e-02
   2.0674167e+03   6.0480944e-02   4.9938938e-02   4.1231873e-02
   2.0675000e+03   6.0466766e-02   4.9904172e-02   4.1184130e-02
   2.0675833e+03   6.0442994e-02   4.9863097e-02   4.1132525e-02
   2.0676667e+03   6.0413499e-02   4.9818266e-02   4.1078632e-02
   2.0677500e+03   6.0385407e-02   4.9774359e-02   4.1025326e-02
   2.0678333e+03   6.0369022e-02   4.9738129e-02   4.0976735e-02
   2.0679167e+03   6.0364704e-02   4.9709797e-02   4.0932983e-02
   2.0680000e+03   6.0365074e-02   4.9684517e-02   4.0891099e-02
   2.0680833e+03   6.0367295e-02   4.9660428e-02   4.0849944e-02
   2.0681667e+03   6.0369776e-02   4.9636488e-02   4.0808879e-02
   2.0682500e+03   6.0371451e-02   4.9612001e-02   4.0767482e-02
   2.0683333e+03   6.0369417e-02   4.9585074e-02   4.0724603e-02
   2.0684167e+03   6.0360848e-02   4.9553872e-02   4.0679130e-02
   2.0685000e+03   6.0346192e-02   4.9518695e-02   4.0631254e-02
   2.0685833e+03   6.0321832e-02   4.9477199e-02   4.0579559e-02
   2.0686667e+03   6.0291693e-02   4.9431948e-02   4.0525606e-02
   2.0687500e+03   6.0262970e-02   4.9387622e-02   4.0472234e-02
   2.0688333e+03   6.0246081e-02   4.9350983e-02   4.0423527e-02
   2.0689167e+03   6.0241443e-02   4.9322287e-02   4.0379627e-02
   2.0690000e+03   6.0241615e-02   4.9296692e-02   4.0337604e-02
   2.0690833e+03   6.0243720e-02   4.9272331e-02   4.0296327e-02
   2.0691667e+03   6.0246103e-02   4.9248129e-02   4.0255147e-02
   2.0692500e+03   6.0247633e-02   4.9223355e-02   4.0213625e-02
   2.0693333e+03   6.0245331e-02   4.9196087e-02   4.0170607e-02
   2.0694167e+03   6.0236367e-02   4.9164503e-02   4.0125006e-02
   2.0695000e+03   6.0221229e-02   4.9128928e-02   4.0077022e-02
   2.0695833e+03   6.0196277e-02   4.9087026e-02   4.0025262e-02
   2.0696667e+03   6.0165490e-02   4.9041370e-02   3.9971277e-02
   2.0697500e+03   6.0136134e-02   4.8996640e-02   3.9917867e-02
   2.0698333e+03   6.0118736e-02   4.8959605e-02   3.9869069e-02
   2.0699167e+03   6.0113774e-02   4.8930553e-02   3.9825045e-02
   2.0700000e+03   6.0113742e-02   4.8904652e-02   3.9782904e-02
   2.0700833e+03   6.0115724e-02   4.8880025e-02   3.9741524e-02
   2.0701667e+03   6.0118002e-02   4.8855567e-02   3.9700248e-02
   2.0702500e+03   6.0119380e-02   4.8830513e-02   3.9658621e-02
   2.0703333e+03   6.0116804e-02   4.8802913e-02   3.9615488e-02
   2.0704167e+03   6.0107440e-02   4.8770959e-02   3.9569781e-02
   2.0705000e+03   6.0091815e-02   4.8734998e-02   3.9521715e-02
   2.0705833e+03   6.0066268e-02   4.8692703e-02   3.9469918e-02
   2.0706667e+03   6.0034832e-02   4.8646658e-02   3.9415927e-02
   2.0707500e+03   6.0004839e-02   4.8601540e-02   3.9362506e-02
   2.0708333e+03   5.9986928e-02   4.8564120e-02   3.9313643e-02
   2.0709167e+03   5.9981637e-02   4.8534724e-02   3.9269517e-02
   2.0710000e+03   5.9981394e-02   4.8508524e-02   3.9227278e-02
   2.0710833e+03   5.9983247e-02   4.8483637e-02   3.9185817e-02
   2.0711667e+03   5.9985414e-02   4.8458930e-02   3.9144464e-02
   2.0712500e+03   5.9986633e-02   4.8433604e-02   3.9102752e-02
   2.0713333e+03   5.9983778e-02   4.8405680e-02   3.9059524e-02
   2.0714167e+03   5.9974009e-02   4.8373367e-02   3.9013737e-02
   2.0715000e+03   5.9957893e-02   4.8337033e-02   3.8965613e-02
   2.0715833e+03   5.9931747e-02   4.8294360e-02   3.8913805e-02
   2.0716667e+03   5.9899659e-02   4.8247941e-02   3.8859835e-02
   2.0717500e+03   5.9869028e-02   4.8202450e-02   3.8806429e-02
   2.0718333e+03   5.9850600e-02   4.8164659e-02   3.8757524e-02
   2.0719167e+03   5.9844973e-02   4.8134928e-02   3.8713320e-02
   2.0720000e+03   5.9844514e-02   4.8108437e-02   3.8671005e-02
   2.0720833e+03   5.9846232e-02   4.8083299e-02   3.8629480e-02
   2.0721667e+03   5.9848280e-02   4.8058349e-02   3.8588071e-02
   2.0722500e+03   5.9849334e-02   4.8032758e-02   3.8546294e-02
   2.0723333e+03   5.9846195e-02   4.8004520e-02   3.8502994e-02
   2.0724167e+03   5.9836015e-02   4.7971858e-02   3.8457149e-02
   2.0725000e+03   5.9819405e-02   4.7935163e-02   3.8408991e-02
   2.0725833e+03   5.9792658e-02   4.7892127e-02   3.8357198e-02
   2.0726667e+03   5.9759916e-02   4.7845350e-02   3.8303274e-02
   2.0727500e+03   5.9728643e-02   4.7799502e-02   3.8249909e-02
   2.0728333e+03   5.9709696e-02   4.7761353e-02   3.8200989e-02
   2.0729167e+03   5.9703728e-02   4.7731298e-02   3.8156728e-02
   2.0730000e+03   5.9703046e-02   4.7704524e-02   3.8114357e-02
   2.0730833e+03   5.9704622e-02   4.7679140e-02   3.8072789e-02
   2.0731667e+03   5.9706546e-02   4.7653955e-02   3.8031341e-02
   2.0732500e+03   5.9707429e-02   4.7628106e-02   3.7989520e-02
   2.0733333e+03   5.9703999e-02   4.7599563e-02   3.7946169e-02
   2.0734167e+03   5.9693405e-02   4.7566564e-02   3.7900289e-02
   2.0735000e+03   5.9676296e-02   4.7529522e-02   3.7852123e-02
   2.0735833e+03   5.9648945e-02   4.7486137e-02   3.7800368e-02
   2.0736667e+03   5.9615547e-02   4.7439018e-02   3.7746517e-02
   2.0737500e+03   5.9583631e-02   4.7392827e-02   3.7693218e-02
   2.0738333e+03   5.9564160e-02   4.7354334e-02   3.7644306e-02
   2.0739167e+03   5.9557846e-02   4.7323964e-02   3.7600011e-02
   2.0740000e+03   5.9556936e-02   4.7296916e-02   3.7557605e-02
   2.0740833e+03   5.9558364e-02   4.7271294e-02   3.7516013e-02
   2.0741667e+03   5.9560156e-02   4.7245880e-02   3.7474545e-02
   2.0742500e+03   5.9560862e-02   4.7219781e-02   3.7432699e-02
   2.0743333e+03   5.9557136e-02   4.7190943e-02   3.7389318e-02
   2.0744167e+03   5.9546123e-02   4.7157619e-02   3.7343427e-02
   2.0745000e+03   5.9528511e-02   4.7120242e-02   3.7295275e-02
   2.0745833e+03   5.9500554e-02   4.7076523e-02   3.7243585e-02
   2.0746667e+03   5.9466499e-02   4.7029078e-02   3.7189830e-02
   2.0747500e+03   5.9433938e-02   4.6982560e-02   3.7136623e-02
   2.0748333e+03   5.9413940e-02   4.6943736e-02   3.7087743e-02
   2.0749167e+03   5.9407276e-02   4.6913062e-02   3.7043435e-02
   2.0750000e+03   5.9406131e-02   4.6885748e-02   3.7001014e-02
   2.0750833e+03   5.9407405e-02   4.6859896e-02   3.6959417e-02
   2.0751667e+03   5.9409061e-02   4.6834261e-02   3.6917949e-02
   2.0752500e+03   5.9409587e-02   4.6807922e-02   3.6876097e-02
   2.0753333e+03   5.9405568e-02   4.6778803e-02   3.6832711e-02
   2.0754167e+03   5.9394146e-02   4.6745174e-02   3.6786835e-02
   2.0755000e+03   5.9376050e-02   4.6707488e-02   3.6738728e-02
   2.0755833e+03   5.9347515e-02   4.6663469e-02   3.6687136e-02
   2.0756667e+03   5.9312838e-02   4.6615736e-02   3.6633516e-02
   2.0757500e+03   5.9279673e-02   4.6568933e-02   3.6580438e-02
   2.0758333e+03   5.9259182e-02   4.6529814e-02   3.6531626e-02
   2.0759167e+03   5.9252189e-02   4.6498862e-02   3.6487335e-02
   2.0760000e+03   5.9250822e-02   4.6471302e-02   3.6444925e-02
   2.0760833e+03   5.9251948e-02   4.6445234e-02   3.6403345e-02
   2.0761667e+03   5.9253471e-02   4.6419391e-02   3.6361898e-02
   2.0762500e+03   5.9253822e-02   4.6392826e-02   3.6320064e-02
   2.0763333e+03   5.9249521e-02   4.6363446e-02   3.6276699e-02
   2.0764167e+03   5.9237706e-02   4.6329536e-02   3.6230867e-02
   2.0765000e+03   5.9219145e-02   4.6291567e-02   3.6182834e-02
   2.0765833e+03   5.9190052e-02   4.6247276e-02   3.6131371e-02
   2.0766667e+03   5.9154772e-02   4.6199282e-02   3.6077915e-02
   2.0767500e+03   5.9121016e-02   4.6152217e-02   3.6024995e-02
   2.0768333e+03   5.9100037e-02   4.6112821e-02   3.5976275e-02
   2.0769167e+03   5.9092713e-02   4.6081603e-02   3.5932023e-02
   2.0770000e+03   5.9091120e-02   4.6053807e-02   3.5889643e-02
   2.0770833e+03   5.9092092e-02   4.6027531e-02   3.5848099e-02
   2.0771667e+03   5.9093478e-02   4.6001487e-02   3.5806691e-02
   2.0772500e+03   5.9093648e-02   4.5974705e-02   3.5764894e-02
   2.0773333e+03   5.9089061e-02   4.5945073e-02   3.5721568e-02
   2.0774167e+03   5.9076851e-02   4.5910894e-02   3.5675801e-02
   2.0775000e+03   5.9057821e-02   4.5872655e-02   3.5627865e-02
   2.0775833e+03   5.9028169e-02   4.5828106e-02   3.5576553e-02
   2.0776667e+03   5.8992287e-02   4.5779867e-02   3.5523284e-02
   2.0777500e+03   5.8957939e-02   4.5732555e-02   3.5470543e-02
   2.0778333e+03   5.8936470e-02   4.5692895e-02   3.5421938e-02
   2.0779167e+03   5.8928811e-02   4.5661423e-02   3.5377746e-02
   2.0780000e+03   5.8926988e-02   4.5633399e-02   3.5335415e-02
   2.0780833e+03   5.8927801e-02   4.5606923e-02   3.5293924e-02
   2.0781667e+03   5.8929043e-02   4.5580686e-02   3.5252573e-02
   2.0782500e+03   5.8929029e-02   4.5553695e-02   3.5210830e-02
   2.0783333e+03   5.8924151e-02   4.5523822e-02   3.5167564e-02
   2.0784167e+03   5.8911542e-02   4.5489385e-02   3.5121884e-02
   2.0785000e+03   5.8892042e-02   4.5450889e-02   3.5074065e-02
   2.0785833e+03   5.8861831e-02   4.5406097e-02   3.5022926e-02
   2.0786667e+03   5.8825345e-02   4.5357629e-02   3.4969866e-02
   2.0787500e+03   5.8790405e-02   4.5310086e-02   3.4917327e-02
   2.0788333e+03   5.8768444e-02   4.5270175e-02   3.4868858e-02
   2.0789167e+03   5.8760448e-02   4.5238459e-02   3.4824745e-02
   2.0790000e+03   5.8758389e-02   4.5210216e-02   3.4782482e-02
   2.0790833e+03   5.8759038e-02   4.5183548e-02   3.4741063e-02
   2.0791667e+03   5.8760132e-02   4.5157127e-02   3.4699786e-02
   2.0792500e+03   5.8759928e-02   4.5129934e-02   3.4658116e-02
   2.0793333e+03   5.8754756e-02   4.5099830e-02   3.4614929e-02
   2.0794167e+03   5.8741746e-02   4.5065148e-02   3.4569355e-02
   2.0795000e+03   5.8721773e-02   4.5026408e-02   3.4521675e-02
   2.0795833e+03   5.8691002e-02   4.4981387e-02   3.4470731e-02
   2.0796667e+03   5.8653913e-02   4.4932706e-02   3.4417901e-02
   2.0797500e+03   5.8618381e-02   4.4884946e-02   3.4365585e-02
   2.0798333e+03   5.8595927e-02   4.4844799e-02   3.4317273e-02
   2.0799167e+03   5.8587589e-02   4.4812850e-02   3.4273258e-02
   2.0800000e+03   5.8585291e-02   4.4784398e-02   3.4231081e-02
   2.0800833e+03   5.8585771e-02   4.4757545e-02   3.4189751e-02
   2.0801667e+03   5.8586711e-02   4.4730947e-02   3.4148566e-02
   2.0802500e+03   5.8586312e-02   4.4703562e-02   3.4106986e-02
   2.0803333e+03   5.8580842e-02   4.4673237e-02   3.4063897e-02
   2.0804167e+03   5.8567428e-02   4.4638321e-02   3.4018449e-02
   2.0805000e+03   5.8546980e-02   4.4599350e-02   3.3970928e-02
   2.0805833e+03   5.8515649e-02   4.4554116e-02   3.3920199e-02
   2.0806667e+03   5.8477957e-02   4.4505236e-02   3.3867620e-02
   2.0807500e+03   5.8441833e-02   4.4457276e-02   3.3815549e-02
   2.0808333e+03   5.8418885e-02   4.4416906e-02   3.3767413e-02
   2.0809167e+03   5.8410202e-02   4.4384735e-02   3.3723516e-02
   2.0810000e+03   5.8407660e-02   4.4356082e-02   3.3681444e-02
   2.0810833e+03   5.8407966e-02   4.4329054e-02   3.3640219e-02
   2.0811667e+03   5.8408748e-02   4.4302286e-02   3.3599142e-02
   2.0812500e+03   5.8408150e-02   4.4274718e-02   3.3557670e-02
   2.0813333e+03   5.8402377e-02   4.4244181e-02   3.3514697e-02
   2.0814167e+03   5.8388556e-02   4.4209044e-02   3.3469396e-02
   2.0815000e+03   5.8367633e-02   4.4169856e-02   3.3422054e-02
   2.0815833e+03   5.8335741e-02   4.4124423e-02   3.3371560e-02
   2.0816667e+03   5.8297448e-02   4.4075360e-02   3.3319253e-02
   2.0817500e+03   5.8260732e-02   4.4027215e-02   3.3267445e-02
   2.0818333e+03   5.8237288e-02   4.3986635e-02   3.3219507e-02
   2.0819167e+03   5.8228258e-02   4.3954253e-02   3.3175746e-02
   2.0820000e+03   5.8225467e-02   4.3925409e-02   3.3133796e-02
   2.0820833e+03   5.8225594e-02   4.3898213e-02   3.3092694e-02
   2.0821667e+03   5.8226212e-02   4.3871284e-02   3.3051741e-02
   2.0822500e+03   5.8225411e-02   4.3843540e-02   3.3010394e-02
   2.0823333e+03   5.8219333e-02   4.3812804e-02   3.2967555e-02
   2.0824167e+03   5.8205102e-02   4.3777457e-02   3.2922419e-02
   2.0825000e+03   5.8183702e-02   4.3738065e-02   3.2875275e-02
   2.0825833e+03   5.8151249e-02   4.3692447e-02   3.2825036e-02
   2.0826667e+03   5.8112354e-02   4.3643217e-02   3.2773020e-02
   2.0827500e+03   5.8075048e-02   4.3594902e-02   3.2721497e-02
   2.0828333e+03   5.8051108e-02   4.3554126e-02   3.2673774e-02
   2.0829167e+03   5.8041726e-02   4.3521543e-02   3.2630168e-02
   2.0830000e+03   5.8038683e-02   4.3492519e-02   3.2588357e-02
   2.0830833e+03   5.8038627e-02   4.3465163e-02   3.2547393e-02
   2.0831667e+03   5.8039077e-02   4.3438080e-02   3.2506582e-02
   2.0832500e+03   5.8038067e-02   4.3410170e-02   3.2465375e-02
   2.0833333e+03   5.8031679e-02   4.3379243e-02   3.2422689e-02
   2.0834167e+03   5.8017037e-02   4.3343699e-02   3.2377736e-02
   2.0835000e+03   5.7995158e-02   4.3304116e-02   3.2330809e-02
   2.0835833e+03   5.7962145e-02   4.3258329e-02   3.2280844e-02
   2.0836667e+03   5.7922651e-02   4.3208947e-02   3.2229139e-02
   2.0837500e+03   5.7884755e-02   4.3160477e-02   3.2177918e-02
   2.0838333e+03   5.7860317e-02   4.3119518e-02   3.2130430e-02
   2.0839167e+03   5.7850581e-02   4.3086747e-02   3.2086997e-02
   2.0840000e+03   5.7847281e-02   4.3057550e-02   3.2045341e-02
   2.0840833e+03   5.7847038e-02   4.3030043e-02   3.2004532e-02
   2.0841667e+03   5.7847314e-02   4.3002815e-02   3.1963877e-02
   2.0842500e+03   5.7846091e-02   4.2974748e-02   3.1922828e-02
   2.0843333e+03   5.7839391e-02   4.2943641e-02   3.1880311e-02
   2.0844167e+03   5.7824336e-02   4.2907911e-02   3.1835559e-02
   2.0845000e+03   5.7801978e-02   4.2868150e-02   3.1788867e-02
   2.0845833e+03   5.7768404e-02   4.2822208e-02   3.1739196e-02
   2.0846667e+03   5.7728311e-02   4.2772690e-02   3.1687819e-02
   2.0847500e+03   5.7689827e-02   4.2724080e-02   3.1636919e-02
   2.0848333e+03   5.7664891e-02   4.2682953e-02   3.1589684e-02
   2.0849167e+03   5.7654798e-02   4.2650003e-02   3.1546441e-02
   2.0850000e+03   5.7651238e-02   4.2620643e-02   3.1504957e-02
   2.0850833e+03   5.7650802e-02   4.2592994e-02   3.1464318e-02
   2.0851667e+03   5.7650901e-02   4.2565629e-02   3.1423835e-02
   2.0852500e+03   5.7649461e-02   4.2537413e-02   3.1382959e-02
   2.0853333e+03   5.7642445e-02   4.2506136e-02   3.1340628e-02
   2.0854167e+03   5.7626974e-02   4.2470233e-02   3.1296095e-02
   2.0855000e+03   5.7604135e-02   4.2430307e-02   3.1249656e-02
   2.0855833e+03   5.7570003e-02   4.2384225e-02   3.1200295e-02
   2.0856667e+03   5.7529313e-02   4.2334586e-02   3.1149264e-02
   2.0857500e+03   5.7490241e-02   4.2285852e-02   3.1098704e-02
   2.0858333e+03   5.7464807e-02   4.2244568e-02   3.1051740e-02
   2.0859167e+03   5.7454355e-02   4.2211451e-02   3.1008703e-02
   2.0860000e+03   5.7450531e-02   4.2181939e-02   3.0967407e-02
   2.0860833e+03   5.7449897e-02   4.2154155e-02   3.0926954e-02
   2.0861667e+03   5.7449814e-02   4.2126662e-02   3.0886657e-02
   2.0862500e+03   5.7448153e-02   4.2098305e-02   3.0845969e-02
   2.0863333e+03   5.7440818e-02   4.2066870e-02   3.0803840e-02
   2.0864167e+03   5.7424930e-02   4.2030805e-02   3.0759543e-02
   2.0865000e+03   5.7401610e-02   4.1990727e-02   3.0713374e-02
   2.0865833e+03   5.7366919e-02   4.1944520e-02   3.0664341e-02
   2.0866667e+03   5.7325634e-02   4.1894775e-02   3.0613675e-02
   2.0867500e+03   5.7285977e-02   4.1845931e-02   3.0563470e-02
   2.0868333e+03   5.7260044e-02   4.1804506e-02   3.0516794e-02
   2.0869167e+03   5.7249230e-02   4.1771233e-02   3.0473980e-02
   2.0870000e+03   5.7245138e-02   4.1741577e-02   3.0432887e-02
   2.0870833e+03   5.7244303e-02   4.1713667e-02   3.0392634e-02
   2.0871667e+03   5.7244033e-02   4.1686054e-02   3.0352538e-02
   2.0872500e+03   5.7242147e-02   4.1657566e-02   3.0312054e-02
   2.0873333e+03   5.7234490e-02   4.1625981e-02   3.0270143e-02
   2.0874167e+03   5.7218183e-02   4.1589767e-02   3.0226097e-02
   2.0875000e+03   5.7194382e-02   4.1549551e-02   3.0180216e-02
   2.0875833e+03   5.7159134e-02   4.1503233e-02   3.0131528e-02
   2.0876667e+03   5.7117256e-02   4.1453397e-02   3.0081241e-02
   2.0877500e+03   5.7077015e-02   4.1404459e-02   3.0031410e-02
   2.0878333e+03   5.7050583e-02   4.1362905e-02   2.9985037e-02
   2.0879167e+03   5.7039405e-02   4.1329487e-02   2.9942461e-02
   2.0880000e+03   5.7035042e-02   4.1299698e-02   2.9901587e-02
   2.0880833e+03   5.7034002e-02   4.1271670e-02   2.9861548e-02
   2.0881667e+03   5.7033541e-02   4.1243944e-02   2.9821668e-02
   2.0882500e+03   5.7031425e-02   4.1215334e-02   2.9781401e-02
   2.0883333e+03   5.7023443e-02   4.1183611e-02   2.9739724e-02
   2.0884167e+03   5.7006717e-02   4.1147259e-02   2.9695947e-02
   2.0885000e+03   5.6982434e-02   4.1106918e-02   2.9650368e-02
   2.0885833e+03   5.6946630e-02   4.1060504e-02   2.9602040e-02
   2.0886667e+03   5.6904161e-02   4.1010592e-02   2.9552150e-02
   2.0887500e+03   5.6863339e-02   4.0961575e-02   2.9502707e-02
   2.0888333e+03   5.6836409e-02   4.0919905e-02   2.9456655e-02
   2.0889167e+03   5.6824864e-02   4.0886354e-02   2.9414333e-02
   2.0890000e+03   5.6820227e-02   4.0856440e-02   2.9373692e-02
   2.0890833e+03   5.6818977e-02   4.0828303e-02   2.9333881e-02
   2.0891667e+03   5.6818320e-02   4.0800473e-02   2.9294230e-02
   2.0892500e+03   5.6815971e-02   4.0771750e-02   2.9254195e-02
   2.0893333e+03   5.6807661e-02   4.0739899e-02   2.9212766e-02
   2.0894167e+03   5.6790514e-02   4.0703421e-02   2.9169272e-02
   2.0895000e+03   5.6765749e-02   4.0662968e-02   2.9124012e-02
   2.0895833e+03   5.6729392e-02   4.0616471e-02   2.9076060e-02
   2.0896667e+03   5.6686335e-02   4.0566499e-02   2.9026581e-02
   2.0897500e+03   5.6644934e-02   4.0517417e-02   2.8977542e-02
   2.0898333e+03   5.6617505e-02   4.0475646e-02   2.8931825e-02
   2.0899167e+03   5.6605593e-02   4.0441972e-02   2.8889772e-02
   2.0900000e+03   5.6600677e-02   4.0411943e-02   2.8849378e-02
   2.0900833e+03   5.6599214e-02   4.0383706e-02   2.8809809e-02
   2.0901667e+03   5.6598357e-02   4.0355780e-02   2.8770400e-02
   2.0902500e+03   5.6595771e-02   4.0326952e-02   2.8730610e-02
   2.0903333e+03   5.6587131e-02   4.0294983e-02   2.8689444e-02
   2.0904167e+03   5.6569562e-02   4.0258392e-02   2.8646248e-02
   2.0905000e+03   5.6544316e-02   4.0217840e-02   2.8601321e-02
   2.0905833e+03   5.6507406e-02   4.0171275e-02   2.8553760e-02
   2.0906667e+03   5.6463764e-02   4.0121257e-02   2.8504708e-02
   2.0907500e+03   5.6421786e-02   4.0072126e-02   2.8456087e-02
   2.0908333e+03   5.6393861e-02   4.0030266e-02   2.8410720e-02
   2.0909167e+03   5.6381578e-02   3.9996480e-02   2.8368950e-02
   2.0910000e+03   5.6376382e-02   3.9966345e-02   2.8328817e-02
   2.0910833e+03   5.6374701e-02   3.9938017e-02   2.8289502e-02
   2.0911667e+03   5.6373640e-02   3.9910004e-02   2.8250349e-02
   2.0912500e+03   5.6370814e-02   3.9881080e-02   2.8210818e-02
   2.0913333e+03   5.6361842e-02   3.9849004e-02   2.8169928e-02
   2.0914167e+03   5.6343849e-02   3.9812311e-02   2.8127044e-02
   2.0915000e+03   5.6318122e-02   3.9771673e-02   2.8082465e-02
   2.0915833e+03   5.6280663e-02   3.9725054e-02   2.8035310e-02
   2.0916667e+03   5.6236439e-02   3.9675005e-02   2.7986697e-02
   2.0917500e+03   5.6193887e-02   3.9625839e-02   2.7938509e-02
   2.0918333e+03   5.6165466e-02   3.9583903e-02   2.7893506e-02
   2.0919167e+03   5.6152811e-02   3.9550016e-02   2.7852033e-02
   2.0920000e+03   5.6147330e-02   3.9519786e-02   2.7812173e-02
   2.0920833e+03   5.6145428e-02   3.9491374e-02   2.7773126e-02
   2.0921667e+03   5.6144160e-02   3.9463282e-02   2.7734240e-02
   2.0922500e+03   5.6141089e-02   3.9434271e-02   2.7694980e-02
   2.0923333e+03   5.6131783e-02   3.9402098e-02   2.7654380e-02
   2.0924167e+03   5.6113366e-02   3.9365316e-02   2.7611823e-02
   2.0925000e+03   5.6087159e-02   3.9324604e-02   2.7567605e-02
   2.0925833e+03   5.6049152e-02   3.9277945e-02   2.7520868e-02
   2.0926667e+03   5.6004350e-02   3.9227880e-02   2.7472709e-02
   2.0927500e+03   5.5961228e-02   3.9178693e-02   2.7424967e-02
   2.0928333e+03   5.5932311e-02   3.9136695e-02   2.7380342e-02
   2.0929167e+03   5.5919283e-02   3.9102719e-02   2.7339179e-02
   2.0930000e+03   5.5913516e-02   3.9072402e-02   2.7299606e-02
   2.0930833e+03   5.5911388e-02   3.9043916e-02   2.7260838e-02
   2.0931667e+03   5.5909909e-02   3.9015752e-02   2.7222232e-02
   2.0932500e+03   5.5906591e-02   3.8986663e-02   2.7183255e-02
   2.0933333e+03   5.5896947e-02   3.8954404e-02   2.7142958e-02
   2.0934167e+03   5.5878107e-02   3.8917544e-02   2.7100740e-02
   2.0935000e+03   5.5851420e-02   3.8876771e-02   2.7056897e-02
   2.0935833e+03   5.5812869e-02   3.8830087e-02   2.7010592e-02
   2.0936667e+03   5.5767491e-02   3.8780020e-02   2.6962899e-02
   2.0937500e+03   5.5723803e-02   3.8730827e-02   2.6915616e-02
   2.0938333e+03   5.5694392e-02   3.8688779e-02   2.6871381e-02
   2.0939167e+03   5.5680990e-02   3.8654724e-02   2.6830541e-02
   2.0940000e+03   5.5674933e-02   3.8624331e-02   2.6791267e-02
   2.0940833e+03   5.5672577e-02   3.8595778e-02   2.6752790e-02
   2.0941667e+03   5.5670882e-02   3.8567552e-02   2.6714475e-02
   2.0942500e+03   5.5667313e-02   3.8538394e-02   2.6675794e-02
   2.0943333e+03   5.5657331e-02   3.8506058e-02   2.6635812e-02
   2.0944167e+03   5.5638067e-02   3.8469132e-02   2.6593945e-02
   2.0945000e+03   5.5610901e-02   3.8428311e-02   2.6550490e-02
   2.0945833e+03   5.5571808e-02   3.8381615e-02   2.6504629e-02
   2.0946667e+03   5.5525860e-02   3.8331561e-02   2.6457414e-02
   2.0947500e+03   5.5481608e-02   3.8282376e-02   2.6410602e-02
   2.0948333e+03   5.5451705e-02   3.8240292e-02   2.6366770e-02
   2.0949167e+03   5.5437927e-02   3.8206168e-02   2.6326265e-02
   2.0950000e+03   5.5431578e-02   3.8175708e-02   2.6287301e-02
   2.0950833e+03   5.5428990e-02   3.8147097e-02   2.6249127e-02
   2.0951667e+03   5.5427077e-02   3.8118817e-02   2.6211114e-02
   2.0952500e+03   5.5423254e-02   3.8089599e-02   2.6172740e-02
   2.0953333e+03   5.5412931e-02   3.8057196e-02   2.6133085e-02
   2.0954167e+03   5.5393243e-02   3.8020216e-02   2.6091582e-02
   2.0955000e+03   5.5365600e-02   3.7979359e-02   2.6048527e-02
   2.0955833e+03   5.5325968e-02   3.7932665e-02   2.6003121e-02
   2.0956667e+03   5.5279453e-02   3.7882638e-02   2.5956396e-02
   2.0957500e+03   5.5234643e-02   3.7833475e-02   2.5910065e-02
   2.0958333e+03   5.5204249e-02   3.7791368e-02   2.5866649e-02
   2.0959167e+03   5.5190095e-02   3.7757187e-02   2.5826490e-02
   2.0960000e+03   5.5183451e-02   3.7726668e-02   2.5787849e-02
   2.0960833e+03   5.5180628e-02   3.7698008e-02   2.5749988e-02
   2.0961667e+03   5.5178492e-02   3.7669682e-02   2.5712287e-02
   2.0962500e+03   5.5174412e-02   3.7640412e-02   2.5674231e-02
   2.0963333e+03   5.5163748e-02   3.7607954e-02   2.5634914e-02
   2.0964167e+03   5.5143635e-02   3.7570930e-02   2.5593787e-02
   2.0965000e+03   5.5115517e-02   3.7530051e-02   2.5551142e-02
   2.0965833e+03   5.5075350e-02   3.7483372e-02   2.5506204e-02
   2.0966667e+03   5.5028273e-02   3.7433387e-02   2.5459979e-02
   2.0967500e+03   5.4982908e-02   3.7384260e-02   2.5414142e-02
   2.0968333e+03   5.4952026e-02   3.7342141e-02   2.5371151e-02
   2.0969167e+03   5.4937494e-02   3.7307914e-02   2.5331351e-02
   2.0970000e+03   5.4930554e-02   3.7277347e-02   2.5293042e-02
   2.0970833e+03   5.4927492e-02   3.7248646e-02   2.5255504e-02
   2.0971667e+03   5.4925131e-02   3.7220282e-02   2.5218127e-02
   2.0972500e+03   5.4920791e-02   3.7190969e-02   2.5180398e-02
   2.0973333e+03   5.4909784e-02   3.7158465e-02   2.5141431e-02
   2.0974167e+03   5.4889247e-02   3.7121410e-02   2.5100691e-02
   2.0975000e+03   5.4860655e-02   3.7080520e-02   2.5058468e-02
   2.0975833e+03   5.4819957e-02   3.7033870e-02   2.5014007e-02
   2.0976667e+03   5.4772322e-02   3.6983940e-02   2.4968293e-02
   2.0977500e+03   5.4726407e-02   3.6934863e-02   2.4922958e-02
   2.0978333e+03   5.4695039e-02   3.6892746e-02   2.4880404e-02
   2.0979167e+03   5.4680129e-02   3.6858483e-02   2.4840973e-02
   2.0980000e+03   5.4672890e-02   3.6827876e-02   2.4803007e-02
   2.0980833e+03   5.4669586e-02   3.6799143e-02   2.4765803e-02
   2.0981667e+03   5.4666997e-02   3.6770749e-02   2.4728758e-02
   2.0982500e+03   5.4662395e-02   3.6741402e-02   2.4691368e-02
   2.0983333e+03   5.4651043e-02   3.6708863e-02   2.4652760e-02
   2.0984167e+03   5.4630083e-02   3.6671787e-02   2.4612417e-02
   2.0985000e+03   5.4601019e-02   3.6630899e-02   2.4570626e-02
   2.0985833e+03   5.4559793e-02   3.6584291e-02   2.4526652e-02
   2.0986667e+03   5.4511606e-02   3.6534430e-02   2.4481458e-02
   2.0987500e+03   5.4465146e-02   3.6485416e-02   2.4436637e-02
   2.0988333e+03   5.4433294e-02   3.6443313e-02   2.4394529e-02
   2.0989167e+03   5.4418006e-02   3.6409025e-02   2.4355477e-02
   2.0990000e+03   5.4410466e-02   3.6378388e-02   2.4317864e-02
   2.0990833e+03   5.4406918e-02   3.6349631e-02   2.4281002e-02
   2.0991667e+03   5.4404097e-02   3.6321216e-02   2.4244300e-02
   2.0992500e+03   5.4399230e-02   3.6291844e-02   2.4207257e-02
   2.0993333e+03   5.4387532e-02   3.6259278e-02   2.4169019e-02
   2.0994167e+03   5.4366150e-02   3.6222194e-02   2.4129083e-02
   2.0995000e+03   5.4336617e-02   3.6181319e-02   2.4087734e-02
   2.0995833e+03   5.4294868e-02   3.6134766e-02   2.4044256e-02
   2.0996667e+03   5.4246134e-02   3.6084988e-02   2.3999592e-02
   2.0997500e+03   5.4199133e-02   3.6036051e-02   2.3955292e-02
   2.0998333e+03   5.4166801e-02   3.5993975e-02   2.3913641e-02
   2.0999167e+03   5.4151134e-02   3.5959671e-02   2.3874977e-02
   2.1000000e+03   5.4143292e-02   3.5929014e-02   2.3837726e-02
   2.1000833e+03   5.4139497e-02   3.5900241e-02   2.3801217e-02
   2.1001667e+03   5.4136440e-02   3.5871813e-02   2.3764865e-02
   2.1002500e+03   5.4131306e-02   3.5842424e-02   2.3728179e-02
   2.1003333e+03   5.4119262e-02   3.5809842e-02   2.3690319e-02
   2.1004167e+03   5.4097459e-02   3.5772760e-02   2.3650800e-02
   2.1005000e+03   5.4067459e-02   3.5731911e-02   2.3609902e-02
   2.1005833e+03   5.4025191e-02   3.5685427e-02   2.3566930e-02
   2.1006667e+03   5.3975915e-02   3.5635744e-02   2.3522803e-02
   2.1007500e+03   5.3928380e-02   3.5586898e-02   2.3479033e-02
   2.1008333e+03   5.3895569e-02   3.5544860e-02   2.3437848e-02
   2.1009167e+03   5.3879525e-02   3.5510552e-02   2.3399581e-02
