   2.0000000e+03   1.0000000e+00   1.0000000e+00   1.0000000e+00
   2.0000833e+03   1.0000000e+00   1.0000000e+00   1.0000000e+00
   2.0001667e+03   1.0000000e+00   1.0000000e+00   1.0000000e+00
   2.0002500e+03   1.0000000e+00   1.0000000e+00   1.0000000e+00
   2.0003333e+03   1.0000000e+00   1.0000000e+00   1.0000000e+00
   2.0004167e+03   1.0000000e+00   1.0000000e+00   1.0000000e+00
   2.0005000e+03   1.0000000e+00   1.0000000e+00   1.0000000e+00
   2.0005833e+03   1.0000000e+00   1.0000000e+00   1.0000000e+00
   2.0006667e+03   1.0000000e+00   1.0000000e+00   1.0000000e+00
   2.0007500e+03   1.0000000e+00   1.0000000e+00   1.0000000e+00
   2.0008333e+03   1.0000000e+00   1.0000000e+00   1.0000000e+00
   2.0009167e+03   1.0000000e+00   1.0000000e+00   1.0000000e+00
   2.0010000e+03   9.9942291e-01   9.9942257e-01   9.9942222e-01
   2.0010833e+03   9.9872268e-01   9.9872168e-01   9.9872068e-01
   2.0011667e+03   9.9813268e-01   9.9813066e-01   9.9812863e-01
   2.0012500e+03   9.9790613e-01   9.9790247e-01   9.9789881e-01
   2.0013333e+03   9.9811993e-01   9.9811383e-01   9.9810773e-01
   2.0014167e+03   9.9852816e-01   9.9851893e-01   9.9850969e-01
   2.0015000e+03   9.9891192e-01   9.9889906e-01   9.9888620e-01
   2.0015833e+03   9.9925706e-01   9.9924011e-01   9.9922317e-01
   2.0016667e+03   9.9963004e-01   9.9960846e-01   9.9958688e-01
   2.0017500e+03   1.0000392e+00   1.0000124e+00   9.9998561e-01
   2.0018333e+03   1.0002495e+00   1.0002174e+00   1.0001852e+00
   2.0019167e+03   1.0000344e+00   9.9999741e-01   9.9996038e-01
   2.0020000e+03   9.9946415e-01   9.9942267e-01   9.9938119e-01
   2.0020833e+03   9.9877088e-01   9.9872492e-01   9.9867897e-01
   2.0021667e+03   9.9818770e-01   9.9813665e-01   9.9808561e-01
   2.0022500e+03   9.9796713e-01   9.9790962e-01   9.9785212e-01
   2.0023333e+03   9.9818472e-01   9.9811900e-01   9.9805330e-01
   2.0024167e+03   9.9859363e-01   9.9851861e-01   9.9844359e-01
   2.0025000e+03   9.9897568e-01   9.9889093e-01   9.9880619e-01
   2.0025833e+03   5.9959091e-01   5.9953401e-01   5.9947711e-01
   2.0026667e+03   5.9981349e-01   5.9975017e-01   5.9968686e-01
   2.0027500e+03   6.0005938e-01   5.9998925e-01   5.9991913e-01
   2.0028333e+03   6.0018785e-01   6.0011109e-01   6.0003434e-01
   2.0029167e+03   6.0006239e-01   5.9997983e-01   5.9989728e-01
   2.0030000e+03   5.9972429e-01   5.9963665e-01   5.9954903e-01
   2.0030833e+03   5.9931249e-01   5.9921994e-01   5.9912740e-01
   2.0031667e+03   5.9896665e-01   5.9886868e-01   5.9877073e-01
   2.0032500e+03   5.9883788e-01   5.9873321e-01   5.9862855e-01
   2.0033333e+03   5.9897070e-01   5.9885771e-01   5.9874474e-01
   2.0034167e+03   5.9921643e-01   5.9909423e-01   5.9897205e-01
   2.0035000e+03   5.9944462e-01   5.9931300e-01   5.9918142e-01
   2.0035833e+03   5.9964851e-01   5.9950733e-01   5.9936618e-01
   2.0036667e+03   5.9986987e-01   5.9971872e-01   5.9956760e-01
   2.0037500e+03   6.0011613e-01   5.9995456e-01   5.9979303e-01
   2.0038333e+03   6.0024689e-01   6.0007534e-01   5.9990383e-01
   2.0039167e+03   6.0012499e-01   5.9994483e-01   5.9976473e-01
   2.0040000e+03   5.9979093e-01   5.9960337e-01   5.9941587e-01
   2.0040833e+03   5.9938327e-01   5.9918863e-01   5.9899406e-01
   2.0041667e+03   5.9904148e-01   5.9883912e-01   5.9863684e-01
   2.0042500e+03   5.9891627e-01   5.9870445e-01   5.9849270e-01
   2.0043333e+03   5.9905134e-01   5.9882788e-01   5.9860450e-01
   2.0044167e+03   5.9929744e-01   5.9906123e-01   5.9882510e-01
   2.0045000e+03   5.9952456e-01   5.9927544e-01   5.9902642e-01
   2.0045833e+03   5.9972682e-01   5.9946471e-01   5.9920270e-01
   2.0046667e+03   5.9994692e-01   5.9967137e-01   5.9939595e-01
   2.0047500e+03   6.0019354e-01   5.9990405e-01   5.9961469e-01
   2.0048333e+03   6.0032657e-01   6.0002381e-01   5.9972120e-01
   2.0049167e+03   6.0020822e-01   5.9989412e-01   5.9958018e-01
   2.0050000e+03   5.9987819e-01   5.9955442e-01   5.9923083e-01
   2.0050833e+03   5.9947466e-01   5.9914171e-01   5.9880895e-01
   2.0051667e+03   5.9913689e-01   5.9879400e-01   5.9845130e-01
   2.0052500e+03   5.9901523e-01   5.9866018e-01   5.9830532e-01
   2.0053333e+03   5.9915253e-01   5.9878259e-01   5.9841288e-01
   2.0054167e+03   5.9939899e-01   5.9901283e-01   5.9862691e-01
   2.0055000e+03   5.9962501e-01   5.9922254e-01   5.9882033e-01
   2.0055833e+03   5.9982562e-01   5.9940681e-01   5.9898829e-01
   2.0056667e+03   6.0004445e-01   5.9960883e-01   5.9917352e-01
   2.0057500e+03   6.0029140e-01   5.9983840e-01   5.9938572e-01
   2.0058333e+03   6.0042669e-01   5.9995721e-01   5.9948808e-01
   2.0059167e+03   6.0031187e-01   5.9982838e-01   5.9934527e-01
   2.0060000e+03   5.9998585e-01   5.9949049e-01   5.9899553e-01
   2.0060833e+03   5.9958642e-01   5.9907986e-01   5.9857371e-01
   2.0061667e+03   5.9925268e-01   5.9873400e-01   5.9821575e-01
   2.0062500e+03   5.9913455e-01   5.9860107e-01   5.9806806e-01
   2.0063333e+03   5.9927407e-01   5.9872253e-01   5.9817149e-01
   2.0064167e+03   5.9952086e-01   5.9894971e-01   5.9837910e-01
   2.0065000e+03   5.9974577e-01   5.9915500e-01   5.9856479e-01
   2.0065833e+03   5.9994470e-01   5.9933433e-01   5.9872458e-01
   2.0066667e+03   6.0016222e-01   5.9953176e-01   5.9890195e-01
   2.0067500e+03   6.0040950e-01   5.9975828e-01   5.9910776e-01
   2.0068333e+03   6.0054703e-01   5.9987620e-01   5.9920611e-01
   2.0069167e+03   6.0043572e-01   5.9974829e-01   5.9906163e-01
   2.0070000e+03   6.0011370e-01   5.9941226e-01   5.9871163e-01
   2.0070833e+03   5.9971836e-01   5.9900375e-01   5.9828998e-01
   2.0071667e+03   5.9938861e-01   5.9865979e-01   5.9793183e-01
   2.0072500e+03   5.9927400e-01   5.9852782e-01   5.9778254e-01
   2.0073333e+03   5.9941573e-01   5.9864838e-01   5.9788200e-01
   2.0074167e+03   5.9966283e-01   5.9887257e-01   5.9808334e-01
   2.0075000e+03   5.9988661e-01   5.9907349e-01   5.9826145e-01
   2.0075833e+03   6.0008382e-01   5.9924796e-01   5.9841323e-01
   2.0076667e+03   6.0030002e-01   5.9944085e-01   5.9858290e-01
   2.0077500e+03   6.0054760e-01   5.9966440e-01   5.9878247e-01
   2.0078333e+03   6.0068737e-01   5.9978148e-01   5.9887694e-01
   2.0079167e+03   6.0057956e-01   5.9965454e-01   5.9873092e-01
   2.0080000e+03   6.0026152e-01   5.9932042e-01   5.9838078e-01
   2.0080833e+03   5.9987025e-01   5.9891409e-01   5.9795942e-01
   2.0081667e+03   5.9954448e-01   5.9857206e-01   5.9760120e-01
   2.0082500e+03   5.9943337e-01   5.9844110e-01   5.9745045e-01
   2.0083333e+03   5.9957729e-01   5.9856083e-01   5.9754606e-01
   2.0084167e+03   5.9982470e-01   5.9878210e-01   5.9774128e-01
   2.0085000e+03   6.0004731e-01   5.9897870e-01   5.9791197e-01
   2.0085833e+03   6.0024279e-01   5.9914837e-01   5.9805591e-01
   2.0086667e+03   6.0045764e-01   5.9933681e-01   5.9821804e-01
   2.0087500e+03   6.0070551e-01   5.9955743e-01   5.9841152e-01
   2.0088333e+03   6.0084749e-01   5.9967374e-01   5.9850225e-01
   2.0089167e+03   6.0074317e-01   5.9954782e-01   5.9835482e-01
   2.0090000e+03   6.0042909e-01   5.9921567e-01   5.9800467e-01
   2.0090833e+03   6.0004188e-01   5.9881155e-01   5.9758370e-01
   2.0091667e+03   5.9972008e-01   5.9847152e-01   5.9722553e-01
   2.0092500e+03   5.9961246e-01   5.9834162e-01   5.9707344e-01
   2.0093333e+03   5.9975856e-01   5.9846057e-01   5.9716536e-01
   2.0094167e+03   6.0000624e-01   5.9867897e-01   5.9735460e-01
   2.0095000e+03   6.0022767e-01   5.9887134e-01   5.9751804e-01
   2.0095833e+03   6.0042139e-01   5.9903627e-01   5.9765430e-01
   2.0096667e+03   6.0063486e-01   5.9922031e-01   5.9780905e-01
   2.0097500e+03   6.0088299e-01   5.9943808e-01   5.9799660e-01
   2.0098333e+03   6.0102718e-01   5.9955368e-01   5.9808374e-01
   2.0099167e+03   6.0092633e-01   5.9942883e-01   5.9793502e-01
   2.0100000e+03   6.0061620e-01   5.9909869e-01   5.9758497e-01
   2.0100833e+03   6.0023303e-01   5.9869683e-01   5.9716452e-01
   2.0101667e+03   5.9991518e-01   5.9835885e-01   5.9680651e-01
   2.0102500e+03   5.9981104e-01   5.9823007e-01   5.9665321e-01
   2.0103333e+03   5.9995930e-01   5.9834830e-01   5.9674158e-01
   2.0104167e+03   6.0020725e-01   5.9856391e-01   5.9692501e-01
   2.0105000e+03   6.0042747e-01   5.9875210e-01   5.9708136e-01
   2.0105833e+03   6.0061939e-01   5.9891235e-01   5.9721010e-01
   2.0106667e+03   6.0083146e-01   5.9909206e-01   5.9735763e-01
   2.0107500e+03   6.0107984e-01   5.9930705e-01   5.9753942e-01
   2.0108333e+03   6.0122622e-01   5.9942199e-01   5.9762311e-01
   2.0109167e+03   6.0112883e-01   5.9929828e-01   5.9747323e-01
   2.0110000e+03   6.0082263e-01   5.9897019e-01   5.9712339e-01
   2.0110833e+03   6.0044349e-01   5.9857065e-01   5.9670359e-01
   2.0111667e+03   6.0012958e-01   5.9823476e-01   5.9634586e-01
   2.0112500e+03   6.0002890e-01   5.9810714e-01   5.9619148e-01
   2.0113333e+03   6.0017932e-01   5.9822473e-01   5.9627644e-01
   2.0114167e+03   6.0042751e-01   5.9843760e-01   5.9645422e-01
   2.0115000e+03   6.0064649e-01   5.9862168e-01   5.9660363e-01
   2.0115833e+03   6.0083660e-01   5.9877732e-01   5.9672503e-01
   2.0116667e+03   6.0104724e-01   5.9895276e-01   5.9686551e-01
   2.0117500e+03   6.0129585e-01   5.9916503e-01   5.9704168e-01
   2.0118333e+03   6.0144440e-01   5.9927937e-01   5.9712206e-01
   2.0119167e+03   6.0135046e-01   5.9915685e-01   5.9697116e-01
   2.0120000e+03   6.0104818e-01   5.9883087e-01   5.9662166e-01
   2.0120833e+03   6.0067305e-01   5.9843369e-01   5.9620261e-01
   2.0121667e+03   6.0036306e-01   5.9809994e-01   5.9584528e-01
   2.0122500e+03   6.0026583e-01   5.9797355e-01   5.9568995e-01
   2.0123333e+03   6.0041839e-01   5.9809054e-01   5.9577164e-01
   2.0124167e+03   6.0066680e-01   5.9830075e-01   5.9594393e-01
   2.0125000e+03   6.0088452e-01   5.9848079e-01   5.9608658e-01
   2.0125833e+03   6.0107278e-01   5.9863188e-01   5.9620079e-01
   2.0126667e+03   6.0128197e-01   5.9880312e-01   5.9633439e-01
   2.0127500e+03   6.0153079e-01   5.9901273e-01   5.9650511e-01
   2.0128333e+03   6.0168151e-01   5.9912655e-01   5.9658233e-01
   2.0129167e+03   6.0159101e-01   5.9900526e-01   5.9643053e-01
   2.0130000e+03   6.0129263e-01   5.9868144e-01   5.9608149e-01
   2.0130833e+03   6.0092149e-01   5.9828667e-01   5.9566331e-01
   2.0131667e+03   6.0061541e-01   5.9795512e-01   5.9530650e-01
   2.0132500e+03   6.0052161e-01   5.9783000e-01   5.9515035e-01
   2.0133333e+03   6.0067630e-01   5.9794646e-01   5.9522892e-01
   2.0134167e+03   6.0092492e-01   5.9815407e-01   5.9539588e-01
   2.0135000e+03   6.0114136e-01   5.9833013e-01   5.9553193e-01
   2.0135833e+03   3.0066387e-01   2.9923837e-01   2.9781957e-01
   2.0136667e+03   3.0076772e-01   2.9932192e-01   2.9788301e-01
   2.0137500e+03   3.0089223e-01   2.9942543e-01   2.9796572e-01
   2.0138333e+03   3.0096866e-01   2.9948211e-01   2.9800283e-01
   2.0139167e+03   3.0092512e-01   2.9942211e-01   2.9792655e-01
   2.0140000e+03   3.0077788e-01   2.9926131e-01   2.9775231e-01
   2.0140833e+03   3.0059430e-01   2.9906515e-01   2.9754371e-01
   2.0141667e+03   3.0044321e-01   2.9890049e-01   2.9736563e-01
   2.0142500e+03   3.0039802e-01   2.9883860e-01   2.9728721e-01
   2.0143333e+03   3.0047642e-01   2.9889660e-01   2.9732501e-01
   2.0144167e+03   3.0060083e-01   2.9899913e-01   2.9740590e-01
   2.0145000e+03   3.0070839e-01   2.9908521e-01   2.9747072e-01
   2.0145833e+03   3.0080063e-01   2.9915630e-01   2.9752089e-01
   2.0146667e+03   3.0090373e-01   2.9923782e-01   2.9758106e-01
   2.0147500e+03   3.0102832e-01   2.9934007e-01   2.9766121e-01
   2.0148333e+03   3.0110582e-01   2.9939654e-01   2.9769689e-01
   2.0149167e+03   3.0106399e-01   2.9933722e-01   2.9762029e-01
   2.0150000e+03   3.0091869e-01   2.9917755e-01   2.9744640e-01
   2.0150833e+03   3.0073709e-01   2.9898264e-01   2.9723835e-01
   2.0151667e+03   3.0058794e-01   2.9881913e-01   2.9706065e-01
   2.0152500e+03   3.0054446e-01   2.9875793e-01   2.9698195e-01
   2.0153333e+03   3.0062391e-01   2.9881573e-01   2.9701834e-01
   2.0154167e+03   3.0074840e-01   2.9891703e-01   2.9709673e-01
   2.0155000e+03   3.0085529e-01   2.9900118e-01   2.9715841e-01
   2.0155833e+03   3.0094656e-01   2.9907010e-01   2.9720525e-01
   2.0156667e+03   3.0104889e-01   2.9914962e-01   2.9726223e-01
   2.0157500e+03   3.0117356e-01   2.9925064e-01   2.9733990e-01
   2.0158333e+03   3.0125213e-01   2.9930694e-01   2.9737422e-01
   2.0159167e+03   3.0121199e-01   2.9924832e-01   2.9729736e-01
   2.0160000e+03   3.0106862e-01   2.9908980e-01   2.9712389e-01
   2.0160833e+03   3.0088900e-01   2.9889617e-01   2.9691645e-01
   2.0161667e+03   3.0074178e-01   2.9873383e-01   2.9673918e-01
   2.0162500e+03   3.0070000e-01   2.9867336e-01   2.9666027e-01
   2.0163333e+03   3.0078050e-01   2.9873098e-01   2.9669533e-01
   2.0164167e+03   3.0090506e-01   2.9883108e-01   2.9677129e-01
   2.0165000e+03   3.0101127e-01   2.9891334e-01   2.9682993e-01
   2.0165833e+03   3.0110156e-01   2.9898012e-01   2.9687351e-01
   2.0166667e+03   3.0120311e-01   2.9905766e-01   2.9692739e-01
   2.0167500e+03   3.0132785e-01   2.9915749e-01   2.9700265e-01
   2.0168333e+03   3.0140747e-01   2.9921365e-01   2.9703570e-01
   2.0169167e+03   3.0136902e-01   2.9915577e-01   2.9695866e-01
   2.0170000e+03   3.0122758e-01   2.9899842e-01   2.9678565e-01
   2.0170833e+03   3.0104993e-01   2.9880610e-01   2.9657887e-01
   2.0171667e+03   3.0090464e-01   2.9864495e-01   2.9640211e-01
   2.0172500e+03   3.0086456e-01   2.9858523e-01   2.9632305e-01
   2.0173333e+03   3.0094609e-01   2.9864271e-01   2.9635684e-01
   2.0174167e+03   3.0107071e-01   2.9874164e-01   2.9643047e-01
   2.0175000e+03   3.0117623e-01   2.9882204e-01   2.9648614e-01
   2.0175833e+03   3.0126552e-01   2.9888671e-01   2.9652656e-01
   2.0176667e+03   3.0136628e-01   2.9896232e-01   2.9657742e-01
   2.0177500e+03   3.0149107e-01   2.9906099e-01   2.9665037e-01
   2.0178333e+03   3.0157174e-01   2.9911704e-01   2.9668220e-01
   2.0179167e+03   3.0153498e-01   2.9905992e-01   2.9660505e-01
   2.0180000e+03   3.0139546e-01   2.9890378e-01   2.9643256e-01
   2.0180833e+03   3.0121977e-01   2.9871278e-01   2.9622651e-01
   2.0181667e+03   3.0107640e-01   2.9855285e-01   2.9605031e-01
   2.0182500e+03   3.0103801e-01   2.9849390e-01   2.9597116e-01
   2.0183333e+03   3.0112057e-01   2.9855128e-01   2.9600377e-01
   2.0184167e+03   3.0124525e-01   2.9864908e-01   2.9607514e-01
   2.0185000e+03   3.0135005e-01   2.9872766e-01   2.9612794e-01
   2.0185833e+03   3.0143834e-01   2.9879025e-01   2.9616528e-01
   2.0186667e+03   3.0153829e-01   2.9886396e-01   2.9621320e-01
   2.0187500e+03   3.0166312e-01   2.9896149e-01   2.9628391e-01
   2.0188333e+03   3.0174483e-01   2.9901747e-01   2.9631462e-01
   2.0189167e+03   3.0170976e-01   2.9896114e-01   2.9623741e-01
   2.0190000e+03   3.0157215e-01   2.9880622e-01   2.9606551e-01
   2.0190833e+03   3.0139842e-01   2.9861657e-01   2.9586024e-01
   2.0191667e+03   3.0125697e-01   2.9845789e-01   2.9568466e-01
   2.0192500e+03   3.0122026e-01   2.9839975e-01   2.9560549e-01
   2.0193333e+03   3.0130385e-01   2.9845705e-01   2.9563700e-01
   2.0194167e+03   3.0142857e-01   2.9855375e-01   2.9570619e-01
   2.0195000e+03   3.0153265e-01   2.9863054e-01   2.9575620e-01
   2.0195833e+03   3.0161991e-01   2.9869108e-01   2.9579054e-01
   2.0196667e+03   3.0171903e-01   2.9876292e-01   2.9583562e-01
   2.0197500e+03   3.0184390e-01   2.9885937e-01   2.9590417e-01
   2.0198333e+03   3.0192665e-01   2.9891531e-01   2.9593383e-01
   2.0199167e+03   3.0189325e-01   2.9885979e-01   2.9585663e-01
   2.0200000e+03   3.0175755e-01   2.9870613e-01   2.9568538e-01
   2.0200833e+03   3.0158577e-01   2.9851784e-01   2.9548095e-01
   2.0201667e+03   3.0144623e-01   2.9836043e-01   2.9530604e-01
   2.0202500e+03   3.0141120e-01   2.9830313e-01   2.9522693e-01
   2.0203333e+03   3.0149581e-01   2.9836039e-01   2.9525740e-01
   2.0204167e+03   3.0162056e-01   2.9845602e-01   2.9532451e-01
   2.0205000e+03   3.0172390e-01   2.9853105e-01   2.9537180e-01
   2.0205833e+03   3.0181012e-01   2.9858959e-01   2.9540323e-01
   2.0206667e+03   3.0190840e-01   2.9865959e-01   2.9544554e-01
   2.0207500e+03   3.0203330e-01   2.9875497e-01   2.9551204e-01
   2.0208333e+03   3.0211707e-01   2.9881090e-01   2.9554072e-01
   2.0209167e+03   3.0208535e-01   2.9875623e-01   2.9546360e-01
   2.0210000e+03   3.0195155e-01   2.9860384e-01   2.9529306e-01
   2.0210833e+03   3.0178172e-01   2.9841696e-01   2.9508951e-01
   2.0211667e+03   3.0164408e-01   2.9826084e-01   2.9491534e-01
   2.0212500e+03   3.0161073e-01   2.9820440e-01   2.9483634e-01
   2.0213333e+03   3.0169634e-01   2.9826165e-01   2.9486586e-01
   2.0214167e+03   3.0182112e-01   2.9835625e-01   2.9493096e-01
   2.0215000e+03   3.0192371e-01   2.9842956e-01   2.9497564e-01
   2.0215833e+03   3.0200886e-01   2.9848611e-01   2.9500424e-01
   2.0216667e+03   3.0210630e-01   2.9855431e-01   2.9504387e-01
   2.0217500e+03   3.0223121e-01   2.9864867e-01   2.9510838e-01
   2.0218333e+03   3.0231601e-01   2.9870462e-01   2.9513616e-01
   2.0219167e+03   3.0228595e-01   2.9865082e-01   2.9505919e-01
   2.0220000e+03   3.0215405e-01   2.9849974e-01   2.9488941e-01
   2.0220833e+03   3.0198616e-01   2.9831428e-01   2.9468682e-01
   2.0221667e+03   3.0185042e-01   2.9815948e-01   2.9451344e-01
   2.0222500e+03   3.0181873e-01   2.9810393e-01   2.9443463e-01
   2.0223333e+03   3.0190535e-01   2.9816121e-01   2.9446327e-01
   2.0224167e+03   3.0203014e-01   2.9825481e-01   2.9452644e-01
   2.0225000e+03   3.0213196e-01   2.9832642e-01   2.9456858e-01
   2.0225833e+03   3.0221604e-01   2.9838103e-01   2.9459444e-01
   2.0226667e+03   3.0231261e-01   2.9844746e-01   2.9463148e-01
   2.0227500e+03   3.0243753e-01   2.9854083e-01   2.9469409e-01
   2.0228333e+03   3.0252334e-01   2.9859684e-01   2.9472105e-01
   2.0229167e+03   3.0249494e-01   2.9854394e-01   2.9464430e-01
   2.0230000e+03   3.0236493e-01   2.9839419e-01   2.9447534e-01
   2.0230833e+03   3.0219898e-01   2.9821017e-01   2.9427375e-01
   2.0231667e+03   3.0206513e-01   2.9805671e-01   2.9410122e-01
   2.0232500e+03   3.0203511e-01   2.9800209e-01   2.9402266e-01
   2.0233333e+03   3.0212272e-01   2.9805942e-01   2.9405050e-01
   2.0234167e+03   3.0224751e-01   2.9815206e-01   2.9411184e-01
   2.0235000e+03   3.0234856e-01   2.9822201e-01   2.9415152e-01
   2.0235833e+03   3.0243155e-01   2.9827470e-01   2.9417473e-01
   2.0236667e+03   3.0252723e-01   2.9833939e-01   2.9420926e-01
   2.0237500e+03   3.0265214e-01   2.9843181e-01   2.9427005e-01
   2.0238333e+03   3.0273896e-01   2.9848790e-01   2.9429626e-01
   2.0239167e+03   3.0271222e-01   2.9843594e-01   2.9421979e-01
   2.0240000e+03   3.0258410e-01   2.9828754e-01   2.9405171e-01
   2.0240833e+03   3.0242008e-01   2.9810499e-01   2.9385119e-01
   2.0241667e+03   3.0228812e-01   2.9795290e-01   2.9367957e-01
   2.0242500e+03   3.0225975e-01   2.9789923e-01   2.9360132e-01
   2.0243333e+03   3.0234836e-01   2.9795665e-01   2.9362844e-01
   2.0244167e+03   3.0247314e-01   2.9804836e-01   2.9368802e-01
   2.0245000e+03   3.0257339e-01   2.9811669e-01   2.9372534e-01
   2.0245833e+03   1.5132764e-01   1.4908375e-01   1.4687299e-01
   2.0246667e+03   1.5137503e-01   1.4911524e-01   1.4688904e-01
   2.0247500e+03   1.5143748e-01   1.4916099e-01   1.4691857e-01
   2.0248333e+03   1.5148139e-01   1.4918910e-01   1.4693134e-01
   2.0249167e+03   1.5146884e-01   1.4916360e-01   1.4689328e-01
   2.0250000e+03   1.5140572e-01   1.4909009e-01   1.4680971e-01
   2.0250833e+03   1.5132467e-01   1.4899955e-01   1.4671001e-01
   2.0251667e+03   1.5125963e-01   1.4892420e-01   1.4662468e-01
   2.0252500e+03   1.5124627e-01   1.4889785e-01   1.4658574e-01
   2.0253333e+03   1.5129106e-01   1.4892663e-01   1.4659899e-01
   2.0254167e+03   1.5135344e-01   1.4897204e-01   1.4662795e-01
   2.0255000e+03   1.5140317e-01   1.4900542e-01   1.4664549e-01
   2.0255833e+03   1.5144355e-01   1.4902992e-01   1.4665459e-01
   2.0256667e+03   1.5149050e-01   1.4906060e-01   1.4666951e-01
   2.0257500e+03   1.5155293e-01   1.4910592e-01   1.4669825e-01
   2.0258333e+03   1.5159733e-01   1.4913412e-01   1.4671077e-01
   2.0259167e+03   1.5158559e-01   1.4910912e-01   1.4667294e-01
   2.0260000e+03   1.5152338e-01   1.4903631e-01   1.4658989e-01
   2.0260833e+03   1.5144326e-01   1.4894653e-01   1.4649079e-01
   2.0261667e+03   1.5137914e-01   1.4887190e-01   1.4640601e-01
   2.0262500e+03   1.5136658e-01   1.4884607e-01   1.4636736e-01
   2.0263333e+03   1.5141184e-01   1.4887496e-01   1.4638041e-01
   2.0264167e+03   1.5147421e-01   1.4892000e-01   1.4640869e-01
   2.0265000e+03   1.5152354e-01   1.4895268e-01   1.4642526e-01
   2.0265833e+03   1.5156337e-01   1.4897634e-01   1.4643329e-01
   2.0266667e+03   1.5160987e-01   1.4900628e-01   1.4644723e-01
   2.0267500e+03   1.5167228e-01   1.4905125e-01   1.4647534e-01
   2.0268333e+03   1.5171716e-01   1.4907962e-01   1.4648774e-01
   2.0269167e+03   1.5170622e-01   1.4905517e-01   1.4645027e-01
   2.0270000e+03   1.5164492e-01   1.4898312e-01   1.4636785e-01
   2.0270833e+03   1.5156573e-01   1.4889415e-01   1.4626948e-01
   2.0271667e+03   1.5150252e-01   1.4882029e-01   1.4618535e-01
   2.0272500e+03   1.5149076e-01   1.4879504e-01   1.4614711e-01
   2.0273333e+03   1.5153650e-01   1.4882412e-01   1.4616011e-01
   2.0274167e+03   1.5159884e-01   1.4886887e-01   1.4618787e-01
   2.0275000e+03   1.5164776e-01   1.4890091e-01   1.4620361e-01
   2.0275833e+03   1.5168704e-01   1.4892382e-01   1.4621074e-01
   2.0276667e+03   1.5173307e-01   1.4895309e-01   1.4622384e-01
   2.0277500e+03   1.5179546e-01   1.4899779e-01   1.4625148e-01
   2.0278333e+03   1.5184083e-01   1.4902639e-01   1.4626392e-01
   2.0279167e+03   1.5183068e-01   1.4900257e-01   1.4622694e-01
   2.0280000e+03   1.5177029e-01   1.4893133e-01   1.4614526e-01
   2.0280833e+03   1.5169203e-01   1.4884322e-01   1.4604771e-01
   2.0281667e+03   1.5162972e-01   1.4877018e-01   1.4596436e-01
   2.0282500e+03   1.5161876e-01   1.4874558e-01   1.4592665e-01
   2.0283333e+03   1.5166497e-01   1.4877493e-01   1.4593975e-01
   2.0284167e+03   1.5172729e-01   1.4881946e-01   1.4596714e-01
   2.0285000e+03   1.5177580e-01   1.4885093e-01   1.4598222e-01
   2.0285833e+03   1.5181450e-01   1.4887315e-01   1.4598858e-01
   2.0286667e+03   1.5186007e-01   1.4890183e-01   1.4600101e-01
   2.0287500e+03   1.5192243e-01   1.4894634e-01   1.4602833e-01
   2.0288333e+03   1.5196827e-01   1.4897525e-01   1.4604095e-01
   2.0289167e+03   1.5195892e-01   1.4895212e-01   1.4600459e-01
   2.0290000e+03   1.5189943e-01   1.4888174e-01   1.4592377e-01
   2.0290833e+03   1.5182210e-01   1.4879454e-01   1.4582714e-01
   2.0291667e+03   1.5176070e-01   1.4872238e-01   1.4574467e-01
   2.0292500e+03   1.5175053e-01   1.4869850e-01   1.4570763e-01
   2.0293333e+03   1.5179721e-01   1.4872819e-01   1.4572098e-01
   2.0294167e+03   1.5185950e-01   1.4877257e-01   1.4574816e-01
   2.0295000e+03   1.5190758e-01   1.4880356e-01   1.4576273e-01
   2.0295833e+03   1.5194571e-01   1.4882516e-01   1.4576847e-01
   2.0296667e+03   1.5199081e-01   1.4885332e-01   1.4578037e-01
   2.0297500e+03   1.5205314e-01   1.4889771e-01   1.4580752e-01
   2.0298333e+03   1.5209945e-01   1.4892700e-01   1.4582048e-01
   2.0299167e+03   1.5209088e-01   1.4890462e-01   1.4578487e-01
   2.0300000e+03   1.5203230e-01   1.4883516e-01   1.4570502e-01
   2.0300833e+03   1.5195588e-01   1.4874892e-01   1.4560940e-01
   2.0301667e+03   1.5189535e-01   1.4867766e-01   1.4552789e-01
   2.0302500e+03   1.5188593e-01   1.4865451e-01   1.4549160e-01
   2.0303333e+03   1.5193304e-01   1.4868457e-01   1.4550532e-01
   2.0304167e+03   1.5199531e-01   1.4872889e-01   1.4553243e-01
   2.0305000e+03   1.5204301e-01   1.4875950e-01   1.4554666e-01
   2.0305833e+03   1.5208063e-01   1.4878062e-01   1.4555197e-01
   2.0306667e+03   1.5212532e-01   1.4880839e-01   1.4556353e-01
   2.0307500e+03   1.5218763e-01   1.4885272e-01   1.4559064e-01
   2.0308333e+03   1.5223433e-01   1.4888237e-01   1.4560396e-01
   2.0309167e+03   1.5222640e-01   1.4886063e-01   1.4556903e-01
   2.0310000e+03   1.5216851e-01   1.4879192e-01   1.4549001e-01
   2.0310833e+03   1.5209279e-01   1.4870646e-01   1.4539527e-01
   2.0311667e+03   1.5203296e-01   1.4863595e-01   1.4531459e-01
   2.0312500e+03   1.5202415e-01   1.4861343e-01   1.4527897e-01
   2.0313333e+03   1.5207163e-01   1.4864383e-01   1.4529303e-01
   2.0314167e+03   1.5213388e-01   1.4868811e-01   1.4532012e-01
   2.0315000e+03   1.5218125e-01   1.4871840e-01   1.4533407e-01
   2.0315833e+03   1.5221842e-01   1.4873909e-01   1.4533902e-01
   2.0316667e+03   1.5226274e-01   1.4876650e-01   1.4535027e-01
   2.0317500e+03   1.5232502e-01   1.4881079e-01   1.4537736e-01
   2.0318333e+03   1.5237210e-01   1.4884078e-01   1.4539104e-01
   2.0319167e+03   1.5236478e-01   1.4881967e-01   1.4535678e-01
   2.0320000e+03   1.5230759e-01   1.4875171e-01   1.4527859e-01
   2.0320833e+03   1.5223257e-01   1.4866703e-01   1.4518473e-01
   2.0321667e+03   1.5217343e-01   1.4859727e-01   1.4510488e-01
   2.0322500e+03   1.5216524e-01   1.4857538e-01   1.4506994e-01
   2.0323333e+03   1.5221309e-01   1.4860612e-01   1.4508435e-01
   2.0324167e+03   1.5227532e-01   1.4865036e-01   1.4511142e-01
   2.0325000e+03   1.5232235e-01   1.4868033e-01   1.4512510e-01
   2.0325833e+03   1.5235906e-01   1.4870059e-01   1.4512969e-01
   2.0326667e+03   1.5240300e-01   1.4872765e-01   1.4514065e-01
   2.0327500e+03   1.5246526e-01   1.4877190e-01   1.4516772e-01
   2.0328333e+03   1.5251271e-01   1.4880224e-01   1.4518175e-01
   2.0329167e+03   1.5250600e-01   1.4878175e-01   1.4514816e-01
   2.0330000e+03   1.5244950e-01   1.4871455e-01   1.4507081e-01
   2.0330833e+03   1.5237519e-01   1.4863064e-01   1.4497782e-01
   2.0331667e+03   1.5231674e-01   1.4856164e-01   1.4489882e-01
   2.0332500e+03   1.5230917e-01   1.4854038e-01   1.4486455e-01
   2.0333333e+03   1.5235738e-01   1.4857146e-01   1.4487932e-01
   2.0334167e+03   1.5241958e-01   1.4861566e-01   1.4490637e-01
   2.0335000e+03   1.5246628e-01   1.4864531e-01   1.4491979e-01
   2.0335833e+03   1.5250252e-01   1.4866514e-01   1.4492402e-01
   2.0336667e+03   1.5254608e-01   1.4869184e-01   1.4493469e-01
   2.0337500e+03   1.5260831e-01   1.4873605e-01   1.4496175e-01
   2.0338333e+03   1.5265613e-01   1.4876674e-01   1.4497614e-01
   2.0339167e+03   1.5265004e-01   1.4874689e-01   1.4494323e-01
   2.0340000e+03   1.5259423e-01   1.4868043e-01   1.4486671e-01
   2.0340833e+03   1.5252062e-01   1.4859731e-01   1.4477461e-01
   2.0341667e+03   1.5246286e-01   1.4852906e-01   1.4469645e-01
   2.0342500e+03   1.5245590e-01   1.4850843e-01   1.4466286e-01
   2.0343333e+03   1.5250448e-01   1.4853985e-01   1.4467799e-01
   2.0344167e+03   1.5256665e-01   1.4858401e-01   1.4470503e-01
   2.0345000e+03   1.5261301e-01   1.4861334e-01   1.4471819e-01
   2.0345833e+03   1.5264877e-01   1.4863275e-01   1.4472207e-01
   2.0346667e+03   1.5269194e-01   1.4865910e-01   1.4473245e-01
   2.0347500e+03   1.5275415e-01   1.4870327e-01   1.4475950e-01
   2.0348333e+03   1.5280234e-01   1.4873431e-01   1.4477426e-01
   2.0349167e+03   1.5279685e-01   1.4871508e-01   1.4474203e-01
   2.0350000e+03   1.5274173e-01   1.4864938e-01   1.4466635e-01
   2.0350833e+03   1.5266882e-01   1.4856704e-01   1.4457513e-01
   2.0351667e+03   1.5261176e-01   1.4849954e-01   1.4449781e-01
   2.0352500e+03   1.5260541e-01   1.4847954e-01   1.4446490e-01
   2.0353333e+03   1.5265435e-01   1.4851132e-01   1.4448040e-01
   2.0354167e+03   1.5271649e-01   1.4855544e-01   1.4450743e-01
   2.0355000e+03   1.5276250e-01   1.4858445e-01   1.4452034e-01
   2.0355833e+03   1.5279778e-01   1.4860343e-01   1.4452388e-01
   2.0356667e+03   1.5284056e-01   1.4862942e-01   1.4453398e-01
   2.0357500e+03   1.5290273e-01   1.4867356e-01   1.4456102e-01
   2.0358333e+03   1.5295129e-01   1.4870495e-01   1.4457616e-01
   2.0359167e+03   1.5294642e-01   1.4868636e-01   1.4454461e-01
   2.0360000e+03   1.5289199e-01   1.4862140e-01   1.4446977e-01
   2.0360833e+03   1.5281978e-01   1.4853984e-01   1.4437943e-01
   2.0361667e+03   1.5276340e-01   1.4847310e-01   1.4430295e-01
   2.0362500e+03   1.5275766e-01   1.4845374e-01   1.4427074e-01
   2.0363333e+03   1.5280697e-01   1.4848586e-01   1.4428660e-01
   2.0364167e+03   1.5286908e-01   1.4852995e-01   1.4431364e-01
   2.0365000e+03   1.5291472e-01   1.4855864e-01   1.4432630e-01
   2.0365833e+03   7.6474763e-02   7.4288596e-02   7.2164750e-02
   2.0366667e+03   7.6495957e-02   7.4301417e-02   7.2169660e-02
   2.0367500e+03   7.6527023e-02   7.4323465e-02   7.2183183e-02
   2.0368333e+03   7.6551484e-02   7.4339339e-02   7.2190942e-02
   2.0369167e+03   7.6549353e-02   7.4330358e-02   7.2175509e-02
   2.0370000e+03   7.6522481e-02   7.4298259e-02   7.2138510e-02
   2.0370833e+03   7.6486726e-02   7.4257868e-02   7.2093783e-02
   2.0371667e+03   7.6458881e-02   7.4224876e-02   7.2055967e-02
   2.0372500e+03   7.6456318e-02   7.4215513e-02   7.2040203e-02
   2.0373333e+03   7.6481151e-02   7.4231748e-02   7.2048323e-02
   2.0374167e+03   7.6512186e-02   7.4253775e-02   7.2061845e-02
   2.0375000e+03   7.6534830e-02   7.4267962e-02   7.2068056e-02
   2.0375833e+03   7.6551986e-02   7.4277024e-02   7.2069486e-02
   2.0376667e+03   7.6572979e-02   7.4289668e-02   7.2074260e-02
   2.0377500e+03   7.6604025e-02   7.4311700e-02   7.2087788e-02
   2.0378333e+03   7.6628669e-02   7.4327752e-02   7.2095740e-02
   2.0379167e+03   7.6626842e-02   7.4319088e-02   7.2080651e-02
   2.0380000e+03   7.6600312e-02   7.4287366e-02   7.2044074e-02
   2.0380833e+03   7.6564908e-02   7.4247366e-02   7.1999788e-02
   2.0381667e+03   7.6537406e-02   7.4214752e-02   7.1962396e-02
   2.0382500e+03   7.6535148e-02   7.4205707e-02   7.1946979e-02
   2.0383333e+03   7.6560160e-02   7.4222118e-02   7.1955289e-02
   2.0384167e+03   7.6591174e-02   7.4244129e-02   7.1968819e-02
   2.0385000e+03   7.6613636e-02   7.4258158e-02   7.1974910e-02
   2.0385833e+03   7.6630545e-02   7.4267005e-02   7.1976175e-02
   2.0386667e+03   7.6651335e-02   7.4279473e-02   7.1980814e-02
   2.0387500e+03   7.6682358e-02   7.4301488e-02   7.1994349e-02
   2.0388333e+03   7.6707184e-02   7.4317720e-02   7.2002496e-02
   2.0389167e+03   7.6705661e-02   7.4309374e-02   7.1987754e-02
   2.0390000e+03   7.6679474e-02   7.4278029e-02   7.1951599e-02
   2.0390833e+03   7.6644418e-02   7.4238420e-02   7.1907757e-02
   2.0391667e+03   7.6617260e-02   7.4206184e-02   7.1870789e-02
   2.0392500e+03   7.6615306e-02   7.4197459e-02   7.1855720e-02
   2.0393333e+03   7.6640496e-02   7.4214047e-02   7.1864224e-02
   2.0394167e+03   7.6671488e-02   7.4236043e-02   7.1877762e-02
   2.0395000e+03   7.6693765e-02   7.4249913e-02   7.1883737e-02
   2.0395833e+03   7.6710425e-02   7.4258546e-02   7.1884838e-02
   2.0396667e+03   7.6731008e-02   7.4270837e-02   7.1889347e-02
   2.0397500e+03   7.6762008e-02   7.4292837e-02   7.1902891e-02
   2.0398333e+03   7.6787014e-02   7.4309249e-02   7.1911236e-02
   2.0399167e+03   7.6785794e-02   7.4301222e-02   7.1896842e-02
   2.0400000e+03   7.6759950e-02   7.4270254e-02   7.1861111e-02
   2.0400833e+03   7.6725243e-02   7.4231036e-02   7.1817711e-02
   2.0401667e+03   7.6698427e-02   7.4199180e-02   7.1781169e-02
   2.0402500e+03   7.6696777e-02   7.4190774e-02   7.1766451e-02
   2.0403333e+03   7.6722145e-02   7.4207540e-02   7.1775150e-02
   2.0404167e+03   7.6753113e-02   7.4229522e-02   7.1788701e-02
   2.0405000e+03   7.6775203e-02   7.4243233e-02   7.1794561e-02
   2.0405833e+03   7.6791609e-02   7.4251652e-02   7.1795501e-02
   2.0406667e+03   7.6811984e-02   7.4263767e-02   7.1799880e-02
   2.0407500e+03   7.6842958e-02   7.4285752e-02   7.1813437e-02
   2.0408333e+03   7.6868144e-02   7.4302345e-02   7.1821983e-02
   2.0409167e+03   7.6867227e-02   7.4294638e-02   7.1807939e-02
   2.0410000e+03   7.6841725e-02   7.4264048e-02   7.1772632e-02
   2.0410833e+03   7.6807366e-02   7.4225222e-02   7.1729677e-02
   2.0411667e+03   7.6780893e-02   7.4193744e-02   7.1693561e-02
   2.0412500e+03   7.6779547e-02   7.4185660e-02   7.1679194e-02
   2.0413333e+03   7.6805091e-02   7.4202605e-02   7.1688092e-02
   2.0414167e+03   7.6836033e-02   7.4224573e-02   7.1701658e-02
   2.0415000e+03   7.6857933e-02   7.4238126e-02   7.1707406e-02
   2.0415833e+03   7.6874084e-02   7.4246330e-02   7.1708187e-02
   2.0416667e+03   7.6894247e-02   7.4258269e-02   7.1712439e-02
   2.0417500e+03   7.6925194e-02   7.4280239e-02   7.1726012e-02
   2.0418333e+03   7.6950559e-02   7.4297015e-02   7.1734760e-02
   2.0419167e+03   7.6949944e-02   7.4289628e-02   7.1721068e-02
   2.0420000e+03   7.6924784e-02   7.4259417e-02   7.1686186e-02
   2.0420833e+03   7.6890772e-02   7.4220982e-02   7.1643676e-02
   2.0421667e+03   7.6864642e-02   7.4189885e-02   7.1607988e-02
   2.0422500e+03   7.6863598e-02   7.4182122e-02   7.1593975e-02
   2.0423333e+03   7.6889318e-02   7.4199248e-02   7.1603074e-02
   2.0424167e+03   7.6920232e-02   7.4221202e-02   7.1616658e-02
   2.0425000e+03   7.6941940e-02   7.4234597e-02   7.1622296e-02
   2.0425833e+03   7.6957833e-02   7.4242586e-02   7.1622920e-02
   2.0426667e+03   7.6977782e-02   7.4254348e-02   7.1627047e-02
   2.0427500e+03   7.7008700e-02   7.4276305e-02   7.1640637e-02
   2.0428333e+03   7.7034242e-02   7.4293265e-02   7.1649592e-02
   2.0429167e+03   7.7033929e-02   7.4286199e-02   7.1636254e-02
   2.0430000e+03   7.7009111e-02   7.4256367e-02   7.1601798e-02
   2.0430833e+03   7.6975447e-02   7.4218325e-02   7.1559733e-02
   2.0431667e+03   7.6949658e-02   7.4187607e-02   7.1524473e-02
   2.0432500e+03   7.6948917e-02   7.4180167e-02   7.1510816e-02
   2.0433333e+03   7.6974812e-02   7.4197474e-02   7.1520119e-02
   2.0434167e+03   7.7005696e-02   7.4219416e-02   7.1533724e-02
   2.0435000e+03   7.7027209e-02   7.4232652e-02   7.1539255e-02
   2.0435833e+03   7.7042841e-02   7.4240427e-02   7.1539723e-02
   2.0436667e+03   7.7062573e-02   7.4252013e-02   7.1543727e-02
   2.0437500e+03   7.7093460e-02   7.4273956e-02   7.1557339e-02
   2.0438333e+03   7.7119180e-02   7.4291101e-02   7.1566502e-02
   2.0439167e+03   7.7119168e-02   7.4284357e-02   7.1553520e-02
   2.0440000e+03   7.7094691e-02   7.4254905e-02   7.1519491e-02
   2.0440833e+03   7.7061374e-02   7.4217255e-02   7.1477872e-02
   2.0441667e+03   7.7035926e-02   7.4186918e-02   7.1443041e-02
   2.0442500e+03   7.7035488e-02   7.4179801e-02   7.1429742e-02
   2.0443333e+03   7.7061556e-02   7.4197291e-02   7.1439252e-02
   2.0444167e+03   7.7092410e-02   7.4219221e-02   7.1452880e-02
   2.0445000e+03   7.7113725e-02   7.4232299e-02   7.1458305e-02
   2.0445833e+03   7.7129092e-02   7.4239859e-02   7.1458620e-02
   2.0446667e+03   7.7148605e-02   7.4251268e-02   7.1462504e-02
   2.0447500e+03   7.7179459e-02   7.4273199e-02   7.1476139e-02
   2.0448333e+03   7.7205355e-02   7.4290530e-02   7.1485514e-02
   2.0449167e+03   7.7205644e-02   7.4284109e-02   7.1472889e-02
   2.0450000e+03   7.7181507e-02   7.4255036e-02   7.1439289e-02
   2.0450833e+03   7.7148538e-02   7.4217779e-02   7.1398117e-02
   2.0451667e+03   7.7123431e-02   7.4187824e-02   7.1363717e-02
   2.0452500e+03   7.7123295e-02   7.4181032e-02   7.1350776e-02
   2.0453333e+03   7.7149536e-02   7.4198704e-02   7.1360496e-02
   2.0454167e+03   7.7180356e-02   7.4220623e-02   7.1374150e-02
   2.0455000e+03   7.7201471e-02   7.4233544e-02   7.1379472e-02
   2.0455833e+03   7.7216570e-02   7.4240888e-02   7.1379636e-02
   2.0456667e+03   7.7235862e-02   7.4252120e-02   7.1383402e-02
   2.0457500e+03   7.7266681e-02   7.4274040e-02   7.1397063e-02
   2.0458333e+03   7.7292752e-02   7.4291558e-02   7.1406652e-02
   2.0459167e+03   7.7293342e-02   7.4285461e-02   7.1394386e-02
   2.0460000e+03   7.7269546e-02   7.4256769e-02   7.1361216e-02
   2.0460833e+03   7.7236923e-02   7.4219905e-02   7.1320491e-02
   2.0461667e+03   7.7212157e-02   7.4190331e-02   7.1286522e-02
   2.0462500e+03   7.7212322e-02   7.4183864e-02   7.1273944e-02
   2.0463333e+03   7.7238735e-02   7.4201722e-02   7.1283876e-02
   2.0464167e+03   7.7269520e-02   7.4223631e-02   7.1297558e-02
   2.0465000e+03   7.7290432e-02   7.4236392e-02   7.1302780e-02
   2.0465833e+03   7.7305261e-02   7.4243521e-02   7.1302793e-02
   2.0466667e+03   7.7324328e-02   7.4254577e-02   7.1306443e-02
   2.0467500e+03   7.7355111e-02   7.4276485e-02   7.1320134e-02
   2.0468333e+03   7.7381356e-02   7.4294192e-02   7.1329939e-02
   2.0469167e+03   7.7382246e-02   7.4288420e-02   7.1318035e-02
   2.0470000e+03   7.7358790e-02   7.4260109e-02   7.1285295e-02
   2.0470833e+03   7.7326513e-02   7.4223638e-02   7.1245019e-02
   2.0471667e+03   7.7302088e-02   7.4194447e-02   7.1211483e-02
   2.0472500e+03   7.7302554e-02   7.4188307e-02   7.1199267e-02
   2.0473333e+03   7.7329138e-02   7.4206350e-02   7.1209415e-02
   2.0474167e+03   7.7359887e-02   7.4228249e-02   7.1223128e-02
   2.0475000e+03   7.7380593e-02   7.4240853e-02   7.1228252e-02
   2.0475833e+03   7.7395148e-02   7.4247765e-02   7.1228117e-02
   2.0476667e+03   7.7413987e-02   7.4258644e-02   7.1231653e-02
   2.0477500e+03   7.7444731e-02   7.4280542e-02   7.1245375e-02
   2.0478333e+03   7.7471150e-02   7.4298438e-02   7.1255400e-02
   2.0479167e+03   7.7472340e-02   7.4292992e-02   7.1243860e-02
   2.0480000e+03   7.7449224e-02   7.4265063e-02   7.1211551e-02
   2.0480833e+03   7.7417293e-02   7.4228986e-02   7.1171725e-02
   2.0481667e+03   7.7393208e-02   7.4200178e-02   7.1138622e-02
   2.0482500e+03   7.7393974e-02   7.4194365e-02   7.1126772e-02
   2.0483333e+03   7.7420729e-02   7.4212595e-02   7.1137138e-02
   2.0484167e+03   7.7451439e-02   7.4234485e-02   7.1150885e-02
   2.0485000e+03   7.7471937e-02   7.4246930e-02   7.1155912e-02
   2.0485833e+03   7.7486215e-02   7.4253626e-02   7.1155631e-02
   2.0486667e+03   7.7504823e-02   7.4264328e-02   7.1159054e-02
   2.0487500e+03   7.7535527e-02   7.4286217e-02   7.1172811e-02
   2.0488333e+03   7.7562119e-02   7.4304303e-02   7.1183059e-02
   2.0489167e+03   7.7563608e-02   7.4299184e-02   7.1171884e-02
   2.0490000e+03   7.7540831e-02   7.4271637e-02   7.1140008e-02
   2.0490833e+03   7.7509246e-02   7.4235956e-02   7.1100632e-02
   2.0491667e+03   7.7485502e-02   7.4207531e-02   7.1067964e-02
   2.0492500e+03   7.7486568e-02   7.4202046e-02   7.1056481e-02
   2.0493333e+03   7.7513492e-02   7.4220465e-02   7.1067068e-02
   2.0494167e+03   7.7544161e-02   7.4242346e-02   7.1080852e-02
   2.0495000e+03   7.7564448e-02   7.4254633e-02   7.1085784e-02
   2.0495833e+03   7.7578446e-02   7.4261112e-02   7.1085359e-02
   2.0496667e+03   7.7596821e-02   7.4271637e-02   7.1088672e-02
   2.0497500e+03   7.7627483e-02   7.4293517e-02   7.1102467e-02
   2.0498333e+03   7.7654246e-02   7.4311795e-02   7.1112939e-02
   2.0499167e+03   7.7656034e-02   7.4307004e-02   7.1102131e-02
   2.0500000e+03   7.7633597e-02   7.4279840e-02   7.1070690e-02
   2.0500833e+03   7.7602338e-02   7.4244536e-02   7.1031749e-02
   2.0501667e+03   7.7578897e-02   7.4216461e-02   7.0999486e-02
   2.0502500e+03   7.7580219e-02   7.4211266e-02   7.0988335e-02
   2.0503333e+03   7.7607285e-02   7.4229849e-02   7.0999122e-02
   2.0504167e+03   7.7637931e-02   7.4251740e-02   7.1012961e-02
   2.0505000e+03   7.7658075e-02   7.4263933e-02   7.1017859e-02
   2.0505833e+03   7.7671894e-02   7.4270289e-02   7.1017378e-02
   2.0506667e+03   7.7690134e-02   7.4280730e-02   7.1020667e-02
   2.0507500e+03   7.7720788e-02   7.4302633e-02   7.1034529e-02
   2.0508333e+03   7.7747654e-02   7.4321039e-02   7.1045168e-02
   2.0509167e+03   7.7749580e-02   7.4316427e-02   7.1034589e-02
   2.0510000e+03   7.7727266e-02   7.4289445e-02   7.1003396e-02
   2.0510833e+03   7.7696127e-02   7.4254326e-02   7.0964710e-02
   2.0511667e+03   7.7672808e-02   7.4226433e-02   7.0932694e-02
   2.0512500e+03   7.7674254e-02   7.4221402e-02   7.0921758e-02
   2.0513333e+03   7.7701408e-02   7.4240098e-02   7.0932695e-02
   2.0514167e+03   7.7732058e-02   7.4262022e-02   7.0946608e-02
   2.0515000e+03   7.7752128e-02   7.4274183e-02   7.0951527e-02
   2.0515833e+03   3.8882920e-02   3.7140241e-02   3.5475523e-02
   2.0516667e+03   3.8891998e-02   3.7145441e-02   3.5477175e-02
   2.0517500e+03   3.8907327e-02   3.7156408e-02   3.5484141e-02
   2.0518333e+03   3.8920804e-02   3.7165667e-02   3.5489535e-02
   2.0519167e+03   3.8921829e-02   3.7163442e-02   3.5484351e-02
   2.0520000e+03   3.8910734e-02   3.7150041e-02   3.5468875e-02
   2.0520833e+03   3.8895224e-02   3.7132572e-02   3.5449657e-02
   2.0521667e+03   3.8883626e-02   3.7118716e-02   3.5433770e-02
   2.0522500e+03   3.8884411e-02   3.7116281e-02   3.5428406e-02
   2.0523333e+03   3.8898032e-02   3.7125684e-02   3.5433947e-02
   2.0524167e+03   3.8913359e-02   3.7136660e-02   3.5440937e-02
   2.0525000e+03   3.8923357e-02   3.7142723e-02   3.5443404e-02
   2.0525833e+03   3.8930159e-02   3.7145842e-02   3.5443161e-02
   2.0526667e+03   3.8939195e-02   3.7151020e-02   3.5444816e-02
   2.0527500e+03   3.8954525e-02   3.7162001e-02   3.5451815e-02
   2.0528333e+03   3.8968047e-02   3.7171315e-02   3.5457281e-02
   2.0529167e+03   3.8969134e-02   3.7169170e-02   3.5452199e-02
   2.0530000e+03   3.8958100e-02   3.7155857e-02   3.5436841e-02
   2.0530833e+03   3.8942650e-02   3.7138478e-02   3.5417745e-02
   2.0531667e+03   3.8931114e-02   3.7124709e-02   3.5401975e-02
   2.0532500e+03   3.8931961e-02   3.7122354e-02   3.5396713e-02
   2.0533333e+03   3.8945625e-02   3.7131811e-02   3.5402323e-02
   2.0534167e+03   3.8960954e-02   3.7142800e-02   3.5409344e-02
   2.0535000e+03   3.8970915e-02   3.7148844e-02   3.5411815e-02
   2.0535833e+03   3.8977663e-02   3.7151930e-02   3.5411567e-02
   2.0536667e+03   3.8986656e-02   3.7157084e-02   3.5413222e-02
   2.0537500e+03   3.9001988e-02   3.7168078e-02   3.5420251e-02
   2.0538333e+03   3.9015554e-02   3.7177446e-02   3.5425784e-02
   2.0539167e+03   3.9016704e-02   3.7175379e-02   3.5420802e-02
   2.0540000e+03   3.9005731e-02   3.7162152e-02   3.5405559e-02
   2.0540833e+03   3.8990341e-02   3.7144862e-02   3.5386582e-02
   2.0541667e+03   3.8978866e-02   3.7131180e-02   3.5370928e-02
   2.0542500e+03   3.8979775e-02   3.7128903e-02   3.5365765e-02
   2.0543333e+03   3.8993484e-02   3.7138411e-02   3.5371440e-02
   2.0544167e+03   3.9008814e-02   3.7149412e-02   3.5378489e-02
   2.0545000e+03   3.9018737e-02   3.7155435e-02   3.5380961e-02
   2.0545833e+03   3.9025431e-02   3.7158487e-02   3.5380704e-02
   2.0546667e+03   3.9034381e-02   3.7163616e-02   3.5382358e-02
   2.0547500e+03   3.9049714e-02   3.7174620e-02   3.5389413e-02
   2.0548333e+03   3.9063325e-02   3.7184040e-02   3.5395011e-02
   2.0549167e+03   3.9064537e-02   3.7182050e-02   3.5390125e-02
   2.0550000e+03   3.9053626e-02   3.7168909e-02   3.5374995e-02
   2.0550833e+03   3.9038295e-02   3.7151705e-02   3.5356134e-02
   2.0551667e+03   3.9026882e-02   3.7138108e-02   3.5340592e-02
   2.0552500e+03   3.9027853e-02   3.7135908e-02   3.5335525e-02
   2.0553333e+03   3.9041606e-02   3.7145467e-02   3.5341263e-02
   2.0554167e+03   3.9056938e-02   3.7156477e-02   3.5348336e-02
   2.0555000e+03   3.9066822e-02   3.7162477e-02   3.5350807e-02
   2.0555833e+03   3.9073462e-02   3.7165494e-02   3.5350538e-02
   2.0556667e+03   3.9082368e-02   3.7170596e-02   3.5352186e-02
   2.0557500e+03   3.9097703e-02   3.7181610e-02   3.5359265e-02
   2.0558333e+03   3.9111359e-02   3.7191079e-02   3.5364925e-02
   2.0559167e+03   3.9112632e-02   3.7189165e-02   3.5360133e-02
   2.0560000e+03   3.9101784e-02   3.7176108e-02   3.5345112e-02
   2.0560833e+03   3.9086513e-02   3.7158990e-02   3.5326365e-02
   2.0561667e+03   3.9075160e-02   3.7145477e-02   3.5310933e-02
   2.0562500e+03   3.9076194e-02   3.7143352e-02   3.5305958e-02
   2.0563333e+03   3.9089991e-02   3.7152959e-02   3.5311756e-02
   2.0564167e+03   3.9105324e-02   3.7163978e-02   3.5318851e-02
   2.0565000e+03   3.9115171e-02   3.7169954e-02   3.5321317e-02
   2.0565833e+03   3.9121755e-02   3.7172934e-02   3.5321033e-02
   2.0566667e+03   3.9130618e-02   3.7178007e-02   3.5322673e-02
   2.0567500e+03   3.9145954e-02   3.7189028e-02   3.5329771e-02
   2.0568333e+03   3.9159654e-02   3.7198546e-02   3.5335491e-02
   2.0569167e+03   3.9160990e-02   3.7196706e-02   3.5330789e-02
   2.0570000e+03   3.9150203e-02   3.7183732e-02   3.5315875e-02
   2.0570833e+03   3.9134992e-02   3.7166698e-02   3.5297239e-02
   2.0571667e+03   3.9123701e-02   3.7153268e-02   3.5281914e-02
   2.0572500e+03   3.9124797e-02   3.7151216e-02   3.5277029e-02
   2.0573333e+03   3.9138638e-02   3.7160871e-02   3.5282884e-02
   2.0574167e+03   3.9153973e-02   3.7171896e-02   3.5289997e-02
   2.0575000e+03   3.9163781e-02   3.7177846e-02   3.5292455e-02
   2.0575833e+03   3.9170310e-02   3.7180787e-02   3.5292154e-02
   2.0576667e+03   3.9179129e-02   3.7185830e-02   3.5293782e-02
   2.0577500e+03   3.9194466e-02   3.7196857e-02   3.5300898e-02
   2.0578333e+03   3.9208211e-02   3.7206422e-02   3.5306673e-02
   2.0579167e+03   3.9209609e-02   3.7204654e-02   3.5302059e-02
   2.0580000e+03   3.9198884e-02   3.7191762e-02   3.5287249e-02
   2.0580833e+03   3.9183732e-02   3.7174810e-02   3.5268722e-02
   2.0581667e+03   3.9172503e-02   3.7161462e-02   3.5253501e-02
   2.0582500e+03   3.9173661e-02   3.7159482e-02   3.5248703e-02
   2.0583333e+03   3.9187547e-02   3.7169183e-02   3.5254612e-02
   2.0584167e+03   3.9202883e-02   3.7180213e-02   3.5261740e-02
   2.0585000e+03   3.9212651e-02   3.7186136e-02   3.5264187e-02
   2.0585833e+03   3.9219125e-02   3.7189036e-02   3.5263865e-02
   2.0586667e+03   3.9227900e-02   3.7194047e-02   3.5265479e-02
   2.0587500e+03   3.9243238e-02   3.7205078e-02   3.5272609e-02
   2.0588333e+03   3.9257027e-02   3.7214688e-02   3.5278437e-02
   2.0589167e+03   3.9258488e-02   3.7212992e-02   3.5273908e-02
   2.0590000e+03   3.9247824e-02   3.7200179e-02   3.5259199e-02
   2.0590833e+03   3.9232733e-02   3.7183310e-02   3.5240778e-02
   2.0591667e+03   3.9221565e-02   3.7170041e-02   3.5225658e-02
   2.0592500e+03   3.9222786e-02   3.7168132e-02   3.5220945e-02
   2.0593333e+03   3.9236715e-02   3.7177877e-02   3.5226904e-02
   2.0594167e+03   3.9252052e-02   3.7188910e-02   3.5234044e-02
   2.0595000e+03   3.9261782e-02   3.7194804e-02   3.5236477e-02
   2.0595833e+03   3.9268200e-02   3.7197661e-02   3.5236132e-02
   2.0596667e+03   3.9276930e-02   3.7202639e-02   3.5237728e-02
   2.0597500e+03   3.9292269e-02   3.7213673e-02   3.5244869e-02
   2.0598333e+03   3.9306103e-02   3.7223327e-02   3.5250747e-02
   2.0599167e+03   3.9307626e-02   3.7221700e-02   3.5246300e-02
   2.0600000e+03   3.9297024e-02   3.7208966e-02   3.5231690e-02
   2.0600833e+03   3.9281993e-02   3.7192177e-02   3.5213372e-02
   2.0601667e+03   3.9270887e-02   3.7178987e-02   3.5198351e-02
   2.0602500e+03   3.9272170e-02   3.7177148e-02   3.5193719e-02
   2.0603333e+03   3.9286144e-02   3.7186935e-02   3.5199726e-02
   2.0604167e+03   3.9301481e-02   3.7197970e-02   3.5206874e-02
   2.0605000e+03   3.9311172e-02   3.7203832e-02   3.5209291e-02
   2.0605833e+03   3.9317533e-02   3.7206646e-02   3.5208919e-02
   2.0606667e+03   3.9326218e-02   3.7211588e-02   3.5210495e-02
   2.0607500e+03   3.9341558e-02   3.7222623e-02   3.5217643e-02
   2.0608333e+03   3.9355437e-02   3.7232320e-02   3.5223568e-02
   2.0609167e+03   3.9357022e-02   3.7230761e-02   3.5219200e-02
   2.0610000e+03   3.9346482e-02   3.7218105e-02   3.5204686e-02
   2.0610833e+03   3.9331511e-02   3.7201394e-02   3.5186469e-02
   2.0611667e+03   3.9320467e-02   3.7188281e-02   3.5171544e-02
   2.0612500e+03   3.9321812e-02   3.7186510e-02   3.5166991e-02
   2.0613333e+03   3.9335830e-02   3.7196338e-02   3.5173042e-02
   2.0614167e+03   3.9351169e-02   3.7207373e-02   3.5180197e-02
   2.0615000e+03   3.9360819e-02   3.7213203e-02   3.5182593e-02
   2.0615833e+03   3.9367124e-02   3.7215971e-02   3.5182192e-02
   2.0616667e+03   3.9375764e-02   3.7220876e-02   3.5183744e-02
   2.0617500e+03   3.9391104e-02   3.7231910e-02   3.5190898e-02
   2.0618333e+03   3.9405028e-02   3.7241648e-02   3.5196866e-02
   2.0619167e+03   3.9406676e-02   3.7240156e-02   3.5192575e-02
   2.0620000e+03   3.9396198e-02   3.7227576e-02   3.5178154e-02
   2.0620833e+03   3.9381287e-02   3.7210943e-02   3.5160035e-02
   2.0621667e+03   3.9370305e-02   3.7197906e-02   3.5145203e-02
   2.0622500e+03   3.9371712e-02   3.7196201e-02   3.5140725e-02
   2.0623333e+03   3.9385775e-02   3.7206069e-02   3.5146818e-02
   2.0624167e+03   3.9401114e-02   3.7217102e-02   3.5153976e-02
   2.0625000e+03   3.9410724e-02   3.7222898e-02   3.5156350e-02
   2.0625833e+03   3.9416972e-02   3.7225619e-02   3.5155916e-02
   2.0626667e+03   3.9425567e-02   3.7230485e-02   3.5157442e-02
   2.0627500e+03   3.9440907e-02   3.7241517e-02   3.5164597e-02
   2.0628333e+03   3.9454876e-02   3.7251293e-02   3.5170606e-02
   2.0629167e+03   3.9456586e-02   3.7249867e-02   3.5166388e-02
   2.0630000e+03   3.9446170e-02   3.7237361e-02   3.5152058e-02
   2.0630833e+03   3.9431319e-02   3.7220805e-02   3.5134034e-02
   2.0631667e+03   3.9420399e-02   3.7207842e-02   3.5119293e-02
   2.0632500e+03   3.9421869e-02   3.7206203e-02   3.5114889e-02
   2.0633333e+03   3.9435976e-02   3.7216108e-02   3.5121020e-02
   2.0634167e+03   3.9451315e-02   3.7227138e-02   3.5128177e-02
   2.0635000e+03   3.9460886e-02   3.7232898e-02   3.5130525e-02
   2.0635833e+03   3.9467076e-02   3.7235570e-02   3.5130056e-02
   2.0636667e+03   3.9475625e-02   3.7240396e-02   3.5131553e-02
   2.0637500e+03   3.9490965e-02   3.7251423e-02   3.5138707e-02
   2.0638333e+03   3.9504979e-02   3.7261237e-02   3.5144753e-02
   2.0639167e+03   3.9506752e-02   3.7259875e-02   3.5140606e-02
   2.0640000e+03   3.9496398e-02   3.7247442e-02   3.5126364e-02
   2.0640833e+03   3.9481607e-02   3.7230961e-02   3.5108433e-02
   2.0641667e+03   3.9470749e-02   3.7218072e-02   3.5093781e-02
   2.0642500e+03   3.9472282e-02   3.7216496e-02   3.5089446e-02
   2.0643333e+03   3.9486433e-02   3.7226438e-02   3.5095612e-02
   2.0644167e+03   3.9501772e-02   3.7237463e-02   3.5102767e-02
   2.0645000e+03   3.9511302e-02   3.7243185e-02   3.5105085e-02
   2.0645833e+03   3.9517435e-02   3.7245806e-02   3.5104578e-02
   2.0646667e+03   3.9525938e-02   3.7250590e-02   3.5106043e-02
   2.0647500e+03   3.9541278e-02   3.7261612e-02   3.5113192e-02
   2.0648333e+03   3.9555336e-02   3.7271462e-02   3.5119273e-02
   2.0649167e+03   3.9557172e-02   3.7270162e-02   3.5115193e-02
   2.0650000e+03   3.9546881e-02   3.7257801e-02   3.5101037e-02
   2.0650833e+03   3.9532150e-02   3.7241394e-02   3.5083197e-02
   2.0651667e+03   3.9521353e-02   3.7228577e-02   3.5068630e-02
   2.0652500e+03   3.9522949e-02   3.7227063e-02   3.5064362e-02
   2.0653333e+03   3.9537144e-02   3.7237039e-02   3.5070561e-02
   2.0654167e+03   3.9552484e-02   3.7248057e-02   3.5077709e-02
   2.0655000e+03   3.9561973e-02   3.7253740e-02   3.5079996e-02
   2.0655833e+03   3.9568048e-02   3.7256309e-02   3.5079448e-02
   2.0656667e+03   3.9576504e-02   3.7261049e-02   3.5080877e-02
   2.0657500e+03   3.9591845e-02   3.7272063e-02   3.5088019e-02
   2.0658333e+03   3.9605948e-02   3.7281948e-02   3.5094131e-02
   2.0659167e+03   3.9607846e-02   3.7280709e-02   3.5090117e-02
   2.0660000e+03   3.9597617e-02   3.7268419e-02   3.5076044e-02
   2.0660833e+03   3.9582947e-02   3.7252084e-02   3.5058291e-02
   2.0661667e+03   3.9572212e-02   3.7239338e-02   3.5043807e-02
   2.0662500e+03   3.9573870e-02   3.7237885e-02   3.5039604e-02
   2.0663333e+03   3.9588110e-02   3.7247894e-02   3.5045832e-02
   2.0664167e+03   3.9603450e-02   3.7258904e-02   3.5052970e-02
   2.0665000e+03   3.9612898e-02   3.7264545e-02   3.5055223e-02
   2.0665833e+03   3.9618914e-02   3.7267060e-02   3.5054631e-02
   2.0666667e+03   3.9627324e-02   3.7271755e-02   3.5056022e-02
   2.0667500e+03   3.9642664e-02   3.7282760e-02   3.5063153e-02
   2.0668333e+03   3.9656812e-02   3.7292678e-02   3.5069294e-02
   2.0669167e+03   3.9658773e-02   3.7291498e-02   3.5065341e-02
   2.0670000e+03   3.9648606e-02   3.7279278e-02   3.5051348e-02
   2.0670833e+03   3.9633996e-02   3.7263014e-02   3.5033681e-02
   2.0671667e+03   3.9623323e-02   3.7250337e-02   3.5019277e-02
   2.0672500e+03   3.9625045e-02   3.7248943e-02   3.5015136e-02
   2.0673333e+03   3.9639329e-02   3.7258984e-02   3.5021390e-02
   2.0674167e+03   3.9654668e-02   3.7269984e-02   3.5028516e-02
   2.0675000e+03   3.9664075e-02   3.7275582e-02   3.5030731e-02
   2.0675833e+03   3.9670032e-02   3.7278042e-02   3.5030092e-02
   2.0676667e+03   3.9678395e-02   3.7282689e-02   3.5031442e-02
   2.0677500e+03   3.9693735e-02   3.7293684e-02   3.5038560e-02
   2.0678333e+03   3.9707927e-02   3.7303632e-02   3.5044726e-02
   2.0679167e+03   3.9709952e-02   3.7302511e-02   3.5040832e-02
   2.0680000e+03   3.9699847e-02   3.7290359e-02   3.5026917e-02
   2.0680833e+03   3.9685298e-02   3.7274165e-02   3.5009333e-02
   2.0681667e+03   3.9674687e-02   3.7261556e-02   3.4995007e-02
   2.0682500e+03   3.9676471e-02   3.7260220e-02   3.4990925e-02
   2.0683333e+03   3.9690799e-02   3.7270290e-02   3.4997202e-02
   2.0684167e+03   3.9706139e-02   3.7281278e-02   3.5004312e-02
   2.0685000e+03   3.9715504e-02   3.7286833e-02   3.5006487e-02
   2.0685833e+03   3.9721402e-02   3.7289234e-02   3.5005798e-02
   2.0686667e+03   3.9729717e-02   3.7293833e-02   3.5007104e-02
   2.0687500e+03   3.9745057e-02   3.7304815e-02   3.5014205e-02
   2.0688333e+03   3.9759294e-02   3.7314793e-02   3.5020393e-02
   2.0689167e+03   3.9761381e-02   3.7313728e-02   3.5016556e-02
   2.0690000e+03   3.9751339e-02   3.7301643e-02   3.5002717e-02
   2.0690833e+03   3.9736850e-02   3.7285518e-02   3.4985213e-02
   2.0691667e+03   3.9726301e-02   3.7272975e-02   3.4970963e-02
   2.0692500e+03   3.9728149e-02   3.7271696e-02   3.4966936e-02
   2.0693333e+03   3.9742521e-02   3.7281794e-02   3.4973234e-02
   2.0694167e+03   3.9757860e-02   3.7292769e-02   3.4980325e-02
   2.0695000e+03   3.9767183e-02   3.7298277e-02   3.4982456e-02
   2.0695833e+03   3.9773021e-02   3.7300620e-02   3.4981714e-02
   2.0696667e+03   3.9781289e-02   3.7305168e-02   3.4982974e-02
   2.0697500e+03   3.9796628e-02   3.7316136e-02   3.4990055e-02
   2.0698333e+03   3.9810910e-02   3.7326142e-02   3.4996262e-02
   2.0699167e+03   3.9813060e-02   3.7325132e-02   3.4992479e-02
   2.0700000e+03   3.9803081e-02   3.7313112e-02   3.4978712e-02
   2.0700833e+03   3.9788652e-02   3.7297054e-02   3.4961286e-02
   2.0701667e+03   3.9778166e-02   3.7284577e-02   3.4947109e-02
   2.0702500e+03   3.9780076e-02   3.7283353e-02   3.4943135e-02
   2.0703333e+03   3.9794493e-02   3.7293478e-02   3.4949450e-02
   2.0704167e+03   3.9809832e-02   3.7304437e-02   3.4956520e-02
   2.0705000e+03   3.9819112e-02   3.7309898e-02   3.4958604e-02
   2.0705833e+03   3.9824891e-02   3.7312179e-02   3.4957807e-02
   2.0706667e+03   3.9833111e-02   3.7316676e-02   3.4959017e-02
   2.0707500e+03   3.9848448e-02   3.7327627e-02   3.4966075e-02
   2.0708333e+03   3.9862775e-02   3.7337660e-02   3.4972299e-02
   2.0709167e+03   3.9864989e-02   3.7336704e-02   3.4968567e-02
   2.0710000e+03   3.9855072e-02   3.7324748e-02   3.4954870e-02
   2.0710833e+03   3.9840703e-02   3.7308756e-02   3.4937520e-02
   2.0711667e+03   3.9830279e-02   3.7296343e-02   3.4923413e-02
   2.0712500e+03   3.9832253e-02   3.7295172e-02   3.4919489e-02
   2.0713333e+03   3.9846714e-02   3.7305322e-02   3.4925818e-02
   2.0714167e+03   3.9862052e-02   3.7316264e-02   3.4932863e-02
   2.0715000e+03   3.9871290e-02   3.7321675e-02   3.4934898e-02
   2.0715833e+03   3.9877008e-02   3.7323895e-02   3.4934043e-02
   2.0716667e+03   3.9885180e-02   3.7328337e-02   3.4935200e-02
   2.0717500e+03   3.9900517e-02   3.7339271e-02   3.4942232e-02
   2.0718333e+03   3.9914888e-02   3.7349328e-02   3.4948469e-02
   2.0719167e+03   3.9917165e-02   3.7348424e-02   3.4944785e-02
   2.0720000e+03   3.9907311e-02   3.7336531e-02   3.4931156e-02
   2.0720833e+03   3.9893003e-02   3.7320604e-02   3.4913879e-02
   2.0721667e+03   3.9882641e-02   3.7308254e-02   3.4899840e-02
   2.0722500e+03   3.9884678e-02   3.7307135e-02   3.4895964e-02
   2.0723333e+03   3.9899183e-02   3.7317308e-02   3.4902304e-02
   2.0724167e+03   3.9914520e-02   3.7328232e-02   3.4909321e-02
   2.0725000e+03   3.9923715e-02   3.7333592e-02   3.4911304e-02
   2.0725833e+03   3.9929373e-02   3.7335747e-02   3.4910388e-02
   2.0726667e+03   3.9937496e-02   3.7340134e-02   3.4911489e-02
   2.0727500e+03   3.9952832e-02   3.7351048e-02   3.4918492e-02
   2.0728333e+03   3.9967248e-02   3.7361128e-02   3.4924739e-02
   2.0729167e+03   3.9969588e-02   3.7360275e-02   3.4921100e-02
   2.0730000e+03   3.9959797e-02   3.7348443e-02   3.4907536e-02
   2.0730833e+03   3.9945549e-02   3.7332581e-02   3.4890330e-02
   2.0731667e+03   3.9935250e-02   3.7320292e-02   3.4876357e-02
   2.0732500e+03   3.9937350e-02   3.7319224e-02   3.4872526e-02
   2.0733333e+03   3.9951900e-02   3.7329418e-02   3.4878873e-02
   2.0734167e+03   3.9967236e-02   3.7340321e-02   3.4885859e-02
   2.0735000e+03   3.9976388e-02   3.7345628e-02   3.4887787e-02
   2.0735833e+03   3.9981984e-02   3.7347717e-02   3.4886807e-02
   2.0736667e+03   3.9990058e-02   3.7352047e-02   3.4887850e-02
   2.0737500e+03   4.0005393e-02   3.7362940e-02   3.4894821e-02
   2.0738333e+03   4.0019854e-02   3.7373041e-02   3.4901075e-02
   2.0739167e+03   4.0022257e-02   3.7372238e-02   3.4897478e-02
   2.0740000e+03   4.0012529e-02   3.7360466e-02   3.4883977e-02
   2.0740833e+03   3.9998342e-02   3.7344666e-02   3.4866840e-02
   2.0741667e+03   3.9988105e-02   3.7332437e-02   3.4852929e-02
   2.0742500e+03   3.9990269e-02   3.7331418e-02   3.4849140e-02
   2.0743333e+03   4.0004863e-02   3.7341633e-02   3.4855493e-02
   2.0744167e+03   4.0020198e-02   3.7352514e-02   3.4862445e-02
   2.0745000e+03   4.0029306e-02   3.7357766e-02   3.4864314e-02
   2.0745833e+03   4.0034841e-02   3.7359788e-02   3.4863267e-02
   2.0746667e+03   4.0042865e-02   3.7364058e-02   3.4864249e-02
   2.0747500e+03   4.0058199e-02   3.7374928e-02   3.4871185e-02
   2.0748333e+03   4.0072705e-02   3.7385049e-02   3.4877443e-02
   2.0749167e+03   4.0075171e-02   3.7384293e-02   3.4873886e-02
   2.0750000e+03   4.0065506e-02   3.7372581e-02   3.4860445e-02
   2.0750833e+03   4.0051377e-02   3.7356839e-02   3.4843372e-02
   2.0751667e+03   4.0041199e-02   3.7344666e-02   3.4829518e-02
   2.0752500e+03   4.0043420e-02   3.7343690e-02   3.4825765e-02
   2.0753333e+03   4.0058056e-02   3.7353920e-02   3.4832116e-02
   2.0754167e+03   4.0073393e-02   3.7364780e-02   3.4839034e-02
   2.0755000e+03   4.0082466e-02   3.7369984e-02   3.4840850e-02
   2.0755833e+03   4.0087953e-02   3.7371949e-02   3.4839745e-02
   2.0756667e+03   4.0095943e-02   3.7376171e-02   3.4840674e-02
   2.0757500e+03   4.0111280e-02   3.7387022e-02   3.4847577e-02
   2.0758333e+03   4.0125824e-02   3.7397154e-02   3.4853829e-02
   2.0759167e+03   4.0128335e-02   3.7396428e-02   3.4850294e-02
   2.0760000e+03   4.0118706e-02   3.7384749e-02   3.4836890e-02
   2.0760833e+03   4.0104611e-02   3.7369043e-02   3.4819858e-02
   2.0761667e+03   4.0094469e-02   3.7356904e-02   3.4806041e-02
   2.0762500e+03   4.0096733e-02   3.7355955e-02   3.4802307e-02
   2.0763333e+03   4.0111405e-02   3.7366194e-02   3.4808651e-02
   2.0764167e+03   4.0126747e-02   3.7377035e-02   3.4815534e-02
   2.0765000e+03   4.0135796e-02   3.7382199e-02   3.4817303e-02
   2.0765833e+03   4.0141245e-02   3.7384115e-02   3.4816145e-02
   2.0766667e+03   4.0149205e-02   3.7388293e-02   3.4817024e-02
   2.0767500e+03   4.0164548e-02   3.7399124e-02   3.4823891e-02
   2.0768333e+03   4.0179128e-02   3.7409265e-02   3.4830134e-02
   2.0769167e+03   4.0181682e-02   3.7408565e-02   3.4826617e-02
   2.0770000e+03   4.0172090e-02   3.7396919e-02   3.4813247e-02
   2.0770833e+03   4.0158029e-02   3.7381247e-02   3.4796254e-02
   2.0771667e+03   4.0147923e-02   3.7369141e-02   3.4782472e-02
   2.0772500e+03   4.0150230e-02   3.7368218e-02   3.4778755e-02
   2.0773333e+03   4.0164938e-02   3.7378464e-02   3.4785087e-02
   2.0774167e+03   4.0180286e-02   3.7389284e-02   3.4791934e-02
   2.0775000e+03   4.0189310e-02   3.7394406e-02   3.4793651e-02
   2.0775833e+03   4.0194721e-02   3.7396271e-02   3.4792438e-02
   2.0776667e+03   4.0202651e-02   3.7400404e-02   3.4793264e-02
   2.0777500e+03   4.0218000e-02   3.7411214e-02   3.4800093e-02
   2.0778333e+03   4.0232616e-02   3.7421361e-02   3.4806324e-02
   2.0779167e+03   4.0235213e-02   3.7420686e-02   3.4802822e-02
   2.0780000e+03   4.0225658e-02   3.7409072e-02   3.4789483e-02
   2.0780833e+03   4.0211630e-02   3.7393433e-02   3.4772528e-02
   2.0781667e+03   4.0201561e-02   3.7381358e-02   3.4758778e-02
   2.0782500e+03   4.0203912e-02   3.7380460e-02   3.4755075e-02
   2.0783333e+03   4.0218655e-02   3.7390711e-02   3.4761393e-02
   2.0784167e+03   4.0234009e-02   3.7401510e-02   3.4768200e-02
   2.0785000e+03   4.0243008e-02   3.7406587e-02   3.4769863e-02
   2.0785833e+03   4.0248380e-02   3.7408400e-02   3.4768592e-02
   2.0786667e+03   4.0256281e-02   3.7412486e-02   3.4769362e-02
   2.0787500e+03   4.0271636e-02   3.7423273e-02   3.4776151e-02
   2.0788333e+03   4.0286288e-02   3.7433426e-02   3.4782366e-02
   2.0789167e+03   4.0288928e-02   3.7432774e-02   3.4778876e-02
   2.0790000e+03   4.0279410e-02   3.7421190e-02   3.4765567e-02
   2.0790833e+03   4.0265416e-02   3.7405583e-02   3.4748647e-02
   2.0791667e+03   4.0255384e-02   3.7393538e-02   3.4734927e-02
   2.0792500e+03   4.0257777e-02   3.7392663e-02   3.4731235e-02
   2.0793333e+03   4.0272556e-02   3.7402918e-02   3.4737536e-02
   2.0794167e+03   4.0287916e-02   3.7413693e-02   3.4744300e-02
   2.0795000e+03   4.0296890e-02   3.7418725e-02   3.4745907e-02
   2.0795833e+03   4.0302223e-02   3.7420484e-02   3.4744575e-02
   2.0796667e+03   4.0310095e-02   3.7424521e-02   3.4745287e-02
   2.0797500e+03   4.0325455e-02   3.7435284e-02   3.4752031e-02
   2.0798333e+03   4.0340144e-02   3.7445440e-02   3.4758229e-02
   2.0799167e+03   4.0342826e-02   3.7444810e-02   3.4754747e-02
   2.0800000e+03   4.0333346e-02   3.7433255e-02   3.4741466e-02
   2.0800833e+03   4.0319385e-02   3.7417679e-02   3.4724578e-02
   2.0801667e+03   4.0309389e-02   3.7405663e-02   3.4710886e-02
   2.0802500e+03   4.0311825e-02   3.7404810e-02   3.4707203e-02
   2.0803333e+03   4.0326641e-02   3.7415067e-02   3.4713484e-02
   2.0804167e+03   4.0342007e-02   3.7425816e-02   3.4720202e-02
   2.0805000e+03   4.0350955e-02   3.7430801e-02   3.4721750e-02
   2.0805833e+03   4.0356249e-02   3.7432504e-02   3.4720354e-02
   2.0806667e+03   4.0364091e-02   3.7436492e-02   3.4721005e-02
   2.0807500e+03   4.0379457e-02   3.7447228e-02   3.4727703e-02
   2.0808333e+03   4.0394182e-02   3.7457386e-02   3.4733878e-02
   2.0809167e+03   4.0396908e-02   3.7456777e-02   3.4730404e-02
   2.0810000e+03   4.0387464e-02   3.7445250e-02   3.4717148e-02
   2.0810833e+03   4.0373537e-02   3.7429703e-02   3.4700291e-02
   2.0811667e+03   4.0363578e-02   3.7417715e-02   3.4686623e-02
   2.0812500e+03   4.0366058e-02   3.7416882e-02   3.4682947e-02
   2.0813333e+03   4.0380909e-02   3.7427140e-02   3.4689204e-02
   2.0814167e+03   4.0396281e-02   3.7437862e-02   3.4695873e-02
   2.0815000e+03   4.0405204e-02   3.7442798e-02   3.4697359e-02
   2.0815833e+03   4.0410458e-02   3.7444444e-02   3.4695898e-02
   2.0816667e+03   4.0418270e-02   3.7448380e-02   3.4696485e-02
   2.0817500e+03   4.0433642e-02   3.7459088e-02   3.4703132e-02
   2.0818333e+03   4.0448403e-02   3.7469246e-02   3.4709284e-02
   2.0819167e+03   4.0451172e-02   3.7468656e-02   3.4705814e-02
   2.0820000e+03   4.0441766e-02   3.7457156e-02   3.4692580e-02
   2.0820833e+03   4.0427873e-02   3.7441637e-02   3.4675751e-02
   2.0821667e+03   4.0417951e-02   3.7429676e-02   3.4662107e-02
   2.0822500e+03   4.0420473e-02   3.7428861e-02   3.4658435e-02
   2.0823333e+03   4.0435360e-02   3.7439118e-02   3.4664665e-02
   2.0824167e+03   4.0450738e-02   3.7449811e-02   3.4671283e-02
   2.0825000e+03   4.0459635e-02   3.7454697e-02   3.4672704e-02
   2.0825833e+03   4.0464850e-02   3.7456284e-02   3.4671173e-02
   2.0826667e+03   4.0472632e-02   3.7460167e-02   3.4671694e-02
   2.0827500e+03   4.0488009e-02   3.7470846e-02   3.4678288e-02
   2.0828333e+03   4.0502807e-02   3.7481002e-02   3.4684413e-02
   2.0829167e+03   4.0505620e-02   3.7480429e-02   3.4680944e-02
   2.0830000e+03   4.0496251e-02   3.7468955e-02   3.4667731e-02
   2.0830833e+03   4.0482391e-02   3.7453463e-02   3.4650928e-02
   2.0831667e+03   4.0472506e-02   3.7441527e-02   3.4637304e-02
   2.0832500e+03   4.0475071e-02   3.7440730e-02   3.4633633e-02
   2.0833333e+03   4.0489995e-02   3.7450984e-02   3.4639835e-02
   2.0834167e+03   4.0505378e-02   3.7461646e-02   3.4646397e-02
   2.0835000e+03   4.0514249e-02   3.7466480e-02   3.4647751e-02
   2.0835833e+03   4.0519425e-02   3.7468007e-02   3.4646149e-02
   2.0836667e+03   4.0527176e-02   3.7471835e-02   3.4646601e-02
   2.0837500e+03   4.0542559e-02   3.7482482e-02   3.4653139e-02
   2.0838333e+03   4.0557393e-02   3.7492635e-02   3.4659233e-02
   2.0839167e+03   4.0560249e-02   3.7492079e-02   3.4655763e-02
   2.0840000e+03   4.0550917e-02   3.7480628e-02   3.4642568e-02
   2.0840833e+03   4.0537092e-02   3.7465162e-02   3.4625790e-02
   2.0841667e+03   4.0527244e-02   3.7453251e-02   3.4612184e-02
   2.0842500e+03   4.0529852e-02   3.7452469e-02   3.4608512e-02
   2.0843333e+03   4.0544812e-02   3.7462719e-02   3.4614681e-02
   2.0844167e+03   4.0560201e-02   3.7473349e-02   3.4621185e-02
   2.0845000e+03   4.0569046e-02   3.7478129e-02   3.4622469e-02
   2.0845833e+03   4.0574181e-02   3.7479594e-02   3.4620793e-02
   2.0846667e+03   4.0581903e-02   3.7483366e-02   3.4621173e-02
   2.0847500e+03   4.0597291e-02   3.7493980e-02   3.4627652e-02
   2.0848333e+03   4.0612162e-02   3.7504128e-02   3.4633713e-02
   2.0849167e+03   4.0615061e-02   3.7503586e-02   3.4630239e-02
   2.0850000e+03   4.0605767e-02   3.7492159e-02   3.4617060e-02
   2.0850833e+03   4.0591975e-02   3.7476718e-02   3.4600304e-02
   2.0851667e+03   4.0582164e-02   3.7464829e-02   3.4586715e-02
   2.0852500e+03   4.0584816e-02   3.7464062e-02   3.4583038e-02
   2.0853333e+03   4.0599812e-02   3.7474306e-02   3.4589171e-02
   2.0854167e+03   4.0615206e-02   3.7484901e-02   3.4595615e-02
   2.0855000e+03   4.0624025e-02   3.7489626e-02   3.4596826e-02
   2.0855833e+03   4.0629120e-02   3.7491028e-02   3.4595073e-02
   2.0856667e+03   4.0636811e-02   3.7494742e-02   3.4595378e-02
   2.0857500e+03   4.0652205e-02   3.7505321e-02   3.4601796e-02
   2.0858333e+03   4.0667112e-02   3.7515463e-02   3.4607820e-02
   2.0859167e+03   4.0670055e-02   3.7514934e-02   3.4604340e-02
   2.0860000e+03   4.0660798e-02   3.7503528e-02   3.4591175e-02
   2.0860833e+03   4.0647040e-02   3.7488111e-02   3.4574438e-02
   2.0861667e+03   4.0637266e-02   3.7476244e-02   3.4560863e-02
   2.0862500e+03   4.0639962e-02   3.7475489e-02   3.4557180e-02
   2.0863333e+03   4.0654994e-02   3.7485725e-02   3.4563275e-02
   2.0864167e+03   4.0670394e-02   3.7496285e-02   3.4569655e-02
   2.0865000e+03   4.0679186e-02   3.7500953e-02   3.4570790e-02
   2.0865833e+03   4.0684241e-02   3.7502290e-02   3.4568958e-02
   2.0866667e+03   4.0691901e-02   3.7505944e-02   3.4569186e-02
   2.0867500e+03   4.0707300e-02   3.7516487e-02   3.4575539e-02
   2.0868333e+03   4.0722244e-02   3.7526620e-02   3.4581524e-02
   2.0869167e+03   4.0725230e-02   3.7526103e-02   3.4578035e-02
   2.0870000e+03   4.0716011e-02   3.7514718e-02   3.4564881e-02
   2.0870833e+03   4.0702288e-02   3.7499323e-02   3.4548162e-02
   2.0871667e+03   4.0692550e-02   3.7487476e-02   3.4534599e-02
   2.0872500e+03   4.0695289e-02   3.7486734e-02   3.4530906e-02
   2.0873333e+03   4.0710358e-02   3.7496960e-02   3.4536960e-02
   2.0874167e+03   4.0725763e-02   3.7507482e-02   3.4543273e-02
   2.0875000e+03   4.0734529e-02   3.7512092e-02   3.4544330e-02
   2.0875833e+03   4.0739544e-02   3.7513362e-02   3.4542417e-02
   2.0876667e+03   4.0747173e-02   3.7516955e-02   3.4542565e-02
   2.0877500e+03   4.0762577e-02   3.7527460e-02   3.4548850e-02
   2.0878333e+03   4.0777557e-02   3.7537583e-02   3.4554792e-02
   2.0879167e+03   4.0780587e-02   3.7537076e-02   3.4551291e-02
   2.0880000e+03   4.0771406e-02   3.7525710e-02   3.4538146e-02
   2.0880833e+03   4.0757716e-02   3.7510336e-02   3.4521444e-02
   2.0881667e+03   4.0748016e-02   3.7498509e-02   3.4507890e-02
   2.0882500e+03   4.0750799e-02   3.7497776e-02   3.4504185e-02
   2.0883333e+03   4.0765904e-02   3.7507991e-02   3.4510195e-02
   2.0884167e+03   4.0781314e-02   3.7518474e-02   3.4516438e-02
   2.0885000e+03   4.0790053e-02   3.7523024e-02   3.4517414e-02
   2.0885833e+03   4.0795027e-02   3.7524226e-02   3.4515416e-02
   2.0886667e+03   4.0802625e-02   3.7527756e-02   3.4515482e-02
   2.0887500e+03   4.0818035e-02   3.7538221e-02   3.4521696e-02
   2.0888333e+03   4.0833052e-02   3.7548332e-02   3.4527593e-02
   2.0889167e+03   4.0836126e-02   3.7547834e-02   3.4524078e-02
   2.0890000e+03   4.0826982e-02   3.7536486e-02   3.4510940e-02
   2.0890833e+03   4.0813326e-02   3.7521133e-02   3.4494251e-02
   2.0891667e+03   4.0803663e-02   3.7509323e-02   3.4480705e-02
   2.0892500e+03   4.0806490e-02   3.7508599e-02   3.4476985e-02
   2.0893333e+03   4.0821631e-02   3.7518801e-02   3.4482948e-02
   2.0894167e+03   4.0837047e-02   3.7529243e-02   3.4489119e-02
   2.0895000e+03   4.0845759e-02   3.7533731e-02   3.4490010e-02
   2.0895833e+03   4.0850692e-02   3.7534864e-02   3.4487926e-02
   2.0896667e+03   4.0858259e-02   3.7538329e-02   3.4487906e-02
   2.0897500e+03   4.0873673e-02   3.7548752e-02   3.4494047e-02
   2.0898333e+03   4.0888727e-02   3.7558850e-02   3.4499896e-02
   2.0899167e+03   4.0891845e-02   3.7558359e-02   3.4496364e-02
   2.0900000e+03   4.0882738e-02   3.7547028e-02   3.4483231e-02
   2.0900833e+03   4.0869117e-02   3.7531694e-02   3.4466553e-02
   2.0901667e+03   4.0859492e-02   3.7519901e-02   3.4453012e-02
   2.0902500e+03   4.0862362e-02   3.7519184e-02   3.4449275e-02
   2.0903333e+03   4.0877539e-02   3.7529372e-02   3.4455188e-02
   2.0904167e+03   4.0892961e-02   3.7539770e-02   3.4461283e-02
   2.0905000e+03   4.0901646e-02   3.7544195e-02   3.4462088e-02
   2.0905833e+03   4.0906538e-02   3.7545257e-02   3.4459915e-02
   2.0906667e+03   4.0914073e-02   3.7548656e-02   3.4459807e-02
   2.0907500e+03   4.0929492e-02   3.7559035e-02   3.4465871e-02
   2.0908333e+03   4.0944583e-02   3.7569118e-02   3.4471669e-02
   2.0909167e+03   4.0947745e-02   3.7568633e-02   3.4468117e-02
   2.0910000e+03   4.0938676e-02   3.7557317e-02   3.4454987e-02
   2.0910833e+03   4.0925089e-02   3.7542001e-02   3.4438319e-02
   2.0911667e+03   4.0915501e-02   3.7530224e-02   3.4424781e-02
   2.0912500e+03   4.0918415e-02   3.7529513e-02   3.4421024e-02
   2.0913333e+03   4.0933629e-02   3.7539684e-02   3.4426883e-02
   2.0914167e+03   4.0949056e-02   3.7550038e-02   3.4432900e-02
   2.0915000e+03   4.0957713e-02   3.7554398e-02   3.4433617e-02
   2.0915833e+03   4.0962564e-02   3.7555387e-02   3.4431351e-02
   2.0916667e+03   4.0970067e-02   3.7558718e-02   3.4431153e-02
   2.0917500e+03   4.0985492e-02   3.7569052e-02   3.4437137e-02
   2.0918333e+03   4.1000619e-02   3.7579118e-02   3.4442881e-02
   2.0919167e+03   4.1003825e-02   3.7578638e-02   3.4439307e-02
   2.0920000e+03   4.0994794e-02   3.7567336e-02   3.4426177e-02
   2.0920833e+03   4.0981241e-02   3.7552037e-02   3.4409517e-02
   2.0921667e+03   4.0971691e-02   3.7540274e-02   3.4395981e-02
   2.0922500e+03   4.0974649e-02   3.7539567e-02   3.4392201e-02
   2.0923333e+03   4.0989899e-02   3.7549720e-02   3.4398004e-02
   2.0924167e+03   4.1005331e-02   3.7560028e-02   3.4403939e-02
   2.0925000e+03   4.1013961e-02   3.7564321e-02   3.4404564e-02
   2.0925833e+03   4.1018770e-02   3.7565235e-02   3.4402204e-02
   2.0926667e+03   4.1026242e-02   3.7568498e-02   3.4401913e-02
   2.0927500e+03   4.1041671e-02   3.7578785e-02   3.4407815e-02
   2.0928333e+03   4.1056836e-02   3.7588832e-02   3.4413501e-02
   2.0929167e+03   4.1060085e-02   3.7588354e-02   3.4409903e-02
   2.0930000e+03   4.1051092e-02   3.7577066e-02   3.4396771e-02
   2.0930833e+03   4.1037574e-02   3.7561782e-02   3.4380117e-02
   2.0931667e+03   4.1028061e-02   3.7550033e-02   3.4366579e-02
   2.0932500e+03   4.1031063e-02   3.7549328e-02   3.4362775e-02
   2.0933333e+03   4.1046350e-02   3.7559461e-02   3.4368518e-02
   2.0934167e+03   4.1061787e-02   3.7569721e-02   3.4374369e-02
   2.0935000e+03   4.1070389e-02   3.7573946e-02   3.4374900e-02
   2.0935833e+03   4.1075157e-02   3.7574784e-02   3.4372443e-02
   2.0936667e+03   4.1082596e-02   3.7577976e-02   3.4372057e-02
   2.0937500e+03   4.1098031e-02   3.7588214e-02   3.4377873e-02
   2.0938333e+03   4.1113232e-02   3.7598241e-02   3.4383498e-02
   2.0939167e+03   4.1116526e-02   3.7597765e-02   3.4379873e-02
   2.0940000e+03   4.1107571e-02   3.7586488e-02   3.4366737e-02
   2.0940833e+03   4.1094087e-02   3.7571219e-02   3.4350087e-02
   2.0941667e+03   4.1084611e-02   3.7559482e-02   3.4336546e-02
   2.0942500e+03   4.1087657e-02   3.7558778e-02   3.4332714e-02
   2.0943333e+03   4.1102981e-02   3.7568890e-02   3.4338396e-02
   2.0944167e+03   4.1118423e-02   3.7579100e-02   3.4344159e-02
   2.0945000e+03   4.1126998e-02   3.7583255e-02   3.4344593e-02
   2.0945833e+03   4.1131723e-02   3.7584016e-02   3.4342037e-02
   2.0946667e+03   4.1139130e-02   3.7587135e-02   3.4341552e-02
   2.0947500e+03   4.1154569e-02   3.7597323e-02   3.4347280e-02
   2.0948333e+03   4.1169807e-02   3.7607327e-02   3.4352843e-02
   2.0949167e+03   4.1173146e-02   3.7606851e-02   3.4349187e-02
   2.0950000e+03   4.1164229e-02   3.7595585e-02   3.4336046e-02
   2.0950833e+03   4.1150779e-02   3.7580329e-02   3.4319398e-02
   2.0951667e+03   4.1141341e-02   3.7568603e-02   3.4305851e-02
   2.0952500e+03   4.1144431e-02   3.7567899e-02   3.4301989e-02
   2.0953333e+03   4.1159792e-02   3.7577987e-02   3.4307605e-02
   2.0954167e+03   4.1175238e-02   3.7588145e-02   3.4313279e-02
   2.0955000e+03   4.1183785e-02   3.7592229e-02   3.4313612e-02
   2.0955833e+03   4.1188469e-02   3.7592911e-02   3.4310955e-02
   2.0956667e+03   4.1195843e-02   3.7595956e-02   3.4310370e-02
   2.0957500e+03   4.1211287e-02   3.7606091e-02   3.4316006e-02
   2.0958333e+03   4.1226562e-02   3.7616072e-02   3.4321503e-02
   2.0959167e+03   4.1229945e-02   3.7615594e-02   3.4317815e-02
   2.0960000e+03   4.1221066e-02   3.7604338e-02   3.4304666e-02
   2.0960833e+03   4.1207651e-02   3.7589094e-02   3.4288017e-02
   2.0961667e+03   4.1198250e-02   3.7577377e-02   3.4274464e-02
   2.0962500e+03   4.1201385e-02   3.7576672e-02   3.4270569e-02
   2.0963333e+03   4.1216782e-02   3.7586735e-02   3.4276117e-02
   2.0964167e+03   4.1232234e-02   3.7596839e-02   3.4281697e-02
   2.0965000e+03   4.1240753e-02   3.7600850e-02   3.4281929e-02
   2.0965833e+03   4.1245393e-02   3.7601452e-02   3.4279167e-02
   2.0966667e+03   4.1252735e-02   3.7604421e-02   3.4278479e-02
   2.0967500e+03   4.1268184e-02   3.7614502e-02   3.4284021e-02
   2.0968333e+03   4.1283496e-02   3.7624457e-02   3.4289448e-02
   2.0969167e+03   4.1286923e-02   3.7623976e-02   3.4285725e-02
   2.0970000e+03   4.1278082e-02   3.7612728e-02   3.4272566e-02
   2.0970833e+03   4.1264702e-02   3.7597496e-02   3.4255916e-02
   2.0971667e+03   4.1255339e-02   3.7585787e-02   3.4242353e-02
   2.0972500e+03   4.1258518e-02   3.7585078e-02   3.4238423e-02
   2.0973333e+03   4.1273952e-02   3.7595114e-02   3.4243900e-02
   2.0974167e+03   4.1289408e-02   3.7605164e-02   3.4249384e-02
   2.0975000e+03   4.1297899e-02   3.7609100e-02   3.4249511e-02
   2.0975833e+03   4.1302497e-02   3.7609619e-02   3.4246643e-02
   2.0976667e+03   4.1309806e-02   3.7612511e-02   3.4245849e-02
   2.0977500e+03   4.1325260e-02   3.7622537e-02   3.4251294e-02
   2.0978333e+03   4.1340609e-02   3.7632464e-02   3.4256649e-02
   2.0979167e+03   4.1344080e-02   3.7631979e-02   3.4252889e-02
   2.0980000e+03   4.1335278e-02   3.7620738e-02   3.4239717e-02
   2.0980833e+03   4.1321932e-02   3.7605515e-02   3.4223063e-02
   2.0981667e+03   4.1312607e-02   3.7593814e-02   3.4209489e-02
   2.0982500e+03   4.1315830e-02   3.7593100e-02   3.4205521e-02
   2.0983333e+03   4.1331301e-02   3.7603108e-02   3.4210924e-02
   2.0984167e+03   4.1346762e-02   3.7613100e-02   3.4216309e-02
   2.0985000e+03   4.1355224e-02   3.7616960e-02   3.4216329e-02
   2.0985833e+03   4.1359779e-02   3.7617396e-02   3.4213352e-02
   2.0986667e+03   4.1367056e-02   3.7620209e-02   3.4212450e-02
   2.0987500e+03   4.1382514e-02   3.7630176e-02   3.4217795e-02
   2.0988333e+03   4.1397900e-02   3.7640075e-02   3.4223075e-02
   2.0989167e+03   4.1401416e-02   3.7639584e-02   3.4219275e-02
   2.0990000e+03   4.1392652e-02   3.7628348e-02   3.4206089e-02
   2.0990833e+03   4.1379341e-02   3.7613134e-02   3.4189429e-02
   2.0991667e+03   4.1370053e-02   3.7601439e-02   3.4175841e-02
   2.0992500e+03   4.1373321e-02   3.7600719e-02   3.4171834e-02
   2.0993333e+03   4.1388828e-02   3.7610696e-02   3.4177159e-02
   2.0994167e+03   4.1404294e-02   3.7620630e-02   3.4182443e-02
   2.0995000e+03   4.1412728e-02   3.7624412e-02   3.4182353e-02
   2.0995833e+03   4.1417240e-02   3.7624763e-02   3.4179265e-02
   2.0996667e+03   4.1424483e-02   3.7627495e-02   3.4178252e-02
   2.0997500e+03   4.1439946e-02   3.7637403e-02   3.4183494e-02
   2.0998333e+03   4.1455369e-02   3.7647271e-02   3.4188696e-02
   2.0999167e+03   4.1458929e-02   3.7646772e-02   3.4184853e-02
   2.1000000e+03   4.1450204e-02   3.7635541e-02   3.4171651e-02
   2.1000833e+03   4.1436927e-02   3.7620335e-02   3.4154984e-02
   2.1001667e+03   4.1427678e-02   3.7608645e-02   3.4141381e-02
   2.1002500e+03   4.1430990e-02   3.7607917e-02   3.4137330e-02
   2.1003333e+03   4.1446535e-02   3.7617862e-02   3.4142576e-02
   2.1004167e+03   4.1462005e-02   3.7627735e-02   3.4147755e-02
   2.1005000e+03   4.1470410e-02   3.7631438e-02   3.4147552e-02
   2.1005833e+03   4.1474879e-02   3.7631701e-02   3.4144351e-02
   2.1006667e+03   4.1482088e-02   3.7634352e-02   3.4143225e-02
   2.1007500e+03   4.1497555e-02   3.7644199e-02   3.4148362e-02
   2.1008333e+03   4.1513016e-02   3.7654033e-02   3.4153482e-02
   2.1009167e+03   4.1516621e-02   3.7653525e-02   3.4149595e-02
