   2.0000000e+03   1.0000000e+00   1.0000000e+00   1.0000000e+00
   2.0000833e+03   1.0000000e+00   1.0000000e+00   1.0000000e+00
   2.0001667e+03   1.0000000e+00   1.0000000e+00   1.0000000e+00
   2.0002500e+03   1.0000000e+00   1.0000000e+00   1.0000000e+00
   2.0003333e+03   1.0000000e+00   1.0000000e+00   1.0000000e+00
   2.0004167e+03   1.0000000e+00   1.0000000e+00   1.0000000e+00
   2.0005000e+03   1.0000000e+00   1.0000000e+00   1.0000000e+00
   2.0005833e+03   1.0000000e+00   1.0000000e+00   1.0000000e+00
   2.0006667e+03   1.0000000e+00   1.0000000e+00   1.0000000e+00
   2.0007500e+03   1.0000000e+00   1.0000000e+00   1.0000000e+00
   2.0008333e+03   1.0000000e+00   1.0000000e+00   1.0000000e+00
   2.0009167e+03   1.0000000e+00   1.0000000e+00   1.0000000e+00
   2.0010000e+03   9.9935650e-01   9.9935607e-01   9.9935565e-01
   2.0010833e+03   9.9854800e-01   9.9854680e-01   9.9854561e-01
   2.0011667e+03   9.9784063e-01   9.9783821e-01   9.9783578e-01
   2.0012500e+03   9.9756205e-01   9.9755759e-01   9.9755314e-01
   2.0013333e+03   9.9781731e-01   9.9780970e-01   9.9780209e-01
   2.0014167e+03   9.9829688e-01   9.9828518e-01   9.9827348e-01
   2.0015000e+03   9.9873727e-01   9.9872085e-01   9.9870444e-01
   2.0015833e+03   9.9914124e-01   9.9911950e-01   9.9909775e-01
   2.0016667e+03   9.9958128e-01   9.9955346e-01   9.9952564e-01
   2.0017500e+03   1.0000567e+00   1.0000220e+00   9.9998739e-01
   2.0018333e+03   1.0002864e+00   1.0002448e+00   1.0002033e+00
   2.0019167e+03   1.0000414e+00   9.9999362e-01   9.9994587e-01
   2.0020000e+03   9.9940600e-01   9.9935272e-01   9.9929943e-01
   2.0020833e+03   9.9860579e-01   9.9854709e-01   9.9848839e-01
   2.0021667e+03   9.9790661e-01   9.9784176e-01   9.9777691e-01
   2.0022500e+03   9.9763538e-01   9.9756237e-01   9.9748937e-01
   2.0023333e+03   9.9789531e-01   9.9781153e-01   9.9772776e-01
   2.0024167e+03   9.9837556e-01   9.9827943e-01   9.9818331e-01
   2.0025000e+03   9.9881354e-01   9.9870456e-01   9.9859559e-01
   2.0025833e+03   6.9944993e-01   6.9936429e-01   6.9927866e-01
   2.0026667e+03   6.9975626e-01   6.9966065e-01   6.9956506e-01
   2.0027500e+03   7.0008976e-01   6.9998357e-01   6.9987740e-01
   2.0028333e+03   7.0025397e-01   7.0013763e-01   7.0002131e-01
   2.0029167e+03   7.0008756e-01   6.9996250e-01   6.9983746e-01
   2.0030000e+03   6.9964846e-01   6.9951594e-01   6.9938343e-01
   2.0030833e+03   6.9909409e-01   6.9895452e-01   6.9881497e-01
   2.0031667e+03   6.9861036e-01   6.9846303e-01   6.9831572e-01
   2.0032500e+03   6.9842563e-01   6.9826826e-01   6.9811093e-01
   2.0033333e+03   6.9861083e-01   6.9844053e-01   6.9827026e-01
   2.0034167e+03   6.9894745e-01   6.9876266e-01   6.9857792e-01
   2.0035000e+03   6.9925232e-01   6.9905279e-01   6.9885332e-01
   2.0035833e+03   6.9953040e-01   6.9931585e-01   6.9910136e-01
   2.0036667e+03   6.9983499e-01   6.9960472e-01   6.9937453e-01
   2.0037500e+03   7.0016918e-01   6.9992247e-01   6.9967584e-01
   2.0038333e+03   7.0033681e-01   7.0007456e-01   6.9981240e-01
   2.0039167e+03   7.0017546e-01   6.9990007e-01   6.9962478e-01
   2.0040000e+03   6.9974200e-01   6.9945554e-01   6.9916918e-01
   2.0040833e+03   6.9919338e-01   6.9889661e-01   6.9859996e-01
   2.0041667e+03   6.9871533e-01   6.9840732e-01   6.9809946e-01
   2.0042500e+03   6.9853569e-01   6.9821330e-01   6.9789105e-01
   2.0043333e+03   6.9872413e-01   6.9838334e-01   6.9804270e-01
   2.0044167e+03   6.9906117e-01   6.9869999e-01   6.9833899e-01
   2.0045000e+03   6.9936428e-01   6.9898258e-01   6.9860107e-01
   2.0045833e+03   6.9963996e-01   6.9923752e-01   6.9883531e-01
   2.0046667e+03   6.9994277e-01   6.9951882e-01   6.9909512e-01
   2.0047500e+03   7.0027762e-01   6.9983131e-01   6.9938526e-01
   2.0048333e+03   7.0044865e-01   6.9998134e-01   6.9951433e-01
   2.0049167e+03   7.0029234e-01   6.9980744e-01   6.9932286e-01
   2.0050000e+03   6.9986450e-01   6.9936489e-01   6.9886564e-01
   2.0050833e+03   6.9932159e-01   6.9880842e-01   6.9829561e-01
   2.0051667e+03   6.9884919e-01   6.9832131e-01   6.9779381e-01
   2.0052500e+03   6.9867464e-01   6.9812796e-01   6.9758170e-01
   2.0053333e+03   6.9886629e-01   6.9829569e-01   6.9772553e-01
   2.0054167e+03   6.9920372e-01   6.9860677e-01   6.9801032e-01
   2.0055000e+03   6.9950504e-01   6.9888173e-01   6.9825897e-01
   2.0055833e+03   6.9977827e-01   6.9912849e-01   6.9847931e-01
   2.0056667e+03   7.0007926e-01   6.9940213e-01   6.9872565e-01
   2.0057500e+03   7.0041475e-01   6.9970927e-01   6.9900448e-01
   2.0058333e+03   7.0058915e-01   6.9985716e-01   6.9912592e-01
   2.0059167e+03   7.0043787e-01   6.9968379e-01   6.9893050e-01
   2.0060000e+03   7.0001561e-01   6.9924319e-01   6.9847161e-01
   2.0060833e+03   6.9947840e-01   6.9868914e-01   6.9790075e-01
   2.0061667e+03   6.9901163e-01   6.9820416e-01   6.9739760e-01
   2.0062500e+03   6.9884214e-01   6.9801144e-01   6.9718170e-01
   2.0063333e+03   6.9903698e-01   6.9817676e-01   6.9731758e-01
   2.0064167e+03   6.9937477e-01   6.9848219e-01   6.9759073e-01
   2.0065000e+03   6.9967426e-01   6.9874945e-01   6.9782584e-01
   2.0065833e+03   6.9994500e-01   6.9898795e-01   6.9803218e-01
   2.0066667e+03   7.0024414e-01   6.9925386e-01   6.9826494e-01
   2.0067500e+03   7.0058024e-01   6.9955555e-01   6.9853233e-01
   2.0068333e+03   7.0075799e-01   6.9970123e-01   6.9864603e-01
   2.0069167e+03   7.0061171e-01   6.9952831e-01   6.9844656e-01
   2.0070000e+03   7.0019502e-01   6.9908963e-01   6.9798594e-01
   2.0070833e+03   6.9966348e-01   6.9853796e-01   6.9741422e-01
   2.0071667e+03   6.9920231e-01   6.9805508e-01   6.9690969e-01
   2.0072500e+03   6.9903786e-01   6.9786292e-01   6.9668991e-01
   2.0073333e+03   6.9923588e-01   6.9802577e-01   6.9681771e-01
   2.0074167e+03   6.9957400e-01   6.9832545e-01   6.9707910e-01
   2.0075000e+03   6.9987162e-01   6.9858493e-01   6.9730056e-01
   2.0075833e+03   7.0013983e-01   6.9881508e-01   6.9749281e-01
   2.0076667e+03   7.0043708e-01   6.9907318e-01   6.9771189e-01
   2.0077500e+03   7.0077375e-01   6.9936935e-01   6.9796772e-01
   2.0078333e+03   7.0095484e-01   6.9951273e-01   6.9807353e-01
   2.0079167e+03   7.0081355e-01   6.9934022e-01   6.9786993e-01
   2.0080000e+03   7.0040240e-01   6.9890339e-01   6.9740754e-01
   2.0080833e+03   6.9987651e-01   6.9835409e-01   6.9683493e-01
   2.0081667e+03   6.9942092e-01   6.9787326e-01   6.9632897e-01
   2.0082500e+03   6.9926150e-01   6.9768161e-01   6.9610523e-01
   2.0083333e+03   6.9946267e-01   6.9784189e-01   6.9622482e-01
   2.0084167e+03   6.9980109e-01   6.9813575e-01   6.9647431e-01
   2.0085000e+03   7.0009680e-01   6.9838736e-01   6.9668204e-01
   2.0085833e+03   7.0036243e-01   6.9860911e-01   6.9686011e-01
   2.0086667e+03   7.0065776e-01   6.9885932e-01   6.9706543e-01
   2.0087500e+03   7.0099498e-01   6.9914988e-01   6.9730956e-01
   2.0088333e+03   7.0117938e-01   6.9929087e-01   6.9740737e-01
   2.0089167e+03   7.0104305e-01   6.9911870e-01   6.9719956e-01
   2.0090000e+03   7.0063743e-01   6.9868370e-01   6.9673534e-01
   2.0090833e+03   7.0011716e-01   6.9813672e-01   6.9616180e-01
   2.0091667e+03   6.9966713e-01   6.9765791e-01   6.9565438e-01
   2.0092500e+03   6.9951271e-01   6.9746670e-01   6.9542659e-01
   2.0093333e+03   6.9971701e-01   6.9762434e-01   6.9553784e-01
   2.0094167e+03   7.0005571e-01   6.9791229e-01   6.9577533e-01
   2.0095000e+03   7.0034947e-01   6.9815596e-01   6.9596924e-01
   2.0095833e+03   7.0061248e-01   6.9836922e-01   6.9613305e-01
   2.0096667e+03   7.0090584e-01   6.9861147e-01   6.9632451e-01
   2.0097500e+03   7.0124359e-01   6.9889634e-01   6.9655684e-01
   2.0098333e+03   7.0143128e-01   6.9903486e-01   6.9664652e-01
   2.0099167e+03   7.0129990e-01   6.9886297e-01   6.9643440e-01
   2.0100000e+03   7.0089978e-01   6.9842975e-01   6.9596832e-01
   2.0100833e+03   7.0038512e-01   6.9788507e-01   6.9539384e-01
   2.0101667e+03   6.9994062e-01   6.9740824e-01   6.9488491e-01
   2.0102500e+03   6.9979118e-01   6.9721741e-01   6.9465299e-01
   2.0103333e+03   6.9999860e-01   6.9737233e-01   6.9475579e-01
   2.0104167e+03   7.0033755e-01   6.9765427e-01   6.9498116e-01
   2.0105000e+03   7.0062931e-01   6.9788994e-01   6.9516115e-01
   2.0105833e+03   7.0088967e-01   6.9809465e-01   6.9531064e-01
   2.0106667e+03   7.0118101e-01   6.9832886e-01   6.9548816e-01
   2.0107500e+03   7.0151925e-01   6.9860794e-01   6.9570857e-01
   2.0108333e+03   7.0171023e-01   6.9874392e-01   6.9579001e-01
   2.0109167e+03   7.0158377e-01   6.9857225e-01   6.9557350e-01
   2.0110000e+03   7.0118913e-01   6.9814077e-01   6.9510551e-01
   2.0110833e+03   7.0068005e-01   6.9759835e-01   6.9453005e-01
   2.0111667e+03   7.0024107e-01   6.9712346e-01   6.9401958e-01
   2.0112500e+03   7.0009660e-01   6.9693296e-01   6.9378345e-01
   2.0113333e+03   7.0030711e-01   6.9708506e-01   6.9387768e-01
   2.0114167e+03   7.0064627e-01   6.9736093e-01   6.9409082e-01
   2.0115000e+03   7.0093601e-01   6.9758851e-01   6.9425683e-01
   2.0115833e+03   7.0119365e-01   6.9778459e-01   6.9439193e-01
   2.0116667e+03   7.0148295e-01   6.9801069e-01   6.9455544e-01
   2.0117500e+03   7.0182166e-01   6.9828391e-01   6.9476381e-01
   2.0118333e+03   7.0201588e-01   6.9841727e-01   6.9483690e-01
   2.0119167e+03   7.0189434e-01   6.9824575e-01   6.9461593e-01
   2.0120000e+03   7.0150516e-01   6.9781597e-01   6.9414599e-01
   2.0120833e+03   7.0100164e-01   6.9727578e-01   6.9356952e-01
   2.0121667e+03   7.0056816e-01   6.9680280e-01   6.9305747e-01
   2.0122500e+03   7.0042863e-01   6.9661256e-01   6.9281706e-01
   2.0123333e+03   7.0064222e-01   6.9676177e-01   6.9290260e-01
   2.0124167e+03   7.0098157e-01   6.9703147e-01   6.9310341e-01
   2.0125000e+03   7.0126923e-01   6.9725090e-01   6.9325537e-01
   2.0125833e+03   4.2091447e-01   4.1846297e-01   4.1602561e-01
   2.0126667e+03   4.2108680e-01   4.1859373e-01   4.1611527e-01
   2.0127500e+03   4.2129028e-01   4.1875409e-01   4.1623302e-01
   2.0128333e+03   4.2140876e-01   4.1883248e-01   4.1627179e-01
   2.0129167e+03   4.2133877e-01   4.1872962e-01   4.1613648e-01
   2.0130000e+03   4.2110853e-01   4.1847275e-01   4.1585332e-01
   2.0130833e+03   4.2080974e-01   4.1814995e-01   4.1550682e-01
   2.0131667e+03   4.2055294e-01   4.1786729e-01   4.1519863e-01
   2.0132500e+03   4.2047218e-01   4.1775326e-01   4.1505176e-01
   2.0133333e+03   4.2060217e-01   4.1784101e-01   4.1509781e-01
   2.0134167e+03   4.2080587e-01   4.1799908e-01   4.1521084e-01
   2.0135000e+03   4.2097720e-01   4.1812580e-01   4.1529355e-01
   2.0135833e+03   4.2112845e-01   4.1823298e-01   4.1535724e-01
   2.0136667e+03   4.2129950e-01   4.1835878e-01   4.1543841e-01
   2.0137500e+03   4.2150323e-01   4.1851553e-01   4.1554882e-01
   2.0138333e+03   4.2162363e-01   4.1859225e-01   4.1558246e-01
   2.0139167e+03   4.2155657e-01   4.1848941e-01   4.1544438e-01
   2.0140000e+03   4.2132958e-01   4.1823351e-01   4.1515999e-01
   2.0140833e+03   4.2103410e-01   4.1791201e-01   4.1481286e-01
   2.0141667e+03   4.2078058e-01   4.1763044e-01   4.1450368e-01
   2.0142500e+03   4.2070277e-01   4.1751650e-01   4.1435416e-01
   2.0143333e+03   4.2083458e-01   4.1760242e-01   4.1439487e-01
   2.0144167e+03   4.2103836e-01   4.1775669e-01   4.1450039e-01
   2.0145000e+03   4.2120839e-01   4.1787844e-01   4.1457459e-01
   2.0145833e+03   4.2135794e-01   4.1798033e-01   4.1462957e-01
   2.0146667e+03   4.2152768e-01   4.1810114e-01   4.1470222e-01
   2.0147500e+03   4.2173163e-01   4.1825422e-01   4.1480524e-01
   2.0148333e+03   4.2185396e-01   4.1832921e-01   4.1483367e-01
   2.0149167e+03   4.2178980e-01   4.1822636e-01   4.1469278e-01
   2.0150000e+03   4.2156606e-01   4.1797140e-01   4.1440715e-01
   2.0150833e+03   4.2127389e-01   4.1765118e-01   4.1405938e-01
   2.0151667e+03   4.2102363e-01   4.1737069e-01   4.1374919e-01
   2.0152500e+03   4.2094876e-01   4.1725680e-01   4.1359697e-01
   2.0153333e+03   4.2108238e-01   4.1734084e-01   4.1363228e-01
   2.0154167e+03   4.2128621e-01   4.1749127e-01   4.1373024e-01
   2.0155000e+03   4.2145492e-01   4.1760800e-01   4.1379591e-01
   2.0155833e+03   4.2160274e-01   4.1770456e-01   4.1384214e-01
   2.0156667e+03   4.2177114e-01   4.1782033e-01   4.1390625e-01
   2.0157500e+03   4.2197530e-01   4.1796970e-01   4.1400183e-01
   2.0158333e+03   4.2209954e-01   4.1804293e-01   4.1402500e-01
   2.0159167e+03   4.2203829e-01   4.1794002e-01   4.1388125e-01
   2.0160000e+03   4.2181778e-01   4.1768599e-01   4.1359436e-01
   2.0160833e+03   4.2152890e-01   4.1736703e-01   4.1324593e-01
   2.0161667e+03   4.2128189e-01   4.1708758e-01   4.1293472e-01
   2.0162500e+03   4.2120996e-01   4.1697371e-01   4.1277975e-01
   2.0163333e+03   4.2134537e-01   4.1705582e-01   4.1280961e-01
   2.0164167e+03   4.2154924e-01   4.1720236e-01   4.1289997e-01
   2.0165000e+03   4.2171660e-01   4.1731403e-01   4.1295708e-01
   2.0165833e+03   4.2186266e-01   4.1740523e-01   4.1299455e-01
   2.0166667e+03   4.2202970e-01   4.1751593e-01   4.1305009e-01
   2.0167500e+03   4.2223405e-01   4.1766154e-01   4.1313819e-01
   2.0168333e+03   4.2236018e-01   4.1773295e-01   4.1315605e-01
   2.0169167e+03   4.2230183e-01   4.1762996e-01   4.1300940e-01
   2.0170000e+03   4.2208454e-01   4.1737681e-01   4.1272121e-01
   2.0170833e+03   4.2179895e-01   4.1705909e-01   4.1237213e-01
   2.0171667e+03   4.2155519e-01   4.1678068e-01   4.1205988e-01
   2.0172500e+03   4.2148617e-01   4.1666679e-01   4.1190213e-01
   2.0173333e+03   4.2162337e-01   4.1674692e-01   4.1192648e-01
   2.0174167e+03   4.2182726e-01   4.1688952e-01   4.1200919e-01
   2.0175000e+03   4.2199325e-01   4.1699610e-01   4.1205773e-01
   2.0175833e+03   4.2213750e-01   4.1708190e-01   4.1208643e-01
   2.0176667e+03   4.2230316e-01   4.1718749e-01   4.1213338e-01
   2.0177500e+03   4.2250769e-01   4.1732929e-01   4.1221394e-01
   2.0178333e+03   4.2263570e-01   4.1739884e-01   4.1222643e-01
   2.0179167e+03   4.2258023e-01   4.1729572e-01   4.1207685e-01
   2.0180000e+03   4.2236616e-01   4.1704345e-01   4.1178736e-01
   2.0180833e+03   4.2208383e-01   4.1672695e-01   4.1143760e-01
   2.0181667e+03   4.2184331e-01   4.1644955e-01   4.1112429e-01
   2.0182500e+03   4.2177720e-01   4.1633559e-01   4.1096373e-01
   2.0183333e+03   4.2191617e-01   4.1641370e-01   4.1098252e-01
   2.0184167e+03   4.2212006e-01   4.1655232e-01   4.1105755e-01
   2.0185000e+03   4.2228465e-01   4.1665377e-01   4.1109749e-01
   2.0185833e+03   4.2242708e-01   4.1673413e-01   4.1111741e-01
   2.0186667e+03   4.2259133e-01   4.1683458e-01   4.1115576e-01
   2.0187500e+03   4.2279601e-01   4.1697253e-01   4.1122875e-01
   2.0188333e+03   4.2292589e-01   4.1704017e-01   4.1123583e-01
   2.0189167e+03   4.2287330e-01   4.1693688e-01   4.1108327e-01
   2.0190000e+03   4.2266244e-01   4.1668546e-01   4.1079246e-01
   2.0190833e+03   4.2238337e-01   4.1637016e-01   4.1044202e-01
   2.0191667e+03   4.2214607e-01   4.1609374e-01   4.1012764e-01
   2.0192500e+03   4.2208287e-01   4.1597970e-01   4.0996423e-01
   2.0193333e+03   4.2222360e-01   4.1605573e-01   4.0997741e-01
   2.0194167e+03   4.2242747e-01   4.1619033e-01   4.1004472e-01
   2.0195000e+03   4.2259063e-01   4.1628661e-01   4.1007606e-01
   2.0195833e+03   4.2273121e-01   4.1636151e-01   4.1008720e-01
   2.0196667e+03   4.2289401e-01   4.1645678e-01   4.1011693e-01
   2.0197500e+03   4.2309883e-01   4.1659083e-01   4.1018233e-01
   2.0198333e+03   4.2323057e-01   4.1665651e-01   4.1018394e-01
   2.0199167e+03   4.2318085e-01   4.1655302e-01   4.1002838e-01
   2.0200000e+03   4.2297318e-01   4.1630242e-01   4.0973623e-01
   2.0200833e+03   4.2269737e-01   4.1598830e-01   4.0938509e-01
   2.0201667e+03   4.2246329e-01   4.1571285e-01   4.0906964e-01
   2.0202500e+03   4.2240298e-01   4.1559868e-01   4.0890334e-01
   2.0203333e+03   4.2254546e-01   4.1567259e-01   4.0891087e-01
   2.0204167e+03   4.2274929e-01   4.1580312e-01   4.0897042e-01
   2.0205000e+03   4.2291099e-01   4.1589420e-01   4.0899315e-01
   2.0205833e+03   4.2304969e-01   4.1596360e-01   4.0899552e-01
   2.0206667e+03   4.2321102e-01   4.1605365e-01   4.0901664e-01
   2.0207500e+03   4.2341595e-01   4.1618376e-01   4.0907440e-01
   2.0208333e+03   4.2354954e-01   4.1624744e-01   4.0907050e-01
   2.0209167e+03   4.2350268e-01   4.1614372e-01   4.0891190e-01
   2.0210000e+03   4.2329820e-01   4.1589391e-01   4.0861840e-01
   2.0210833e+03   4.2302563e-01   4.1558096e-01   4.0826657e-01
   2.0211667e+03   4.2279476e-01   4.1530644e-01   4.0795002e-01
   2.0212500e+03   4.2273733e-01   4.1519211e-01   4.0778081e-01
   2.0213333e+03   4.2288156e-01   4.1526386e-01   4.0778264e-01
   2.0214167e+03   4.2308532e-01   4.1539028e-01   4.0783442e-01
   2.0215000e+03   4.2324554e-01   4.1547612e-01   4.0784853e-01
   2.0215833e+03   4.2338232e-01   4.1553999e-01   4.0784213e-01
   2.0216667e+03   4.2354215e-01   4.1562480e-01   4.0785463e-01
   2.0217500e+03   4.2374717e-01   4.1575092e-01   4.0790473e-01
   2.0218333e+03   4.2388261e-01   4.1581255e-01   4.0789529e-01
   2.0219167e+03   4.2383860e-01   4.1570856e-01   4.0773362e-01
   2.0220000e+03   4.2363729e-01   4.1545952e-01   4.0743875e-01
   2.0220833e+03   4.2336796e-01   4.1514772e-01   4.0708622e-01
   2.0221667e+03   4.2314029e-01   4.1487412e-01   4.0676857e-01
   2.0222500e+03   4.2308574e-01   4.1475959e-01   4.0659642e-01
   2.0223333e+03   4.2323169e-01   4.1482913e-01   4.0659251e-01
   2.0224167e+03   4.2343538e-01   4.1495139e-01   4.0663649e-01
   2.0225000e+03   4.2359408e-01   4.1503196e-01   4.0664200e-01
   2.0225833e+03   2.1186446e-01   2.0754514e-01   2.0331342e-01
   2.0226667e+03   2.1194361e-01   2.0758490e-01   2.0331537e-01
   2.0227500e+03   2.1204616e-01   2.0764595e-01   2.0333657e-01
   2.0228333e+03   2.1211479e-01   2.0767572e-01   2.0332906e-01
   2.0229167e+03   2.1209420e-01   2.0762357e-01   2.0324668e-01
   2.0230000e+03   2.1199514e-01   2.0749942e-01   2.0309856e-01
   2.0230833e+03   2.1186209e-01   2.0734408e-01   2.0292194e-01
   2.0231667e+03   2.1174985e-01   2.0720773e-01   2.0276255e-01
   2.0232500e+03   2.1172401e-01   2.0715035e-01   2.0267499e-01
   2.0233333e+03   2.1179784e-01   2.0718400e-01   2.0267015e-01
   2.0234167e+03   2.1189963e-01   2.0724303e-01   2.0268824e-01
   2.0235000e+03   2.1197821e-01   2.0728066e-01   2.0268669e-01
   2.0235833e+03   2.1204464e-01   2.0730703e-01   2.0267474e-01
   2.0236667e+03   2.1212302e-01   2.0734414e-01   2.0267239e-01
   2.0237500e+03   2.1222559e-01   2.0740315e-01   2.0268975e-01
   2.0238333e+03   2.1229513e-01   2.0743185e-01   2.0267943e-01
   2.0239167e+03   2.1227596e-01   2.0737953e-01   2.0259548e-01
   2.0240000e+03   2.1217848e-01   2.0725574e-01   2.0244666e-01
   2.0240833e+03   2.1204704e-01   2.0710096e-01   2.0226969e-01
   2.0241667e+03   2.1193639e-01   2.0696504e-01   2.0210975e-01
   2.0242500e+03   2.1191198e-01   2.0690753e-01   2.0202069e-01
   2.0243333e+03   2.1198666e-01   2.0694003e-01   2.0201295e-01
   2.0244167e+03   2.1208839e-01   2.0699694e-01   2.0202712e-01
   2.0245000e+03   2.1216619e-01   2.0703191e-01   2.0202128e-01
   2.0245833e+03   2.1223161e-01   2.0705547e-01   2.0200498e-01
   2.0246667e+03   2.1230919e-01   2.0708991e-01   2.0199833e-01
   2.0247500e+03   2.1241178e-01   2.0714687e-01   2.0201183e-01
   2.0248333e+03   2.1248223e-01   2.0717447e-01   2.0199868e-01
   2.0249167e+03   2.1246447e-01   2.0712196e-01   2.0191317e-01
   2.0250000e+03   2.1236856e-01   2.0699853e-01   2.0176365e-01
   2.0250833e+03   2.1223879e-01   2.0684434e-01   2.0158637e-01
   2.0251667e+03   2.1212985e-01   2.0670896e-01   2.0142596e-01
   2.0252500e+03   2.1210702e-01   2.0665143e-01   2.0133552e-01
   2.0253333e+03   2.1218265e-01   2.0668285e-01   2.0132494e-01
   2.0254167e+03   2.1228428e-01   2.0673759e-01   2.0133517e-01
   2.0255000e+03   2.1236109e-01   2.0676972e-01   2.0132489e-01
   2.0255833e+03   2.1242522e-01   2.0679022e-01   2.0130402e-01
   2.0256667e+03   2.1250175e-01   2.0682175e-01   2.0129288e-01
   2.0257500e+03   2.1260432e-01   2.0687660e-01   2.0130248e-01
   2.0258333e+03   2.1267594e-01   2.0690334e-01   2.0128672e-01
   2.0259167e+03   2.1266014e-01   2.0685111e-01   2.0120004e-01
   2.0260000e+03   2.1256650e-01   2.0672863e-01   2.0105037e-01
   2.0260833e+03   2.1243905e-01   2.0657561e-01   2.0087329e-01
   2.0261667e+03   2.1233239e-01   2.0644127e-01   2.0071286e-01
   2.0262500e+03   2.1231158e-01   2.0638409e-01   2.0062136e-01
   2.0263333e+03   2.1238838e-01   2.0641459e-01   2.0060808e-01
   2.0264167e+03   2.1248984e-01   2.0646708e-01   2.0061429e-01
   2.0265000e+03   2.1256545e-01   2.0649616e-01   2.0059940e-01
   2.0265833e+03   2.1262808e-01   2.0651340e-01   2.0057379e-01
   2.0266667e+03   2.1270340e-01   2.0654186e-01   2.0055803e-01
   2.0267500e+03   2.1280592e-01   2.0659454e-01   2.0056368e-01
   2.0268333e+03   2.1287876e-01   2.0662043e-01   2.0054528e-01
   2.0269167e+03   2.1286495e-01   2.0656847e-01   2.0045744e-01
   2.0270000e+03   2.1277358e-01   2.0644691e-01   2.0030755e-01
   2.0270833e+03   2.1264843e-01   2.0629504e-01   2.0013065e-01
   2.0271667e+03   2.1254406e-01   2.0616169e-01   1.9997016e-01
   2.0272500e+03   2.1252526e-01   2.0610483e-01   1.9987754e-01
   2.0273333e+03   2.1260320e-01   2.0613435e-01   1.9986150e-01
   2.0274167e+03   2.1270447e-01   2.0618455e-01   1.9986363e-01
   2.0275000e+03   2.1277885e-01   2.0621053e-01   1.9984411e-01
   2.0275833e+03   2.1283994e-01   2.0622446e-01   1.9981374e-01
   2.0276667e+03   2.1291402e-01   2.0624982e-01   1.9979333e-01
   2.0277500e+03   2.1301646e-01   2.0630029e-01   1.9979499e-01
   2.0278333e+03   2.1309053e-01   2.0632527e-01   1.9977390e-01
   2.0279167e+03   2.1307870e-01   2.0627355e-01   1.9968483e-01
   2.0280000e+03   2.1298957e-01   2.0615286e-01   1.9953470e-01
   2.0280833e+03   2.1286674e-01   2.0600210e-01   1.9935792e-01
   2.0281667e+03   2.1276464e-01   2.0586972e-01   1.9919733e-01
   2.0282500e+03   2.1274785e-01   2.0581314e-01   1.9910354e-01
   2.0283333e+03   2.1282691e-01   2.0584163e-01   1.9908468e-01
   2.0284167e+03   2.1292797e-01   2.0588948e-01   1.9908270e-01
   2.0285000e+03   2.1300110e-01   2.0591233e-01   1.9905852e-01
   2.0285833e+03   2.1306061e-01   2.0592291e-01   1.9902337e-01
   2.0286667e+03   2.1313342e-01   2.0594513e-01   1.9899830e-01
   2.0287500e+03   2.1323576e-01   2.0599334e-01   1.9899592e-01
   2.0288333e+03   2.1331102e-01   2.0601736e-01   1.9897208e-01
   2.0289167e+03   2.1330117e-01   2.0596582e-01   1.9888173e-01
   2.0290000e+03   2.1321429e-01   2.0584599e-01   1.9873131e-01
   2.0290833e+03   2.1309376e-01   2.0569630e-01   1.9855463e-01
   2.0291667e+03   2.1299393e-01   2.0556486e-01   1.9839389e-01
   2.0292500e+03   2.1297913e-01   2.0550850e-01   1.9829888e-01
   2.0293333e+03   2.1305930e-01   2.0553591e-01   1.9827714e-01
   2.0294167e+03   2.1316013e-01   2.0558137e-01   1.9827102e-01
   2.0295000e+03   2.1323196e-01   2.0560105e-01   1.9824215e-01
   2.0295833e+03   2.1328986e-01   2.0560825e-01   1.9820222e-01
   2.0296667e+03   2.1336137e-01   2.0562729e-01   1.9817247e-01
   2.0297500e+03   2.1346358e-01   2.0567319e-01   1.9816600e-01
   2.0298333e+03   2.1354003e-01   2.0569619e-01   1.9813937e-01
   2.0299167e+03   2.1353214e-01   2.0564481e-01   1.9804769e-01
   2.0300000e+03   2.1344750e-01   2.0552578e-01   1.9789693e-01
   2.0300833e+03   2.1332929e-01   2.0537716e-01   1.9772032e-01
   2.0301667e+03   2.1323177e-01   2.0524666e-01   1.9755944e-01
   2.0302500e+03   2.1321902e-01   2.0519054e-01   1.9746321e-01
   2.0303333e+03   2.1330033e-01   2.0521685e-01   1.9743856e-01
   2.0304167e+03   2.1340087e-01   2.0525986e-01   1.9742825e-01
   2.0305000e+03   2.1347130e-01   2.0527626e-01   1.9739464e-01
   2.0305833e+03   1.0676372e-01   1.0263998e-01   9.8674917e-02
   2.0306667e+03   1.0679875e-01   1.0264784e-01   9.8657652e-02
   2.0307500e+03   1.0684977e-01   1.0266960e-01   9.8652361e-02
   2.0308333e+03   1.0688863e-01   1.0268063e-01   9.8637666e-02
   2.0309167e+03   1.0688577e-01   1.0265508e-01   9.8591220e-02
   2.0310000e+03   1.0684470e-01   1.0259607e-01   9.8515766e-02
   2.0310833e+03   1.0678688e-01   1.0252239e-01   9.8427584e-02
   2.0311667e+03   1.0673938e-01   1.0245770e-01   9.8347142e-02
   2.0312500e+03   1.0673411e-01   1.0242982e-01   9.8298470e-02
   2.0313333e+03   1.0677536e-01   1.0244244e-01   9.8284718e-02
   2.0314167e+03   1.0682546e-01   1.0246270e-01   9.8277458e-02
   2.0315000e+03   1.0685991e-01   1.0246921e-01   9.8258258e-02
   2.0315833e+03   1.0688704e-01   1.0246925e-01   9.8233404e-02
   2.0316667e+03   1.0692130e-01   1.0247543e-01   9.8213748e-02
   2.0317500e+03   1.0697222e-01   1.0249599e-01   9.8206398e-02
   2.0318333e+03   1.0701171e-01   1.0250652e-01   9.8190326e-02
   2.0319167e+03   1.0700993e-01   1.0248111e-01   9.8143275e-02
   2.0320000e+03   1.0697011e-01   1.0242261e-01   9.8067736e-02
   2.0320833e+03   1.0691357e-01   1.0234955e-01   9.7979673e-02
   2.0321667e+03   1.0686733e-01   1.0228540e-01   9.7899225e-02
   2.0322500e+03   1.0686316e-01   1.0225768e-01   9.7849986e-02
   2.0323333e+03   1.0690499e-01   1.0226976e-01   9.7834800e-02
   2.0324167e+03   1.0695491e-01   1.0228875e-01   9.7825442e-02
   2.0325000e+03   1.0698858e-01   1.0229357e-01   9.7803864e-02
   2.0325833e+03   1.0701474e-01   1.0229180e-01   9.7776580e-02
   2.0326667e+03   1.0704821e-01   1.0229628e-01   9.7754548e-02
   2.0327500e+03   1.0709901e-01   1.0231563e-01   9.7745145e-02
   2.0328333e+03   1.0713912e-01   1.0232566e-01   9.7727692e-02
   2.0329167e+03   1.0713843e-01   1.0230037e-01   9.7680029e-02
   2.0330000e+03   1.0709985e-01   1.0224235e-01   9.7604399e-02
   2.0330833e+03   1.0704458e-01   1.0216990e-01   9.7516447e-02
   2.0331667e+03   1.0699960e-01   1.0210629e-01   9.7435988e-02
   2.0332500e+03   1.0699652e-01   1.0207872e-01   9.7386174e-02
   2.0333333e+03   1.0703893e-01   1.0209024e-01   9.7369551e-02
   2.0334167e+03   1.0708865e-01   1.0210795e-01   9.7358103e-02
   2.0335000e+03   1.0712151e-01   1.0211106e-01   9.7334165e-02
   2.0335833e+03   1.0714669e-01   1.0210748e-01   9.7304470e-02
   2.0336667e+03   1.0717934e-01   1.0211025e-01   9.7280082e-02
   2.0337500e+03   1.0723000e-01   1.0212837e-01   9.7268632e-02
   2.0338333e+03   1.0727074e-01   1.0213788e-01   9.7249795e-02
   2.0339167e+03   1.0727112e-01   1.0211270e-01   9.7201512e-02
   2.0340000e+03   1.0723378e-01   1.0205515e-01   9.7125785e-02
   2.0340833e+03   1.0717979e-01   1.0198331e-01   9.7037940e-02
   2.0341667e+03   1.0713606e-01   1.0192022e-01   9.6957465e-02
   2.0342500e+03   1.0713407e-01   1.0189278e-01   9.6907070e-02
   2.0343333e+03   1.0717704e-01   1.0190372e-01   9.6889006e-02
   2.0344167e+03   1.0722655e-01   1.0192014e-01   9.6875476e-02
   2.0345000e+03   1.0725858e-01   1.0192154e-01   9.6849199e-02
   2.0345833e+03   1.0728274e-01   1.0191614e-01   9.6817117e-02
   2.0346667e+03   1.0731456e-01   1.0191719e-01   9.6790391e-02
   2.0347500e+03   1.0736507e-01   1.0193407e-01   9.6776904e-02
   2.0348333e+03   1.0740641e-01   1.0194305e-01   9.6756680e-02
   2.0349167e+03   1.0740786e-01   1.0191797e-01   9.6707772e-02
   2.0350000e+03   1.0737175e-01   1.0186088e-01   9.6631942e-02
   2.0350833e+03   1.0731904e-01   1.0178963e-01   9.6544199e-02
   2.0351667e+03   1.0727656e-01   1.0172705e-01   9.6463701e-02
   2.0352500e+03   1.0727565e-01   1.0169974e-01   9.6412719e-02
   2.0353333e+03   1.0731918e-01   1.0171009e-01   9.6393214e-02
   2.0354167e+03   1.0736845e-01   1.0172520e-01   9.6377613e-02
   2.0355000e+03   1.0739963e-01   1.0172488e-01   9.6349017e-02
   2.0355833e+03   1.0742276e-01   1.0171765e-01   9.6314572e-02
   2.0356667e+03   1.0745373e-01   1.0171698e-01   9.6285531e-02
   2.0357500e+03   1.0750407e-01   1.0173261e-01   9.6270016e-02
   2.0358333e+03   1.0754600e-01   1.0174103e-01   9.6248404e-02
   2.0359167e+03   1.0754851e-01   1.0171603e-01   9.6198865e-02
   2.0360000e+03   1.0751364e-01   1.0165940e-01   9.6122927e-02
   2.0360833e+03   1.0746220e-01   1.0158873e-01   9.6035282e-02
   2.0361667e+03   1.0742097e-01   1.0152665e-01   9.5954757e-02
   2.0362500e+03   1.0742113e-01   1.0149944e-01   9.5903182e-02
   2.0363333e+03   1.0746521e-01   1.0150918e-01   9.5882236e-02
   2.0364167e+03   1.0751423e-01   1.0152299e-01   9.5864575e-02
   2.0365000e+03   1.0754454e-01   1.0152094e-01   9.5833684e-02
   2.0365833e+03   5.3783302e-02   5.0755936e-02   4.7898451e-02
   2.0366667e+03   5.3798347e-02   5.0754734e-02   4.7882784e-02
   2.0367500e+03   5.3823422e-02   5.0761917e-02   4.7874018e-02
   2.0368333e+03   5.3844685e-02   5.0765847e-02   4.7862519e-02
   2.0369167e+03   5.3846468e-02   5.0753383e-02   4.7837431e-02
   2.0370000e+03   5.3829647e-02   5.0725284e-02   4.7799406e-02
   2.0370833e+03   5.3804558e-02   5.0690235e-02   4.7755630e-02
   2.0371667e+03   5.3784566e-02   5.0659441e-02   4.7715352e-02
   2.0372500e+03   5.3785184e-02   5.0645884e-02   4.7689267e-02
   2.0373333e+03   5.3807491e-02   5.0650443e-02   4.7678073e-02
   2.0374167e+03   5.3831865e-02   5.0656681e-02   4.7668220e-02
   2.0375000e+03   5.3846571e-02   5.0654791e-02   4.7651638e-02
   2.0375833e+03   5.3857064e-02   5.0649337e-02   4.7632093e-02
   2.0376667e+03   5.3871658e-02   5.0647268e-02   4.7615293e-02
   2.0377500e+03   5.3896632e-02   5.0653812e-02   4.7605525e-02
   2.0378333e+03   5.3918183e-02   5.0657452e-02   4.7593332e-02
   2.0379167e+03   5.3920492e-02   5.0645015e-02   4.7567925e-02
   2.0380000e+03   5.3904284e-02   5.0617130e-02   4.7529841e-02
   2.0380833e+03   5.3879828e-02   5.0582362e-02   4.7486111e-02
   2.0381667e+03   5.3860456e-02   5.0551808e-02   4.7445815e-02
   2.0382500e+03   5.3861607e-02   5.0538291e-02   4.7419429e-02
   2.0383333e+03   5.3884176e-02   5.0542532e-02   4.7407517e-02
   2.0384167e+03   5.3908407e-02   5.0548102e-02   4.7396648e-02
   2.0385000e+03   5.3922655e-02   5.0545341e-02   4.7378943e-02
   2.0385833e+03   5.3932594e-02   5.0538966e-02   4.7358258e-02
   2.0386667e+03   5.3946726e-02   5.0536025e-02   4.7340337e-02
   2.0387500e+03   5.3971590e-02   5.0541926e-02   4.7329575e-02
   2.0388333e+03   5.3993423e-02   5.0545269e-02   4.7316690e-02
   2.0389167e+03   5.3996255e-02   5.0532853e-02   4.7290961e-02
   2.0390000e+03   5.3980659e-02   5.0505176e-02   4.7252818e-02
   2.0390833e+03   5.3956834e-02   5.0470683e-02   4.7209131e-02
   2.0391667e+03   5.3938082e-02   5.0440363e-02   4.7168816e-02
   2.0392500e+03   5.3939764e-02   5.0426880e-02   4.7142128e-02
   2.0393333e+03   5.3962589e-02   5.0430795e-02   4.7129499e-02
   2.0394167e+03   5.3986668e-02   5.0435692e-02   4.7117623e-02
   2.0395000e+03   5.4000445e-02   5.0432058e-02   4.7098809e-02
   2.0395833e+03   5.4009818e-02   5.0424759e-02   4.7077000e-02
   2.0396667e+03   5.4023476e-02   5.0420944e-02   4.7057972e-02
   2.0397500e+03   5.4048221e-02   5.0426197e-02   4.7046222e-02
   2.0398333e+03   5.4070332e-02   5.0429236e-02   4.7032647e-02
   2.0399167e+03   5.4073684e-02   5.0416833e-02   4.7006596e-02
   2.0400000e+03   5.4058697e-02   5.0389358e-02   4.6968391e-02
   2.0400833e+03   5.4035503e-02   5.0355137e-02   4.6924746e-02
   2.0401667e+03   5.4017370e-02   5.0325045e-02   4.6884411e-02
   2.0402500e+03   5.4019579e-02   5.0311589e-02   4.6857421e-02
   2.0403333e+03   5.4042656e-02   5.0315171e-02   4.6844076e-02
   2.0404167e+03   5.4066572e-02   5.0319390e-02   4.6831201e-02
   2.0405000e+03   5.4079867e-02   5.0314881e-02   4.6811293e-02
   2.0405833e+03   5.4088662e-02   5.0306656e-02   4.6788376e-02
   2.0406667e+03   5.4101834e-02   5.0301965e-02   4.6768256e-02
   2.0407500e+03   5.4126451e-02   5.0306565e-02   4.6755529e-02
   2.0408333e+03   5.4148834e-02   5.0309293e-02   4.6741265e-02
   2.0409167e+03   5.4152704e-02   5.0296897e-02   4.6714892e-02
   2.0410000e+03   5.4138325e-02   5.0269619e-02   4.6676624e-02
   2.0410833e+03   5.4115761e-02   5.0235663e-02   4.6633020e-02
   2.0411667e+03   5.4098244e-02   5.0205795e-02   4.6592663e-02
   2.0412500e+03   5.4100978e-02   5.0192359e-02   4.6565369e-02
   2.0413333e+03   5.4124301e-02   5.0195602e-02   4.6551313e-02
   2.0414167e+03   5.4148046e-02   5.0199138e-02   4.6537449e-02
   2.0415000e+03   5.4160847e-02   5.0193752e-02   4.6516461e-02
   2.0415833e+03   5.4169050e-02   5.0184601e-02   4.6492454e-02
   2.0416667e+03   5.4181724e-02   5.0179032e-02   4.6471257e-02
   2.0417500e+03   5.4206205e-02   5.0182973e-02   4.6457561e-02
   2.0418333e+03   5.4228855e-02   5.0185384e-02   4.6442612e-02
   2.0419167e+03   5.4233238e-02   5.0172988e-02   4.6415915e-02
   2.0420000e+03   5.4219467e-02   5.0145901e-02   4.6377584e-02
   2.0420833e+03   5.4197531e-02   5.0112205e-02   4.6334020e-02
   2.0421667e+03   5.4180630e-02   5.0082556e-02   4.6293641e-02
   2.0422500e+03   5.4183886e-02   5.0069132e-02   4.6266043e-02
   2.0423333e+03   5.4207448e-02   5.0072030e-02   4.6251278e-02
   2.0424167e+03   5.4231014e-02   5.0074879e-02   4.6236436e-02
   2.0425000e+03   5.4243308e-02   5.0068615e-02   4.6214385e-02
   2.0425833e+03   2.7125453e-02   2.5029268e-02   2.3094652e-02
   2.0426667e+03   2.7131535e-02   2.5026043e-02   2.3083524e-02
   2.0427500e+03   2.7143703e-02   2.5027683e-02   2.3076196e-02
   2.0428333e+03   2.7155158e-02   2.5028726e-02   2.3068381e-02
   2.0429167e+03   2.7157606e-02   2.5022525e-02   2.3054871e-02
   2.0430000e+03   2.7151023e-02   2.5009074e-02   2.3035673e-02
   2.0430833e+03   2.7140369e-02   2.4992354e-02   2.3013911e-02
   2.0431667e+03   2.7132225e-02   2.4977636e-02   2.2993710e-02
   2.0432500e+03   2.7134113e-02   2.4970928e-02   2.2979759e-02
   2.0433333e+03   2.7146011e-02   2.4972200e-02   2.2972025e-02
   2.0434167e+03   2.7157699e-02   2.4973279e-02   2.2964120e-02
   2.0435000e+03   2.7163587e-02   2.4969707e-02   2.2952572e-02
   2.0435833e+03   2.7167077e-02   2.4964203e-02   2.2939504e-02
   2.0436667e+03   2.7172898e-02   2.4960539e-02   2.2927854e-02
   2.0437500e+03   2.7184988e-02   2.4961845e-02   2.2920052e-02
   2.0438333e+03   2.7196571e-02   2.4962722e-02   2.2911898e-02
   2.0439167e+03   2.7199273e-02   2.4956515e-02   2.2898227e-02
   2.0440000e+03   2.7192992e-02   2.4943154e-02   2.2878997e-02
   2.0440833e+03   2.7182651e-02   2.4926559e-02   2.2857255e-02
   2.0441667e+03   2.7174814e-02   2.4911945e-02   2.2837041e-02
   2.0442500e+03   2.7176960e-02   2.4905237e-02   2.2822939e-02
   2.0443333e+03   2.7188972e-02   2.4906330e-02   2.2814855e-02
   2.0444167e+03   2.7200560e-02   2.4907062e-02   2.2806473e-02
   2.0445000e+03   2.7206183e-02   2.4903049e-02   2.2794410e-02
   2.0445833e+03   2.7209357e-02   2.4897081e-02   2.2780825e-02
   2.0446667e+03   2.7214911e-02   2.4892976e-02   2.2768662e-02
   2.0447500e+03   2.7226919e-02   2.4893946e-02   2.2760392e-02
   2.0448333e+03   2.7238627e-02   2.4894656e-02   2.2751902e-02
   2.0449167e+03   2.7241582e-02   2.4888439e-02   2.2738070e-02
   2.0450000e+03   2.7235602e-02   2.4875165e-02   2.2718807e-02
   2.0450833e+03   2.7225573e-02   2.4858693e-02   2.2697084e-02
   2.0451667e+03   2.7218042e-02   2.4844179e-02   2.2676859e-02
   2.0452500e+03   2.7220446e-02   2.4837468e-02   2.2662606e-02
   2.0453333e+03   2.7232569e-02   2.4838379e-02   2.2654175e-02
   2.0454167e+03   2.7244052e-02   2.4838762e-02   2.2645321e-02
   2.0455000e+03   2.7249402e-02   2.4834308e-02   2.2632753e-02
   2.0455833e+03   2.7252255e-02   2.4827877e-02   2.2618660e-02
   2.0456667e+03   2.7257535e-02   2.4823330e-02   2.2605994e-02
   2.0457500e+03   2.7269455e-02   2.4823963e-02   2.2597261e-02
   2.0458333e+03   2.7281286e-02   2.4824501e-02   2.2588438e-02
   2.0459167e+03   2.7284491e-02   2.4818271e-02   2.2574446e-02
   2.0460000e+03   2.7278812e-02   2.4805082e-02   2.2555151e-02
   2.0460833e+03   2.7269096e-02   2.4788731e-02   2.2533448e-02
   2.0461667e+03   2.7261870e-02   2.4774315e-02   2.2513211e-02
   2.0462500e+03   2.7264529e-02   2.4767598e-02   2.2498808e-02
   2.0463333e+03   2.7276760e-02   2.4768324e-02   2.2490032e-02
   2.0464167e+03   2.7288133e-02   2.4768356e-02   2.2480714e-02
   2.0465000e+03   2.7293205e-02   2.4763461e-02   2.2467649e-02
   2.0465833e+03   2.7295729e-02   2.4756566e-02   2.2453060e-02
   2.0466667e+03   2.7300730e-02   2.4751578e-02   2.2439900e-02
   2.0467500e+03   2.7312558e-02   2.4751873e-02   2.2430711e-02
   2.0468333e+03   2.7324507e-02   2.4752236e-02   2.2421557e-02
   2.0469167e+03   2.7327963e-02   2.4745990e-02   2.2407406e-02
   2.0470000e+03   2.7322583e-02   2.4732883e-02   2.2388079e-02
   2.0470833e+03   2.7313179e-02   2.4716649e-02   2.2366396e-02
   2.0471667e+03   2.7306258e-02   2.4702330e-02   2.2346147e-02
   2.0472500e+03   2.7309170e-02   2.4695604e-02   2.2331595e-02
   2.0473333e+03   2.7321506e-02   2.4696141e-02   2.2322479e-02
   2.0474167e+03   2.7332765e-02   2.4695821e-02   2.2312702e-02
   2.0475000e+03   2.7337552e-02   2.4690485e-02   2.2299152e-02
   2.0475833e+03   2.7339740e-02   2.4683127e-02   2.2284076e-02
   2.0476667e+03   2.7344454e-02   2.4677698e-02   2.2270432e-02
   2.0477500e+03   2.7356185e-02   2.4677652e-02   2.2260794e-02
   2.0478333e+03   2.7368250e-02   2.4677838e-02   2.2251312e-02
   2.0479167e+03   2.7371954e-02   2.4671573e-02   2.2237003e-02
   2.0480000e+03   2.7366873e-02   2.4658545e-02   2.2217645e-02
   2.0480833e+03   2.7357780e-02   2.4642427e-02   2.2195982e-02
   2.0481667e+03   2.7351163e-02   2.4628200e-02   2.2175722e-02
   2.0482500e+03   2.7354329e-02   2.4621462e-02   2.2161022e-02
   2.0483333e+03   2.7366766e-02   2.4621808e-02   2.2151568e-02
   2.0484167e+03   2.7377905e-02   2.4621135e-02   2.2141341e-02
   2.0485000e+03   2.7382401e-02   2.4615358e-02   2.2127315e-02
   2.0485833e+03   2.7384246e-02   2.4607538e-02   2.2111764e-02
   2.0486667e+03   2.7388667e-02   2.4601668e-02   2.2097646e-02
   2.0487500e+03   2.7400296e-02   2.4601280e-02   2.2087567e-02
   2.0488333e+03   2.7412474e-02   2.4601286e-02   2.2077760e-02
   2.0489167e+03   2.7416424e-02   2.4594999e-02   2.2063295e-02
   2.0490000e+03   2.7411642e-02   2.4582047e-02   2.2043906e-02
   2.0490833e+03   2.7402860e-02   2.4566042e-02   2.2022263e-02
   2.0491667e+03   2.7396546e-02   2.4551906e-02   2.2001993e-02
   2.0492500e+03   2.7399963e-02   2.4545153e-02   2.1987145e-02
   2.0493333e+03   2.7412498e-02   2.4545305e-02   2.1977359e-02
   2.0494167e+03   2.7423512e-02   2.4544278e-02   2.1966689e-02
   2.0495000e+03   2.7427710e-02   2.4538060e-02   2.1952197e-02
   2.0495833e+03   2.7429206e-02   2.4529779e-02   2.1936183e-02
   2.0496667e+03   2.7433327e-02   2.4523469e-02   2.1921601e-02
   2.0497500e+03   2.7444849e-02   2.4522738e-02   2.1911087e-02
   2.0498333e+03   2.7457137e-02   2.4522561e-02   2.1900961e-02
   2.0499167e+03   2.7461332e-02   2.4516249e-02   2.1886341e-02
   2.0500000e+03   2.7456847e-02   2.4503371e-02   2.1866921e-02
   2.0500833e+03   2.7448373e-02   2.4487475e-02   2.1845298e-02
   2.0501667e+03   2.7442359e-02   2.4473425e-02   2.1825017e-02
   2.0502500e+03   2.7446021e-02   2.4466650e-02   2.1810022e-02
   2.0503333e+03   2.7458650e-02   2.4466605e-02   2.1799905e-02
   2.0504167e+03   2.7469537e-02   2.4465225e-02   2.1788803e-02
   2.0505000e+03   2.7473441e-02   2.4458576e-02   2.1773863e-02
   2.0505833e+03   2.7474595e-02   2.4449846e-02   2.1757404e-02
   2.0506667e+03   2.7478424e-02   2.4443107e-02   2.1742378e-02
   2.0507500e+03   2.7489840e-02   2.4442037e-02   2.1731442e-02
   2.0508333e+03   2.7502230e-02   2.4441672e-02   2.1720998e-02
   2.0509167e+03   2.7506654e-02   2.4435321e-02   2.1706217e-02
   2.0510000e+03   2.7502445e-02   2.4422499e-02   2.1686758e-02
   2.0510833e+03   2.7494260e-02   2.4406696e-02   2.1665147e-02
   2.0511667e+03   2.7488527e-02   2.4392717e-02   2.1644846e-02
   2.0512500e+03   2.7492421e-02   2.4385910e-02   2.1629700e-02
   2.0513333e+03   2.7505137e-02   2.4385663e-02   2.1619258e-02
   2.0514167e+03   2.7515899e-02   2.4383936e-02   2.1607736e-02
   2.0515000e+03   2.7519513e-02   2.4376865e-02   2.1592366e-02
   2.0515833e+03   2.7520328e-02   2.4367695e-02   2.1575482e-02
   2.0516667e+03   2.7523865e-02   2.4360535e-02   2.1560029e-02
   2.0517500e+03   2.7535174e-02   2.4359128e-02   2.1548681e-02
   2.0518333e+03   2.7547661e-02   2.4358573e-02   2.1537925e-02
   2.0519167e+03   2.7552312e-02   2.4352182e-02   2.1522988e-02
   2.0520000e+03   2.7548379e-02   2.4339415e-02   2.1503493e-02
   2.0520833e+03   2.7540482e-02   2.4323703e-02   2.1481895e-02
   2.0521667e+03   2.7535030e-02   2.4309793e-02   2.1461578e-02
   2.0522500e+03   2.7539154e-02   2.4302953e-02   2.1446285e-02
   2.0523333e+03   2.7551954e-02   2.4302504e-02   2.1435525e-02
   2.0524167e+03   2.7562586e-02   2.4300430e-02   2.1423594e-02
   2.0525000e+03   2.7565905e-02   2.4292939e-02   2.1407808e-02
   2.0525833e+03   2.7566374e-02   2.4283333e-02   2.1390512e-02
   2.0526667e+03   2.7569614e-02   2.4275753e-02   2.1374644e-02
   2.0527500e+03   2.7580810e-02   2.4274011e-02   2.1362895e-02
   2.0528333e+03   2.7593393e-02   2.4273263e-02   2.1351835e-02
   2.0529167e+03   2.7598268e-02   2.4266830e-02   2.1336745e-02
   2.0530000e+03   2.7594610e-02   2.4254117e-02   2.1317216e-02
   2.0530833e+03   2.7587001e-02   2.4238496e-02   2.1295635e-02
   2.0531667e+03   2.7581829e-02   2.4224654e-02   2.1275304e-02
   2.0532500e+03   2.7586183e-02   2.4217779e-02   2.1259870e-02
   2.0533333e+03   2.7599064e-02   2.4217127e-02   2.1248798e-02
   2.0534167e+03   2.7609561e-02   2.4214707e-02   2.1236469e-02
   2.0535000e+03   2.7612578e-02   2.4206799e-02   2.1220279e-02
   2.0535833e+03   2.7612695e-02   2.4196759e-02   2.1202586e-02
   2.0536667e+03   2.7615632e-02   2.4188762e-02   2.1186317e-02
   2.0537500e+03   2.7626711e-02   2.4186685e-02   2.1174177e-02
   2.0538333e+03   2.7639386e-02   2.4185745e-02   2.1162819e-02
   2.0539167e+03   2.7644484e-02   2.4179269e-02   2.1147581e-02
   2.0540000e+03   2.7641101e-02   2.4166608e-02   2.1128023e-02
   2.0540833e+03   2.7633779e-02   2.4151076e-02   2.1106461e-02
   2.0541667e+03   2.7628887e-02   2.4137301e-02   2.1086120e-02
   2.0542500e+03   2.7633468e-02   2.4130389e-02   2.1070548e-02
   2.0543333e+03   2.7646428e-02   2.4129534e-02   2.1059172e-02
   2.0544167e+03   2.7656785e-02   2.4126769e-02   2.1046456e-02
   2.0545000e+03   2.7659494e-02   2.4118446e-02   2.1029875e-02
   2.0545833e+03   2.7659253e-02   2.4107976e-02   2.1011799e-02
   2.0546667e+03   2.7661880e-02   2.4099565e-02   2.0995142e-02
   2.0547500e+03   2.7672837e-02   2.4097153e-02   2.0982623e-02
   2.0548333e+03   2.7685601e-02   2.4096021e-02   2.0970974e-02
   2.0549167e+03   2.7690921e-02   2.4089500e-02   2.0955592e-02
   2.0550000e+03   2.7687812e-02   2.4076890e-02   2.0936008e-02
   2.0550833e+03   2.7680776e-02   2.4061446e-02   2.0914468e-02
   2.0551667e+03   2.7676164e-02   2.4047737e-02   2.0894120e-02
   2.0552500e+03   2.7680971e-02   2.4040787e-02   2.0878415e-02
   2.0553333e+03   2.7694006e-02   2.4039727e-02   2.0866743e-02
   2.0554167e+03   2.7704219e-02   2.4036619e-02   2.0853651e-02
   2.0555000e+03   2.7706614e-02   2.4027884e-02   2.0836693e-02
   2.0555833e+03   2.7706007e-02   2.4016986e-02   2.0818247e-02
   2.0556667e+03   2.7708319e-02   2.4008164e-02   2.0801216e-02
   2.0557500e+03   2.7719150e-02   2.4005419e-02   2.0788328e-02
   2.0558333e+03   2.7732000e-02   2.4004093e-02   2.0776396e-02
   2.0559167e+03   2.7737540e-02   2.3997526e-02   2.0760876e-02
   2.0560000e+03   2.7734704e-02   2.3984966e-02   2.0741268e-02
   2.0560833e+03   2.7727955e-02   2.3969609e-02   2.0719754e-02
   2.0561667e+03   2.7723621e-02   2.3955964e-02   2.0699403e-02
   2.0562500e+03   2.7728654e-02   2.3948976e-02   2.0683568e-02
   2.0563333e+03   2.7741760e-02   2.3947711e-02   2.0671608e-02
   2.0564167e+03   2.7751823e-02   2.3944260e-02   2.0658151e-02
   2.0565000e+03   2.7753898e-02   2.3935117e-02   2.0640830e-02
   2.0565833e+03   2.7752920e-02   2.3923795e-02   2.0622030e-02
   2.0566667e+03   2.7754910e-02   2.3914564e-02   2.0604638e-02
   2.0567500e+03   2.7765609e-02   2.3911487e-02   2.0591392e-02
   2.0568333e+03   2.7778542e-02   2.3909967e-02   2.0579184e-02
   2.0569167e+03   2.7784301e-02   2.3903352e-02   2.0563531e-02
   2.0570000e+03   2.7781737e-02   2.3890842e-02   2.0543903e-02
   2.0570833e+03   2.7775275e-02   2.3875570e-02   2.0522417e-02
   2.0571667e+03   2.7771219e-02   2.3861989e-02   2.0502066e-02
   2.0572500e+03   2.7776475e-02   2.3854960e-02   2.0486108e-02
   2.0573333e+03   2.7789650e-02   2.3853491e-02   2.0473867e-02
   2.0574167e+03   2.7799558e-02   2.3849698e-02   2.0460057e-02
   2.0575000e+03   2.7801306e-02   2.3840149e-02   2.0442387e-02
   2.0575833e+03   2.7799950e-02   2.3828407e-02   2.0423246e-02
   2.0576667e+03   2.7801612e-02   2.3818771e-02   2.0405508e-02
   2.0577500e+03   2.7812174e-02   2.3815362e-02   2.0391915e-02
   2.0578333e+03   2.7825188e-02   2.3813649e-02   2.0379439e-02
   2.0579167e+03   2.7831163e-02   2.3806985e-02   2.0363657e-02
   2.0580000e+03   2.7828871e-02   2.3794522e-02   2.0344014e-02
   2.0580833e+03   2.7822694e-02   2.3779335e-02   2.0322560e-02
   2.0581667e+03   2.7818916e-02   2.3765816e-02   2.0302212e-02
   2.0582500e+03   2.7824394e-02   2.3758746e-02   2.0286135e-02
   2.0583333e+03   2.7837635e-02   2.3757071e-02   2.0273621e-02
   2.0584167e+03   2.7847383e-02   2.3752939e-02   2.0259469e-02
   2.0585000e+03   2.7848798e-02   2.3742987e-02   2.0241463e-02
   2.0585833e+03   2.7847057e-02   2.3730828e-02   2.0221997e-02
   2.0586667e+03   2.7848384e-02   2.3720790e-02   2.0203926e-02
   2.0587500e+03   2.7858805e-02   2.3717052e-02   2.0189998e-02
   2.0588333e+03   2.7871895e-02   2.3715144e-02   2.0177262e-02
   2.0589167e+03   2.7878086e-02   2.3708431e-02   2.0161357e-02
   2.0590000e+03   2.7876065e-02   2.3696015e-02   2.0141701e-02
   2.0590833e+03   2.7870174e-02   2.3680911e-02   2.0120282e-02
   2.0591667e+03   2.7866673e-02   2.3667453e-02   2.0099941e-02
   2.0592500e+03   2.7872370e-02   2.3660341e-02   2.0083750e-02
   2.0593333e+03   2.7885674e-02   2.3658460e-02   2.0070972e-02
   2.0594167e+03   2.7895257e-02   2.3653990e-02   2.0056491e-02
   2.0595000e+03   2.7896332e-02   2.3643639e-02   2.0038163e-02
   2.0595833e+03   2.7894200e-02   2.3631068e-02   2.0018386e-02
   2.0596667e+03   2.7895186e-02   2.3620631e-02   1.9999996e-02
   2.0597500e+03   2.7905461e-02   2.3616565e-02   1.9985744e-02
   2.0598333e+03   2.7918624e-02   2.3614462e-02   1.9972757e-02
   2.0599167e+03   2.7925029e-02   2.3607698e-02   1.9956734e-02
   2.0600000e+03   2.7923277e-02   2.3595327e-02   1.9937070e-02
   2.0600833e+03   2.7917671e-02   2.3580306e-02   1.9915689e-02
   2.0601667e+03   2.7914446e-02   2.3566909e-02   1.9895358e-02
   2.0602500e+03   2.7920363e-02   2.3559752e-02   1.9879059e-02
   2.0603333e+03   2.7933725e-02   2.3557666e-02   1.9866024e-02
   2.0604167e+03   2.7943137e-02   2.3552860e-02   1.9851225e-02
   2.0605000e+03   2.7943867e-02   2.3542113e-02   1.9832590e-02
   2.0605833e+03   2.7941337e-02   2.3529133e-02   1.9812517e-02
   2.0606667e+03   2.7941975e-02   2.3518302e-02   1.9793822e-02
   2.0607500e+03   2.7952098e-02   2.3513909e-02   1.9779258e-02
   2.0608333e+03   2.7965332e-02   2.3511611e-02   1.9766027e-02
   2.0609167e+03   2.7971949e-02   2.3504796e-02   1.9749891e-02
   2.0610000e+03   2.7970466e-02   2.3492469e-02   1.9730223e-02
   2.0610833e+03   2.7965145e-02   2.3477530e-02   1.9708883e-02
   2.0611667e+03   2.7962196e-02   2.3464191e-02   1.9688567e-02
   2.0612500e+03   2.7968329e-02   2.3456991e-02   1.9672164e-02
   2.0613333e+03   2.7981746e-02   2.3454699e-02   1.9658882e-02
   2.0614167e+03   2.7990983e-02   2.3449559e-02   1.9643777e-02
   2.0615000e+03   2.7991360e-02   2.3438419e-02   1.9624849e-02
   2.0615833e+03   2.7988425e-02   2.3425035e-02   1.9604494e-02
   2.0616667e+03   2.7988710e-02   2.3413812e-02   1.9585509e-02
   2.0617500e+03   2.7998676e-02   2.3409096e-02   1.9570645e-02
   2.0618333e+03   2.8011977e-02   2.3406602e-02   1.9557179e-02
   2.0619167e+03   2.8018804e-02   2.3399734e-02   1.9540936e-02
   2.0620000e+03   2.8017590e-02   2.3387451e-02   1.9521267e-02
   2.0620833e+03   2.8012552e-02   2.3372592e-02   1.9499972e-02
   2.0621667e+03   2.8009878e-02   2.3359312e-02   1.9479673e-02
   2.0622500e+03   2.8016226e-02   2.3352066e-02   1.9463173e-02
   2.0623333e+03   2.8029696e-02   2.3349568e-02   1.9449652e-02
   2.0624167e+03   2.8038752e-02   2.3344096e-02   1.9434253e-02
   2.0625000e+03   2.8038770e-02   2.3332569e-02   1.9415046e-02
   2.0625833e+03   2.8035423e-02   2.3318784e-02   1.9394424e-02
   2.0626667e+03   2.8035347e-02   2.3307174e-02   1.9375163e-02
   2.0627500e+03   2.8045151e-02   2.3302135e-02   1.9360011e-02
   2.0628333e+03   2.8058516e-02   2.3299447e-02   1.9346318e-02
   2.0629167e+03   2.8065550e-02   2.3292525e-02   1.9329973e-02
   2.0630000e+03   2.8064604e-02   2.3280284e-02   1.9310307e-02
   2.0630833e+03   2.8059850e-02   2.3265505e-02   1.9289061e-02
   2.0631667e+03   2.8057450e-02   2.3252282e-02   1.9268784e-02
   2.0632500e+03   2.8064012e-02   2.3244989e-02   1.9252192e-02
   2.0633333e+03   2.8077530e-02   2.3242286e-02   1.9238441e-02
   2.0634167e+03   2.8086399e-02   2.3236485e-02   1.9222759e-02
   2.0635000e+03   2.8086052e-02   2.3224573e-02   1.9203288e-02
   2.0635833e+03   2.8082286e-02   2.3210393e-02   1.9182414e-02
   2.0636667e+03   2.8081843e-02   2.3198399e-02   1.9162892e-02
   2.0637500e+03   2.8091480e-02   2.3193041e-02   1.9147462e-02
   2.0638333e+03   2.8104905e-02   2.3190157e-02   1.9133551e-02
   2.0639167e+03   2.8112146e-02   2.3183182e-02   1.9117111e-02
   2.0640000e+03   2.8111466e-02   2.3170982e-02   1.9097453e-02
   2.0640833e+03   2.8106995e-02   2.3156282e-02   1.9076259e-02
   2.0641667e+03   2.8104869e-02   2.3143114e-02   1.9056007e-02
   2.0642500e+03   2.8111643e-02   2.3135775e-02   1.9039327e-02
   2.0643333e+03   2.8125205e-02   2.3132866e-02   1.9025356e-02
   2.0644167e+03   2.8133882e-02   2.3126738e-02   1.9009405e-02
   2.0645000e+03   2.8133163e-02   2.3114446e-02   1.8989683e-02
   2.0645833e+03   2.8128971e-02   2.3099875e-02   1.8968572e-02
   2.0646667e+03   2.8128155e-02   2.3087502e-02   1.8948802e-02
   2.0647500e+03   2.8137619e-02   2.3081825e-02   1.8933108e-02
   2.0648333e+03   2.8151100e-02   2.3078747e-02   1.8918988e-02
   2.0649167e+03   2.8158546e-02   2.3071717e-02   1.8902457e-02
   2.0650000e+03   2.8158132e-02   2.3059558e-02   1.8882811e-02
   2.0650833e+03   2.8153943e-02   2.3044935e-02   1.8861672e-02
   2.0651667e+03   2.8152090e-02   2.3031823e-02   1.8841450e-02
   2.0652500e+03   2.8159073e-02   2.3024436e-02   1.8824689e-02
   2.0653333e+03   2.8172676e-02   2.3021323e-02   1.8810505e-02
   2.0654167e+03   2.8181157e-02   2.3014869e-02   1.8794297e-02
   2.0655000e+03   2.8180058e-02   2.3002201e-02   1.8774340e-02
   2.0655833e+03   2.8175434e-02   2.2987245e-02   1.8753006e-02
   2.0656667e+03   2.8174238e-02   2.2974497e-02   1.8733003e-02
   2.0657500e+03   2.8183524e-02   2.2968505e-02   1.8717056e-02
   2.0658333e+03   2.8197058e-02   2.2965233e-02   1.8702735e-02
   2.0659167e+03   2.8204706e-02   2.2958147e-02   1.8686121e-02
   2.0660000e+03   2.8204557e-02   2.2946027e-02   1.8666490e-02
   2.0660833e+03   2.8200650e-02   2.2931481e-02   1.8645410e-02
   2.0661667e+03   2.8199068e-02   2.2918423e-02   1.8625221e-02
   2.0662500e+03   2.8206260e-02   2.2910987e-02   1.8608386e-02
   2.0663333e+03   2.8219900e-02   2.2907670e-02   1.8593998e-02
   2.0664167e+03   2.8228177e-02   2.2900895e-02   1.8577545e-02
   2.0665000e+03   2.8226694e-02   2.2887855e-02   1.8557366e-02
   2.0665833e+03   2.8221629e-02   2.2872518e-02   1.8535825e-02
   2.0666667e+03   2.8220046e-02   2.2859400e-02   1.8515603e-02
   2.0667500e+03   2.8229149e-02   2.2853095e-02   1.8499416e-02
   2.0668333e+03   2.8242732e-02   2.2849629e-02   1.8484903e-02
   2.0669167e+03   2.8250581e-02   2.2842486e-02   1.8468210e-02
   2.0670000e+03   2.8250696e-02   2.2830405e-02   1.8448600e-02
   2.0670833e+03   2.8247070e-02   2.2815936e-02   1.8427583e-02
   2.0671667e+03   2.8245759e-02   2.2802931e-02   1.8407431e-02
   2.0672500e+03   2.8253157e-02   2.2795446e-02   1.8390526e-02
   2.0673333e+03   2.8266831e-02   2.2791925e-02   1.8375944e-02
   2.0674167e+03   2.8274899e-02   2.2784831e-02   1.8359259e-02
   2.0675000e+03   2.8273023e-02   2.2771424e-02   1.8338873e-02
   2.0675833e+03   2.8267512e-02   2.2755712e-02   1.8317139e-02
   2.0676667e+03   2.8265535e-02   2.2742228e-02   1.8296712e-02
   2.0677500e+03   2.8274449e-02   2.2735612e-02   1.8280297e-02
   2.0678333e+03   2.8288078e-02   2.2731953e-02   1.8265601e-02
   2.0679167e+03   2.8296125e-02   2.2724754e-02   1.8248836e-02
   2.0680000e+03   2.8296503e-02   2.2712710e-02   1.8229250e-02
   2.0680833e+03   2.8293158e-02   2.2698316e-02   1.8208299e-02
   2.0681667e+03   2.8292117e-02   2.2685364e-02   1.8188189e-02
   2.0682500e+03   2.8299719e-02   2.2677829e-02   1.8171220e-02
   2.0683333e+03   2.8313422e-02   2.2674106e-02   1.8156454e-02
   2.0684167e+03   2.8321277e-02   2.2666695e-02   1.8139548e-02
   2.0685000e+03   2.8319002e-02   2.2652926e-02   1.8118969e-02
   2.0685833e+03   2.8313037e-02   2.2636843e-02   1.8097057e-02
   2.0686667e+03   2.8310659e-02   2.2622999e-02   1.8076440e-02
   2.0687500e+03   2.8319379e-02   2.2616075e-02   1.8059809e-02
   2.0688333e+03   2.8333050e-02   2.2612223e-02   1.8044939e-02
   2.0689167e+03   2.8341293e-02   2.2604967e-02   1.8028108e-02
   2.0690000e+03   2.8341932e-02   2.2592961e-02   1.8008550e-02
   2.0690833e+03   2.8338867e-02   2.2578641e-02   1.7987669e-02
   2.0691667e+03   2.8338096e-02   2.2565740e-02   1.7967604e-02
   2.0692500e+03   2.8345900e-02   2.2558156e-02   1.7950578e-02
   2.0693333e+03   2.8359629e-02   2.2554230e-02   1.7935636e-02
   2.0694167e+03   2.8367263e-02   2.2546506e-02   1.7918523e-02
   2.0695000e+03   2.8364582e-02   2.2532380e-02   1.7897764e-02
   2.0695833e+03   2.8358156e-02   2.2515933e-02   1.7875689e-02
   2.0696667e+03   2.8355372e-02   2.2501732e-02   1.7854896e-02
   2.0697500e+03   2.8363891e-02   2.2494504e-02   1.7838061e-02
   2.0698333e+03   2.8377600e-02   2.2490460e-02   1.7823026e-02
   2.0699167e+03   2.8386037e-02   2.2483146e-02   1.7806135e-02
   2.0700000e+03   2.8386937e-02   2.2471176e-02   1.7786610e-02
   2.0700833e+03   2.8384151e-02   2.2456930e-02   1.7765803e-02
   2.0701667e+03   2.8383649e-02   2.2444080e-02   1.7745788e-02
   2.0702500e+03   2.8391652e-02   2.2436445e-02   1.7728709e-02
   2.0703333e+03   2.8405403e-02   2.2432318e-02   1.7713601e-02
   2.0704167e+03   2.8412811e-02   2.2424284e-02   1.7696293e-02
   2.0705000e+03   2.8409718e-02   2.2409806e-02   1.7675369e-02
   2.0705833e+03   2.8402824e-02   2.2392999e-02   1.7653146e-02
   2.0706667e+03   2.8399626e-02   2.2378447e-02   1.7632191e-02
   2.0707500e+03   2.8407939e-02   2.2370918e-02   1.7615164e-02
   2.0708333e+03   2.8421682e-02   2.2366683e-02   1.7599973e-02
   2.0709167e+03   2.8430311e-02   2.2359311e-02   1.7583028e-02
   2.0710000e+03   2.8431470e-02   2.2347377e-02   1.7563541e-02
   2.0710833e+03   2.8428963e-02   2.2333204e-02   1.7542811e-02
   2.0711667e+03   2.8428728e-02   2.2320404e-02   1.7522849e-02
   2.0712500e+03   2.8436929e-02   2.2312718e-02   1.7505725e-02
   2.0713333e+03   2.8450698e-02   2.2308391e-02   1.7490460e-02
   2.0714167e+03   2.8457874e-02   2.2300050e-02   1.7472969e-02
   2.0715000e+03   2.8454361e-02   2.2285226e-02   1.7451894e-02
   2.0715833e+03   2.8446993e-02   2.2268065e-02   1.7429537e-02
   2.0716667e+03   2.8443373e-02   2.2253168e-02   1.7408433e-02
   2.0717500e+03   2.8451475e-02   2.2245339e-02   1.7391227e-02
   2.0718333e+03   2.8465249e-02   2.2240915e-02   1.7375889e-02
   2.0719167e+03   2.8474067e-02   2.2233485e-02   1.7358897e-02
   2.0720000e+03   2.8475484e-02   2.2221585e-02   1.7339451e-02
   2.0720833e+03   2.8473255e-02   2.2207484e-02   1.7318803e-02
   2.0721667e+03   2.8473286e-02   2.2194734e-02   1.7298898e-02
   2.0722500e+03   2.8481683e-02   2.2186997e-02   1.7281735e-02
   2.0723333e+03   2.8495465e-02   2.2182471e-02   1.7266322e-02
   2.0724167e+03   2.8502404e-02   2.2173827e-02   1.7248660e-02
   2.0725000e+03   2.8498465e-02   2.2158660e-02   1.7227449e-02
   2.0725833e+03   2.8490614e-02   2.2141152e-02   1.7204971e-02
   2.0726667e+03   2.8486567e-02   2.2125914e-02   1.7183734e-02
   2.0727500e+03   2.8494452e-02   2.2117791e-02   1.7166360e-02
   2.0728333e+03   2.8508251e-02   2.2113178e-02   1.7150885e-02
   2.0729167e+03   2.8517257e-02   2.2105689e-02   1.7133851e-02
   2.0730000e+03   2.8518931e-02   2.2093824e-02   1.7114451e-02
   2.0730833e+03   2.8516979e-02   2.2079794e-02   1.7093888e-02
   2.0731667e+03   2.8517275e-02   2.2067093e-02   1.7074045e-02
   2.0732500e+03   2.8525866e-02   2.2059304e-02   1.7056848e-02
   2.0733333e+03   2.8539656e-02   2.2054581e-02   1.7041297e-02
   2.0734167e+03   2.8546352e-02   2.2045637e-02   1.7023477e-02
   2.0735000e+03   2.8541980e-02   2.2030134e-02   1.7002143e-02
   2.0735833e+03   2.8533639e-02   2.2012285e-02   1.6979559e-02
   2.0736667e+03   2.8529158e-02   2.1996712e-02   1.6958202e-02
   2.0737500e+03   2.8536820e-02   2.1988297e-02   1.6940672e-02
   2.0738333e+03   2.8550641e-02   2.1983496e-02   1.6925069e-02
   2.0739167e+03   2.8559832e-02   2.1975949e-02   1.6908000e-02
   2.0740000e+03   2.8561762e-02   2.1964117e-02   1.6888651e-02
   2.0740833e+03   2.8560086e-02   2.1950158e-02   1.6868176e-02
   2.0741667e+03   2.8560646e-02   2.1937506e-02   1.6848399e-02
   2.0742500e+03   2.8569427e-02   2.1929665e-02   1.6831174e-02
   2.0743333e+03   2.8583223e-02   2.1924745e-02   1.6815495e-02
   2.0744167e+03   2.8589670e-02   2.1915505e-02   1.6797529e-02
   2.0745000e+03   2.8584857e-02   2.1899672e-02   1.6776085e-02
   2.0745833e+03   2.8576020e-02   2.1881487e-02   1.6753410e-02
   2.0746667e+03   2.8571097e-02   2.1865585e-02   1.6731946e-02
   2.0747500e+03   2.8578531e-02   2.1856881e-02   1.6714273e-02
   2.0748333e+03   2.8592370e-02   2.1851894e-02   1.6698551e-02
   2.0749167e+03   2.8601743e-02   2.1844288e-02   1.6681452e-02
   2.0750000e+03   2.8603927e-02   2.1832489e-02   1.6662158e-02
   2.0750833e+03   2.8602525e-02   2.1818600e-02   1.6641775e-02
   2.0751667e+03   2.8603344e-02   2.1805993e-02   1.6622067e-02
   2.0752500e+03   2.8612311e-02   2.1798099e-02   1.6604821e-02
   2.0753333e+03   2.8626109e-02   2.1792984e-02   1.6589021e-02
   2.0754167e+03   2.8632308e-02   2.1783457e-02   1.6570924e-02
   2.0755000e+03   2.8627065e-02   2.1767308e-02   1.6549390e-02
   2.0755833e+03   2.8617746e-02   2.1748806e-02   1.6526644e-02
   2.0756667e+03   2.8612397e-02   2.1732594e-02   1.6505093e-02
   2.0757500e+03   2.8619610e-02   2.1723614e-02   1.6487293e-02
   2.0758333e+03   2.8633464e-02   2.1718441e-02   1.6471461e-02
   2.0759167e+03   2.8643005e-02   2.1710770e-02   1.6454336e-02
   2.0760000e+03   2.8645423e-02   2.1698993e-02   1.6435096e-02
   2.0760833e+03   2.8644274e-02   2.1685162e-02   1.6414802e-02
   2.0761667e+03   2.8645336e-02   2.1672591e-02   1.6395163e-02
   2.0762500e+03   2.8654477e-02   2.1664637e-02   1.6377898e-02
   2.0763333e+03   2.8668273e-02   2.1659331e-02   1.6361989e-02
   2.0764167e+03   2.8674231e-02   2.1649527e-02   1.6343776e-02
   2.0765000e+03   2.8668568e-02   2.1633079e-02   1.6322170e-02
   2.0765833e+03   2.8658776e-02   2.1614275e-02   1.6299370e-02
   2.0766667e+03   2.8653006e-02   2.1597764e-02   1.6277750e-02
   2.0767500e+03   2.8659998e-02   2.1588514e-02   1.6259835e-02
   2.0768333e+03   2.8673862e-02   2.1583159e-02   1.6243902e-02
   2.0769167e+03   2.8683569e-02   2.1575422e-02   1.6226758e-02
   2.0770000e+03   2.8686220e-02   2.1563667e-02   1.6207576e-02
   2.0770833e+03   2.8685324e-02   2.1549893e-02   1.6187377e-02
   2.0771667e+03   2.8686627e-02   2.1537358e-02   1.6167810e-02
   2.0772500e+03   2.8695939e-02   2.1529346e-02   1.6150532e-02
   2.0773333e+03   2.8709729e-02   2.1523849e-02   1.6134523e-02
   2.0774167e+03   2.8715442e-02   2.1513773e-02   1.6116207e-02
   2.0775000e+03   2.8709352e-02   2.1497031e-02   1.6094541e-02
   2.0775833e+03   2.8699082e-02   2.1477932e-02   1.6071702e-02
   2.0776667e+03   2.8692884e-02   2.1461129e-02   1.6050025e-02
   2.0777500e+03   2.8699650e-02   2.1451613e-02   1.6032008e-02
   2.0778333e+03   2.8713521e-02   2.1446077e-02   1.6015983e-02
   2.0779167e+03   2.8723391e-02   2.1438275e-02   1.5998825e-02
   2.0780000e+03   2.8726274e-02   2.1426542e-02   1.5979707e-02
   2.0780833e+03   2.8725629e-02   2.1412825e-02   1.5959605e-02
   2.0781667e+03   2.8727173e-02   2.1400326e-02   1.5940116e-02
   2.0782500e+03   2.8736654e-02   2.1392255e-02   1.5922832e-02
   2.0783333e+03   2.8750435e-02   2.1386569e-02   1.5906732e-02
   2.0784167e+03   2.8755896e-02   2.1376226e-02   1.5888324e-02
   2.0785000e+03   2.8749375e-02   2.1359196e-02   1.5866612e-02
   2.0785833e+03   2.8738619e-02   2.1339809e-02   1.5843745e-02
   2.0786667e+03   2.8731988e-02   2.1322719e-02   1.5822024e-02
   2.0787500e+03   2.8738522e-02   2.1312942e-02   1.5803916e-02
   2.0788333e+03   2.8752397e-02   2.1307226e-02   1.5787809e-02
   2.0789167e+03   2.8762428e-02   2.1299360e-02   1.5770644e-02
   2.0790000e+03   2.8765541e-02   2.1287649e-02   1.5751594e-02
   2.0790833e+03   2.8765147e-02   2.1273989e-02   1.5731595e-02
   2.0791667e+03   2.8766930e-02   2.1261526e-02   1.5712188e-02
   2.0792500e+03   2.8776578e-02   2.1253397e-02   1.5694904e-02
   2.0793333e+03   2.8790346e-02   2.1247525e-02   1.5678723e-02
   2.0794167e+03   2.8795551e-02   2.1236918e-02   1.5660233e-02
   2.0795000e+03   2.8788591e-02   2.1219606e-02   1.5638487e-02
   2.0795833e+03   2.8777344e-02   2.1199938e-02   1.5615607e-02
   2.0796667e+03   2.8770274e-02   2.1182569e-02   1.5593855e-02
   2.0797500e+03   2.8776571e-02   2.1172534e-02   1.5575667e-02
   2.0798333e+03   2.8790445e-02   2.1166641e-02   1.5559487e-02
   2.0799167e+03   2.8800634e-02   2.1158711e-02   1.5542322e-02
   2.0800000e+03   2.8803977e-02   2.1147021e-02   1.5523344e-02
   2.0800833e+03   2.8803834e-02   2.1133418e-02   1.5503451e-02
   2.0801667e+03   2.8805854e-02   2.1120991e-02   1.5484130e-02
   2.0802500e+03   2.8815666e-02   2.1112805e-02   1.5466853e-02
   2.0803333e+03   2.8829417e-02   2.1106749e-02   1.5450599e-02
   2.0804167e+03   2.8834360e-02   2.1095882e-02   1.5432041e-02
   2.0805000e+03   2.8826957e-02   2.1078296e-02   1.5410274e-02
   2.0805833e+03   2.8815212e-02   2.1058353e-02   1.5387392e-02
   2.0806667e+03   2.8807697e-02   2.1040709e-02   1.5365620e-02
   2.0807500e+03   2.8813753e-02   2.1030422e-02   1.5347364e-02
   2.0808333e+03   2.8827622e-02   2.1024353e-02   1.5331120e-02
   2.0809167e+03   2.8837967e-02   2.1016360e-02   1.5313961e-02
   2.0810000e+03   2.8841538e-02   2.1004692e-02   1.5295061e-02
   2.0810833e+03   2.8841643e-02   2.0991146e-02   1.5275277e-02
   2.0811667e+03   2.8843901e-02   2.0978755e-02   1.5256047e-02
   2.0812500e+03   2.8853875e-02   2.0970512e-02   1.5238782e-02
   2.0813333e+03   2.8867605e-02   2.0964274e-02   1.5222466e-02
   2.0814167e+03   2.8872281e-02   2.0953153e-02   1.5203850e-02
   2.0815000e+03   2.8864427e-02   2.0935298e-02   1.5182074e-02
   2.0815833e+03   2.8852179e-02   2.0915087e-02   1.5159203e-02
   2.0816667e+03   2.8844213e-02   2.0897176e-02   1.5137425e-02
   2.0817500e+03   2.8850022e-02   2.0886640e-02   1.5119112e-02
   2.0818333e+03   2.8863883e-02   2.0880399e-02   1.5102812e-02
   2.0819167e+03   2.8874381e-02   2.0872343e-02   1.5085665e-02
   2.0820000e+03   2.8878178e-02   2.0860697e-02   1.5066847e-02
   2.0820833e+03   2.8878532e-02   2.0847208e-02   1.5047177e-02
   2.0821667e+03   2.8881025e-02   2.0834852e-02   1.5028042e-02
   2.0822500e+03   2.8891159e-02   2.0826553e-02   1.5010796e-02
   2.0823333e+03   2.8904864e-02   2.0820136e-02   1.4994426e-02
   2.0824167e+03   2.8909267e-02   2.0808766e-02   1.4975764e-02
   2.0825000e+03   2.8900957e-02   2.0790648e-02   1.4953990e-02
   2.0825833e+03   2.8888199e-02   2.0770176e-02   1.4931143e-02
   2.0826667e+03   2.8879777e-02   2.0752005e-02   1.4909370e-02
   2.0827500e+03   2.8885333e-02   2.0741224e-02   1.4891011e-02
   2.0828333e+03   2.8899182e-02   2.0734812e-02   1.4874664e-02
   2.0829167e+03   2.8909832e-02   2.0726695e-02   1.4857536e-02
   2.0830000e+03   2.8913853e-02   2.0715071e-02   1.4838805e-02
   2.0830833e+03   2.8914454e-02   2.0701638e-02   1.4819252e-02
   2.0831667e+03   2.8917181e-02   2.0689318e-02   1.4800216e-02
   2.0832500e+03   2.8927472e-02   2.0680964e-02   1.4782996e-02
   2.0833333e+03   2.8941148e-02   2.0674370e-02   1.4766581e-02
   2.0834167e+03   2.8945273e-02   2.0662755e-02   1.4747884e-02
   2.0835000e+03   2.8936502e-02   2.0644381e-02   1.4726125e-02
   2.0835833e+03   2.8923228e-02   2.0623656e-02   1.4703312e-02
   2.0836667e+03   2.8914343e-02   2.0605230e-02   1.4681556e-02
   2.0837500e+03   2.8919642e-02   2.0594210e-02   1.4663162e-02
   2.0838333e+03   2.8933474e-02   2.0587629e-02   1.4646777e-02
   2.0839167e+03   2.8944272e-02   2.0579451e-02   1.4629674e-02
   2.0840000e+03   2.8948517e-02   2.0567849e-02   1.4611034e-02
   2.0840833e+03   2.8949364e-02   2.0554474e-02   1.4591603e-02
   2.0841667e+03   2.8952323e-02   2.0542190e-02   1.4572670e-02
   2.0842500e+03   2.8962770e-02   2.0533781e-02   1.4555481e-02
   2.0843333e+03   2.8976412e-02   2.0527013e-02   1.4539030e-02
   2.0844167e+03   2.8980254e-02   2.0515157e-02   1.4520308e-02
   2.0845000e+03   2.8971015e-02   2.0496534e-02   1.4498575e-02
   2.0845833e+03   2.8957220e-02   2.0475562e-02   1.4475810e-02
   2.0846667e+03   2.8947866e-02   2.0456889e-02   1.4454082e-02
   2.0847500e+03   2.8952902e-02   2.0445634e-02   1.4435663e-02
   2.0848333e+03   2.8966714e-02   2.0438888e-02   1.4419250e-02
   2.0849167e+03   2.8977658e-02   2.0430649e-02   1.4402178e-02
   2.0850000e+03   2.8982124e-02   2.0419070e-02   1.4383633e-02
   2.0850833e+03   2.8983216e-02   2.0405751e-02   1.4364327e-02
   2.0851667e+03   2.8986407e-02   2.0393503e-02   1.4345502e-02
   2.0852500e+03   2.8997006e-02   2.0385040e-02   1.4328350e-02
   2.0853333e+03   2.9010611e-02   2.0378100e-02   1.4311872e-02
   2.0854167e+03   2.9014164e-02   2.0366010e-02   1.4293136e-02
   2.0855000e+03   2.9004451e-02   2.0347144e-02   1.4271441e-02
   2.0855833e+03   2.8990128e-02   2.0325933e-02   1.4248734e-02
   2.0856667e+03   2.8980300e-02   2.0307019e-02   1.4227046e-02
   2.0857500e+03   2.8985068e-02   2.0295534e-02   1.4208613e-02
   2.0858333e+03   2.8998856e-02   2.0288624e-02   1.4192179e-02
   2.0859167e+03   2.9009942e-02   2.0280326e-02   1.4175144e-02
   2.0860000e+03   2.9014629e-02   2.0268770e-02   1.4156699e-02
   2.0860833e+03   2.9015964e-02   2.0255508e-02   1.4137522e-02
   2.0861667e+03   2.9019385e-02   2.0243296e-02   1.4118809e-02
   2.0862500e+03   2.9030133e-02   2.0234780e-02   1.4101700e-02
   2.0863333e+03   2.9043697e-02   2.0227671e-02   1.4085203e-02
   2.0864167e+03   2.9046956e-02   2.0215351e-02   1.4066464e-02
   2.0865000e+03   2.9036764e-02   2.0196250e-02   1.4044818e-02
   2.0865833e+03   2.9021907e-02   2.0174806e-02   1.4022180e-02
   2.0866667e+03   2.9011598e-02   2.0155658e-02   1.4000543e-02
   2.0867500e+03   2.9016094e-02   2.0143948e-02   1.3982106e-02
   2.0868333e+03   2.9029852e-02   2.0136877e-02   1.3965660e-02
   2.0869167e+03   2.9041079e-02   2.0128521e-02   1.3948669e-02
   2.0870000e+03   2.9045984e-02   2.0116988e-02   1.3930327e-02
   2.0870833e+03   2.9047562e-02   2.0103783e-02   1.3911283e-02
   2.0871667e+03   2.9051211e-02   2.0091607e-02   1.3892685e-02
   2.0872500e+03   2.9062107e-02   2.0083039e-02   1.3875626e-02
   2.0873333e+03   2.9075624e-02   2.0075764e-02   1.3859119e-02
   2.0874167e+03   2.9078584e-02   2.0063219e-02   1.3840387e-02
   2.0875000e+03   2.9067906e-02   2.0043889e-02   1.3818800e-02
   2.0875833e+03   2.9052510e-02   2.0022221e-02   1.3796242e-02
   2.0876667e+03   2.9041715e-02   2.0002845e-02   1.3774666e-02
   2.0877500e+03   2.9045932e-02   1.9990915e-02   1.3756236e-02
   2.0878333e+03   2.9059658e-02   1.9983686e-02   1.3739786e-02
   2.0879167e+03   2.9071022e-02   1.9975273e-02   1.3722844e-02
   2.0880000e+03   2.9076144e-02   1.9963762e-02   1.3704611e-02
   2.0880833e+03   2.9077962e-02   1.9950614e-02   1.3685703e-02
   2.0881667e+03   2.9081838e-02   1.9938475e-02   1.3667224e-02
   2.0882500e+03   2.9092878e-02   1.9929857e-02   1.3650220e-02
   2.0883333e+03   2.9106345e-02   1.9922417e-02   1.3633711e-02
   2.0884167e+03   2.9109000e-02   1.9909653e-02   1.3614997e-02
   2.0885000e+03   2.9097831e-02   1.9890101e-02   1.3593480e-02
   2.0885833e+03   2.9081890e-02   1.9868215e-02   1.3571013e-02
   2.0886667e+03   2.9070604e-02   1.9848619e-02   1.3549509e-02
   2.0887500e+03   2.9074537e-02   1.9836474e-02   1.3531095e-02
   2.0888333e+03   2.9088226e-02   1.9829090e-02   1.3514650e-02
   2.0889167e+03   2.9099725e-02   1.9820621e-02   1.3497763e-02
   2.0890000e+03   2.9105061e-02   1.9809134e-02   1.3479642e-02
   2.0890833e+03   2.9107119e-02   1.9796043e-02   1.3460873e-02
   2.0891667e+03   2.9111220e-02   1.9783940e-02   1.3442518e-02
   2.0892500e+03   2.9122402e-02   1.9775272e-02   1.3425574e-02
   2.0893333e+03   2.9135814e-02   1.9767672e-02   1.3409072e-02
   2.0894167e+03   2.9138159e-02   1.9754693e-02   1.3390385e-02
   2.0895000e+03   2.9126493e-02   1.9734926e-02   1.3368948e-02
   2.0895833e+03   2.9110001e-02   1.9712831e-02   1.3346582e-02
   2.0896667e+03   2.9098217e-02   1.9693021e-02   1.3325161e-02
   2.0897500e+03   2.9101861e-02   1.9680666e-02   1.3306772e-02
   2.0898333e+03   2.9115508e-02   1.9673129e-02   1.3290340e-02
   2.0899167e+03   2.9127139e-02   1.9664605e-02   1.3273514e-02
   2.0900000e+03   2.9132688e-02   1.9653142e-02   1.3255510e-02
   2.0900833e+03   2.9134985e-02   1.9640108e-02   1.3236883e-02
   2.0901667e+03   2.9139309e-02   1.9628043e-02   1.3218655e-02
   2.0902500e+03   2.9150630e-02   1.9619325e-02   1.3201778e-02
   2.0903333e+03   2.9163983e-02   1.9611568e-02   1.3185291e-02
   2.0904167e+03   2.9166012e-02   1.9598380e-02   1.3166640e-02
   2.0905000e+03   2.9153844e-02   1.9578405e-02   1.3145294e-02
   2.0905833e+03   2.9136795e-02   1.9556107e-02   1.3123039e-02
   2.0906667e+03   2.9124509e-02   1.9536092e-02   1.3101710e-02
   2.0907500e+03   2.9127858e-02   1.9523532e-02   1.3083357e-02
   2.0908333e+03   2.9141460e-02   1.9515845e-02   1.3066945e-02
   2.0909167e+03   2.9153219e-02   1.9507267e-02   1.3050185e-02
   2.0910000e+03   2.9158979e-02   1.9495828e-02   1.3032302e-02
   2.0910833e+03   2.9161513e-02   1.9482852e-02   1.3013821e-02
   2.0911667e+03   2.9166059e-02   1.9470824e-02   1.2995724e-02
   2.0912500e+03   2.9177515e-02   1.9462059e-02   1.2978919e-02
   2.0913333e+03   2.9190804e-02   1.9454146e-02   1.2962455e-02
   2.0914167e+03   2.9192512e-02   1.9440755e-02   1.2943850e-02
   2.0915000e+03   2.9179837e-02   1.9420579e-02   1.2922604e-02
   2.0915833e+03   2.9162226e-02   1.9398087e-02   1.2900470e-02
   2.0916667e+03   2.9149430e-02   1.9377872e-02   1.2879243e-02
   2.0917500e+03   2.9152480e-02   1.9365112e-02   1.2860934e-02
   2.0918333e+03   2.9166032e-02   1.9357278e-02   1.2844550e-02
   2.0919167e+03   2.9177917e-02   1.9348648e-02   1.2827863e-02
   2.0920000e+03   2.9183886e-02   1.9337234e-02   1.2810104e-02
   2.0920833e+03   2.9186654e-02   1.9324315e-02   1.2791772e-02
   2.0921667e+03   2.9191420e-02   1.9312325e-02   1.2773810e-02
   2.0922500e+03   2.9203009e-02   1.9303513e-02   1.2757082e-02
   2.0923333e+03   2.9216230e-02   1.9295449e-02   1.2740648e-02
   2.0924167e+03   2.9217613e-02   1.9281859e-02   1.2722099e-02
   2.0925000e+03   2.9204423e-02   1.9261490e-02   1.2700962e-02
   2.0925833e+03   2.9186244e-02   1.9238810e-02   1.2678959e-02
   2.0926667e+03   2.9172935e-02   1.9218404e-02   1.2657843e-02
   2.0927500e+03   2.9175680e-02   1.9205450e-02   1.2639588e-02
   2.0928333e+03   2.9189177e-02   1.9197471e-02   1.2623240e-02
   2.0929167e+03   2.9201185e-02   1.9188790e-02   1.2606630e-02
   2.0930000e+03   2.9207361e-02   1.9177401e-02   1.2588999e-02
   2.0930833e+03   2.9210363e-02   1.9164540e-02   1.2570820e-02
   2.0931667e+03   2.9215347e-02   1.9152588e-02   1.2552996e-02
   2.0932500e+03   2.9227065e-02   1.9143731e-02   1.2536350e-02
   2.0933333e+03   2.9240214e-02   1.9135519e-02   1.2519954e-02
   2.0934167e+03   2.9241265e-02   1.9121736e-02   1.2501469e-02
   2.0935000e+03   2.9227556e-02   1.9101180e-02   1.2480451e-02
   2.0935833e+03   2.9208804e-02   1.9078321e-02   1.2458588e-02
   2.0936667e+03   2.9194976e-02   1.9057730e-02   1.2437592e-02
   2.0937500e+03   2.9197410e-02   1.9044587e-02   1.2419400e-02
   2.0938333e+03   2.9210848e-02   1.9036467e-02   1.2403095e-02
   2.0939167e+03   2.9222976e-02   1.9027736e-02   1.2386568e-02
   2.0940000e+03   2.9229356e-02   1.9016373e-02   1.2369069e-02
   2.0940833e+03   2.9232590e-02   1.9003570e-02   1.2351045e-02
   2.0941667e+03   2.9237790e-02   1.8991656e-02   1.2333362e-02
   2.0942500e+03   2.9249635e-02   1.8982755e-02   1.2316804e-02
   2.0943333e+03   2.9262707e-02   1.8974398e-02   1.2300455e-02
   2.0944167e+03   2.9263421e-02   1.8960428e-02   1.2282043e-02
   2.0945000e+03   2.9249188e-02   1.8939692e-02   1.2261152e-02
   2.0945833e+03   2.9229857e-02   1.8916662e-02   1.2239437e-02
   2.0946667e+03   2.9215504e-02   1.8895893e-02   1.2218571e-02
   2.0947500e+03   2.9217623e-02   1.8882566e-02   1.2200450e-02
   2.0948333e+03   2.9230998e-02   1.8874309e-02   1.2184195e-02
   2.0949167e+03   2.9243241e-02   1.8865529e-02   1.2167756e-02
   2.0950000e+03   2.9249825e-02   1.8854192e-02   1.2150393e-02
   2.0950833e+03   2.9253289e-02   1.8841448e-02   1.2132527e-02
   2.0951667e+03   2.9258702e-02   1.8829573e-02   1.2114989e-02
   2.0952500e+03   2.9270671e-02   1.8820629e-02   1.2098524e-02
   2.0953333e+03   2.9283661e-02   1.8812129e-02   1.2082227e-02
   2.0954167e+03   2.9284033e-02   1.8797978e-02   1.2063897e-02
   2.0955000e+03   2.9269270e-02   1.8777071e-02   1.2043143e-02
   2.0955833e+03   2.9249356e-02   1.8753876e-02   1.2021584e-02
   2.0956667e+03   2.9234472e-02   1.8732937e-02   1.2000856e-02
   2.0957500e+03   2.9236271e-02   1.8719432e-02   1.1982814e-02
   2.0958333e+03   2.9249577e-02   1.8711040e-02   1.1966617e-02
   2.0959167e+03   2.9261934e-02   1.8702213e-02   1.1950271e-02
   2.0960000e+03   2.9268718e-02   1.8690903e-02   1.1933047e-02
   2.0960833e+03   2.9272410e-02   1.8678217e-02   1.1915343e-02
   2.0961667e+03   2.9278036e-02   1.8666381e-02   1.1897953e-02
   2.0962500e+03   2.9290125e-02   1.8657396e-02   1.1881585e-02
   2.0963333e+03   2.9303029e-02   1.8648758e-02   1.1865349e-02
   2.0964167e+03   2.9303053e-02   1.8634431e-02   1.1847108e-02
   2.0965000e+03   2.9287755e-02   1.8613358e-02   1.1826498e-02
   2.0965833e+03   2.9267252e-02   1.8590008e-02   1.1805105e-02
   2.0966667e+03   2.9251833e-02   1.8568905e-02   1.1784523e-02
   2.0967500e+03   2.9253306e-02   1.8555228e-02   1.1766569e-02
   2.0968333e+03   2.9266540e-02   1.8546704e-02   1.1750436e-02
   2.0969167e+03   2.9279006e-02   1.8537832e-02   1.1734188e-02
   2.0970000e+03   2.9285988e-02   1.8526549e-02   1.1717106e-02
   2.0970833e+03   2.9289907e-02   1.8513921e-02   1.1699566e-02
   2.0971667e+03   2.9295742e-02   1.8502126e-02   1.1682327e-02
   2.0972500e+03   2.9307949e-02   1.8493100e-02   1.1666062e-02
   2.0973333e+03   2.9320761e-02   1.8484327e-02   1.1649893e-02
   2.0974167e+03   2.9320433e-02   1.8469830e-02   1.1631750e-02
   2.0975000e+03   2.9304595e-02   1.8448600e-02   1.1611293e-02
   2.0975833e+03   2.9283497e-02   1.8425101e-02   1.1590072e-02
   2.0976667e+03   2.9267538e-02   1.8403842e-02   1.1569644e-02
   2.0977500e+03   2.9268680e-02   1.8389998e-02   1.1551785e-02
   2.0978333e+03   2.9281837e-02   1.8381346e-02   1.1535723e-02
   2.0979167e+03   2.9294409e-02   1.8372429e-02   1.1519579e-02
   2.0980000e+03   2.9301586e-02   1.8361175e-02   1.1502643e-02
   2.0980833e+03   2.9305730e-02   1.8348606e-02   1.1485269e-02
   2.0981667e+03   2.9311773e-02   1.8336851e-02   1.1468184e-02
   2.0982500e+03   2.9324093e-02   1.8327787e-02   1.1452026e-02
   2.0983333e+03   2.9336811e-02   1.8318882e-02   1.1435931e-02
   2.0984167e+03   2.9336124e-02   1.8304221e-02   1.1417894e-02
   2.0985000e+03   2.9319741e-02   1.8282841e-02   1.1397597e-02
   2.0985833e+03   2.9298044e-02   1.8259200e-02   1.1376556e-02
   2.0986667e+03   2.9281539e-02   1.8237794e-02   1.1356290e-02
   2.0987500e+03   2.9282345e-02   1.8223787e-02   1.1338535e-02
   2.0988333e+03   2.9295420e-02   1.8215011e-02   1.1322550e-02
   2.0989167e+03   2.9308095e-02   1.8206052e-02   1.1306513e-02
   2.0990000e+03   2.9315466e-02   1.8194825e-02   1.1289726e-02
   2.0990833e+03   2.9319833e-02   1.8182317e-02   1.1272522e-02
   2.0991667e+03   2.9326081e-02   1.8170602e-02   1.1255594e-02
   2.0992500e+03   2.9338511e-02   1.8161501e-02   1.1239548e-02
   2.0993333e+03   2.9351128e-02   1.8152467e-02   1.1223533e-02
   2.0994167e+03   2.9350079e-02   1.8137648e-02   1.1205609e-02
   2.0995000e+03   2.9333145e-02   1.8116125e-02   1.1185480e-02
   2.0995833e+03   2.9310845e-02   1.8092352e-02   1.1164627e-02
   2.0996667e+03   2.9293789e-02   1.8070804e-02   1.1144529e-02
   2.0997500e+03   2.9294254e-02   1.8056642e-02   1.1126884e-02
   2.0998333e+03   2.9307243e-02   1.8047743e-02   1.1110984e-02
   2.0999167e+03   2.9320017e-02   1.8038743e-02   1.1095059e-02
   2.1000000e+03   2.9327579e-02   1.8027546e-02   1.1078424e-02
   2.1000833e+03   2.9332166e-02   1.8015097e-02   1.1061391e-02
   2.1001667e+03   2.9338617e-02   1.8003424e-02   1.1044624e-02
   2.1002500e+03   2.9351155e-02   1.7994288e-02   1.1028694e-02
   2.1003333e+03   2.9363666e-02   1.7985129e-02   1.1012766e-02
   2.1004167e+03   2.9362248e-02   1.7970157e-02   1.0994962e-02
   2.1005000e+03   2.9344760e-02   1.7948499e-02   1.0975007e-02
   2.1005833e+03   2.9321851e-02   1.7924600e-02   1.0954349e-02
   2.1006667e+03   2.9304240e-02   1.7902919e-02   1.0934428e-02
   2.1007500e+03   2.9304359e-02   1.7888606e-02   1.0916900e-02
   2.1008333e+03   2.9317256e-02   1.7879589e-02   1.0901090e-02
   2.1009167e+03   2.9330126e-02   1.7870550e-02   1.0885282e-02
