   2.0000000e+03   1.1500000e+01   1.1500000e+01
   2.0000833e+03   1.1500000e+01   1.1500000e+01
   2.0001667e+03   1.1500000e+01   1.1500000e+01
   2.0002500e+03   1.1500000e+01   1.1500000e+01
   2.0003333e+03   1.1500000e+01   1.1500000e+01
   2.0004167e+03   1.1500000e+01   1.1500000e+01
   2.0005000e+03   1.1500000e+01   1.1500000e+01
   2.0005833e+03   1.1500000e+01   1.1500000e+01
   2.0006667e+03   1.1500000e+01   1.1500000e+01
   2.0007500e+03   1.1500000e+01   1.1500000e+01
   2.0008333e+03   1.1500000e+01   1.1500000e+01
   2.0009167e+03   1.1500000e+01   1.1500000e+01
   2.0010000e+03   1.1493687e+01   1.1493691e+01
   2.0010833e+03   1.1486041e+01   1.1486053e+01
   2.0011667e+03   1.1479652e+01   1.1479675e+01
   2.0012500e+03   1.1477238e+01   1.1477281e+01
   2.0013333e+03   1.1479569e+01   1.1479639e+01
   2.0014167e+03   1.1483963e+01   1.1484069e+01
   2.0015000e+03   1.1488071e+01   1.1488218e+01
   2.0015833e+03   1.0478989e+01   1.0479165e+01
   2.0016667e+03   1.0482677e+01   1.0482901e+01
   2.0017500e+03   1.0486754e+01   1.0487031e+01
   2.0018333e+03   1.0488855e+01   1.0489188e+01
   2.0019167e+03   1.0486653e+01   1.0487037e+01
   2.0020000e+03   1.0480831e+01   1.0481261e+01
   2.0020833e+03   1.0473771e+01   1.0474249e+01
   2.0021667e+03   1.0467854e+01   1.0468386e+01
   2.0022500e+03   1.0465606e+01   1.0466205e+01
   2.0023333e+03   1.0467745e+01   1.0468429e+01
   2.0024167e+03   1.0471775e+01   1.0472555e+01
   2.0025000e+03   1.0475515e+01   1.0476396e+01
   2.0025833e+03   6.8949348e+00   6.8955832e+00
   2.0026667e+03   6.8972522e+00   6.8979731e+00
   2.0027500e+03   6.8998454e+00   6.9006434e+00
   2.0028333e+03   6.9011970e+00   6.9020703e+00
   2.0029167e+03   6.8997869e+00   6.9007268e+00
   2.0030000e+03   6.8960389e+00   6.8970376e+00
   2.0030833e+03   6.8914972e+00   6.8925531e+00
   2.0031667e+03   6.8877036e+00   6.8888225e+00
   2.0032500e+03   6.8862731e+00   6.8874691e+00
   2.0033333e+03   6.8876458e+00   6.8889362e+00
   2.0034167e+03   6.8902083e+00   6.8916028e+00
   2.0035000e+03   6.8925668e+00   6.8940678e+00
   2.0035833e+03   6.8946452e+00   6.8962543e+00
   2.0036667e+03   6.8969076e+00   6.8986294e+00
   2.0037500e+03   6.8994639e+00   6.9013034e+00
   2.0038333e+03   6.9008035e+00   6.9027566e+00
   2.0039167e+03   6.8994029e+00   6.9014547e+00
   2.0040000e+03   6.8956756e+00   6.8978131e+00
   2.0040833e+03   6.8911576e+00   6.8933776e+00
   2.0041667e+03   6.8873848e+00   6.8896945e+00
   2.0042500e+03   6.8859640e+00   6.8883826e+00
   2.0043333e+03   6.8873248e+00   6.8898756e+00
   2.0044167e+03   6.8898512e+00   6.8925462e+00
   2.0045000e+03   6.8921577e+00   6.8949986e+00
   2.0045833e+03   6.8941779e+00   6.8971657e+00
   2.0046667e+03   6.8963861e+00   6.8995255e+00
   2.0047500e+03   6.8989061e+00   6.9022031e+00
   2.0048333e+03   6.9002345e+00   6.9036823e+00
   2.0049167e+03   6.8988439e+00   6.9024219e+00
   2.0050000e+03   6.8951378e+00   6.8988277e+00
   2.0050833e+03   6.8906440e+00   6.8944408e+00
   2.0051667e+03   6.8868926e+00   6.8908052e+00
   2.0052500e+03   6.8854821e+00   6.8895345e+00
   2.0053333e+03   6.8868317e+00   6.8910532e+00
   2.0054167e+03   6.8893227e+00   6.8937276e+00
   2.0055000e+03   6.8915778e+00   6.8961670e+00
   2.0055833e+03   6.8935406e+00   6.8983144e+00
   2.0056667e+03   6.8956952e+00   6.9006588e+00
   2.0057500e+03   6.8981796e+00   6.9033397e+00
   2.0058333e+03   6.8994974e+00   6.9048447e+00
   2.0059167e+03   6.8981174e+00   6.9036255e+00
   2.0060000e+03   6.8944331e+00   6.9000786e+00
   2.0060833e+03   6.8899640e+00   6.8957402e+00
   2.0061667e+03   6.8862346e+00   6.8921517e+00
   2.0062500e+03   6.8848349e+00   6.8909222e+00
   2.0063333e+03   6.8861740e+00   6.8924663e+00
   2.0064167e+03   6.8886303e+00   6.8951443e+00
   2.0065000e+03   6.8908348e+00   6.8975704e+00
   2.0065833e+03   6.8927408e+00   6.8996977e+00
   2.0066667e+03   6.8948426e+00   6.9020264e+00
   2.0067500e+03   6.8972921e+00   6.9047103e+00
   2.0068333e+03   6.8985999e+00   6.9062411e+00
   2.0069167e+03   6.8972311e+00   6.9050628e+00
   2.0070000e+03   6.8935690e+00   6.9015630e+00
   2.0070833e+03   6.8891253e+00   6.8972728e+00
   2.0071667e+03   6.8854183e+00   6.8937313e+00
   2.0072500e+03   6.8840301e+00   6.8925427e+00
   2.0073333e+03   6.8853593e+00   6.8941122e+00
   2.0074167e+03   6.8877817e+00   6.8967934e+00
   2.0075000e+03   6.8899361e+00   6.8992061e+00
   2.0075833e+03   6.8917862e+00   6.9013130e+00
   2.0076667e+03   6.8938358e+00   6.9036255e+00
   2.0077500e+03   6.8962511e+00   6.9063123e+00
   2.0078333e+03   6.8975496e+00   6.9078685e+00
   2.0079167e+03   6.8961926e+00   6.9067311e+00
   2.0080000e+03   6.8925534e+00   6.9032781e+00
   2.0080833e+03   6.8881354e+00   6.8990360e+00
   2.0081667e+03   6.8844515e+00   6.8955413e+00
   2.0082500e+03   6.8830754e+00   6.8943935e+00
   2.0083333e+03   6.8843954e+00   6.8959881e+00
   2.0084167e+03   6.8867844e+00   6.8986724e+00
   2.0085000e+03   6.8888896e+00   6.9010712e+00
   2.0085833e+03   6.8906843e+00   6.9031573e+00
   2.0086667e+03   6.8926825e+00   6.9054534e+00
   2.0087500e+03   6.8950643e+00   6.9081428e+00
   2.0088333e+03   6.8963542e+00   6.9097244e+00
   2.0089167e+03   6.8950096e+00   6.9086276e+00
   2.0090000e+03   6.8913938e+00   6.9052213e+00
   2.0090833e+03   6.8870022e+00   6.9010271e+00
   2.0091667e+03   6.8833419e+00   6.8975790e+00
   2.0092500e+03   6.8819784e+00   6.8964717e+00
   2.0093333e+03   6.8832898e+00   6.8980913e+00
   2.0094167e+03   6.8856463e+00   6.9007784e+00
   2.0095000e+03   6.8877029e+00   6.9031630e+00
   2.0095833e+03   6.8894430e+00   6.9052281e+00
   2.0096667e+03   6.8913905e+00   6.9075074e+00
   2.0097500e+03   6.8937395e+00   6.9101992e+00
   2.0098333e+03   6.8950215e+00   6.9118059e+00
   2.0099167e+03   6.8936899e+00   6.9107496e+00
   2.0100000e+03   6.8900979e+00   6.9073898e+00
   2.0100833e+03   6.8857333e+00   6.9032432e+00
   2.0101667e+03   6.8820971e+00   6.8998416e+00
   2.0102500e+03   6.8807469e+00   6.8987747e+00
   2.0103333e+03   6.8820504e+00   6.9004191e+00
   2.0104167e+03   6.8843750e+00   6.9031088e+00
   2.0105000e+03   6.8863838e+00   6.9054789e+00
   2.0105833e+03   6.1294531e+00   6.1467385e+00
   2.0106667e+03   6.1312014e+00   6.1488122e+00
   2.0107500e+03   6.1333234e+00   6.1512703e+00
   2.0108333e+03   6.1344827e+00   6.1527473e+00
   2.0109167e+03   6.1332806e+00   6.1518130e+00
   2.0110000e+03   6.1300396e+00   6.1487960e+00
   2.0110833e+03   6.1260938e+00   6.1450598e+00
   2.0111667e+03   6.1227959e+00   6.1419874e+00
   2.0112500e+03   6.1215674e+00   6.1410332e+00
   2.0113333e+03   6.1227496e+00   6.1425471e+00
   2.0114167e+03   6.1248505e+00   6.1450034e+00
   2.0115000e+03   6.1266510e+00   6.1471550e+00
   2.0115833e+03   6.1281576e+00   6.1490082e+00
   2.0116667e+03   6.1298619e+00   6.1510664e+00
   2.0117500e+03   6.1319562e+00   6.1535265e+00
   2.0118333e+03   6.1331102e+00   6.1550260e+00
   2.0119167e+03   6.1319213e+00   6.1541279e+00
   2.0120000e+03   6.1287031e+00   6.1511523e+00
   2.0120833e+03   6.1247827e+00   6.1474585e+00
   2.0121667e+03   6.1215080e+00   6.1444276e+00
   2.0122500e+03   6.1202930e+00   6.1435095e+00
   2.0123333e+03   6.1214698e+00   6.1450456e+00
   2.0124167e+03   6.1235436e+00   6.1475039e+00
   2.0125000e+03   6.1253027e+00   6.1496419e+00
   2.0125833e+03   3.4424801e+00   3.4563857e+00
   2.0126667e+03   3.4433799e+00   3.4574993e+00
   2.0127500e+03   3.4445075e+00   3.4588479e+00
   2.0128333e+03   3.4451386e+00   3.4596884e+00
   2.0129167e+03   3.4444941e+00   3.4592206e+00
   2.0130000e+03   3.4427357e+00   3.4576098e+00
   2.0130833e+03   3.4405953e+00   3.4556075e+00
   2.0131667e+03   3.4388151e+00   3.4539758e+00
   2.0132500e+03   3.4381617e+00   3.4535025e+00
   2.0133333e+03   3.4388037e+00   3.4543613e+00
   2.0134167e+03   3.4399204e+00   3.4557093e+00
   2.0135000e+03   3.4408552e+00   3.4568717e+00
   2.0135833e+03   3.4416196e+00   3.4578602e+00
   2.0136667e+03   3.4424955e+00   3.4589647e+00
   2.0137500e+03   3.4436081e+00   3.4603141e+00
   2.0138333e+03   3.4442366e+00   3.4611668e+00
   2.0139167e+03   3.4435998e+00   3.4607189e+00
   2.0140000e+03   3.4418545e+00   3.4591310e+00
   2.0140833e+03   3.4397287e+00   3.4571522e+00
   2.0141667e+03   3.4379617e+00   3.4555433e+00
   2.0142500e+03   3.4373161e+00   3.4550899e+00
   2.0143333e+03   3.4379556e+00   3.4559608e+00
   2.0144167e+03   3.4390577e+00   3.4573095e+00
   2.0145000e+03   3.4399700e+00   3.4584640e+00
   2.0145833e+03   3.4407089e+00   3.4594412e+00
   2.0146667e+03   3.4415613e+00   3.4605364e+00
   2.0147500e+03   3.4426593e+00   3.4618863e+00
   2.0148333e+03   3.4432856e+00   3.4627512e+00
   2.0149167e+03   3.4426568e+00   3.4623231e+00
   2.0150000e+03   3.4409249e+00   3.4607581e+00
   2.0150833e+03   3.4388138e+00   3.4588026e+00
   2.0151667e+03   3.4370603e+00   3.4572165e+00
   2.0152500e+03   3.4364229e+00   3.4567829e+00
   2.0153333e+03   3.4370601e+00   3.4576657e+00
   2.0154167e+03   3.4381482e+00   3.4590152e+00
   2.0155000e+03   3.4390384e+00   3.4601616e+00
   2.0155833e+03   3.4397522e+00   3.4611271e+00
   2.0156667e+03   3.4405813e+00   3.4622130e+00
   2.0157500e+03   3.4416651e+00   3.4635633e+00
   2.0158333e+03   3.4422895e+00   3.4644402e+00
   2.0159167e+03   3.4416691e+00   3.4640318e+00
   2.0160000e+03   3.4399508e+00   3.4624896e+00
   2.0160833e+03   3.4378548e+00   3.4605574e+00
   2.0161667e+03   3.4361150e+00   3.4589941e+00
   2.0162500e+03   3.4354861e+00   3.4585802e+00
   2.0163333e+03   3.4361215e+00   3.4594748e+00
   2.0164167e+03   3.4371958e+00   3.4608248e+00
   2.0165000e+03   3.4380642e+00   3.4619630e+00
   2.0165833e+03   3.4387532e+00   3.4629167e+00
   2.0166667e+03   3.4395595e+00   3.4639930e+00
   2.0167500e+03   3.4406295e+00   3.4653436e+00
   2.0168333e+03   3.4412523e+00   3.4662325e+00
   2.0169167e+03   3.4406406e+00   3.4658438e+00
   2.0170000e+03   3.4389362e+00   3.4643242e+00
   2.0170833e+03   3.4368556e+00   3.4624153e+00
   2.0171667e+03   3.4351298e+00   3.4608746e+00
   2.0172500e+03   3.4345097e+00   3.4604803e+00
   2.0173333e+03   3.4351436e+00   3.4613868e+00
   2.0174167e+03   3.4362045e+00   3.4627371e+00
   2.0175000e+03   3.4370516e+00   3.4638669e+00
   2.0175833e+03   3.4377161e+00   3.4648086e+00
   2.0176667e+03   3.4384999e+00   3.4658752e+00
   2.0177500e+03   3.4395564e+00   3.4672259e+00
   2.0178333e+03   3.4401781e+00   3.4681266e+00
   2.0179167e+03   3.4395753e+00   3.4677576e+00
   2.0180000e+03   3.4378852e+00   3.4662606e+00
   2.0180833e+03   3.4358202e+00   3.4643748e+00
   2.0181667e+03   3.4341087e+00   3.4628567e+00
   2.0182500e+03   3.4334977e+00   3.4624820e+00
   2.0183333e+03   3.4341304e+00   3.4634001e+00
   2.0184167e+03   3.4351784e+00   3.4647508e+00
   2.0185000e+03   3.4360044e+00   3.4658720e+00
   2.0185833e+03   3.4366448e+00   3.4668015e+00
   2.0186667e+03   3.4374065e+00   3.4678581e+00
   2.0187500e+03   3.4384500e+00   3.4692089e+00
   2.0188333e+03   3.4390708e+00   3.4701214e+00
   2.0189167e+03   3.4384773e+00   3.4697719e+00
   2.0190000e+03   3.4368017e+00   3.4682973e+00
   2.0190833e+03   3.4347526e+00   3.4664347e+00
   2.0191667e+03   3.4330557e+00   3.4649390e+00
   2.0192500e+03   3.4324541e+00   3.4645839e+00
   2.0193333e+03   3.4330861e+00   3.4655136e+00
   2.0194167e+03   3.4341214e+00   3.4668644e+00
   2.0195000e+03   3.4349267e+00   3.4679768e+00
   2.0195833e+03   3.4355434e+00   3.4688939e+00
   2.0196667e+03   3.4362834e+00   3.4699405e+00
   2.0197500e+03   3.4373142e+00   3.4712911e+00
   2.0198333e+03   3.4379345e+00   3.4722153e+00
   2.0199167e+03   3.4373507e+00   3.4718853e+00
   2.0200000e+03   3.4356898e+00   3.4704332e+00
   2.0200833e+03   3.4336568e+00   3.4685935e+00
   2.0201667e+03   3.4319748e+00   3.4671203e+00
   2.0202500e+03   3.4313830e+00   3.4667846e+00
   2.0203333e+03   3.4320145e+00   3.4677258e+00
   2.0204167e+03   3.4330376e+00   3.4690766e+00
   2.0205000e+03   3.4338226e+00   3.4701801e+00
   2.0205833e+03   3.4344160e+00   3.4710846e+00
   2.0206667e+03   3.4351345e+00   3.4721208e+00
   2.0207500e+03   3.4361530e+00   3.4734713e+00
   2.0208333e+03   3.4367732e+00   3.4744070e+00
   2.0209167e+03   3.4361993e+00   3.4740964e+00
   2.0210000e+03   3.4345535e+00   3.4726667e+00
   2.0210833e+03   3.4325369e+00   3.4708499e+00
   2.0211667e+03   3.4308701e+00   3.4693991e+00
   2.0212500e+03   3.4302884e+00   3.4690828e+00
   2.0213333e+03   3.4309198e+00   3.4700354e+00
   2.0214167e+03   3.4319310e+00   3.4713860e+00
   2.0215000e+03   3.4326961e+00   3.4724804e+00
   2.0215833e+03   3.0554391e+00   3.0910776e+00
   2.0216667e+03   3.0560891e+00   3.0920205e+00
   2.0217500e+03   3.0570157e+00   3.0932537e+00
   2.0218333e+03   3.0575829e+00   3.0941118e+00
   2.0219167e+03   3.0570698e+00   3.0938401e+00
   2.0220000e+03   3.0555886e+00   3.0925555e+00
   2.0220833e+03   3.0537689e+00   3.0909169e+00
   2.0221667e+03   3.0522606e+00   3.0896046e+00
   2.0222500e+03   3.0517359e+00   3.0893228e+00
   2.0223333e+03   3.0523147e+00   3.0901974e+00
   2.0224167e+03   3.0532346e+00   3.0914302e+00
   2.0225000e+03   3.0539244e+00   3.0924228e+00
   2.0225833e+03   3.0544372e+00   3.0932309e+00
   2.0226667e+03   3.0550687e+00   3.0941643e+00
   2.0227500e+03   3.0559852e+00   3.0953972e+00
   2.0228333e+03   3.0565532e+00   3.0962657e+00
   2.0229167e+03   3.0560497e+00   3.0960113e+00
   2.0230000e+03   3.0545827e+00   3.0947467e+00
   2.0230833e+03   3.0527783e+00   3.0931286e+00
   2.0231667e+03   3.0512843e+00   3.0918363e+00
   2.0232500e+03   3.0507695e+00   3.0915719e+00
   2.0233333e+03   3.0513491e+00   3.0924567e+00
   2.0234167e+03   3.0522591e+00   3.0936892e+00
   2.0235000e+03   3.0529317e+00   3.0946733e+00
   2.0235833e+03   1.7154588e+00   1.7391162e+00
   2.0236667e+03   1.7157871e+00   1.7396183e+00
   2.0237500e+03   1.7162789e+00   1.7402927e+00
   2.0238333e+03   1.7165900e+00   1.7407777e+00
   2.0239167e+03   1.7163189e+00   1.7406513e+00
   2.0240000e+03   1.7155195e+00   1.7399698e+00
   2.0240833e+03   1.7145367e+00   1.7390956e+00
   2.0241667e+03   1.7137268e+00   1.7384035e+00
   2.0242500e+03   1.7134520e+00   1.7382742e+00
   2.0243333e+03   1.7137688e+00   1.7387674e+00
   2.0244167e+03   1.7142577e+00   1.7394421e+00
   2.0245000e+03   1.7146115e+00   1.7399751e+00
   2.0245833e+03   1.7148632e+00   1.7404011e+00
   2.0246667e+03   1.7151815e+00   1.7408977e+00
   2.0247500e+03   1.7156679e+00   1.7415717e+00
   2.0248333e+03   1.7159797e+00   1.7420623e+00
   2.0249167e+03   1.7157142e+00   1.7419455e+00
   2.0250000e+03   1.7149229e+00   1.7412750e+00
   2.0250833e+03   1.7139488e+00   1.7404122e+00
   2.0251667e+03   1.7131471e+00   1.7397311e+00
   2.0252500e+03   1.7128779e+00   1.7396113e+00
   2.0253333e+03   1.7131954e+00   1.7401099e+00
   2.0254167e+03   1.7136792e+00   1.7407843e+00
   2.0255000e+03   1.7140239e+00   1.7413124e+00
   2.0255833e+03   1.7142650e+00   1.7417318e+00
   2.0256667e+03   1.7145738e+00   1.7422228e+00
   2.0257500e+03   1.7150552e+00   1.7428964e+00
   2.0258333e+03   1.7153680e+00   1.7433924e+00
   2.0259167e+03   1.7151084e+00   1.7432849e+00
   2.0260000e+03   1.7143253e+00   1.7426252e+00
   2.0260833e+03   1.7133600e+00   1.7417734e+00
   2.0261667e+03   1.7125667e+00   1.7411029e+00
   2.0262500e+03   1.7123036e+00   1.7409924e+00
   2.0263333e+03   1.7126224e+00   1.7414964e+00
   2.0264167e+03   1.7131018e+00   1.7421704e+00
   2.0265000e+03   1.7134383e+00   1.7426936e+00
   2.0265833e+03   1.7136696e+00   1.7431063e+00
   2.0266667e+03   1.7139697e+00   1.7435918e+00
   2.0267500e+03   1.7144470e+00   1.7442648e+00
   2.0268333e+03   1.7147616e+00   1.7447662e+00
   2.0269167e+03   1.7145085e+00   1.7446680e+00
   2.0270000e+03   1.7137342e+00   1.7440189e+00
   2.0270833e+03   1.7127785e+00   1.7431781e+00
   2.0271667e+03   1.7119941e+00   1.7425183e+00
   2.0272500e+03   1.7117378e+00   1.7424170e+00
   2.0273333e+03   1.7120587e+00   1.7429263e+00
   2.0274167e+03   1.7125347e+00   1.7435998e+00
   2.0275000e+03   1.7128637e+00   1.7441181e+00
   2.0275833e+03   1.7130861e+00   1.7445239e+00
   2.0276667e+03   1.7133783e+00   1.7450038e+00
   2.0277500e+03   1.7138524e+00   1.7456762e+00
   2.0278333e+03   1.7141696e+00   1.7461830e+00
   2.0279167e+03   1.7139237e+00   1.7460940e+00
   2.0280000e+03   1.7131589e+00   1.7454556e+00
   2.0280833e+03   1.7122133e+00   1.7446257e+00
   2.0281667e+03   1.7114385e+00   1.7439766e+00
   2.0282500e+03   1.7111897e+00   1.7438845e+00
   2.0283333e+03   1.7115136e+00   1.7443990e+00
   2.0284167e+03   1.7119870e+00   1.7450720e+00
   2.0285000e+03   1.7123093e+00   1.7455853e+00
   2.0285833e+03   1.7125236e+00   1.7459842e+00
   2.0286667e+03   1.7128088e+00   1.7464582e+00
   2.0287500e+03   1.7132803e+00   1.7471300e+00
   2.0288333e+03   1.7136010e+00   1.7476421e+00
   2.0289167e+03   1.7133632e+00   1.7475623e+00
   2.0290000e+03   1.7126085e+00   1.7469345e+00
   2.0290833e+03   1.7116735e+00   1.7461155e+00
   2.0291667e+03   1.7109090e+00   1.7454771e+00
   2.0292500e+03   1.7106684e+00   1.7453942e+00
   2.0293333e+03   1.7109962e+00   1.7459139e+00
   2.0294167e+03   1.7114677e+00   1.7465863e+00
   2.0295000e+03   1.7117843e+00   1.7470944e+00
   2.0295833e+03   1.7119912e+00   1.7474863e+00
   2.0296667e+03   1.7122701e+00   1.7479545e+00
   2.0297500e+03   1.7127401e+00   1.7486256e+00
   2.0298333e+03   1.7130651e+00   1.7491429e+00
   2.0299167e+03   1.7128359e+00   1.7490722e+00
   2.0300000e+03   1.7120920e+00   1.7484551e+00
   2.0300833e+03   1.7111681e+00   1.7476467e+00
   2.0301667e+03   1.7104140e+00   1.7470185e+00
   2.0302500e+03   1.7101819e+00   1.7469442e+00
   2.0303333e+03   1.7105139e+00   1.7474687e+00
   2.0304167e+03   1.7109846e+00   1.7481406e+00
   2.0305000e+03   1.7112966e+00   1.7486441e+00
   2.0305833e+03   1.7114978e+00   1.7490298e+00
   2.0306667e+03   1.7117719e+00   1.7494931e+00
   2.0307500e+03   1.7122412e+00   1.7501637e+00
   2.0308333e+03   1.7125701e+00   1.7506853e+00
   2.0309167e+03   1.7123482e+00   1.7506217e+00
   2.0310000e+03   1.7116129e+00   1.7500126e+00
   2.0310833e+03   1.7106979e+00   1.7492124e+00
   2.0311667e+03   1.7099524e+00   1.7485920e+00
   2.0312500e+03   1.7097273e+00   1.7485247e+00
   2.0313333e+03   1.7100631e+00   1.7490533e+00
   2.0314167e+03   1.7105332e+00   1.7497248e+00
   2.0315000e+03   1.7108415e+00   1.7502243e+00
   2.0315833e+03   1.7110376e+00   1.7506046e+00
   2.0316667e+03   1.7113076e+00   1.7510634e+00
   2.0317500e+03   1.7117761e+00   1.7517335e+00
   2.0318333e+03   1.7121089e+00   1.7522592e+00
   2.0319167e+03   1.7118941e+00   1.7522025e+00
   2.0320000e+03   1.7111673e+00   1.7516013e+00
   2.0320833e+03   1.7102612e+00   1.7508092e+00
   2.0321667e+03   1.7095243e+00   1.7501968e+00
   2.0322500e+03   1.7093063e+00   1.7501364e+00
   2.0323333e+03   1.7096458e+00   1.7506691e+00
   2.0324167e+03   1.7101154e+00   1.7513401e+00
   2.0325000e+03   1.7104199e+00   1.7518356e+00
   2.0325833e+03   1.7106111e+00   1.7522104e+00
   2.0326667e+03   1.7108768e+00   1.7526647e+00
   2.0327500e+03   1.7113447e+00   1.7533342e+00
   2.0328333e+03   1.7116813e+00   1.7538639e+00
   2.0329167e+03   1.7114736e+00   1.7538142e+00
   2.0330000e+03   1.7107554e+00   1.7532210e+00
   2.0330833e+03   1.7098582e+00   1.7524370e+00
   2.0331667e+03   1.7091299e+00   1.7518325e+00
   2.0332500e+03   1.7089190e+00   1.7517790e+00
   2.0333333e+03   1.7092623e+00   1.7523157e+00
   2.0334167e+03   1.7097313e+00   1.7529862e+00
   2.0335000e+03   1.7100321e+00   1.7534776e+00
   2.0335833e+03   1.5222890e+00   1.5610594e+00
   2.0336667e+03   1.5225360e+00   1.5614743e+00
   2.0337500e+03   1.5229679e+00   1.5620862e+00
   2.0338333e+03   1.5232797e+00   1.5625703e+00
   2.0339167e+03   1.5230971e+00   1.5625275e+00
   2.0340000e+03   1.5224520e+00   1.5619918e+00
   2.0340833e+03   1.5216430e+00   1.5612813e+00
   2.0341667e+03   1.5209848e+00   1.5607313e+00
   2.0342500e+03   1.5207971e+00   1.5606827e+00
   2.0343333e+03   1.5211156e+00   1.5611736e+00
   2.0344167e+03   1.5215478e+00   1.5617857e+00
   2.0345000e+03   1.5218247e+00   1.5622324e+00
   2.0345833e+03   8.5492956e-01   8.7775685e-01
   2.0346667e+03   8.5505821e-01   8.7797932e-01
   2.0347500e+03   8.5529155e-01   8.7831347e-01
   2.0348333e+03   8.5546370e-01   8.7858238e-01
   2.0349167e+03   8.5536696e-01   8.7856444e-01
   2.0350000e+03   8.5501644e-01   8.7827572e-01
   2.0350833e+03   8.5457680e-01   8.7789181e-01
   2.0351667e+03   8.5422120e-01   8.7759749e-01
   2.0352500e+03   8.5412290e-01   8.7757767e-01
   2.0353333e+03   8.5429835e-01   8.7784994e-01
   2.0354167e+03   8.5453229e-01   8.7818465e-01
   2.0355000e+03   8.5467895e-01   8.7842622e-01
   2.0355833e+03   8.5476698e-01   8.7860521e-01
   2.0356667e+03   8.5489351e-01   8.7882530e-01
   2.0357500e+03   8.5512656e-01   8.7915912e-01
   2.0358333e+03   8.5530065e-01   8.7943003e-01
   2.0359167e+03   8.5520747e-01   8.7941554e-01
   2.0360000e+03   8.5486126e-01   8.7913076e-01
   2.0360833e+03   8.5442608e-01   8.7875089e-01
   2.0361667e+03   8.5407478e-01   8.7846051e-01
   2.0362500e+03   8.5398006e-01   8.7844414e-01
   2.0363333e+03   8.5415743e-01   8.7871838e-01
   2.0364167e+03   8.5439111e-01   8.7905278e-01
   2.0365000e+03   8.5453589e-01   8.7929223e-01
   2.0365833e+03   8.5462139e-01   8.7946834e-01
   2.0366667e+03   8.5474582e-01   8.7968603e-01
   2.0367500e+03   8.5497857e-01   8.8001950e-01
   2.0368333e+03   8.5515461e-01   8.8029239e-01
   2.0369167e+03   8.5506502e-01   8.8028134e-01
   2.0370000e+03   8.5472310e-01   8.8000051e-01
   2.0370833e+03   8.5429239e-01   8.7962466e-01
   2.0371667e+03   8.5394539e-01   8.7933823e-01
   2.0372500e+03   8.5385425e-01   8.7932529e-01
   2.0373333e+03   8.5403355e-01   8.7960148e-01
   2.0374167e+03   8.5426697e-01   8.7993556e-01
   2.0375000e+03   8.5440988e-01   8.8017285e-01
   2.0375833e+03   8.5449287e-01   8.8034605e-01
   2.0376667e+03   8.5461518e-01   8.8056132e-01
   2.0377500e+03   8.5484764e-01   8.8089441e-01
   2.0378333e+03   8.5502564e-01   8.8116927e-01
   2.0379167e+03   8.5493963e-01   8.8116166e-01
   2.0380000e+03   8.5460202e-01   8.8088476e-01
   2.0380833e+03   8.5417578e-01   8.8051294e-01
   2.0381667e+03   8.5383309e-01   8.8023044e-01
   2.0382500e+03   8.5374554e-01   8.8022094e-01
   2.0383333e+03   8.5392678e-01   8.8049908e-01
   2.0384167e+03   8.5415995e-01   8.8083281e-01
   2.0385000e+03   8.5430098e-01   8.8106792e-01
   2.0385833e+03   8.5438144e-01   8.8123817e-01
   2.0386667e+03   8.5450165e-01   8.8145097e-01
   2.0387500e+03   8.5473382e-01   8.8178367e-01
   2.0388333e+03   8.5491380e-01   8.8206049e-01
   2.0389167e+03   8.5483138e-01   8.8205631e-01
   2.0390000e+03   8.5449808e-01   8.8178335e-01
   2.0390833e+03   8.5407631e-01   8.8141554e-01
   2.0391667e+03   8.5373793e-01   8.8113697e-01
   2.0392500e+03   8.5365398e-01   8.8113090e-01
   2.0393333e+03   8.5383717e-01   8.8141096e-01
   2.0394167e+03   8.5407010e-01   8.8174433e-01
   2.0395000e+03   8.5420925e-01   8.8197722e-01
   2.0395833e+03   8.5428718e-01   8.8214450e-01
   2.0396667e+03   8.5440527e-01   8.8235481e-01
   2.0397500e+03   8.5463717e-01   8.8268709e-01
   2.0398333e+03   8.5481912e-01   8.8296586e-01
   2.0399167e+03   8.5474031e-01   8.8296510e-01
   2.0400000e+03   8.5441132e-01   8.8269606e-01
   2.0400833e+03   8.5399402e-01   8.8233227e-01
   2.0401667e+03   8.5365996e-01   8.8205763e-01
   2.0402500e+03   8.5357962e-01   8.8205497e-01
   2.0403333e+03   8.5376477e-01   8.8233696e-01
   2.0404167e+03   8.5399746e-01   8.8266993e-01
   2.0405000e+03   8.5413474e-01   8.8290058e-01
   2.0405833e+03   8.5421013e-01   8.8306485e-01
   2.0406667e+03   8.5432611e-01   8.8327263e-01
   2.0407500e+03   8.5455773e-01   8.8360447e-01
   2.0408333e+03   8.5474168e-01   8.8388518e-01
   2.0409167e+03   8.5466648e-01   8.8388783e-01
   2.0410000e+03   8.5434180e-01   8.8362272e-01
   2.0410833e+03   8.5392899e-01   8.8326294e-01
   2.0411667e+03   8.5359924e-01   8.8299222e-01
   2.0412500e+03   8.5352252e-01   8.8299298e-01
   2.0413333e+03   8.5370964e-01   8.8327687e-01
   2.0414167e+03   8.5394209e-01   8.8360943e-01
   2.0415000e+03   8.5407749e-01   8.8383781e-01
   2.0415833e+03   8.5415035e-01   8.8399903e-01
   2.0416667e+03   8.5426421e-01   8.8420425e-01
   2.0417500e+03   8.5449557e-01   8.8453563e-01
   2.0418333e+03   8.5468152e-01   8.8481826e-01
   2.0419167e+03   8.5460994e-01   8.8482433e-01
   2.0420000e+03   8.5428958e-01   8.8456313e-01
   2.0420833e+03   8.5388125e-01   8.8420736e-01
   2.0421667e+03   8.5355583e-01   8.8394055e-01
   2.0422500e+03   8.5348273e-01   8.8394472e-01
   2.0423333e+03   8.5367183e-01   8.8423051e-01
   2.0424167e+03   8.5390406e-01   8.8456263e-01
   2.0425000e+03   8.5403758e-01   8.8478870e-01
   2.0425833e+03   8.5410790e-01   8.8494684e-01
   2.0426667e+03   8.5421964e-01   8.8514947e-01
   2.0427500e+03   8.5445073e-01   8.8548037e-01
   2.0428333e+03   8.5463869e-01   8.8576492e-01
   2.0429167e+03   8.5457074e-01   8.8577438e-01
   2.0430000e+03   8.5425471e-01   8.8551710e-01
   2.0430833e+03   8.5385086e-01   8.8516533e-01
   2.0431667e+03   8.5352977e-01   8.8490243e-01
   2.0432500e+03   8.5346031e-01   8.8491000e-01
   2.0433333e+03   8.5365140e-01   8.8519768e-01
   2.0434167e+03   8.5388341e-01   8.8552934e-01
   2.0435000e+03   8.5401505e-01   8.8575308e-01
   2.0435833e+03   8.5408282e-01   8.8590810e-01
   2.0436667e+03   8.5419244e-01   8.8610810e-01
   2.0437500e+03   8.5442328e-01   8.8643849e-01
   2.0438333e+03   8.5461326e-01   8.8672495e-01
   2.0439167e+03   8.5454895e-01   8.8673781e-01
   2.0440000e+03   8.5423725e-01   8.8648444e-01
   2.0440833e+03   8.5383789e-01   8.8613666e-01
   2.0441667e+03   8.5352114e-01   8.8587767e-01
   2.0442500e+03   8.5345532e-01   8.8588864e-01
   2.0443333e+03   8.5364841e-01   8.8617818e-01
   2.0444167e+03   8.5388020e-01   8.8650937e-01
   2.0445000e+03   8.5400996e-01   8.8673074e-01
   2.0445833e+03   8.5407518e-01   8.8688260e-01
   2.0446667e+03   8.5418267e-01   8.8707995e-01
   2.0447500e+03   8.5441326e-01   8.8740981e-01
   2.0448333e+03   8.5460527e-01   8.8769815e-01
   2.0449167e+03   8.5454461e-01   8.8771441e-01
   2.0450000e+03   8.5423725e-01   8.8746495e-01
   2.0450833e+03   8.5384239e-01   8.8712116e-01
   2.0451667e+03   8.5352998e-01   8.8686607e-01
   2.0452500e+03   8.5346781e-01   8.8688043e-01
   2.0453333e+03   8.5366292e-01   8.8717184e-01
   2.0454167e+03   8.5389449e-01   8.8750252e-01
   2.0455000e+03   8.5402237e-01   8.8772148e-01
   2.0455833e+03   8.5408503e-01   8.8787016e-01
   2.0456667e+03   8.5419039e-01   8.8806482e-01
   2.0457500e+03   8.5442074e-01   8.8839413e-01
   2.0458333e+03   8.5461479e-01   8.8868435e-01
   2.0459167e+03   8.5455779e-01   8.8870399e-01
   2.0460000e+03   8.5425477e-01   8.8845843e-01
   2.0460833e+03   8.5386441e-01   8.8811863e-01
   2.0461667e+03   8.5355635e-01   8.8786744e-01
   2.0462500e+03   8.5349785e-01   8.8788518e-01
   2.0463333e+03   8.5369497e-01   8.8817844e-01
   2.0464167e+03   8.5392635e-01   8.8850860e-01
   2.0465000e+03   8.5405233e-01   8.8872512e-01
   2.0465833e+03   8.5411243e-01   8.8887058e-01
   2.0466667e+03   8.5421566e-01   8.8906251e-01
   2.0467500e+03   8.5444576e-01   8.8939124e-01
   2.0468333e+03   8.5464188e-01   8.8968333e-01
   2.0469167e+03   8.5458854e-01   8.8970634e-01
   2.0470000e+03   8.5428988e-01   8.8946468e-01
   2.0470833e+03   8.5390402e-01   8.8912887e-01
   2.0471667e+03   8.5360031e-01   8.8888158e-01
   2.0472500e+03   8.5354548e-01   8.8890270e-01
   2.0473333e+03   8.5374465e-01   8.8919779e-01
   2.0474167e+03   8.5397582e-01   8.8952740e-01
   2.0475000e+03   8.5409992e-01   8.8974146e-01
   2.0475833e+03   8.5415744e-01   8.8988365e-01
   2.0476667e+03   8.5425853e-01   8.9007282e-01
   2.0477500e+03   8.5448840e-01   8.9040095e-01
   2.0478333e+03   8.5468658e-01   8.9069489e-01
   2.0479167e+03   8.5463692e-01   8.9072128e-01
   2.0480000e+03   8.5434262e-01   8.9048352e-01
   2.0480833e+03   8.5396127e-01   8.9015169e-01
   2.0481667e+03   8.5366192e-01   8.8990829e-01
   2.0482500e+03   8.5361078e-01   8.8993278e-01
   2.0483333e+03   8.5381199e-01   8.9022970e-01
   2.0484167e+03   8.5404297e-01   8.9055873e-01
   2.0485000e+03   8.5416517e-01   8.9077029e-01
   2.0485833e+03   4.2711006e-01   4.4545459e-01
   2.0486667e+03   4.2715954e-01   4.4554778e-01
   2.0487500e+03   4.2727435e-01   4.4571153e-01
   2.0488333e+03   4.2737449e-01   4.4585942e-01
   2.0489167e+03   4.2735150e-01   4.4587430e-01
   2.0490000e+03   4.2720653e-01   4.4575736e-01
   2.0490833e+03   4.2701811e-01   4.4559344e-01
   2.0491667e+03   4.2687062e-01   4.4547368e-01
   2.0492500e+03   4.2684690e-01   4.4548762e-01
   2.0493333e+03   4.2694853e-01   4.4563698e-01
   2.0494167e+03   4.2706393e-01   4.4580120e-01
   2.0495000e+03   4.2712408e-01   4.4590571e-01
   2.0495833e+03   4.2715026e-01   4.4597349e-01
   2.0496667e+03   4.2719867e-01   4.4606526e-01
   2.0497500e+03   4.2731337e-01   4.4622869e-01
   2.0498333e+03   4.2741455e-01   4.4637749e-01
   2.0499167e+03   4.2739341e-01   4.4639406e-01
   2.0500000e+03   4.2725063e-01   4.4627906e-01
   2.0500833e+03   4.2706437e-01   4.4611701e-01
   2.0501667e+03   4.2691888e-01   4.4599900e-01
   2.0502500e+03   4.2689678e-01   4.4601436e-01
   2.0503333e+03   4.2699931e-01   4.4616448e-01
   2.0504167e+03   4.2711473e-01   4.4632851e-01
   2.0505000e+03   4.2717432e-01   4.4643216e-01
   2.0505833e+03   4.2719977e-01   4.4649887e-01
   2.0506667e+03   4.2724765e-01   4.4658982e-01
   2.0507500e+03   4.2736246e-01   4.4675316e-01
   2.0508333e+03   4.2746434e-01   4.4690251e-01
   2.0509167e+03   4.2744421e-01   4.4691984e-01
   2.0510000e+03   4.2730246e-01   4.4680555e-01
   2.0510833e+03   4.2711726e-01   4.4664420e-01
   2.0511667e+03   4.2697280e-01   4.4652688e-01
   2.0512500e+03   4.2695162e-01   4.4654294e-01
   2.0513333e+03   4.2705478e-01   4.4669352e-01
   2.0514167e+03   4.2717036e-01   4.4685755e-01
   2.0515000e+03   4.2722976e-01   4.4696075e-01
   2.0515833e+03   4.2725486e-01   4.4702681e-01
   2.0516667e+03   4.2730250e-01   4.4711725e-01
   2.0517500e+03   4.2741746e-01   4.4728057e-01
   2.0518333e+03   4.2751996e-01   4.4743039e-01
   2.0519167e+03   4.2750075e-01   4.4744842e-01
   2.0520000e+03   4.2736002e-01   4.4733483e-01
   2.0520833e+03   4.2717585e-01   4.4717417e-01
   2.0521667e+03   4.2703240e-01   4.4705755e-01
   2.0522500e+03   4.2701213e-01   4.4707430e-01
   2.0523333e+03   4.2711590e-01   4.4722536e-01
   2.0524167e+03   4.2723163e-01   4.4738937e-01
   2.0525000e+03   4.2729081e-01   4.4749212e-01
   2.0525833e+03   4.2731556e-01   4.4755754e-01
   2.0526667e+03   4.2736292e-01   4.4764745e-01
   2.0527500e+03   4.2747802e-01   4.4781075e-01
   2.0528333e+03   4.2758113e-01   4.4796104e-01
   2.0529167e+03   4.2756281e-01   4.4797976e-01
   2.0530000e+03   4.2742308e-01   4.4786688e-01
   2.0530833e+03   4.2723993e-01   4.4770691e-01
   2.0531667e+03   4.2709748e-01   4.4759100e-01
   2.0532500e+03   4.2707811e-01   4.4760844e-01
   2.0533333e+03   4.2718246e-01   4.4775996e-01
   2.0534167e+03   4.2729832e-01   4.4792396e-01
   2.0535000e+03   4.2735727e-01   4.4802625e-01
   2.0535833e+03   4.2738163e-01   4.4809103e-01
   2.0536667e+03   4.2742871e-01   4.4818042e-01
   2.0537500e+03   4.2754393e-01   4.4834369e-01
   2.0538333e+03   4.2764762e-01   4.4849446e-01
   2.0539167e+03   4.2763018e-01   4.4851387e-01
   2.0540000e+03   4.2749144e-01   4.4840170e-01
   2.0540833e+03   4.2730930e-01   4.4824241e-01
   2.0541667e+03   4.2716783e-01   4.4812721e-01
   2.0542500e+03   4.2714933e-01   4.4814534e-01
   2.0543333e+03   4.2725425e-01   4.4829733e-01
   2.0544167e+03   4.2737023e-01   4.4846131e-01
   2.0545000e+03   4.2742893e-01   4.4856315e-01
   2.0545833e+03   4.2745289e-01   4.4862727e-01
   2.0546667e+03   4.2749966e-01   4.4871614e-01
   2.0547500e+03   4.2761497e-01   4.4887938e-01
   2.0548333e+03   4.2771923e-01   4.4903062e-01
   2.0549167e+03   4.2770266e-01   4.4905073e-01
   2.0550000e+03   4.2756489e-01   4.4893926e-01
   2.0550833e+03   4.2738373e-01   4.4878067e-01
   2.0551667e+03   4.2724323e-01   4.4866617e-01
   2.0552500e+03   4.2722559e-01   4.4868499e-01
   2.0553333e+03   4.2733107e-01   4.4883746e-01
   2.0554167e+03   4.2744714e-01   4.4900142e-01
   2.0555000e+03   4.2750557e-01   4.4910279e-01
   2.0555833e+03   4.2752911e-01   4.4916626e-01
   2.0556667e+03   4.2757555e-01   4.4925460e-01
   2.0557500e+03   4.2769095e-01   4.4941781e-01
   2.0558333e+03   4.2779575e-01   4.4956953e-01
   2.0559167e+03   4.2778003e-01   4.4959033e-01
   2.0560000e+03   4.2764321e-01   4.4947957e-01
   2.0560833e+03   4.2746303e-01   4.4932167e-01
   2.0561667e+03   4.2732349e-01   4.4920787e-01
   2.0562500e+03   4.2730668e-01   4.4922739e-01
   2.0563333e+03   4.2741270e-01   4.4938032e-01
   2.0564167e+03   4.2752885e-01   4.4954427e-01
   2.0565000e+03   4.2758699e-01   4.4964517e-01
   2.0565833e+03   4.2761008e-01   4.4970798e-01
   2.0566667e+03   4.2765618e-01   4.4979578e-01
   2.0567500e+03   4.2777164e-01   4.4995897e-01
   2.0568333e+03   4.2787698e-01   4.5011116e-01
   2.0569167e+03   4.2786208e-01   4.5013265e-01
   2.0570000e+03   4.2772621e-01   4.5002260e-01
   2.0570833e+03   4.2754698e-01   4.4986539e-01
   2.0571667e+03   4.2740837e-01   4.4975230e-01
   2.0572500e+03   4.2739240e-01   4.4977251e-01
   2.0573333e+03   4.2749893e-01   4.4992592e-01
   2.0574167e+03   4.2761514e-01   4.5008984e-01
   2.0575000e+03   4.2767297e-01   4.5019027e-01
   2.0575833e+03   4.2769560e-01   4.5025242e-01
   2.0576667e+03   4.2774134e-01   4.5033968e-01
   2.0577500e+03   4.2785684e-01   4.5050284e-01
   2.0578333e+03   4.2796269e-01   4.5065550e-01
   2.0579167e+03   4.2794861e-01   4.5067769e-01
   2.0580000e+03   4.2781366e-01   4.5056835e-01
   2.0580833e+03   4.2763538e-01   4.5041183e-01
   2.0581667e+03   4.2749769e-01   4.5029945e-01
   2.0582500e+03   4.2748252e-01   4.5032036e-01
   2.0583333e+03   4.2758956e-01   4.5047423e-01
   2.0584167e+03   4.2770580e-01   4.5063813e-01
   2.0585000e+03   4.2776330e-01   4.5073809e-01
   2.0585833e+03   4.2778546e-01   4.5079957e-01
   2.0586667e+03   4.2783081e-01   4.5088629e-01
   2.0587500e+03   4.2794634e-01   4.5104941e-01
   2.0588333e+03   4.2805269e-01   4.5120255e-01
   2.0589167e+03   4.2803940e-01   4.5122544e-01
   2.0590000e+03   4.2790536e-01   4.5111680e-01
   2.0590833e+03   4.2772801e-01   4.5096098e-01
   2.0591667e+03   4.2759122e-01   4.5084930e-01
   2.0592500e+03   4.2757685e-01   4.5087090e-01
   2.0593333e+03   4.2768436e-01   4.5102524e-01
   2.0594167e+03   4.2780063e-01   4.5118912e-01
   2.0595000e+03   4.2785778e-01   4.5128861e-01
   2.0595833e+03   4.2787944e-01   4.5134942e-01
   2.0596667e+03   4.2792439e-01   4.5143559e-01
   2.0597500e+03   4.2803992e-01   4.5159868e-01
   2.0598333e+03   4.2814675e-01   4.5175229e-01
   2.0599167e+03   4.2813425e-01   4.5177587e-01
   2.0600000e+03   4.2800110e-01   4.5166795e-01
   2.0600833e+03   4.2782466e-01   4.5151282e-01
   2.0601667e+03   4.2768876e-01   4.5140184e-01
   2.0602500e+03   4.2767517e-01   4.5142414e-01
   2.0603333e+03   4.2778314e-01   4.5157895e-01
   2.0604167e+03   4.2789941e-01   4.5174280e-01
   2.0605000e+03   4.2795620e-01   4.5184181e-01
   2.0605833e+03   4.2797734e-01   4.5190195e-01
   2.0606667e+03   4.2802187e-01   4.5198757e-01
   2.0607500e+03   4.2813739e-01   4.5215062e-01
   2.0608333e+03   4.2824467e-01   4.5230471e-01
   2.0609167e+03   4.2823294e-01   4.5232899e-01
   2.0610000e+03   4.2810066e-01   4.5222177e-01
   2.0610833e+03   4.2792512e-01   4.5206734e-01
   2.0611667e+03   4.2779010e-01   4.5195707e-01
   2.0612500e+03   4.2777726e-01   4.5198007e-01
   2.0613333e+03   4.2788569e-01   4.5213535e-01
   2.0614167e+03   4.2800193e-01   4.5229916e-01
   2.0615000e+03   4.2805834e-01   4.5239769e-01
   2.0615833e+03   4.2807895e-01   4.5245715e-01
   2.0616667e+03   4.2812303e-01   4.5254222e-01
   2.0617500e+03   4.2823852e-01   4.5270523e-01
   2.0618333e+03   4.2834624e-01   4.5285979e-01
   2.0619167e+03   4.2833526e-01   4.5288477e-01
   2.0620000e+03   4.2820384e-01   4.5277827e-01
   2.0620833e+03   4.2802918e-01   4.5262452e-01
   2.0621667e+03   4.2789502e-01   4.5251497e-01
   2.0622500e+03   4.2788293e-01   4.5253866e-01
   2.0623333e+03   4.2799178e-01   4.5269441e-01
   2.0624167e+03   4.2810799e-01   4.5285819e-01
   2.0625000e+03   4.2816399e-01   4.5295624e-01
   2.0625833e+03   4.2818404e-01   4.5301501e-01
   2.0626667e+03   4.2822766e-01   4.5309953e-01
   2.0627500e+03   4.2834310e-01   4.5326250e-01
   2.0628333e+03   4.2845125e-01   4.5341753e-01
   2.0629167e+03   4.2844099e-01   4.5344321e-01
   2.0630000e+03   4.2831043e-01   4.5333741e-01
   2.0630833e+03   4.2813664e-01   4.5318437e-01
   2.0631667e+03   4.2800332e-01   4.5307552e-01
   2.0632500e+03   4.2799195e-01   4.5309991e-01
   2.0633333e+03   4.2810121e-01   4.5325613e-01
   2.0634167e+03   4.2821736e-01   4.5341988e-01
   2.0635000e+03   4.2827294e-01   4.5351743e-01
   2.0635833e+03   4.2829242e-01   4.5357552e-01
   2.0636667e+03   4.2833556e-01   4.5365948e-01
   2.0637500e+03   4.2845093e-01   4.5382241e-01
   2.0638333e+03   4.2855948e-01   4.5397791e-01
   2.0639167e+03   4.2854994e-01   4.5400428e-01
   2.0640000e+03   4.2842021e-01   4.5389921e-01
   2.0640833e+03   4.2824727e-01   4.5374685e-01
   2.0641667e+03   4.2811478e-01   4.5363871e-01
   2.0642500e+03   4.2810412e-01   4.5366380e-01
   2.0643333e+03   4.2821377e-01   4.5382049e-01
   2.0644167e+03   4.2832985e-01   4.5398421e-01
   2.0645000e+03   4.2838498e-01   4.5408127e-01
   2.0645833e+03   4.2840387e-01   4.5413867e-01
   2.0646667e+03   4.2844651e-01   4.5422206e-01
   2.0647500e+03   4.2856179e-01   4.5438494e-01
   2.0648333e+03   4.2867073e-01   4.5454092e-01
   2.0649167e+03   4.2866189e-01   4.5456799e-01
   2.0650000e+03   4.2853297e-01   4.5446363e-01
   2.0650833e+03   4.2836087e-01   4.5431197e-01
   2.0651667e+03   4.2822919e-01   4.5420454e-01
   2.0652500e+03   4.2821922e-01   4.5423033e-01
   2.0653333e+03   4.2832925e-01   4.5438749e-01
   2.0654167e+03   4.2844523e-01   4.5455117e-01
   2.0655000e+03   4.2849990e-01   4.5464774e-01
   2.0655833e+03   4.2851818e-01   4.5470444e-01
   2.0656667e+03   4.2856030e-01   4.5478726e-01
   2.0657500e+03   4.2867547e-01   4.5495010e-01
   2.0658333e+03   4.2878478e-01   4.5510655e-01
   2.0659167e+03   4.2877662e-01   4.5513432e-01
   2.0660000e+03   4.2864850e-01   4.5503067e-01
   2.0660833e+03   4.2847722e-01   4.5487971e-01
   2.0661667e+03   4.2834634e-01   4.5477299e-01
   2.0662500e+03   4.2833705e-01   4.5479948e-01
   2.0663333e+03   4.2844743e-01   4.5495710e-01
   2.0664167e+03   4.2856330e-01   4.5512075e-01
   2.0665000e+03   4.2861749e-01   4.5521681e-01
   2.0665833e+03   4.2863513e-01   4.5527282e-01
   2.0666667e+03   4.2867672e-01   4.5535507e-01
   2.0667500e+03   4.2879176e-01   4.5551786e-01
   2.0668333e+03   4.2890142e-01   4.5567478e-01
   2.0669167e+03   4.2889392e-01   4.5570326e-01
   2.0670000e+03   4.2876659e-01   4.5560032e-01
   2.0670833e+03   4.2859612e-01   4.5545006e-01
   2.0671667e+03   4.2846602e-01   4.5534405e-01
   2.0672500e+03   4.2845739e-01   4.5537124e-01
   2.0673333e+03   4.2856811e-01   4.5552933e-01
   2.0674167e+03   4.2868384e-01   4.5569293e-01
   2.0675000e+03   4.2873753e-01   4.5578850e-01
   2.0675833e+03   4.2875452e-01   4.5584379e-01
   2.0676667e+03   4.2879555e-01   4.5592547e-01
   2.0677500e+03   4.2891044e-01   4.5608821e-01
   2.0678333e+03   4.2902044e-01   4.5624560e-01
   2.0679167e+03   4.2901359e-01   4.5627478e-01
   2.0680000e+03   4.2888702e-01   4.5617256e-01
   2.0680833e+03   4.2871735e-01   4.5602299e-01
   2.0681667e+03   4.2858802e-01   4.5591770e-01
   2.0682500e+03   4.2858003e-01   4.5594559e-01
   2.0683333e+03   4.2869106e-01   4.5610415e-01
   2.0684167e+03   4.2880664e-01   4.5626771e-01
   2.0685000e+03   4.2885982e-01   4.5636277e-01
   2.0685833e+03   4.2887614e-01   4.5641736e-01
   2.0686667e+03   4.2891659e-01   4.5649845e-01
   2.0687500e+03   4.2903131e-01   4.5666114e-01
   2.0688333e+03   4.2914162e-01   4.5681901e-01
   2.0689167e+03   4.2913540e-01   4.5684889e-01
   2.0690000e+03   4.2900959e-01   4.5674738e-01
   2.0690833e+03   4.2884070e-01   4.5659851e-01
   2.0691667e+03   4.2871212e-01   4.5649393e-01
   2.0692500e+03   4.2870476e-01   4.5652252e-01
   2.0693333e+03   4.2881609e-01   4.5668155e-01
   2.0694167e+03   4.2893149e-01   4.5684507e-01
   2.0695000e+03   4.2898413e-01   4.5693961e-01
   2.0695833e+03   4.2899976e-01   4.5699349e-01
   2.0696667e+03   4.2903961e-01   4.5707400e-01
   2.0697500e+03   4.2915415e-01   4.5723664e-01
   2.0698333e+03   4.2926475e-01   4.5739498e-01
   2.0699167e+03   4.2925915e-01   4.5742556e-01
   2.0700000e+03   4.2913408e-01   4.5732477e-01
   2.0700833e+03   4.2896595e-01   4.5717660e-01
   2.0701667e+03   4.2883811e-01   4.5707273e-01
   2.0702500e+03   4.2883136e-01   4.5710203e-01
   2.0703333e+03   4.2894297e-01   4.5726152e-01
   2.0704167e+03   4.2905818e-01   4.5742500e-01
   2.0705000e+03   4.2911026e-01   4.5751903e-01
   2.0705833e+03   4.2912518e-01   4.5757219e-01
   2.0706667e+03   4.2916442e-01   4.5765211e-01
   2.0707500e+03   4.2927875e-01   4.5781469e-01
   2.0708333e+03   4.2938963e-01   4.5797350e-01
   2.0709167e+03   4.2938462e-01   4.5800479e-01
   2.0710000e+03   4.2926027e-01   4.5790471e-01
   2.0710833e+03   4.2909289e-01   4.5775725e-01
   2.0711667e+03   4.2896577e-01   4.5765409e-01
   2.0712500e+03   4.2895961e-01   4.5768409e-01
   2.0713333e+03   4.2907149e-01   4.5784405e-01
   2.0714167e+03   4.2918649e-01   4.5800748e-01
   2.0715000e+03   4.2923799e-01   4.5810099e-01
   2.0715833e+03   4.2925218e-01   4.5815343e-01
   2.0716667e+03   4.2929079e-01   4.5823276e-01
   2.0717500e+03   4.2940489e-01   4.5839529e-01
   2.0718333e+03   4.2951603e-01   4.5855457e-01
   2.0719167e+03   4.2951160e-01   4.5858656e-01
   2.0720000e+03   4.2938796e-01   4.5848720e-01
   2.0720833e+03   4.2922132e-01   4.5834043e-01
   2.0721667e+03   4.2909491e-01   4.5823799e-01
   2.0722500e+03   4.2908932e-01   4.5826869e-01
   2.0723333e+03   4.2920143e-01   4.5842912e-01
   2.0724167e+03   4.2931621e-01   4.5859250e-01
   2.0725000e+03   4.2936710e-01   4.5868549e-01
   2.0725833e+03   4.2938055e-01   4.5873721e-01
   2.0726667e+03   4.2941850e-01   4.5881594e-01
   2.0727500e+03   4.2953236e-01   4.5897841e-01
   2.0728333e+03   4.2964373e-01   4.5913816e-01
   2.0729167e+03   4.2963987e-01   4.5917086e-01
   2.0730000e+03   4.2951693e-01   4.5907221e-01
   2.0730833e+03   4.2935100e-01   4.5892615e-01
   2.0731667e+03   4.2922529e-01   4.5882442e-01
   2.0732500e+03   4.2922026e-01   4.5885583e-01
   2.0733333e+03   4.2933260e-01   4.5901673e-01
   2.0734167e+03   4.2944712e-01   4.5918005e-01
   2.0735000e+03   4.2949740e-01   4.5927252e-01
   2.0735833e+03   4.2951008e-01   4.5932350e-01
   2.0736667e+03   4.2954736e-01   4.5940164e-01
   2.0737500e+03   4.2966095e-01   4.5956404e-01
   2.0738333e+03   4.2977254e-01   4.5972427e-01
   2.0739167e+03   4.2976922e-01   4.5975767e-01
   2.0740000e+03   4.2964696e-01   4.5965975e-01
   2.0740833e+03   4.2948174e-01   4.5951439e-01
   2.0741667e+03   4.2935670e-01   4.5941337e-01
   2.0742500e+03   4.2935222e-01   4.5944549e-01
   2.0743333e+03   4.2946476e-01   4.5960685e-01
   2.0744167e+03   4.2957901e-01   4.5977012e-01
   2.0745000e+03   4.2962865e-01   4.5986206e-01
   2.0745833e+03   4.2964055e-01   4.5991231e-01
   2.0746667e+03   4.2967713e-01   4.5998985e-01
   2.0747500e+03   4.2979044e-01   4.6015218e-01
   2.0748333e+03   4.2990223e-01   4.6031288e-01
   2.0749167e+03   4.2989944e-01   4.6034699e-01
   2.0750000e+03   4.2977784e-01   4.6024978e-01
   2.0750833e+03   4.2961330e-01   4.6010510e-01
   2.0751667e+03   4.2948887e-01   4.6000476e-01
   2.0752500e+03   4.2948486e-01   4.6003752e-01
   2.0753333e+03   4.2959756e-01   4.6019932e-01
   2.0754167e+03   4.2971155e-01   4.6036258e-01
   2.0755000e+03   4.2976064e-01   4.6045409e-01
   2.0755833e+03   4.2977187e-01   4.6050375e-01
   2.0756667e+03   4.2980788e-01   4.6058084e-01
   2.0757500e+03   4.2992095e-01   4.6074318e-01
   2.0758333e+03   4.3003285e-01   4.6090427e-01
   2.0759167e+03   4.3003040e-01   4.6093889e-01
   2.0760000e+03   4.2990920e-01   4.6084213e-01
   2.0760833e+03   4.2974506e-01   4.6069785e-01
   2.0761667e+03   4.2962104e-01   4.6059795e-01
   2.0762500e+03   4.2961734e-01   4.6063120e-01
   2.0763333e+03   4.2973013e-01   4.6079339e-01
   2.0764167e+03   4.2984389e-01   4.6095667e-01
   2.0765000e+03   4.2989249e-01   4.6104787e-01
   2.0765833e+03   4.2990314e-01   4.6109705e-01
   2.0766667e+03   4.2993863e-01   4.6117376e-01
   2.0767500e+03   4.3005146e-01   4.6133612e-01
   2.0768333e+03   4.3016344e-01   4.6149760e-01
   2.0769167e+03   4.3016129e-01   4.6153271e-01
   2.0770000e+03   4.3004047e-01   4.6143639e-01
   2.0770833e+03   4.2987674e-01   4.6129253e-01
   2.0771667e+03   4.2975309e-01   4.6119307e-01
   2.0772500e+03   4.2974969e-01   4.6122681e-01
   2.0773333e+03   4.2986254e-01   4.6138938e-01
   2.0774167e+03   4.2997606e-01   4.6155269e-01
   2.0775000e+03   4.3002416e-01   4.6164356e-01
   2.0775833e+03   4.3003421e-01   4.6169227e-01
   2.0776667e+03   4.3006916e-01   4.6176860e-01
   2.0777500e+03   4.3018173e-01   4.6193098e-01
   2.0778333e+03   4.3029378e-01   4.6209285e-01
   2.0779167e+03   4.3029190e-01   4.6212845e-01
   2.0780000e+03   4.3017145e-01   4.6203257e-01
   2.0780833e+03   4.3000811e-01   4.6188912e-01
   2.0781667e+03   4.2988483e-01   4.6179010e-01
   2.0782500e+03   4.2988170e-01   4.6182433e-01
   2.0783333e+03   4.2999461e-01   4.6198728e-01
   2.0784167e+03   4.3010785e-01   4.6215063e-01
   2.0785000e+03   4.3015544e-01   4.6224117e-01
   2.0785833e+03   4.3016487e-01   4.6228940e-01
   2.0786667e+03   4.3019927e-01   4.6236535e-01
   2.0787500e+03   4.3031155e-01   4.6252775e-01
   2.0788333e+03   4.3042365e-01   4.6269001e-01
   2.0789167e+03   4.3042204e-01   4.6272610e-01
   2.0790000e+03   4.3030195e-01   4.6263067e-01
   2.0790833e+03   4.3013897e-01   4.6248763e-01
   2.0791667e+03   4.3001604e-01   4.6238905e-01
   2.0792500e+03   4.3001318e-01   4.6242377e-01
   2.0793333e+03   4.3012612e-01   4.6258710e-01
   2.0794167e+03   4.3023908e-01   4.6275048e-01
   2.0795000e+03   4.3028613e-01   4.6284070e-01
   2.0795833e+03   4.3029492e-01   4.6288843e-01
   2.0796667e+03   4.3032874e-01   4.6296400e-01
   2.0797500e+03   4.3044073e-01   4.6312643e-01
   2.0798333e+03   4.3055285e-01   4.6328907e-01
   2.0799167e+03   4.3055149e-01   4.6332565e-01
   2.0800000e+03   4.3043174e-01   4.6323067e-01
   2.0800833e+03   4.3026912e-01   4.6308804e-01
   2.0801667e+03   4.3014653e-01   4.6298990e-01
   2.0802500e+03   4.3014391e-01   4.6302512e-01
   2.0803333e+03   4.3025687e-01   4.6318884e-01
   2.0804167e+03   4.3036952e-01   4.6335224e-01
   2.0805000e+03   4.3041601e-01   4.6344213e-01
   2.0805833e+03   4.3042415e-01   4.6348938e-01
   2.0806667e+03   4.3045738e-01   4.6356456e-01
   2.0807500e+03   4.3056905e-01   4.6372701e-01
   2.0808333e+03   4.3068118e-01   4.6389004e-01
   2.0809167e+03   4.3068006e-01   4.6392711e-01
   2.0810000e+03   4.3056062e-01   4.6383257e-01
   2.0810833e+03   4.3039835e-01   4.6369036e-01
   2.0811667e+03   4.3027609e-01   4.6359267e-01
   2.0812500e+03   4.3027369e-01   4.6362837e-01
   2.0813333e+03   4.3038665e-01   4.6379247e-01
   2.0814167e+03   4.3049897e-01   4.6395590e-01
   2.0815000e+03   4.3054489e-01   4.6404546e-01
   2.0815833e+03   4.3055236e-01   4.6409222e-01
   2.0816667e+03   4.3058498e-01   4.6416702e-01
   2.0817500e+03   4.3069631e-01   4.6432949e-01
   2.0818333e+03   4.3080843e-01   4.6449290e-01
   2.0819167e+03   4.3080752e-01   4.6453047e-01
   2.0820000e+03   4.3068840e-01   4.6443638e-01
   2.0820833e+03   4.3052646e-01   4.6429458e-01
   2.0821667e+03   4.3040450e-01   4.6419733e-01
   2.0822500e+03   4.3040232e-01   4.6423353e-01
   2.0823333e+03   4.3051525e-01   4.6439801e-01
   2.0824167e+03   4.3062722e-01   4.6456147e-01
   2.0825000e+03   4.3067256e-01   4.6465070e-01
   2.0825833e+03   4.3067933e-01   4.6469697e-01
   2.0826667e+03   4.3071133e-01   4.6477137e-01
   2.0827500e+03   4.3082229e-01   4.6493386e-01
   2.0828333e+03   4.3093439e-01   4.6509766e-01
   2.0829167e+03   4.3093368e-01   4.6513572e-01
   2.0830000e+03   4.3081485e-01   4.6504208e-01
   2.0830833e+03   4.3065323e-01   4.6490070e-01
   2.0831667e+03   4.3053157e-01   4.6480389e-01
   2.0832500e+03   4.3052958e-01   4.6484058e-01
   2.0833333e+03   4.3064247e-01   4.6500545e-01
   2.0834167e+03   4.3075407e-01   4.6516894e-01
   2.0835000e+03   4.3079880e-01   4.6525783e-01
   2.0835833e+03   4.3080487e-01   4.6530360e-01
   2.0836667e+03   4.3083621e-01   4.6537762e-01
   2.0837500e+03   4.3094681e-01   4.6554012e-01
   2.0838333e+03   4.3105885e-01   4.6570431e-01
   2.0839167e+03   4.3105832e-01   4.6574287e-01
   2.0840000e+03   4.3093978e-01   4.6564967e-01
   2.0840833e+03   4.3077846e-01   4.6550871e-01
   2.0841667e+03   4.3065708e-01   4.6541234e-01
   2.0842500e+03   4.3065527e-01   4.6544953e-01
   2.0843333e+03   4.3076809e-01   4.6561479e-01
   2.0844167e+03   4.3087932e-01   4.6577829e-01
   2.0845000e+03   4.3092341e-01   4.6586685e-01
   2.0845833e+03   4.3092875e-01   4.6591212e-01
   2.0846667e+03   4.3095944e-01   4.6598574e-01
   2.0847500e+03   4.3106963e-01   4.6614827e-01
   2.0848333e+03   4.3118161e-01   4.6631285e-01
   2.0849167e+03   4.3118125e-01   4.6635190e-01
   2.0850000e+03   4.3106297e-01   4.6625915e-01
   2.0850833e+03   4.3090194e-01   4.6611860e-01
   2.0851667e+03   4.3078082e-01   4.6602268e-01
   2.0852500e+03   4.3077917e-01   4.6606037e-01
   2.0853333e+03   4.3089192e-01   4.6622601e-01
   2.0854167e+03   4.3100274e-01   4.6638954e-01
   2.0855000e+03   4.3104619e-01   4.6647775e-01
   2.0855833e+03   4.3105079e-01   4.6652253e-01
   2.0856667e+03   4.3108079e-01   4.6659576e-01
   2.0857500e+03   4.3119057e-01   4.6675830e-01
   2.0858333e+03   4.3130246e-01   4.6692326e-01
   2.0859167e+03   4.3130224e-01   4.6696281e-01
   2.0860000e+03   4.3118422e-01   4.6687051e-01
   2.0860833e+03   4.3102347e-01   4.6673038e-01
   2.0861667e+03   4.3090260e-01   4.6663491e-01
   2.0862500e+03   4.3090110e-01   4.6667309e-01
   2.0863333e+03   4.3101374e-01   4.6683911e-01
   2.0864167e+03   4.3112414e-01   4.6700267e-01
   2.0865000e+03   4.3116692e-01   4.6709054e-01
   2.0865833e+03   4.3117076e-01   4.6713482e-01
   2.0866667e+03   4.3120006e-01   4.6720764e-01
   2.0867500e+03   4.3130940e-01   4.6737020e-01
   2.0868333e+03   4.3142118e-01   4.6753556e-01
   2.0869167e+03   4.3142110e-01   4.6757560e-01
   2.0870000e+03   4.3130332e-01   4.6748375e-01
   2.0870833e+03   4.3114283e-01   4.6734404e-01
   2.0871667e+03   4.3102220e-01   4.6724901e-01
   2.0872500e+03   4.3102082e-01   4.6728769e-01
   2.0873333e+03   4.3113335e-01   4.6745410e-01
   2.0874167e+03   4.3124330e-01   4.6761768e-01
   2.0875000e+03   4.3128540e-01   4.6770521e-01
   2.0875833e+03   4.3128846e-01   4.6774898e-01
   2.0876667e+03   4.3131704e-01   4.6782141e-01
   2.0877500e+03   4.3142593e-01   4.6798398e-01
   2.0878333e+03   4.3153758e-01   4.6814972e-01
   2.0879167e+03   4.3153762e-01   4.6819027e-01
   2.0880000e+03   4.3142006e-01   4.6809887e-01
   2.0880833e+03   4.3125982e-01   4.6795957e-01
   2.0881667e+03   4.3113941e-01   4.6786499e-01
   2.0882500e+03   4.3113814e-01   4.6790417e-01
   2.0883333e+03   4.3125053e-01   4.6807097e-01
   2.0884167e+03   4.3136002e-01   4.6823456e-01
   2.0885000e+03   4.3140142e-01   4.6832175e-01
   2.0885833e+03   4.3140368e-01   4.6836501e-01
   2.0886667e+03   4.3143153e-01   4.6843704e-01
   2.0887500e+03   4.3153994e-01   4.6859962e-01
   2.0888333e+03   4.3165145e-01   4.6876576e-01
   2.0889167e+03   4.3165158e-01   4.6880680e-01
   2.0890000e+03   4.3153423e-01   4.6871585e-01
   2.0890833e+03   4.3137423e-01   4.6857698e-01
   2.0891667e+03   4.3125403e-01   4.6848284e-01
   2.0892500e+03   4.3125285e-01   4.6852251e-01
   2.0893333e+03   4.3136508e-01   4.6868970e-01
   2.0894167e+03   4.3147409e-01   4.6885332e-01
   2.0895000e+03   4.3151477e-01   4.6894016e-01
   2.0895833e+03   4.3151622e-01   4.6898291e-01
   2.0896667e+03   4.3154330e-01   4.6905453e-01
   2.0897500e+03   4.3165122e-01   4.6921713e-01
   2.0898333e+03   4.3176257e-01   4.6938365e-01
   2.0899167e+03   4.3176278e-01   4.6942520e-01
   2.0900000e+03   4.3164563e-01   4.6933470e-01
   2.0900833e+03   4.3148585e-01   4.6919624e-01
   2.0901667e+03   4.3136584e-01   4.6910256e-01
   2.0902500e+03   4.3136474e-01   4.6914273e-01
   2.0903333e+03   4.3147679e-01   4.6931030e-01
   2.0904167e+03   4.3158529e-01   4.6947394e-01
   2.0905000e+03   4.3162524e-01   4.6956043e-01
   2.0905833e+03   4.3162586e-01   4.6960267e-01
   2.0906667e+03   4.3165217e-01   4.6967389e-01
   2.0907500e+03   4.3175957e-01   4.6983650e-01
   2.0908333e+03   4.3187073e-01   4.7000341e-01
   2.0909167e+03   4.3187101e-01   4.7004545e-01
   2.0910000e+03   4.3175404e-01   4.6995541e-01
   2.0910833e+03   4.3159447e-01   4.6981737e-01
   2.0911667e+03   4.3147464e-01   4.6972414e-01
   2.0912500e+03   4.3147360e-01   4.6976481e-01
   2.0913333e+03   4.3158545e-01   4.6993277e-01
   2.0914167e+03   4.3169343e-01   4.7009642e-01
   2.0915000e+03   4.3173262e-01   4.7018257e-01
   2.0915833e+03   4.3173239e-01   4.7022429e-01
   2.0916667e+03   4.3175791e-01   4.7029509e-01
   2.0917500e+03   4.3186478e-01   4.7045772e-01
   2.0918333e+03   4.3197573e-01   4.7062502e-01
   2.0919167e+03   4.3197605e-01   4.7066756e-01
   2.0920000e+03   4.3185925e-01   4.7057798e-01
   2.0920833e+03   4.3169988e-01   4.7044036e-01
   2.0921667e+03   4.3158022e-01   4.7034758e-01
   2.0922500e+03   4.3157922e-01   4.7038875e-01
   2.0923333e+03   4.3169085e-01   4.7055710e-01
   2.0924167e+03   4.3179829e-01   4.7072077e-01
   2.0925000e+03   4.3183670e-01   4.7080656e-01
   2.0925833e+03   4.3183561e-01   4.7084776e-01
   2.0926667e+03   4.3186031e-01   4.7091815e-01
   2.0927500e+03   4.3196663e-01   4.7108079e-01
   2.0928333e+03   4.3207736e-01   4.7124848e-01
   2.0929167e+03   4.3207771e-01   4.7129153e-01
   2.0930000e+03   4.3196106e-01   4.7120239e-01
   2.0930833e+03   4.3180187e-01   4.7106520e-01
   2.0931667e+03   4.3168236e-01   4.7097287e-01
   2.0932500e+03   4.3168139e-01   4.7101454e-01
   2.0933333e+03   4.3179278e-01   4.7118327e-01
   2.0934167e+03   4.3189966e-01   4.7134696e-01
   2.0935000e+03   4.3193728e-01   4.7143240e-01
   2.0935833e+03   4.3193530e-01   4.7147308e-01
   2.0936667e+03   4.3195918e-01   4.7154306e-01
   2.0937500e+03   4.3206492e-01   4.7170570e-01
   2.0938333e+03   4.3217541e-01   4.7187378e-01
   2.0939167e+03   4.3217577e-01   4.7191733e-01
   2.0940000e+03   4.3205926e-01   4.7182866e-01
   2.0940833e+03   4.3190024e-01   4.7169188e-01
   2.0941667e+03   4.3178087e-01   4.7160000e-01
   2.0942500e+03   4.3177990e-01   4.7164218e-01
   2.0943333e+03   4.3189104e-01   4.7181130e-01
   2.0944167e+03   4.3199733e-01   4.7197500e-01
   2.0945000e+03   4.3203414e-01   4.7206008e-01
   2.0945833e+03   4.3203126e-01   4.7210024e-01
   2.0946667e+03   4.3205429e-01   4.7216981e-01
   2.0947500e+03   4.3215944e-01   4.7233245e-01
   2.0948333e+03   4.3226966e-01   4.7250093e-01
   2.0949167e+03   4.3227002e-01   4.7254498e-01
   2.0950000e+03   4.3215363e-01   4.7245676e-01
   2.0950833e+03   4.3199477e-01   4.7232041e-01
   2.0951667e+03   4.3187552e-01   4.7222898e-01
   2.0952500e+03   4.3187455e-01   4.7227166e-01
   2.0953333e+03   4.3198540e-01   4.7244117e-01
   2.0954167e+03   4.3209109e-01   4.7260489e-01
   2.0955000e+03   4.3212707e-01   4.7268961e-01
   2.0955833e+03   4.3212327e-01   4.7272925e-01
   2.0956667e+03   4.3214544e-01   4.7279839e-01
   2.0957500e+03   4.3224998e-01   4.7296104e-01
   2.0958333e+03   4.3235991e-01   4.7312991e-01
   2.0959167e+03   4.3236025e-01   4.7317447e-01
   2.0960000e+03   4.3224397e-01   4.7308670e-01
   2.0960833e+03   4.3208525e-01   4.7295078e-01
   2.0961667e+03   4.3196611e-01   4.7285980e-01
   2.0962500e+03   4.3196511e-01   4.7290298e-01
   2.0963333e+03   4.3207567e-01   4.7307289e-01
   2.0964167e+03   4.3218074e-01   4.7323662e-01
   2.0965000e+03   4.3221587e-01   4.7332097e-01
   2.0965833e+03   4.3221113e-01   4.7336008e-01
   2.0966667e+03   4.3223242e-01   4.7342880e-01
   2.0967500e+03   4.3233632e-01   4.7359146e-01
   2.0968333e+03   4.3244595e-01   4.7376072e-01
   2.0969167e+03   4.3244625e-01   4.7380579e-01
   2.0970000e+03   4.3233007e-01   4.7371848e-01
   2.0970833e+03   4.3217148e-01   4.7358298e-01
   2.0971667e+03   4.3205244e-01   4.7349246e-01
   2.0972500e+03   4.3205139e-01   4.7353614e-01
   2.0973333e+03   4.3216163e-01   4.7370643e-01
   2.0974167e+03   4.3226606e-01   4.7387018e-01
   2.0975000e+03   4.3230032e-01   4.7395417e-01
   2.0975833e+03   4.3229463e-01   4.7399275e-01
   2.0976667e+03   4.3231502e-01   4.7406104e-01
   2.0977500e+03   4.3241826e-01   4.7422371e-01
   2.0978333e+03   4.3252757e-01   4.7439336e-01
   2.0979167e+03   4.3252781e-01   4.7443893e-01
   2.0980000e+03   4.3241171e-01   4.7435208e-01
   2.0980833e+03   4.3225324e-01   4.7421701e-01
   2.0981667e+03   4.3213428e-01   4.7412694e-01
   2.0982500e+03   4.3213317e-01   4.7417113e-01
   2.0983333e+03   4.3224307e-01   4.7434181e-01
   2.0984167e+03   4.3234684e-01   4.7450557e-01
   2.0985000e+03   4.3238022e-01   4.7458919e-01
   2.0985833e+03   4.3237355e-01   4.7462723e-01
   2.0986667e+03   4.3239302e-01   4.7469511e-01
   2.0987500e+03   4.3249559e-01   4.7485778e-01
   2.0988333e+03   4.3260455e-01   4.7502782e-01
   2.0989167e+03   4.3260472e-01   4.7507390e-01
   2.0990000e+03   4.3248869e-01   4.7498751e-01
   2.0990833e+03   4.3233033e-01   4.7485286e-01
   2.0991667e+03   4.3221143e-01   4.7476325e-01
   2.0992500e+03   4.3221025e-01   4.7480794e-01
   2.0993333e+03   4.3231979e-01   4.7497901e-01
   2.0994167e+03   4.3242287e-01   4.7514278e-01
   2.0995000e+03   4.3245535e-01   4.7522604e-01
   2.0995833e+03   4.3244769e-01   4.7526354e-01
   2.0996667e+03   4.3246622e-01   4.7533099e-01
   2.0997500e+03   4.3256810e-01   4.7549366e-01
   2.0998333e+03   4.3267670e-01   4.7566410e-01
   2.0999167e+03   4.3267678e-01   4.7571068e-01
   2.1000000e+03   4.3256080e-01   4.7562475e-01
   2.1000833e+03   4.3240252e-01   4.7549053e-01
   2.1001667e+03   4.3228368e-01   4.7540137e-01
   2.1002500e+03   4.3228240e-01   4.7544658e-01
   2.1003333e+03   4.3239157e-01   4.7561804e-01
   2.1004167e+03   4.3249394e-01   4.7578181e-01
   2.1005000e+03   4.3252550e-01   4.7586470e-01
   2.1005833e+03   4.3251684e-01   4.7590167e-01
   2.1006667e+03   4.3253442e-01   4.7596868e-01
   2.1007500e+03   4.3263558e-01   4.7613136e-01
   2.1008333e+03   4.3274379e-01   4.7630218e-01
   2.1009167e+03   4.3274376e-01   4.7634928e-01
