   2.0000000e+03   1.0000000e+00   1.0000000e+00   1.0000000e+00
   2.0000833e+03   1.0000000e+00   1.0000000e+00   1.0000000e+00
   2.0001667e+03   1.0000000e+00   1.0000000e+00   1.0000000e+00
   2.0002500e+03   1.0000000e+00   1.0000000e+00   1.0000000e+00
   2.0003333e+03   1.0000000e+00   1.0000000e+00   1.0000000e+00
   2.0004167e+03   1.0000000e+00   1.0000000e+00   1.0000000e+00
   2.0005000e+03   1.0000000e+00   1.0000000e+00   1.0000000e+00
   2.0005833e+03   1.0000000e+00   1.0000000e+00   1.0000000e+00
   2.0006667e+03   1.0000000e+00   1.0000000e+00   1.0000000e+00
   2.0007500e+03   1.0000000e+00   1.0000000e+00   1.0000000e+00
   2.0008333e+03   1.0000000e+00   1.0000000e+00   1.0000000e+00
   2.0009167e+03   1.0000000e+00   1.0000000e+00   1.0000000e+00
   2.0010000e+03   9.9988817e-01   9.9988765e-01   9.9988712e-01
   2.0010833e+03   9.9967548e-01   9.9967396e-01   9.9967244e-01
   2.0011667e+03   9.9946823e-01   9.9946520e-01   9.9946217e-01
   2.0012500e+03   9.9933360e-01   9.9932850e-01   9.9932340e-01
   2.0013333e+03   9.9934758e-01   9.9933973e-01   9.9933188e-01
   2.0014167e+03   9.9946159e-01   9.9945030e-01   9.9943902e-01
   2.0015000e+03   9.9958248e-01   9.9956718e-01   9.9955187e-01
   2.0015833e+03   9.9968997e-01   9.9967009e-01   9.9965021e-01
   2.0016667e+03   5.9986343e-01   5.9984844e-01   5.9983346e-01
   2.0017500e+03   5.9991827e-01   5.9989987e-01   5.9988148e-01
   2.0018333e+03   5.9999039e-01   5.9996820e-01   5.9994601e-01
   2.0019167e+03   6.0001306e-01   5.9998686e-01   5.9996066e-01
   2.0020000e+03   5.9994864e-01   5.9991834e-01   5.9988805e-01
   2.0020833e+03   5.9982417e-01   5.9978965e-01   5.9975514e-01
   2.0021667e+03   5.9970293e-01   5.9966388e-01   5.9962484e-01
   2.0022500e+03   5.9962495e-01   5.9958091e-01   5.9953687e-01
   2.0023333e+03   5.9963519e-01   5.9958551e-01   5.9953584e-01
   2.0024167e+03   5.9970408e-01   5.9964819e-01   5.9959231e-01
   2.0025000e+03   5.9977657e-01   5.9971411e-01   5.9965166e-01
   2.0025833e+03   5.9984034e-01   5.9977100e-01   5.9970166e-01
   2.0026667e+03   5.9988855e-01   5.9981206e-01   5.9973557e-01
   2.0027500e+03   5.9994232e-01   5.9985830e-01   5.9977429e-01
   2.0028333e+03   6.0001459e-01   5.9992260e-01   5.9983063e-01
   2.0029167e+03   6.0003891e-01   5.9993887e-01   5.9983884e-01
   2.0030000e+03   5.9997714e-01   5.9986919e-01   5.9976125e-01
   2.0030833e+03   5.9985579e-01   5.9973997e-01   5.9962417e-01
   2.0031667e+03   5.9973765e-01   5.9961364e-01   5.9948964e-01
   2.0032500e+03   5.9966242e-01   5.9952964e-01   5.9939688e-01
   2.0033333e+03   5.9967450e-01   5.9953206e-01   5.9938964e-01
   2.0034167e+03   5.9974385e-01   5.9959101e-01   5.9943821e-01
   2.0035000e+03   5.9981626e-01   5.9965266e-01   5.9948910e-01
   2.0035833e+03   5.9987927e-01   5.9970463e-01   5.9953003e-01
   2.0036667e+03   5.9992622e-01   5.9974031e-01   5.9955444e-01
   2.0037500e+03   5.9997888e-01   5.9978130e-01   5.9958378e-01
   2.0038333e+03   6.0005128e-01   5.9984153e-01   5.9963185e-01
   2.0039167e+03   6.0007723e-01   5.9985534e-01   5.9963353e-01
   2.0040000e+03   6.0001808e-01   5.9978443e-01   5.9955088e-01
   2.0040833e+03   5.9989982e-01   5.9965463e-01   5.9940953e-01
   2.0041667e+03   5.9978476e-01   5.9952768e-01   5.9927071e-01
   2.0042500e+03   5.9971227e-01   5.9944261e-01   5.9917307e-01
   2.0043333e+03   5.9972615e-01   5.9944277e-01   5.9915952e-01
   2.0044167e+03   5.9979593e-01   5.9949794e-01   5.9920011e-01
   2.0045000e+03   5.9986823e-01   5.9955527e-01   5.9924246e-01
   2.0045833e+03   5.9993046e-01   5.9960226e-01   5.9927424e-01
   2.0046667e+03   5.9997612e-01   5.9963250e-01   5.9928908e-01
   2.0047500e+03   6.0002763e-01   5.9966820e-01   5.9930897e-01
   2.0048333e+03   6.0010013e-01   5.9972430e-01   5.9934869e-01
   2.0049167e+03   6.0012768e-01   5.9973559e-01   5.9934374e-01
   2.0050000e+03   6.0007112e-01   5.9966340e-01   5.9925595e-01
   2.0050833e+03   5.9995594e-01   5.9953296e-01   5.9911027e-01
   2.0051667e+03   5.9984392e-01   5.9940534e-01   5.9896706e-01
   2.0052500e+03   5.9977415e-01   5.9931913e-01   5.9886446e-01
   2.0053333e+03   5.9978982e-01   5.9931699e-01   5.9884453e-01
   2.0054167e+03   5.9985999e-01   5.9936831e-01   5.9887703e-01
   2.0055000e+03   5.9993216e-01   5.9942125e-01   5.9891077e-01
   2.0055833e+03   5.9999357e-01   5.9946322e-01   5.9893332e-01
   2.0056667e+03   6.0003790e-01   5.9948798e-01   5.9893855e-01
   2.0057500e+03   6.0008824e-01   5.9951832e-01   5.9894892e-01
   2.0058333e+03   6.0016081e-01   5.9957022e-01   5.9898020e-01
   2.0059167e+03   6.0018993e-01   5.9957893e-01   5.9896855e-01
   2.0060000e+03   6.0013595e-01   5.9950541e-01   5.9887553e-01
   2.0060833e+03   6.0002382e-01   5.9937428e-01   5.9872543e-01
   2.0061667e+03   5.9991482e-01   5.9924593e-01   5.9857777e-01
   2.0062500e+03   5.9984773e-01   5.9915854e-01   5.9847013e-01
   2.0063333e+03   5.9986516e-01   5.9915403e-01   5.9844373e-01
   2.0064167e+03   5.9993570e-01   5.9920145e-01   5.9846808e-01
   2.0065000e+03   6.0000771e-01   5.9924995e-01   5.9849312e-01
   2.0065833e+03   6.0006827e-01   5.9928683e-01   5.9850638e-01
   2.0066667e+03   6.0011124e-01   5.9930605e-01   5.9850192e-01
   2.0067500e+03   6.0016038e-01   5.9933099e-01   5.9850273e-01
   2.0068333e+03   6.0023299e-01   5.9937865e-01   5.9852549e-01
   2.0069167e+03   6.0026366e-01   5.9938472e-01   5.9850705e-01
   2.0070000e+03   6.0021223e-01   5.9930981e-01   5.9840872e-01
   2.0070833e+03   6.0010311e-01   5.9917793e-01   5.9825414e-01
   2.0071667e+03   5.9999712e-01   5.9904880e-01   5.9810195e-01
   2.0072500e+03   5.9993270e-01   5.9896017e-01   5.9798919e-01
   2.0073333e+03   5.9995185e-01   5.9895323e-01   5.9795623e-01
   2.0074167e+03   6.0002274e-01   5.9899669e-01   5.9797235e-01
   2.0075000e+03   6.0009455e-01   5.9904069e-01   5.9798864e-01
   2.0075833e+03   6.0015424e-01   5.9907243e-01   5.9799255e-01
   2.0076667e+03   6.0019581e-01   5.9908607e-01   5.9797835e-01
   2.0077500e+03   6.0024372e-01   5.9910556e-01   5.9796953e-01
   2.0078333e+03   6.0031634e-01   5.9914891e-01   5.9798371e-01
   2.0079167e+03   6.0034853e-01   5.9915229e-01   5.9795839e-01
   2.0080000e+03   6.0029962e-01   5.9907593e-01   5.9785469e-01
   2.0080833e+03   6.0019351e-01   5.9894325e-01   5.9769555e-01
   2.0081667e+03   6.0009049e-01   5.9881329e-01   5.9753876e-01
   2.0082500e+03   6.0002871e-01   5.9872336e-01   5.9742081e-01
   2.0083333e+03   6.0004957e-01   5.9871393e-01   5.9738122e-01
   2.0084167e+03   6.0012078e-01   5.9875337e-01   5.9738903e-01
   2.0085000e+03   6.0019236e-01   5.9879282e-01   5.9739649e-01
   2.0085833e+03   6.0025114e-01   5.9881938e-01   5.9739099e-01
   2.0086667e+03   6.0029129e-01   5.9882739e-01   5.9736701e-01
   2.0087500e+03   6.0033792e-01   5.9884138e-01   5.9734851e-01
   2.0088333e+03   6.0041053e-01   5.9888036e-01   5.9735404e-01
   2.0089167e+03   6.0044421e-01   5.9888099e-01   5.9732178e-01
   2.0090000e+03   6.0039781e-01   5.9880313e-01   5.9721262e-01
   2.0090833e+03   6.0029467e-01   5.9866960e-01   5.9704886e-01
   2.0091667e+03   6.0019460e-01   5.9853875e-01   5.9688740e-01
   2.0092500e+03   6.0013544e-01   5.9844747e-01   5.9676419e-01
   2.0093333e+03   6.0015798e-01   5.9843550e-01   5.9671789e-01
   2.0094167e+03   6.0022947e-01   5.9847086e-01   5.9671733e-01
   2.0095000e+03   6.0030081e-01   5.9850570e-01   5.9671590e-01
   2.0095833e+03   6.0035864e-01   5.9852703e-01   5.9670094e-01
   2.0096667e+03   6.0039733e-01   5.9852936e-01   5.9666713e-01
   2.0097500e+03   6.0044266e-01   5.9853780e-01   5.9663891e-01
   2.0098333e+03   6.0051523e-01   5.9857237e-01   5.9663573e-01
   2.0099167e+03   6.0055038e-01   5.9857019e-01   5.9659644e-01
   2.0100000e+03   6.0050645e-01   5.9849077e-01   5.9648176e-01
   2.0100833e+03   6.0040627e-01   5.9835633e-01   5.9631331e-01
   2.0101667e+03   6.0030913e-01   5.9822455e-01   5.9614712e-01
   2.0102500e+03   6.0025256e-01   5.9813186e-01   5.9601857e-01
   2.0103333e+03   6.0027676e-01   5.9811729e-01   5.9596550e-01
   2.0104167e+03   6.0034851e-01   5.9814852e-01   5.9595650e-01
   2.0105000e+03   6.0041956e-01   5.9817871e-01   5.9594612e-01
   2.0105833e+03   6.0047642e-01   5.9819475e-01   5.9592166e-01
   2.0106667e+03   6.0051361e-01   5.9819136e-01   5.9587799e-01
   2.0107500e+03   6.0055761e-01   5.9819421e-01   5.9584000e-01
   2.0108333e+03   6.0063010e-01   5.9822431e-01   5.9582805e-01
   2.0109167e+03   6.0066669e-01   5.9821926e-01   5.9578168e-01
   2.0110000e+03   6.0062523e-01   5.9813822e-01   5.9566140e-01
   2.0110833e+03   6.0052797e-01   5.9800283e-01   5.9548820e-01
   2.0111667e+03   6.0043373e-01   5.9787006e-01   5.9531721e-01
   2.0112500e+03   6.0037974e-01   5.9777592e-01   5.9518327e-01
   2.0113333e+03   6.0040556e-01   5.9775868e-01   5.9512335e-01
   2.0114167e+03   6.0047755e-01   5.9778573e-01   5.9510586e-01
   2.0115000e+03   6.0054828e-01   5.9781121e-01   5.9508648e-01
   2.0115833e+03   6.0060414e-01   5.9782192e-01   5.9505247e-01
   2.0116667e+03   3.0031990e-01   2.9890638e-01   2.9749945e-01
   2.0117500e+03   3.0034122e-01   2.9890499e-01   2.9747556e-01
   2.0118333e+03   3.0037741e-01   2.9891778e-01   2.9746517e-01
   2.0119167e+03   3.0039642e-01   2.9891379e-01   2.9743841e-01
   2.0120000e+03   3.0037690e-01   2.9887244e-01   2.9737545e-01
   2.0120833e+03   3.0032972e-01   2.9880424e-01   2.9728644e-01
   2.0121667e+03   3.0028404e-01   2.9873734e-01   2.9719852e-01
   2.0122500e+03   3.0025832e-01   2.9868951e-01   2.9712881e-01
   2.0123333e+03   3.0027204e-01   2.9867954e-01   2.9709540e-01
   2.0124167e+03   3.0030813e-01   2.9869094e-01   2.9708238e-01
   2.0125000e+03   3.0034333e-01   2.9870130e-01   2.9706817e-01
   2.0125833e+03   3.0037073e-01   2.9870397e-01   2.9704637e-01
   2.0126667e+03   3.0038779e-01   2.9869649e-01   2.9701462e-01
   2.0127500e+03   3.0040840e-01   2.9869226e-01   2.9698582e-01
   2.0128333e+03   3.0044453e-01   2.9870276e-01   2.9697099e-01
   2.0129167e+03   3.0046423e-01   2.9869728e-01   2.9694063e-01
   2.0130000e+03   3.0044591e-01   2.9865507e-01   2.9687481e-01
   2.0130833e+03   3.0040018e-01   2.9858635e-01   2.9678336e-01
   2.0131667e+03   3.0035593e-01   2.9851889e-01   2.9669299e-01
   2.0132500e+03   3.0033147e-01   2.9847028e-01   2.9662053e-01
   2.0133333e+03   3.0034597e-01   2.9845892e-01   2.9658362e-01
   2.0134167e+03   3.0038215e-01   2.9846819e-01   2.9656631e-01
   2.0135000e+03   3.0041716e-01   2.9847614e-01   2.9654755e-01
   2.0135833e+03   3.0044404e-01   2.9847610e-01   2.9652094e-01
   2.0136667e+03   3.0046029e-01   2.9846570e-01   2.9648423e-01
   2.0137500e+03   3.0048019e-01   2.9845860e-01   2.9645050e-01
   2.0138333e+03   3.0051624e-01   2.9846680e-01   2.9643122e-01
   2.0139167e+03   3.0053662e-01   2.9845980e-01   2.9639721e-01
   2.0140000e+03   3.0051949e-01   2.9841671e-01   2.9632851e-01
   2.0140833e+03   3.0047519e-01   2.9834743e-01   2.9623460e-01
   2.0141667e+03   3.0043236e-01   2.9827940e-01   2.9614174e-01
   2.0142500e+03   3.0040915e-01   2.9822998e-01   2.9606649e-01
   2.0143333e+03   3.0042443e-01   2.9821721e-01   2.9602608e-01
   2.0144167e+03   3.0046068e-01   2.9822431e-01   2.9600444e-01
   2.0145000e+03   3.0049549e-01   2.9822983e-01   2.9598112e-01
   2.0145833e+03   3.0052181e-01   2.9822706e-01   2.9594970e-01
   2.0146667e+03   3.0053725e-01   2.9821372e-01   2.9590800e-01
   2.0147500e+03   3.0055642e-01   2.9820375e-01   2.9586934e-01
   2.0148333e+03   3.0059237e-01   2.9820960e-01   2.9584558e-01
   2.0149167e+03   3.0061342e-01   2.9820107e-01   2.9580792e-01
   2.0150000e+03   3.0059747e-01   2.9815706e-01   2.9573630e-01
   2.0150833e+03   3.0055459e-01   2.9808720e-01   2.9563991e-01
   2.0151667e+03   3.0051317e-01   2.9801858e-01   2.9554453e-01
   2.0152500e+03   3.0049119e-01   2.9796832e-01   2.9546648e-01
   2.0153333e+03   3.0050724e-01   2.9795412e-01   2.9542252e-01
   2.0154167e+03   3.0054354e-01   2.9795902e-01   2.9539654e-01
   2.0155000e+03   3.0057814e-01   2.9796209e-01   2.9536864e-01
   2.0155833e+03   3.0060389e-01   2.9795657e-01   2.9533239e-01
   2.0156667e+03   3.0061850e-01   2.9794027e-01   2.9528571e-01
   2.0157500e+03   3.0063692e-01   2.9792740e-01   2.9524211e-01
   2.0158333e+03   3.0067275e-01   2.9793090e-01   2.9521385e-01
   2.0159167e+03   3.0069447e-01   2.9792079e-01   2.9517251e-01
   2.0160000e+03   3.0067969e-01   2.9787584e-01   2.9509795e-01
   2.0160833e+03   3.0063821e-01   2.9780538e-01   2.9499905e-01
   2.0161667e+03   3.0059818e-01   2.9773614e-01   2.9490115e-01
   2.0162500e+03   3.0057743e-01   2.9768502e-01   2.9482025e-01
   2.0163333e+03   3.0059423e-01   2.9766935e-01   2.9477273e-01
   2.0164167e+03   3.0063058e-01   2.9767203e-01   2.9474240e-01
   2.0165000e+03   3.0066494e-01   2.9767264e-01   2.9470990e-01
   2.0165833e+03   3.0069011e-01   2.9766434e-01   2.9466881e-01
   2.0166667e+03   3.0070387e-01   2.9764506e-01   2.9461715e-01
   2.0167500e+03   3.0072152e-01   2.9762928e-01   2.9456861e-01
   2.0168333e+03   3.0075723e-01   2.9763040e-01   2.9453584e-01
   2.0169167e+03   3.0077958e-01   2.9761869e-01   2.9449079e-01
   2.0170000e+03   3.0076596e-01   2.9757278e-01   2.9441327e-01
   2.0170833e+03   3.0072588e-01   2.9750169e-01   2.9431184e-01
   2.0171667e+03   3.0068723e-01   2.9743180e-01   2.9421138e-01
   2.0172500e+03   3.0066770e-01   2.9737981e-01   2.9412763e-01
   2.0173333e+03   3.0068524e-01   2.9736265e-01   2.9407653e-01
   2.0174167e+03   3.0072162e-01   2.9736309e-01   2.9404182e-01
   2.0175000e+03   3.0075573e-01   2.9736120e-01   2.9400472e-01
   2.0175833e+03   3.0078030e-01   2.9735011e-01   2.9395879e-01
   2.0176667e+03   3.0079320e-01   2.9732784e-01   2.9390214e-01
   2.0177500e+03   3.0081006e-01   2.9730912e-01   2.9384865e-01
   2.0178333e+03   3.0084563e-01   2.9730783e-01   2.9381137e-01
   2.0179167e+03   3.0086861e-01   2.9729451e-01   2.9376259e-01
   2.0180000e+03   3.0085613e-01   2.9724761e-01   2.9368209e-01
   2.0180833e+03   3.0081743e-01   2.9717587e-01   2.9357811e-01
   2.0181667e+03   3.0078016e-01   2.9710531e-01   2.9347508e-01
   2.0182500e+03   3.0076183e-01   2.9705241e-01   2.9338844e-01
   2.0183333e+03   3.0078009e-01   2.9703373e-01   2.9333374e-01
   2.0184167e+03   3.0081649e-01   2.9703191e-01   2.9329464e-01
   2.0185000e+03   3.0085033e-01   2.9702750e-01   2.9325294e-01
   2.0185833e+03   3.0087429e-01   2.9701361e-01   2.9320216e-01
   2.0186667e+03   3.0088630e-01   2.9698833e-01   2.9314053e-01
   2.0187500e+03   3.0090236e-01   2.9696666e-01   2.9308211e-01
   2.0188333e+03   3.0093777e-01   2.9696295e-01   2.9304030e-01
   2.0189167e+03   3.0096138e-01   2.9694798e-01   2.9298777e-01
   2.0190000e+03   3.0095003e-01   2.9690007e-01   2.9290428e-01
   2.0190833e+03   3.0091270e-01   2.9682765e-01   2.9279772e-01
   2.0191667e+03   3.0087679e-01   2.9675640e-01   2.9269210e-01
   2.0192500e+03   3.0085965e-01   2.9670256e-01   2.9260256e-01
   2.0193333e+03   3.0087863e-01   2.9668235e-01   2.9254424e-01
   2.0194167e+03   3.0091502e-01   2.9667824e-01   2.9250075e-01
   2.0195000e+03   3.0094859e-01   2.9667129e-01   2.9245443e-01
   2.0195833e+03   3.0097191e-01   2.9665458e-01   2.9239881e-01
   2.0196667e+03   3.0098302e-01   2.9662627e-01   2.9233221e-01
   2.0197500e+03   3.0099827e-01   2.9660164e-01   2.9226885e-01
   2.0198333e+03   3.0103350e-01   2.9659549e-01   2.9222251e-01
   2.0199167e+03   3.0105771e-01   2.9657885e-01   2.9216623e-01
   2.0200000e+03   3.0104749e-01   2.9652990e-01   2.9207971e-01
   2.0200833e+03   3.0101152e-01   2.9645679e-01   2.9197057e-01
   2.0201667e+03   3.0097696e-01   2.9638482e-01   2.9186234e-01
   2.0202500e+03   3.0096100e-01   2.9633002e-01   2.9176989e-01
   2.0203333e+03   3.0098068e-01   2.9630824e-01   2.9170793e-01
   2.0204167e+03   3.0101705e-01   2.9630182e-01   2.9166004e-01
   2.0205000e+03   3.0105033e-01   2.9629233e-01   2.9160910e-01
   2.0205833e+03   3.0107300e-01   2.9627277e-01   2.9154864e-01
   2.0206667e+03   3.0108319e-01   2.9624143e-01   2.9147708e-01
   2.0207500e+03   3.0109760e-01   2.9621381e-01   2.9140880e-01
   2.0208333e+03   3.0113265e-01   2.9620520e-01   2.9135792e-01
   2.0209167e+03   3.0115745e-01   2.9618687e-01   2.9129787e-01
   2.0210000e+03   3.0114833e-01   2.9613686e-01   2.9120832e-01
   2.0210833e+03   3.0111372e-01   2.9606302e-01   2.9109658e-01
   2.0211667e+03   3.0108049e-01   2.9599031e-01   2.9098572e-01
   2.0212500e+03   3.0106570e-01   2.9593453e-01   2.9089034e-01
   2.0213333e+03   3.0108606e-01   2.9591117e-01   2.9082473e-01
   2.0214167e+03   3.0112241e-01   2.9590242e-01   2.9077244e-01
   2.0215000e+03   3.0115538e-01   2.9589035e-01   2.9071688e-01
   2.0215833e+03   3.0117738e-01   2.9586794e-01   2.9065160e-01
   2.0216667e+03   1.5059332e-01   1.4791677e-01   1.4528754e-01
   2.0217500e+03   1.5060010e-01   1.4790147e-01   1.4525095e-01
   2.0218333e+03   1.5061752e-01   1.4789592e-01   1.4522324e-01
   2.0219167e+03   1.5063021e-01   1.4788590e-01   1.4519132e-01
   2.0220000e+03   1.5062620e-01   1.4786035e-01   1.4514503e-01
   2.0220833e+03   1.5060956e-01   1.4782306e-01   1.4508785e-01
   2.0221667e+03   1.5059361e-01   1.4778633e-01   1.4503110e-01
   2.0222500e+03   1.5058679e-01   1.4775793e-01   1.4498194e-01
   2.0223333e+03   1.5059731e-01   1.4774545e-01   1.4494731e-01
   2.0224167e+03   1.5061546e-01   1.4773990e-01   1.4491896e-01
   2.0225000e+03   1.5063178e-01   1.4773257e-01   1.4488887e-01
   2.0225833e+03   1.5064244e-01   1.4771993e-01   1.4485382e-01
   2.0226667e+03   1.5064659e-01   1.4770120e-01   1.4481310e-01
   2.0227500e+03   1.5065294e-01   1.4768440e-01   1.4477406e-01
   2.0228333e+03   1.5067025e-01   1.4767760e-01   1.4474408e-01
   2.0229167e+03   1.5068322e-01   1.4766670e-01   1.4471027e-01
   2.0230000e+03   1.5067975e-01   1.4764060e-01   1.4466245e-01
   2.0230833e+03   1.5066378e-01   1.4760293e-01   1.4460395e-01
   2.0231667e+03   1.5064849e-01   1.4756580e-01   1.4454588e-01
   2.0232500e+03   1.5064224e-01   1.4753689e-01   1.4449525e-01
   2.0233333e+03   1.5065309e-01   1.4752359e-01   1.4445878e-01
   2.0234167e+03   1.5067121e-01   1.4751686e-01   1.4442823e-01
   2.0235000e+03   1.5068736e-01   1.4750823e-01   1.4439584e-01
   2.0235833e+03   1.5069767e-01   1.4749414e-01   1.4435839e-01
   2.0236667e+03   1.5070134e-01   1.4747388e-01   1.4431521e-01
   2.0237500e+03   1.5070723e-01   1.4745557e-01   1.4427373e-01
   2.0238333e+03   1.5072443e-01   1.4744751e-01   1.4424149e-01
   2.0239167e+03   1.5073768e-01   1.4743574e-01   1.4420578e-01
   2.0240000e+03   1.5073475e-01   1.4740907e-01   1.4415643e-01
   2.0240833e+03   1.5071943e-01   1.4737101e-01   1.4409661e-01
   2.0241667e+03   1.5070479e-01   1.4733347e-01   1.4403721e-01
   2.0242500e+03   1.5069911e-01   1.4730404e-01   1.4398510e-01
   2.0243333e+03   1.5071029e-01   1.4728991e-01   1.4394680e-01
   2.0244167e+03   1.5072837e-01   1.4728199e-01   1.4391405e-01
   2.0245000e+03   1.5074434e-01   1.4727205e-01   1.4387936e-01
   2.0245833e+03   1.5075429e-01   1.4725651e-01   1.4383951e-01
   2.0246667e+03   1.5075746e-01   1.4723471e-01   1.4379389e-01
   2.0247500e+03   1.5076291e-01   1.4721489e-01   1.4374998e-01
   2.0248333e+03   1.5077998e-01   1.4720556e-01   1.4371548e-01
   2.0249167e+03   1.5079350e-01   1.4719290e-01   1.4367788e-01
   2.0250000e+03   1.5079109e-01   1.4716566e-01   1.4362699e-01
   2.0250833e+03   1.5077645e-01   1.4712720e-01   1.4356587e-01
   2.0251667e+03   1.5076249e-01   1.4708928e-01   1.4350516e-01
   2.0252500e+03   1.5075741e-01   1.4705935e-01   1.4345160e-01
   2.0253333e+03   1.5076894e-01   1.4704442e-01   1.4341149e-01
   2.0254167e+03   1.5078697e-01   1.4703529e-01   1.4337653e-01
   2.0255000e+03   1.5080272e-01   1.4702399e-01   1.4333953e-01
   2.0255833e+03   1.5081223e-01   1.4700694e-01   1.4329724e-01
   2.0256667e+03   1.5081480e-01   1.4698350e-01   1.4324910e-01
   2.0257500e+03   1.5081967e-01   1.4696206e-01   1.4320267e-01
   2.0258333e+03   1.5083657e-01   1.4695142e-01   1.4316589e-01
   2.0259167e+03   1.5085043e-01   1.4693792e-01   1.4312644e-01
   2.0260000e+03   1.5084871e-01   1.4691023e-01   1.4307413e-01
   2.0260833e+03   1.5083491e-01   1.4687153e-01   1.4301185e-01
   2.0261667e+03   1.5082179e-01   1.4683337e-01   1.4294996e-01
   2.0262500e+03   1.5081744e-01   1.4680304e-01   1.4289504e-01
   2.0263333e+03   1.5082937e-01   1.4678733e-01   1.4285315e-01
   2.0264167e+03   1.5084732e-01   1.4677697e-01   1.4281597e-01
   2.0265000e+03   1.5086282e-01   1.4676428e-01   1.4277662e-01
   2.0265833e+03   1.5087183e-01   1.4674565e-01   1.4273184e-01
   2.0266667e+03   1.5087372e-01   1.4672051e-01   1.4268114e-01
   2.0267500e+03   1.5087797e-01   1.4669740e-01   1.4263217e-01
   2.0268333e+03   1.5089468e-01   1.4668542e-01   1.4259308e-01
   2.0269167e+03   1.5090887e-01   1.4667107e-01   1.4255177e-01
   2.0270000e+03   1.5090782e-01   1.4664292e-01   1.4249804e-01
   2.0270833e+03   1.5089486e-01   1.4660396e-01   1.4243456e-01
   2.0271667e+03   1.5088258e-01   1.4656552e-01   1.4237147e-01
   2.0272500e+03   1.5087894e-01   1.4653477e-01   1.4231517e-01
   2.0273333e+03   1.5089126e-01   1.4651827e-01   1.4227149e-01
   2.0274167e+03   1.5090913e-01   1.4650665e-01   1.4223208e-01
   2.0275000e+03   1.5092434e-01   1.4649255e-01   1.4219036e-01
   2.0275833e+03   1.5093285e-01   1.4647233e-01   1.4214310e-01
   2.0276667e+03   1.5093405e-01   1.4644547e-01   1.4208983e-01
   2.0277500e+03   1.5093766e-01   1.4642068e-01   1.4203833e-01
   2.0278333e+03   1.5095417e-01   1.4640735e-01   1.4199692e-01
   2.0279167e+03   1.5096867e-01   1.4639212e-01   1.4195374e-01
   2.0280000e+03   1.5096829e-01   1.4636348e-01   1.4189855e-01
   2.0280833e+03   1.5095616e-01   1.4632423e-01   1.4183386e-01
   2.0281667e+03   1.5094469e-01   1.4628550e-01   1.4176955e-01
   2.0282500e+03   1.5094176e-01   1.4625431e-01   1.4171185e-01
   2.0283333e+03   1.5095446e-01   1.4623699e-01   1.4166636e-01
   2.0284167e+03   1.5097222e-01   1.4622410e-01   1.4162471e-01
   2.0285000e+03   1.5098715e-01   1.4620857e-01   1.4158062e-01
   2.0285833e+03   1.5099513e-01   1.4618674e-01   1.4153087e-01
   2.0286667e+03   1.5099562e-01   1.4615815e-01   1.4147505e-01
   2.0287500e+03   1.5099858e-01   1.4613167e-01   1.4142100e-01
   2.0288333e+03   1.5101487e-01   1.4611696e-01   1.4137728e-01
   2.0289167e+03   1.5102968e-01   1.4610083e-01   1.4133221e-01
   2.0290000e+03   1.5102996e-01   1.4607168e-01   1.4127554e-01
   2.0290833e+03   1.5101864e-01   1.4603213e-01   1.4120963e-01
   2.0291667e+03   1.5100798e-01   1.4599308e-01   1.4114407e-01
   2.0292500e+03   1.5100574e-01   1.4596142e-01   1.4108495e-01
   2.0293333e+03   1.5101882e-01   1.4594327e-01   1.4103765e-01
   2.0294167e+03   1.5103647e-01   1.4592908e-01   1.4099374e-01
   2.0295000e+03   1.5105110e-01   1.4591211e-01   1.4094729e-01
   2.0295833e+03   1.5105853e-01   1.4588866e-01   1.4089505e-01
   2.0296667e+03   1.5105830e-01   1.4585832e-01   1.4083667e-01
   2.0297500e+03   1.5106059e-01   1.4583013e-01   1.4078009e-01
   2.0298333e+03   1.5107665e-01   1.4581403e-01   1.4073404e-01
   2.0299167e+03   1.5109175e-01   1.4579698e-01   1.4068707e-01
   2.0300000e+03   1.5109267e-01   1.4576730e-01   1.4062892e-01
   2.0300833e+03   1.5108218e-01   1.4572743e-01   1.4056176e-01
   2.0301667e+03   1.5107234e-01   1.4568806e-01   1.4049496e-01
   2.0302500e+03   1.5107082e-01   1.4565594e-01   1.4043444e-01
   2.0303333e+03   1.5108427e-01   1.4563695e-01   1.4038531e-01
   2.0304167e+03   1.5110178e-01   1.4562145e-01   1.4033914e-01
   2.0305000e+03   1.5111606e-01   1.4560299e-01   1.4029030e-01
   2.0305833e+03   1.5112288e-01   1.4557786e-01   1.4023554e-01
   2.0306667e+03   7.5560916e-02   7.2772848e-02   7.0087278e-02
   2.0307500e+03   7.5561678e-02   7.2757857e-02   7.0057695e-02
   2.0308333e+03   7.5569566e-02   7.2749089e-02   7.0033497e-02
   2.0309167e+03   7.5577278e-02   7.2740115e-02   7.0009073e-02
   2.0310000e+03   7.5578108e-02   7.2725044e-02   6.9979293e-02
   2.0310833e+03   7.5573327e-02   7.2704998e-02   6.9945142e-02
   2.0311667e+03   7.5568871e-02   7.2685195e-02   6.9911164e-02
   2.0312500e+03   7.5568500e-02   7.2668935e-02   6.9880228e-02
   2.0313333e+03   7.5575426e-02   7.2659029e-02   6.9854772e-02
   2.0314167e+03   7.5584098e-02   7.2650605e-02   6.9830558e-02
   2.0315000e+03   7.5591044e-02   7.2640618e-02   6.9804941e-02
   2.0315833e+03   7.5594119e-02   7.2627191e-02   6.9776296e-02
   2.0316667e+03   7.5593151e-02   7.2610178e-02   6.9744501e-02
   2.0317500e+03   7.5593503e-02   7.2594277e-02   6.9713627e-02
   2.0318333e+03   7.5601238e-02   7.2584784e-02   6.9688262e-02
   2.0319167e+03   7.5609105e-02   7.2575357e-02   6.9662910e-02
   2.0320000e+03   7.5610297e-02   7.2560051e-02   6.9632426e-02
   2.0320833e+03   7.5605976e-02   7.2539885e-02   6.9597702e-02
   2.0321667e+03   7.5601973e-02   7.2519956e-02   6.9563145e-02
   2.0322500e+03   7.5601988e-02   7.2503488e-02   6.9531538e-02
   2.0323333e+03   7.5609107e-02   7.2493166e-02   6.9505194e-02
   2.0324167e+03   7.5617686e-02   7.2484068e-02   6.9479860e-02
   2.0325000e+03   7.5624427e-02   7.2473318e-02   6.9453058e-02
   2.0325833e+03   7.5627156e-02   7.2459028e-02   6.9423163e-02
   2.0326667e+03   7.5625735e-02   7.2441082e-02   6.9390079e-02
   2.0327500e+03   7.5625667e-02   7.2424268e-02   6.9357930e-02
   2.0328333e+03   7.5633238e-02   7.2414047e-02   6.9331410e-02
   2.0329167e+03   7.5641252e-02   7.2404161e-02   6.9305133e-02
   2.0330000e+03   7.5642799e-02   7.2388612e-02   6.9273949e-02
   2.0330833e+03   7.5638930e-02   7.2368320e-02   6.9238654e-02
   2.0331667e+03   7.5635376e-02   7.2348258e-02   6.9203519e-02
   2.0332500e+03   7.5635769e-02   7.2331575e-02   6.9171243e-02
   2.0333333e+03   7.5643072e-02   7.2320831e-02   6.9144016e-02
   2.0334167e+03   7.5651548e-02   7.2311053e-02   6.9117571e-02
   2.0335000e+03   7.5658075e-02   7.2299539e-02   6.9089596e-02
   2.0335833e+03   7.5660447e-02   7.2284383e-02   6.9058465e-02
   2.0336667e+03   7.5658563e-02   7.2265504e-02   6.9024111e-02
   2.0337500e+03   7.5658063e-02   7.2247777e-02   6.8990703e-02
   2.0338333e+03   7.5665461e-02   7.2236824e-02   6.8963038e-02
   2.0339167e+03   7.5673615e-02   7.2226473e-02   6.8935844e-02
   2.0340000e+03   7.5675509e-02   7.2210676e-02   6.8903962e-02
   2.0340833e+03   7.5672086e-02   7.2190249e-02   6.8868097e-02
   2.0341667e+03   7.5668972e-02   7.2170048e-02   6.8832387e-02
   2.0342500e+03   7.5669737e-02   7.2153143e-02   6.8799445e-02
   2.0343333e+03   7.5677217e-02   7.2141971e-02   6.8771340e-02
   2.0344167e+03   7.5685580e-02   7.2131511e-02   6.8743796e-02
   2.0345000e+03   7.5691883e-02   7.2119228e-02   6.8714661e-02
   2.0345833e+03   7.5693888e-02   7.2103206e-02   6.8682310e-02
   2.0346667e+03   7.5691529e-02   7.2083393e-02   6.8646702e-02
   2.0347500e+03   7.5690588e-02   7.2064753e-02   6.8612053e-02
   2.0348333e+03   7.5697803e-02   7.2053064e-02   6.8583256e-02
   2.0349167e+03   7.5706088e-02   7.2042244e-02   6.8555151e-02
   2.0350000e+03   7.5708322e-02   7.2026190e-02   6.8522575e-02
   2.0350833e+03   7.5705338e-02   7.2005624e-02   6.8486143e-02
   2.0351667e+03   7.5702658e-02   7.1985275e-02   6.8449860e-02
   2.0352500e+03   7.5703786e-02   7.1968142e-02   6.8416256e-02
   2.0353333e+03   7.5711434e-02   7.1956537e-02   6.8387280e-02
   2.0354167e+03   7.5719676e-02   7.1945390e-02   6.8358648e-02
   2.0355000e+03   7.5725744e-02   7.1932338e-02   6.8328367e-02
   2.0355833e+03   7.5727372e-02   7.1915448e-02   6.8294811e-02
   2.0356667e+03   7.5724528e-02   7.1894701e-02   6.8257970e-02
   2.0357500e+03   7.5723134e-02   7.1875147e-02   6.8222097e-02
   2.0358333e+03   7.5730157e-02   7.1862721e-02   6.8192181e-02
   2.0359167e+03   7.5738564e-02   7.1851425e-02   6.8163173e-02
   2.0360000e+03   7.5741131e-02   7.1835110e-02   6.8129908e-02
   2.0360833e+03   7.5738579e-02   7.1814396e-02   6.8092912e-02
   2.0361667e+03   7.5736326e-02   7.1793894e-02   6.8056059e-02
   2.0362500e+03   7.5737810e-02   7.1776526e-02   6.8021797e-02
   2.0363333e+03   7.5745619e-02   7.1764483e-02   6.7991957e-02
   2.0364167e+03   7.5753730e-02   7.1752647e-02   6.7962250e-02
   2.0365000e+03   7.5759553e-02   7.1738822e-02   6.7930836e-02
   2.0365833e+03   7.5760793e-02   7.1721065e-02   6.7896095e-02
   2.0366667e+03   7.5757453e-02   7.1699383e-02   6.7858038e-02
   2.0367500e+03   7.5755596e-02   7.1678917e-02   6.7820961e-02
   2.0368333e+03   7.5762416e-02   7.1665751e-02   6.7789940e-02
   2.0369167e+03   7.5770937e-02   7.1653975e-02   6.7760037e-02
   2.0370000e+03   7.5773829e-02   7.1637392e-02   6.7726088e-02
   2.0370833e+03   7.5771702e-02   7.1616524e-02   6.7688532e-02
   2.0371667e+03   7.5769869e-02   7.1595862e-02   6.7651113e-02
   2.0372500e+03   7.5771703e-02   7.1578253e-02   6.7616198e-02
   2.0373333e+03   7.5779664e-02   7.1565766e-02   6.7585502e-02
   2.0374167e+03   7.5787634e-02   7.1553239e-02   6.7554732e-02
   2.0375000e+03   7.5793203e-02   7.1538640e-02   6.7522202e-02
   2.0375833e+03   7.5794044e-02   7.1520014e-02   6.7486292e-02
   2.0376667e+03   3.7895099e-02   3.5748700e-02   3.3723521e-02
   2.0377500e+03   3.7893933e-02   3.5738010e-02   3.3704390e-02
   2.0378333e+03   3.7897237e-02   3.5731056e-02   3.3688334e-02
   2.0379167e+03   3.7901550e-02   3.5724926e-02   3.3672940e-02
   2.0380000e+03   3.7903155e-02   3.5716498e-02   3.3655626e-02
   2.0380833e+03   3.7902301e-02   3.5705984e-02   3.3636570e-02
   2.0381667e+03   3.7901590e-02   3.5695570e-02   3.3617580e-02
   2.0382500e+03   3.7902678e-02   3.5686642e-02   3.3599799e-02
   2.0383333e+03   3.7906731e-02   3.5680174e-02   3.3584028e-02
   2.0384167e+03   3.7910640e-02   3.5673563e-02   3.3568118e-02
   2.0385000e+03   3.7913293e-02   3.5665876e-02   3.3551303e-02
   2.0385833e+03   3.7913509e-02   3.5656129e-02   3.3532774e-02
   2.0386667e+03   3.7911326e-02   3.5644357e-02   3.3512561e-02
   2.0387500e+03   3.7909918e-02   3.5633212e-02   3.3492848e-02
   2.0388333e+03   3.7913111e-02   3.5625886e-02   3.3476256e-02
   2.0389167e+03   3.7917473e-02   3.5619511e-02   3.3460424e-02
   2.0390000e+03   3.7919233e-02   3.5610943e-02   3.3442774e-02
   2.0390833e+03   3.7918584e-02   3.5600346e-02   3.3423442e-02
   2.0391667e+03   3.7918077e-02   3.5589846e-02   3.3404174e-02
   2.0392500e+03   3.7919332e-02   3.5580792e-02   3.3386072e-02
   2.0393333e+03   3.7923452e-02   3.5574098e-02   3.3369882e-02
   2.0394167e+03   3.7927281e-02   3.5567138e-02   3.3353456e-02
   2.0395000e+03   3.7929796e-02   3.5559063e-02   3.3336099e-02
   2.0395833e+03   3.7929802e-02   3.5548882e-02   3.3317005e-02
   2.0396667e+03   3.7927356e-02   3.5536645e-02   3.3296217e-02
   2.0397500e+03   3.7925700e-02   3.5525045e-02   3.3275933e-02
   2.0398333e+03   3.7928777e-02   3.5517347e-02   3.3258811e-02
   2.0399167e+03   3.7933183e-02   3.5510725e-02   3.3242547e-02
   2.0400000e+03   3.7935094e-02   3.5502015e-02   3.3224564e-02
   2.0400833e+03   3.7934647e-02   3.5491332e-02   3.3204960e-02
   2.0401667e+03   3.7934339e-02   3.5480743e-02   3.3185416e-02
   2.0402500e+03   3.7935758e-02   3.5471560e-02   3.3166997e-02
   2.0403333e+03   3.7939941e-02   3.5464637e-02   3.3150393e-02
   2.0404167e+03   3.7943685e-02   3.5457328e-02   3.3133458e-02
   2.0405000e+03   3.7946058e-02   3.5448865e-02   3.3115569e-02
   2.0405833e+03   3.7945849e-02   3.5438251e-02   3.3095920e-02
   2.0406667e+03   3.7943132e-02   3.5425551e-02   3.3074568e-02
   2.0407500e+03   3.7941223e-02   3.5413496e-02   3.3053723e-02
   2.0408333e+03   3.7944179e-02   3.5405425e-02   3.3036081e-02
   2.0409167e+03   3.7948625e-02   3.5398555e-02   3.3019390e-02
   2.0410000e+03   3.7950683e-02   3.5389700e-02   3.3001079e-02
   2.0410833e+03   3.7950435e-02   3.5378928e-02   3.2981205e-02
   2.0411667e+03   3.7950323e-02   3.5368247e-02   3.2961389e-02
   2.0412500e+03   3.7951901e-02   3.5358932e-02   3.2942656e-02
   2.0413333e+03   3.7956143e-02   3.5351779e-02   3.2925645e-02
   2.0414167e+03   3.7959798e-02   3.5344120e-02   3.2908209e-02
   2.0415000e+03   3.7962024e-02   3.5335268e-02   3.2889796e-02
   2.0415833e+03   3.7961594e-02   3.5324222e-02   3.2869603e-02
   2.0416667e+03   3.7958602e-02   3.5311059e-02   3.2847699e-02
   2.0417500e+03   3.7956433e-02   3.5298552e-02   3.2826306e-02
   2.0418333e+03   3.7959264e-02   3.5290108e-02   3.2808152e-02
   2.0419167e+03   3.7963745e-02   3.5282988e-02   3.2791041e-02
   2.0420000e+03   3.7965947e-02   3.5273985e-02   3.2772405e-02
   2.0420833e+03   3.7965893e-02   3.5263121e-02   3.2752265e-02
   2.0421667e+03   3.7965973e-02   3.5252346e-02   3.2732180e-02
   2.0422500e+03   3.7967708e-02   3.5242897e-02   3.2713138e-02
   2.0423333e+03   3.7972005e-02   3.5235511e-02   3.2695724e-02
   2.0424167e+03   3.7975565e-02   3.5227503e-02   3.2677795e-02
   2.0425000e+03   3.7977638e-02   3.5218262e-02   3.2658868e-02
   2.0425833e+03   3.7976982e-02   3.5206784e-02   3.2638143e-02
   2.0426667e+03   3.7973709e-02   3.5193161e-02   3.2615699e-02
   2.0427500e+03   3.7971276e-02   3.5180202e-02   3.2593769e-02
   2.0428333e+03   3.7973976e-02   3.5171385e-02   3.2575113e-02
   2.0429167e+03   3.7978488e-02   3.5164013e-02   3.2557587e-02
   2.0430000e+03   3.7980829e-02   3.5154860e-02   3.2538632e-02
   2.0430833e+03   3.7980967e-02   3.5143902e-02   3.2518229e-02
   2.0431667e+03   3.7981235e-02   3.5133030e-02   3.2497879e-02
   2.0432500e+03   3.7983122e-02   3.5123444e-02   3.2478531e-02
   2.0433333e+03   3.7987469e-02   3.5115824e-02   3.2460721e-02
   2.0434167e+03   3.7990930e-02   3.5107465e-02   3.2442309e-02
   2.0435000e+03   3.7992846e-02   3.5097836e-02   3.2422878e-02
   2.0435833e+03   3.7991959e-02   3.5085927e-02   3.2401633e-02
   2.0436667e+03   3.7988399e-02   3.5071846e-02   3.2378661e-02
   2.0437500e+03   3.7985696e-02   3.5058437e-02   3.2356206e-02
   2.0438333e+03   3.7988260e-02   3.5049246e-02   3.2337058e-02
   2.0439167e+03   3.7992798e-02   3.5041621e-02   3.2319124e-02
   2.0440000e+03   3.7995276e-02   3.5032317e-02   3.2299854e-02
   2.0440833e+03   3.7995601e-02   3.5021262e-02   3.2279192e-02
   2.0441667e+03   3.7996054e-02   3.5010290e-02   3.2258581e-02
   2.0442500e+03   3.7998089e-02   3.5000565e-02   3.2238933e-02
   2.0443333e+03   3.8002483e-02   3.4992710e-02   3.2220733e-02
   2.0444167e+03   3.8005839e-02   3.4983999e-02   3.2201847e-02
   2.0445000e+03   3.8007592e-02   3.4973983e-02   3.2181923e-02
   2.0445833e+03   3.8006468e-02   3.4961645e-02   3.2160168e-02
   2.0446667e+03   3.8002616e-02   3.4947107e-02   3.2136681e-02
   2.0447500e+03   3.7999638e-02   3.4933250e-02   3.2113715e-02
   2.0448333e+03   3.8002060e-02   3.4923687e-02   3.2094084e-02
   2.0449167e+03   3.8006621e-02   3.4915807e-02   3.2075750e-02
   2.0450000e+03   3.8009230e-02   3.4906348e-02   3.2056170e-02
   2.0450833e+03   3.8009739e-02   3.4895194e-02   3.2035253e-02
   2.0451667e+03   3.8010374e-02   3.4884120e-02   3.2014386e-02
   2.0452500e+03   3.8012553e-02   3.4874254e-02   3.1994442e-02
   2.0453333e+03   3.8016989e-02   3.4866161e-02   3.1975859e-02
   2.0454167e+03   3.8020236e-02   3.4857100e-02   3.1956509e-02
   2.0455000e+03   3.8021820e-02   3.4846697e-02   3.1936102e-02
   2.0455833e+03   3.8020454e-02   3.4833931e-02   3.1913850e-02
   2.0456667e+03   3.8016304e-02   3.4818939e-02   3.1889861e-02
   2.0457500e+03   3.8013046e-02   3.4804636e-02   3.1866396e-02
   2.0458333e+03   3.8015322e-02   3.4794700e-02   3.1846294e-02
   2.0459167e+03   3.8019900e-02   3.4786565e-02   3.1827567e-02
   2.0460000e+03   3.8022638e-02   3.4776950e-02   3.1807681e-02
   2.0460833e+03   3.8023326e-02   3.4765694e-02   3.1786515e-02
   2.0461667e+03   3.8024139e-02   3.4754516e-02   3.1765395e-02
   2.0462500e+03   3.8026459e-02   3.4744507e-02   3.1745161e-02
   2.0463333e+03   3.8030932e-02   3.4736176e-02   3.1726203e-02
   2.0464167e+03   3.8034064e-02   3.4726764e-02   3.1706398e-02
   2.0465000e+03   3.8035475e-02   3.4715975e-02   3.1685519e-02
   2.0465833e+03   3.8033862e-02   3.4702783e-02   3.1662782e-02
   2.0466667e+03   3.8029409e-02   3.4687338e-02   3.1638307e-02
   2.0467500e+03   3.8025864e-02   3.4672592e-02   3.1614355e-02
   2.0468333e+03   3.8027989e-02   3.4662284e-02   3.1593792e-02
   2.0469167e+03   3.8032580e-02   3.4653892e-02   3.1574680e-02
   2.0470000e+03   3.8035441e-02   3.4644120e-02   3.1554496e-02
   2.0470833e+03   3.8036307e-02   3.4632760e-02   3.1533084e-02
   2.0471667e+03   3.8037293e-02   3.4621475e-02   3.1511717e-02
   2.0472500e+03   3.8039749e-02   3.4611321e-02   3.1491198e-02
   2.0473333e+03   3.8044255e-02   3.4602750e-02   3.1471871e-02
   2.0474167e+03   3.8047268e-02   3.4592989e-02   3.1451622e-02
   2.0475000e+03   3.8048501e-02   3.4581814e-02   3.1430283e-02
   2.0475833e+03   3.8046635e-02   3.4568198e-02   3.1407075e-02
   2.0476667e+03   3.8041873e-02   3.4552304e-02   3.1382125e-02
   2.0477500e+03   3.8038036e-02   3.4537117e-02   3.1357702e-02
   2.0478333e+03   3.8040004e-02   3.4526438e-02   3.1336688e-02
   2.0479167e+03   3.8044604e-02   3.4517789e-02   3.1317199e-02
   2.0480000e+03   3.8047586e-02   3.4507857e-02   3.1296722e-02
   2.0480833e+03   3.8048623e-02   3.4496391e-02   3.1275071e-02
   2.0481667e+03   3.8049780e-02   3.4484997e-02   3.1253461e-02
   2.0482500e+03   3.8052369e-02   3.4474697e-02   3.1232663e-02
   2.0483333e+03   3.8056903e-02   3.4465885e-02   3.1212976e-02
   2.0484167e+03   3.8059792e-02   3.4455774e-02   3.1192293e-02
   2.0485000e+03   3.8060841e-02   3.4444216e-02   3.1170505e-02
   2.0485833e+03   3.8058716e-02   3.4430178e-02   3.1146839e-02
   2.0486667e+03   3.8053640e-02   3.4413838e-02   3.1121429e-02
   2.0487500e+03   3.8049506e-02   3.4398211e-02   3.1096548e-02
   2.0488333e+03   3.8051313e-02   3.4387163e-02   3.1075096e-02
   2.0489167e+03   3.8055917e-02   3.4378256e-02   3.1055237e-02
   2.0490000e+03   3.8059014e-02   3.4368162e-02   3.1034474e-02
   2.0490833e+03   3.8060221e-02   3.4356589e-02   3.1012588e-02
   2.0491667e+03   3.8061543e-02   3.4345085e-02   3.0990741e-02
   2.0492500e+03   3.8064261e-02   3.4334635e-02   3.0969671e-02
   2.0493333e+03   3.8068819e-02   3.4325583e-02   3.0949631e-02
   2.0494167e+03   3.8071578e-02   3.4315122e-02   3.0928525e-02
   2.0495000e+03   3.8072439e-02   3.4303182e-02   3.0906301e-02
   2.0495833e+03   3.8070050e-02   3.4288725e-02   3.0882189e-02
   2.0496667e+03   3.8064654e-02   3.4271941e-02   3.0856335e-02
   2.0497500e+03   3.8060217e-02   3.4255879e-02   3.0831010e-02
   2.0498333e+03   3.8061857e-02   3.4244463e-02   3.0809130e-02
   2.0499167e+03   3.8066460e-02   3.4235297e-02   3.0788911e-02
   2.0500000e+03   3.8069669e-02   3.4225040e-02   3.0767868e-02
   2.0500833e+03   3.8071041e-02   3.4213357e-02   3.0745753e-02
   2.0501667e+03   3.8072525e-02   3.4201739e-02   3.0723675e-02
   2.0502500e+03   3.8075366e-02   3.4191139e-02   3.0702338e-02
   2.0503333e+03   3.8079944e-02   3.4181845e-02   3.0681953e-02
   2.0504167e+03   3.8082570e-02   3.4171038e-02   3.0660438e-02
   2.0505000e+03   3.8083240e-02   3.4158720e-02   3.0637792e-02
   2.0505833e+03   3.8080588e-02   3.4143850e-02   3.0613252e-02
   2.0506667e+03   3.8074874e-02   3.4126633e-02   3.0586972e-02
   2.0507500e+03   3.8070137e-02   3.4110145e-02   3.0561223e-02
   2.0508333e+03   3.8071610e-02   3.4098366e-02   3.0538932e-02
   2.0509167e+03   3.8076209e-02   3.4088942e-02   3.0518363e-02
   2.0510000e+03   3.8079522e-02   3.4078519e-02   3.0497046e-02
   2.0510833e+03   3.8081049e-02   3.4066720e-02   3.0474705e-02
   2.0511667e+03   3.8082686e-02   3.4054986e-02   3.0452400e-02
   2.0512500e+03   3.8085643e-02   3.4044232e-02   3.0430802e-02
   2.0513333e+03   3.8090236e-02   3.4034695e-02   3.0410084e-02
   2.0514167e+03   3.8092728e-02   3.4023547e-02   3.0388173e-02
   2.0515000e+03   3.8093206e-02   3.4010856e-02   3.0365122e-02
   2.0515833e+03   3.8090289e-02   3.3995582e-02   3.0340172e-02
   2.0516667e+03   3.8084256e-02   3.3977938e-02   3.0313486e-02
   2.0517500e+03   3.8079217e-02   3.3961032e-02   3.0287330e-02
   2.0518333e+03   3.8080520e-02   3.3948893e-02   3.0264643e-02
   2.0519167e+03   3.8085110e-02   3.3939212e-02   3.0243735e-02
   2.0520000e+03   3.8088522e-02   3.3928623e-02   3.0222153e-02
   2.0520833e+03   3.8090201e-02   3.3916709e-02   3.0199595e-02
   2.0521667e+03   3.8091987e-02   3.3904856e-02   3.0177072e-02
   2.0522500e+03   3.8095057e-02   3.3893949e-02   3.0155223e-02
   2.0523333e+03   3.8099661e-02   3.3884172e-02   3.0134182e-02
   2.0524167e+03   3.8102013e-02   3.3872684e-02   3.0111889e-02
   2.0525000e+03   3.8102295e-02   3.3859625e-02   3.0088447e-02
   2.0525833e+03   3.8099108e-02   3.3843949e-02   3.0063104e-02
   2.0526667e+03   3.8092751e-02   3.3825885e-02   3.0036027e-02
   2.0527500e+03   3.8087404e-02   3.3808563e-02   3.0009482e-02
   2.0528333e+03   3.8088532e-02   3.3796069e-02   2.9986413e-02
   2.0529167e+03   3.8093108e-02   3.3786133e-02   2.9965178e-02
   2.0530000e+03   3.8096617e-02   3.3775378e-02   2.9943340e-02
   2.0530833e+03   3.8098444e-02   3.3763348e-02   2.9920574e-02
   2.0531667e+03   3.8100376e-02   3.3751377e-02   2.9897840e-02
   2.0532500e+03   3.8103555e-02   3.3740316e-02   2.9875749e-02
   2.0533333e+03   3.8108164e-02   3.3730299e-02   2.9854396e-02
   2.0534167e+03   3.8110373e-02   3.3718476e-02   2.9831736e-02
   2.0535000e+03   3.8110453e-02   3.3705051e-02   2.9807919e-02
   2.0535833e+03   3.8106992e-02   3.3688978e-02   2.9782198e-02
   2.0536667e+03   3.8100306e-02   3.3670498e-02   2.9754749e-02
   2.0537500e+03   3.8094646e-02   3.3652767e-02   2.9727831e-02
   2.0538333e+03   3.8095594e-02   3.3639920e-02   2.9704394e-02
   2.0539167e+03   3.8100152e-02   3.3629730e-02   2.9682843e-02
   2.0540000e+03   3.8103753e-02   3.3618809e-02   2.9660760e-02
   2.0540833e+03   3.8105725e-02   3.3606663e-02   2.9637794e-02
   2.0541667e+03   3.8107799e-02   3.3594575e-02   2.9614858e-02
   2.0542500e+03   3.8111083e-02   3.3583360e-02   2.9592535e-02
   2.0543333e+03   3.8115694e-02   3.3573105e-02   2.9570882e-02
   2.0544167e+03   3.8117754e-02   3.3560948e-02   2.9547868e-02
   2.0545000e+03   3.8117627e-02   3.3547162e-02   2.9523690e-02
   2.0545833e+03   3.8113886e-02   3.3530697e-02   2.9497607e-02
   2.0546667e+03   3.8106866e-02   3.3511806e-02   2.9469803e-02
   2.0547500e+03   3.8100888e-02   3.3493670e-02   2.9442529e-02
   2.0548333e+03   3.8101652e-02   3.3480474e-02   2.9418740e-02
   2.0549167e+03   3.8106188e-02   3.3470031e-02   2.9396884e-02
   2.0550000e+03   3.8109877e-02   3.3458945e-02   2.9374565e-02
   2.0550833e+03   3.8111990e-02   3.3446684e-02   2.9351408e-02
   2.0551667e+03   3.8114202e-02   3.3434478e-02   2.9328280e-02
   2.0552500e+03   3.8117587e-02   3.3423110e-02   2.9305733e-02
   2.0553333e+03   3.8122196e-02   3.3412619e-02   2.9283791e-02
   2.0554167e+03   3.8124102e-02   3.3400131e-02   2.9260438e-02
   2.0555000e+03   3.8123764e-02   3.3385987e-02   2.9235914e-02
   2.0555833e+03   3.8119739e-02   3.3369135e-02   2.9209487e-02
   2.0556667e+03   3.8112379e-02   3.3349838e-02   2.9181344e-02
   2.0557500e+03   3.8106079e-02   3.3331303e-02   2.9153731e-02
   2.0558333e+03   3.8106652e-02   3.3317761e-02   2.9129604e-02
   2.0559167e+03   3.8111162e-02   3.3307067e-02   2.9107457e-02
   2.0560000e+03   3.8114935e-02   3.3295817e-02   2.9084912e-02
   2.0560833e+03   3.8117185e-02   3.3283441e-02   2.9061573e-02
   2.0561667e+03   3.8119532e-02   3.3271116e-02   2.9038261e-02
   2.0562500e+03   3.8123014e-02   3.3259597e-02   2.9015501e-02
   2.0563333e+03   3.8127616e-02   3.3248870e-02   2.8993282e-02
   2.0564167e+03   3.8129364e-02   3.3236055e-02   2.8969604e-02
   2.0565000e+03   3.8128810e-02   3.3221556e-02   2.8944750e-02
   2.0565833e+03   3.8124495e-02   3.3204322e-02   2.8917994e-02
   2.0566667e+03   3.8116790e-02   3.3184625e-02   2.8889529e-02
   2.0567500e+03   3.8110163e-02   3.3165696e-02   2.8861595e-02
   2.0568333e+03   3.8110541e-02   3.3151813e-02   2.8837145e-02
   2.0569167e+03   3.8115020e-02   3.3140870e-02   2.8814718e-02
   2.0570000e+03   3.8118874e-02   3.3129456e-02   2.8791957e-02
   2.0570833e+03   3.8121257e-02   3.3116964e-02   2.8768444e-02
   2.0571667e+03   3.8123735e-02   3.3104523e-02   2.8744958e-02
   2.0572500e+03   3.8127310e-02   3.3092851e-02   2.8721994e-02
   2.0573333e+03   3.8131901e-02   3.3081891e-02   2.8699510e-02
   2.0574167e+03   3.8133486e-02   3.3068752e-02   2.8675521e-02
   2.0575000e+03   3.8132711e-02   3.3053904e-02   2.8650352e-02
   2.0575833e+03   3.8128101e-02   3.3036292e-02   2.8623284e-02
   2.0576667e+03   3.8120047e-02   3.3016201e-02   2.8594516e-02
   2.0577500e+03   3.8113086e-02   3.2996883e-02   2.8566277e-02
   2.0578333e+03   3.8113266e-02   3.2982662e-02   2.8541519e-02
   2.0579167e+03   3.8117709e-02   3.2971472e-02   2.8518824e-02
   2.0580000e+03   3.8121639e-02   3.2959895e-02   2.8495858e-02
   2.0580833e+03   3.8124153e-02   3.2947289e-02   2.8472181e-02
   2.0581667e+03   3.8126758e-02   3.2934730e-02   2.8448530e-02
   2.0582500e+03   3.8130422e-02   3.2922908e-02   2.8425372e-02
   2.0583333e+03   3.8134997e-02   3.2911716e-02   2.8402634e-02
   2.0584167e+03   3.8136415e-02   3.2898257e-02   2.8378349e-02
   2.0585000e+03   3.8135413e-02   3.2883063e-02   2.8352881e-02
   2.0585833e+03   3.8130503e-02   3.2865078e-02   2.8325517e-02
   2.0586667e+03   3.8122095e-02   3.2844599e-02   2.8296463e-02
   2.0587500e+03   3.8114797e-02   3.2824899e-02   2.8267936e-02
   2.0588333e+03   3.8114772e-02   3.2810344e-02   2.8242885e-02
   2.0589167e+03   3.8119176e-02   3.2798909e-02   2.8219935e-02
   2.0590000e+03   3.8123178e-02   3.2787170e-02   2.8196773e-02
   2.0590833e+03   3.8125817e-02   3.2774450e-02   2.8172942e-02
   2.0591667e+03   3.8128545e-02   3.2761774e-02   2.8149135e-02
   2.0592500e+03   3.8132295e-02   3.2749802e-02   2.8125793e-02
   2.0593333e+03   3.8136850e-02   3.2738380e-02   2.8102814e-02
   2.0594167e+03   3.8138095e-02   3.2724605e-02   2.8078248e-02
   2.0595000e+03   3.8136863e-02   3.2709069e-02   2.8052496e-02
   2.0595833e+03   3.8131648e-02   3.2690718e-02   2.8024853e-02
   2.0596667e+03   3.8122881e-02   3.2669857e-02   2.7995530e-02
   2.0597500e+03   3.8115239e-02   3.2649779e-02   2.7966732e-02
   2.0598333e+03   3.8115006e-02   3.2634894e-02   2.7941403e-02
   2.0599167e+03   3.8119365e-02   3.2623217e-02   2.7918211e-02
   2.0600000e+03   3.8123435e-02   3.2611317e-02   2.7894864e-02
   2.0600833e+03   3.8126197e-02   3.2598483e-02   2.7870887e-02
   2.0601667e+03   3.8129045e-02   3.2585692e-02   2.7846933e-02
   2.0602500e+03   3.8132875e-02   3.2573570e-02   2.7823418e-02
   2.0603333e+03   3.8137406e-02   3.2561921e-02   2.7800210e-02
   2.0604167e+03   3.8138474e-02   3.2547833e-02   2.7775377e-02
   2.0605000e+03   3.8137005e-02   3.2531961e-02   2.7749356e-02
   2.0605833e+03   3.8131482e-02   3.2513248e-02   2.7721451e-02
   2.0606667e+03   3.8122349e-02   3.2492011e-02   2.7691876e-02
   2.0607500e+03   3.8114361e-02   3.2471563e-02   2.7662825e-02
   2.0608333e+03   3.8113913e-02   3.2456352e-02   2.7637234e-02
   2.0609167e+03   3.8118224e-02   3.2444434e-02   2.7613812e-02
   2.0610000e+03   3.8122358e-02   3.2432376e-02   2.7590290e-02
   2.0610833e+03   3.8125238e-02   3.2419428e-02   2.7566177e-02
   2.0611667e+03   3.8128201e-02   3.2406522e-02   2.7542086e-02
   2.0612500e+03   3.8132108e-02   3.2394252e-02   2.7518408e-02
   2.0613333e+03   3.8136611e-02   3.2382377e-02   2.7494982e-02
   2.0614167e+03   3.8137497e-02   3.2367981e-02   2.7469897e-02
   2.0615000e+03   3.8135788e-02   3.2351776e-02   2.7443624e-02
   2.0615833e+03   3.8129949e-02   3.2332707e-02   2.7415473e-02
   2.0616667e+03   3.8120448e-02   3.2311101e-02   2.7385664e-02
   2.0617500e+03   3.8112106e-02   3.2290288e-02   2.7356376e-02
   2.0618333e+03   3.8111440e-02   3.2274757e-02   2.7330538e-02
   2.0619167e+03   3.8115698e-02   3.2262601e-02   2.7306898e-02
   2.0620000e+03   3.8119891e-02   3.2250384e-02   2.7283213e-02
   2.0620833e+03   3.8122886e-02   3.2237325e-02   2.7258973e-02
   2.0621667e+03   3.8125961e-02   3.2224304e-02   2.7234754e-02
   2.0622500e+03   3.8129941e-02   3.2211887e-02   2.7210923e-02
   2.0623333e+03   3.8134411e-02   3.2199789e-02   2.7187293e-02
   2.0624167e+03   3.8135109e-02   3.2185088e-02   2.7161971e-02
   2.0625000e+03   3.8133155e-02   3.2168557e-02   2.7135460e-02
   2.0625833e+03   3.8126997e-02   3.2149138e-02   2.7107080e-02
   2.0626667e+03   3.8117122e-02   3.2127168e-02   2.7077054e-02
   2.0627500e+03   3.8108423e-02   3.2105997e-02   2.7047547e-02
   2.0628333e+03   3.8107533e-02   3.2090149e-02   2.7021476e-02
   2.0629167e+03   3.8111733e-02   3.2077759e-02   2.6997632e-02
   2.0630000e+03   3.8115982e-02   3.2065385e-02   2.6973793e-02
   2.0630833e+03   3.8119087e-02   3.2052214e-02   2.6949436e-02
   2.0631667e+03   3.8122270e-02   3.2039080e-02   2.6925099e-02
   2.0632500e+03   3.8126319e-02   3.2026518e-02   2.6901126e-02
   2.0633333e+03   3.8130752e-02   3.2014198e-02   2.6877303e-02
   2.0634167e+03   3.8131258e-02   3.1999198e-02   2.6851758e-02
   2.0635000e+03   3.8129053e-02   3.1982344e-02   2.6825026e-02
   2.0635833e+03   3.8122572e-02   3.1962581e-02   2.6796433e-02
   2.0636667e+03   3.8112317e-02   3.1940255e-02   2.6766207e-02
   2.0637500e+03   3.8103256e-02   3.1918732e-02   2.6736498e-02
   2.0638333e+03   3.8102138e-02   3.1902573e-02   2.6710210e-02
   2.0639167e+03   3.8106275e-02   3.1889950e-02   2.6686174e-02
   2.0640000e+03   3.8110577e-02   3.1877421e-02   2.6662192e-02
   2.0640833e+03   3.8113788e-02   3.1864140e-02   2.6637729e-02
   2.0641667e+03   3.8117074e-02   3.1850893e-02   2.6613283e-02
   2.0642500e+03   3.8121189e-02   3.1838187e-02   2.6589178e-02
   2.0643333e+03   3.8125579e-02   3.1825649e-02   2.6565175e-02
   2.0644167e+03   3.8125889e-02   3.1810353e-02   2.6539422e-02
   2.0645000e+03   3.8123429e-02   3.1793182e-02   2.6512483e-02
   2.0645833e+03   3.8116619e-02   3.1773081e-02   2.6483695e-02
   2.0646667e+03   3.8105980e-02   3.1750406e-02   2.6453286e-02
   2.0647500e+03   3.8096552e-02   3.1728538e-02   2.6423391e-02
   2.0648333e+03   3.8095201e-02   3.1712071e-02   2.6396902e-02
   2.0649167e+03   3.8099272e-02   3.1699219e-02   2.6372686e-02
   2.0650000e+03   3.8103620e-02   3.1686537e-02   2.6348573e-02
   2.0650833e+03   3.8106934e-02   3.1673146e-02   2.6324012e-02
   2.0651667e+03   3.8110320e-02   3.1659788e-02   2.6299468e-02
   2.0652500e+03   3.8114495e-02   3.1646939e-02   2.6275240e-02
   2.0653333e+03   3.8118839e-02   3.1634186e-02   2.6251069e-02
   2.0654167e+03   3.8118948e-02   3.1618598e-02   2.6225123e-02
   2.0655000e+03   3.8116228e-02   3.1601116e-02   2.6197994e-02
   2.0655833e+03   3.8109084e-02   3.1580683e-02   2.6169026e-02
   2.0656667e+03   3.8098057e-02   3.1557666e-02   2.6138452e-02
   2.0657500e+03   3.8088257e-02   3.1535459e-02   2.6108389e-02
   2.0658333e+03   3.8086669e-02   3.1518691e-02   2.6081713e-02
   2.0659167e+03   3.8090667e-02   3.1505613e-02   2.6057330e-02
   2.0660000e+03   3.8095059e-02   3.1492778e-02   2.6033096e-02
   2.0660833e+03   3.8098471e-02   3.1479279e-02   2.6008446e-02
   2.0661667e+03   3.8101953e-02   3.1465811e-02   2.5983814e-02
   2.0662500e+03   3.8106185e-02   3.1452821e-02   2.5959475e-02
   2.0663333e+03   3.8110477e-02   3.1439855e-02   2.5935149e-02
   2.0664167e+03   3.8110381e-02   3.1423981e-02   2.5909024e-02
   2.0665000e+03   3.8107396e-02   3.1406192e-02   2.5881720e-02
   2.0665833e+03   3.8099914e-02   3.1385434e-02   2.5852588e-02
   2.0666667e+03   3.8088493e-02   3.1362081e-02   2.5821866e-02
   2.0667500e+03   3.8078317e-02   3.1339543e-02   2.5791651e-02
   2.0668333e+03   3.8076486e-02   3.1322479e-02   2.5764804e-02
   2.0669167e+03   3.8080409e-02   3.1309177e-02   2.5740267e-02
   2.0670000e+03   3.8084840e-02   3.1296193e-02   2.5715922e-02
   2.0670833e+03   3.8088347e-02   3.1282587e-02   2.5691194e-02
   2.0671667e+03   3.8091920e-02   3.1269009e-02   2.5666482e-02
   2.0672500e+03   3.8096204e-02   3.1255881e-02   2.5642043e-02
   2.0673333e+03   3.8100441e-02   3.1242705e-02   2.5617573e-02
   2.0674167e+03   3.8100134e-02   3.1226549e-02   2.5591285e-02
   2.0675000e+03   3.8096880e-02   3.1208460e-02   2.5563821e-02
   2.0675833e+03   3.8089054e-02   3.1187383e-02   2.5534543e-02
   2.0676667e+03   3.8077236e-02   3.1163702e-02   2.5503688e-02
   2.0677500e+03   3.8066679e-02   3.1140839e-02   2.5473338e-02
   2.0678333e+03   3.8064601e-02   3.1123484e-02   2.5446335e-02
   2.0679167e+03   3.8068444e-02   3.1109962e-02   2.5421656e-02
   2.0680000e+03   3.8072909e-02   3.1096830e-02   2.5397212e-02
   2.0680833e+03   3.8076506e-02   3.1083118e-02   2.5372416e-02
   2.0681667e+03   3.8080167e-02   3.1069433e-02   2.5347635e-02
   2.0682500e+03   3.8084499e-02   3.1056167e-02   2.5323105e-02
   2.0683333e+03   3.8088676e-02   3.1042785e-02   2.5298505e-02
   2.0684167e+03   3.8088153e-02   3.1026352e-02   2.5272067e-02
   2.0685000e+03   3.8084626e-02   3.1007967e-02   2.5244458e-02
   2.0685833e+03   3.8076452e-02   3.0986578e-02   2.5215049e-02
   2.0686667e+03   3.8064232e-02   3.0962577e-02   2.5184080e-02
   2.0687500e+03   3.8053289e-02   3.0939397e-02   2.5153611e-02
   2.0688333e+03   3.8050959e-02   3.0921755e-02   2.5126467e-02
   2.0689167e+03   3.8054717e-02   3.0908018e-02   2.5101659e-02
   2.0690000e+03   3.8059212e-02   3.0894739e-02   2.5077126e-02
   2.0690833e+03   3.8062896e-02   3.0880923e-02   2.5052271e-02
   2.0691667e+03   3.8066640e-02   3.0867132e-02   2.5027430e-02
   2.0692500e+03   3.8071016e-02   3.0853731e-02   2.5002821e-02
   2.0693333e+03   3.8075128e-02   3.0840145e-02   2.4978102e-02
   2.0694167e+03   3.8074386e-02   3.0823440e-02   2.4951529e-02
   2.0695000e+03   3.8070579e-02   3.0804767e-02   2.4923791e-02
   2.0695833e+03   3.8062053e-02   3.0783072e-02   2.4894267e-02
   2.0696667e+03   3.8049426e-02   3.0758757e-02   2.4863200e-02
   2.0697500e+03   3.8038093e-02   3.0735267e-02   2.4832629e-02
   2.0698333e+03   3.8035507e-02   3.0717346e-02   2.4805358e-02
   2.0699167e+03   3.8039175e-02   3.0703395e-02   2.4780434e-02
   2.0700000e+03   3.8043697e-02   3.0689972e-02   2.4755823e-02
   2.0700833e+03   3.8047462e-02   3.0676054e-02   2.4730919e-02
   2.0701667e+03   3.8051286e-02   3.0662159e-02   2.4706028e-02
   2.0702500e+03   3.8055701e-02   3.0648624e-02   2.4681350e-02
   2.0703333e+03   3.8059745e-02   3.0634838e-02   2.4656524e-02
   2.0704167e+03   3.8058778e-02   3.0617866e-02   2.4629831e-02
   2.0705000e+03   3.8054688e-02   3.0598910e-02   2.4601979e-02
   2.0705833e+03   3.8045805e-02   3.0576917e-02   2.4572356e-02
   2.0706667e+03   3.8032766e-02   3.0552296e-02   2.4541206e-02
   2.0707500e+03   3.8021039e-02   3.0528503e-02   2.4510550e-02
   2.0708333e+03   3.8018192e-02   3.0510307e-02   2.4483167e-02
   2.0709167e+03   3.8021766e-02   3.0496147e-02   2.4458140e-02
   2.0710000e+03   3.8026309e-02   3.0482583e-02   2.4433460e-02
   2.0710833e+03   3.8030153e-02   3.0468564e-02   2.4408517e-02
   2.0711667e+03   3.8034052e-02   3.0454566e-02   2.4383586e-02
   2.0712500e+03   3.8038502e-02   3.0440900e-02   2.4358849e-02
   2.0713333e+03   3.8042472e-02   3.0426917e-02   2.4333929e-02
   2.0714167e+03   3.8041276e-02   3.0409684e-02   2.4307130e-02
   2.0715000e+03   3.8036898e-02   3.0390450e-02   2.4279179e-02
   2.0715833e+03   3.8027654e-02   3.0368165e-02   2.4249473e-02
   2.0716667e+03   3.8014200e-02   3.0343247e-02   2.4218257e-02
   2.0717500e+03   3.8002073e-02   3.0319159e-02   2.4187531e-02
   2.0718333e+03   3.7998961e-02   3.0300694e-02   2.4160051e-02
   2.0719167e+03   3.8002436e-02   3.0286328e-02   2.4134933e-02
   2.0720000e+03   3.8006996e-02   3.0272625e-02   2.4110196e-02
   2.0720833e+03   3.8010914e-02   3.0258507e-02   2.4085223e-02
   2.0721667e+03   3.8014884e-02   3.0244408e-02   2.4060262e-02
   2.0722500e+03   3.8019365e-02   3.0230613e-02   2.4035477e-02
   2.0723333e+03   3.8023257e-02   3.0216437e-02   2.4010475e-02
   2.0724167e+03   3.8021827e-02   3.0198948e-02   2.3983584e-02
   2.0725000e+03   3.8017157e-02   3.0179442e-02   2.3955548e-02
   2.0725833e+03   3.8007547e-02   3.0156873e-02   2.3925774e-02
   2.0726667e+03   3.7993673e-02   3.0131665e-02   2.3894509e-02
   2.0727500e+03   3.7981143e-02   3.0107290e-02   2.3863729e-02
   2.0728333e+03   3.7977761e-02   3.0088562e-02   2.3836166e-02
   2.0729167e+03   3.7981132e-02   3.0073994e-02   2.3810969e-02
   2.0730000e+03   3.7985706e-02   3.0060154e-02   2.3786186e-02
   2.0730833e+03   3.7989693e-02   3.0045939e-02   2.3761193e-02
   2.0731667e+03   3.7993730e-02   3.0031741e-02   2.3736211e-02
   2.0732500e+03   3.7998238e-02   3.0017819e-02   2.3711387e-02
   2.0733333e+03   3.8002046e-02   3.0003453e-02   2.3686315e-02
   2.0734167e+03   3.8000378e-02   2.9985713e-02   2.3659346e-02
   2.0735000e+03   3.7995411e-02   2.9965943e-02   2.3631241e-02
   2.0735833e+03   3.7985431e-02   2.9943097e-02   2.3601415e-02
   2.0736667e+03   3.7971133e-02   2.9917607e-02   2.3570115e-02
   2.0737500e+03   3.7958196e-02   2.9892952e-02   2.3539297e-02
   2.0738333e+03   3.7954539e-02   2.9873967e-02   2.3511666e-02
   2.0739167e+03   3.7957803e-02   2.9859201e-02   2.3486402e-02
   2.0740000e+03   3.7962385e-02   2.9845227e-02   2.3461584e-02
   2.0740833e+03   3.7966438e-02   2.9830917e-02   2.3436580e-02
   2.0741667e+03   3.7970537e-02   2.9816621e-02   2.3411587e-02
   2.0742500e+03   3.7975067e-02   2.9802575e-02   2.3386735e-02
   2.0743333e+03   3.7978789e-02   2.9788023e-02   2.3361605e-02
   2.0744167e+03   3.7976877e-02   2.9770039e-02   2.3334572e-02
   2.0745000e+03   3.7971609e-02   2.9750010e-02   2.3306411e-02
   2.0745833e+03   3.7961255e-02   2.9726894e-02   2.3276548e-02
   2.0746667e+03   3.7946529e-02   2.9701130e-02   2.3245231e-02
   2.0747500e+03   3.7933180e-02   2.9676203e-02   2.3214389e-02
   2.0748333e+03   3.7929244e-02   2.9656967e-02   2.3186704e-02
   2.0749167e+03   3.7932395e-02   2.9642008e-02   2.3161386e-02
   2.0750000e+03   3.7936982e-02   2.9627902e-02   2.3136542e-02
   2.0750833e+03   3.7941095e-02   2.9613498e-02   2.3111537e-02
   2.0751667e+03   3.7945252e-02   2.9599107e-02   2.3086542e-02
   2.0752500e+03   3.7949800e-02   2.9584938e-02   2.3061673e-02
   2.0753333e+03   3.7953432e-02   2.9570206e-02   2.3036498e-02
   2.0754167e+03   3.7951280e-02   2.9551986e-02   2.3009416e-02
   2.0755000e+03   3.7945715e-02   2.9531711e-02   2.2981218e-02
   2.0755833e+03   3.7934997e-02   2.9508342e-02   2.2951337e-02
   2.0756667e+03   3.7919857e-02   2.9482323e-02   2.2920023e-02
   2.0757500e+03   3.7906113e-02   2.9457143e-02   2.2889180e-02
   2.0758333e+03   3.7901908e-02   2.9437673e-02   2.2861460e-02
   2.0759167e+03   3.7904950e-02   2.9422527e-02   2.2836102e-02
   2.0760000e+03   3.7909536e-02   2.9408293e-02   2.2811243e-02
   2.0760833e+03   3.7913702e-02   2.9393795e-02   2.2786244e-02
   2.0761667e+03   3.7917910e-02   2.9379309e-02   2.2761256e-02
   2.0762500e+03   3.7922471e-02   2.9365021e-02   2.2736379e-02
   2.0763333e+03   3.7926012e-02   2.9350113e-02   2.2711171e-02
   2.0764167e+03   3.7923624e-02   2.9331670e-02   2.2684058e-02
   2.0765000e+03   3.7917770e-02   2.9311161e-02   2.2655839e-02
   2.0765833e+03   3.7906694e-02   2.9287551e-02   2.2625959e-02
   2.0766667e+03   3.7891146e-02   2.9261292e-02   2.2594665e-02
   2.0767500e+03   3.7877010e-02   2.9235872e-02   2.2563838e-02
   2.0768333e+03   3.7872536e-02   2.9216174e-02   2.2536098e-02
   2.0769167e+03   3.7875464e-02   2.9200848e-02   2.2510712e-02
   2.0770000e+03   3.7880046e-02   2.9186487e-02   2.2485848e-02
   2.0770833e+03   3.7884262e-02   2.9171899e-02   2.2460866e-02
   2.0771667e+03   3.7888517e-02   2.9157320e-02   2.2435895e-02
   2.0772500e+03   3.7893086e-02   2.9142915e-02   2.2411020e-02
   2.0773333e+03   3.7896533e-02   2.9127837e-02   2.2385791e-02
   2.0774167e+03   3.7893906e-02   2.9109176e-02   2.2358659e-02
   2.0775000e+03   3.7887758e-02   2.9088440e-02   2.2330433e-02
   2.0775833e+03   3.7876320e-02   2.9064598e-02   2.2300568e-02
   2.0776667e+03   3.7860361e-02   2.9038105e-02   2.2269310e-02
   2.0777500e+03   3.7845830e-02   2.9012454e-02   2.2238513e-02
   2.0778333e+03   3.7841083e-02   2.8992535e-02   2.2210766e-02
   2.0779167e+03   3.7843893e-02   2.8977032e-02   2.2185363e-02
   2.0780000e+03   3.7848467e-02   2.8962549e-02   2.2160505e-02
   2.0780833e+03   3.7852729e-02   2.8947872e-02   2.2135549e-02
   2.0781667e+03   3.7857026e-02   2.8933203e-02   2.2110603e-02
   2.0782500e+03   3.7861601e-02   2.8918684e-02   2.2085741e-02
   2.0783333e+03   3.7864949e-02   2.8903439e-02   2.2060502e-02
   2.0784167e+03   3.7862079e-02   2.8884567e-02   2.2033365e-02
   2.0785000e+03   3.7855633e-02   2.8863611e-02   2.2005146e-02
   2.0785833e+03   3.7843831e-02   2.8839543e-02   2.1975309e-02
   2.0786667e+03   3.7827458e-02   2.8812827e-02   2.1944101e-02
   2.0787500e+03   3.7812528e-02   2.8786951e-02   2.1913348e-02
   2.0788333e+03   3.7807504e-02   2.8766818e-02   2.1885607e-02
   2.0789167e+03   3.7810193e-02   2.8751143e-02   2.1860200e-02
   2.0790000e+03   3.7814755e-02   2.8736541e-02   2.1835357e-02
   2.0790833e+03   3.7819059e-02   2.8721777e-02   2.1810437e-02
   2.0791667e+03   3.7823396e-02   2.8707022e-02   2.1785526e-02
   2.0792500e+03   3.7827971e-02   2.8692392e-02   2.1760685e-02
   2.0793333e+03   3.7831218e-02   2.8676985e-02   2.1735449e-02
   2.0794167e+03   3.7828100e-02   2.8657907e-02   2.1708319e-02
   2.0795000e+03   3.7821354e-02   2.8636738e-02   2.1680120e-02
   2.0795833e+03   3.7809183e-02   2.8612453e-02   2.1650325e-02
   2.0796667e+03   3.7792393e-02   2.8585520e-02   2.1619181e-02
   2.0797500e+03   3.7777061e-02   2.8559429e-02   2.1588487e-02
   2.0798333e+03   3.7771757e-02   2.8539088e-02   2.1560765e-02
   2.0799167e+03   3.7774320e-02   2.8523245e-02   2.1535364e-02
   2.0800000e+03   3.7778867e-02   2.8508527e-02   2.1510548e-02
   2.0800833e+03   3.7783208e-02   2.8493681e-02   2.1485671e-02
   2.0801667e+03   3.7787580e-02   2.8478840e-02   2.1460804e-02
   2.0802500e+03   3.7792153e-02   2.8464103e-02   2.1435996e-02
   2.0803333e+03   3.7795293e-02   2.8448538e-02   2.1410772e-02
   2.0804167e+03   3.7791925e-02   2.8429261e-02   2.1383663e-02
   2.0805000e+03   3.7784874e-02   2.8407886e-02   2.1355497e-02
   2.0805833e+03   3.7772332e-02   2.8383391e-02   2.1325758e-02
   2.0806667e+03   3.7755122e-02   2.8356251e-02   2.1294691e-02
   2.0807500e+03   3.7739384e-02   2.8329952e-02   2.1264068e-02
   2.0808333e+03   3.7733797e-02   2.8309409e-02   2.1236379e-02
   2.0809167e+03   3.7736231e-02   2.8293404e-02   2.1210996e-02
   2.0810000e+03   3.7740757e-02   2.8278573e-02   2.1186215e-02
   2.0810833e+03   3.7745133e-02   2.8263646e-02   2.1161392e-02
   2.0811667e+03   3.7749537e-02   2.8248724e-02   2.1136578e-02
   2.0812500e+03   3.7754103e-02   2.8233882e-02   2.1111812e-02
   2.0813333e+03   3.7757133e-02   2.8218165e-02   2.1086612e-02
   2.0814167e+03   3.7753510e-02   2.8198694e-02   2.1059535e-02
   2.0815000e+03   3.7746151e-02   2.8177119e-02   2.1031415e-02
   2.0815833e+03   3.7733235e-02   2.8152423e-02   2.1001745e-02
   2.0816667e+03   3.7715602e-02   2.8125083e-02   2.0970768e-02
   2.0817500e+03   3.7699456e-02   2.8098586e-02   2.0940231e-02
   2.0818333e+03   3.7693582e-02   2.8077848e-02   2.0912586e-02
   2.0819167e+03   3.7695882e-02   2.8061686e-02   2.0887233e-02
   2.0820000e+03   3.7700385e-02   2.8046745e-02   2.0862497e-02
   2.0820833e+03   3.7704791e-02   2.8031741e-02   2.0837736e-02
   2.0821667e+03   3.7709223e-02   2.8016739e-02   2.0812984e-02
   2.0822500e+03   3.7713777e-02   2.8001796e-02   2.0788269e-02
   2.0823333e+03   3.7716694e-02   2.7985930e-02   2.0763103e-02
   2.0824167e+03   3.7712813e-02   2.7966273e-02   2.0736072e-02
   2.0825000e+03   3.7705143e-02   2.7944506e-02   2.0708010e-02
   2.0825833e+03   3.7691849e-02   2.7919615e-02   2.0678421e-02
   2.0826667e+03   3.7673790e-02   2.7892085e-02   2.0647549e-02
   2.0827500e+03   3.7657233e-02   2.7865396e-02   2.0617109e-02
   2.0828333e+03   3.7651068e-02   2.7844471e-02   2.0589521e-02
   2.0829167e+03   3.7653232e-02   2.7828156e-02   2.0564208e-02
   2.0830000e+03   3.7657707e-02   2.7813110e-02   2.0539527e-02
   2.0830833e+03   3.7662140e-02   2.7798030e-02   2.0514837e-02
   2.0831667e+03   3.7666595e-02   2.7782952e-02   2.0490156e-02
   2.0832500e+03   3.7671135e-02   2.7767911e-02   2.0465501e-02
   2.0833333e+03   3.7673933e-02   2.7751901e-02   2.0440381e-02
   2.0834167e+03   3.7669791e-02   2.7732064e-02   2.0413406e-02
   2.0835000e+03   3.7661806e-02   2.7710111e-02   2.0385415e-02
   2.0835833e+03   3.7648132e-02   2.7685035e-02   2.0355921e-02
   2.0836667e+03   3.7629644e-02   2.7657322e-02   2.0325165e-02
   2.0837500e+03   3.7612674e-02   2.7630451e-02   2.0294836e-02
   2.0838333e+03   3.7606214e-02   2.7609345e-02   2.0267317e-02
   2.0839167e+03   3.7608237e-02   2.7592881e-02   2.0242055e-02
   2.0840000e+03   3.7612681e-02   2.7577733e-02   2.0217438e-02
   2.0840833e+03   3.7617136e-02   2.7562581e-02   2.0192827e-02
   2.0841667e+03   3.7621611e-02   2.7547431e-02   2.0168226e-02
   2.0842500e+03   3.7626132e-02   2.7532295e-02   2.0143640e-02
   2.0843333e+03   3.7628809e-02   2.7516146e-02   2.0118575e-02
   2.0844167e+03   3.7624402e-02   2.7496134e-02   2.0091669e-02
   2.0845000e+03   3.7616099e-02   2.7474003e-02   2.0063760e-02
   2.0845833e+03   3.7602041e-02   2.7448749e-02   2.0034373e-02
   2.0846667e+03   3.7583122e-02   2.7420863e-02   2.0003746e-02
   2.0847500e+03   3.7565736e-02   2.7393818e-02   1.9973540e-02
   2.0848333e+03   3.7558979e-02   2.7372538e-02   1.9946102e-02
   2.0849167e+03   3.7560857e-02   2.7355931e-02   1.9920901e-02
   2.0850000e+03   3.7565265e-02   2.7340684e-02   1.9896357e-02
   2.0850833e+03   3.7569739e-02   2.7325463e-02   1.9871835e-02
   2.0851667e+03   3.7574230e-02   2.7310242e-02   1.9847321e-02
   2.0852500e+03   3.7578729e-02   2.7295016e-02   1.9822814e-02
   2.0853333e+03   3.7581280e-02   2.7278731e-02   1.9797815e-02
   2.0854167e+03   3.7576605e-02   2.7258553e-02   1.9770988e-02
   2.0855000e+03   3.7567980e-02   2.7236251e-02   1.9743174e-02
   2.0855833e+03   3.7553536e-02   2.7210826e-02   1.9713905e-02
   2.0856667e+03   3.7534184e-02   2.7182775e-02   1.9683420e-02
   2.0857500e+03   3.7516378e-02   2.7155564e-02   1.9653349e-02
   2.0858333e+03   3.7509321e-02   2.7134117e-02   1.9626002e-02
   2.0859167e+03   3.7511050e-02   2.7117372e-02   1.9600873e-02
   2.0860000e+03   3.7515419e-02   2.7102030e-02   1.9576412e-02
   2.0860833e+03   3.7519908e-02   2.7086743e-02   1.9551986e-02
   2.0861667e+03   3.7524411e-02   2.7071455e-02   1.9527568e-02
   2.0862500e+03   3.7528883e-02   2.7056141e-02   1.9503148e-02
   2.0863333e+03   3.7531305e-02   2.7039727e-02   1.9478225e-02
   2.0864167e+03   3.7526358e-02   2.7019387e-02   1.9451489e-02
   2.0865000e+03   3.7517409e-02   2.6996921e-02   1.9423781e-02
   2.0865833e+03   3.7502576e-02   2.6971335e-02   1.9394642e-02
   2.0866667e+03   3.7482788e-02   2.6943128e-02   1.9364310e-02
   2.0867500e+03   3.7464561e-02   2.6915759e-02   1.9334386e-02
   2.0868333e+03   3.7457199e-02   2.6894152e-02   1.9307142e-02
   2.0869167e+03   3.7458777e-02   2.6877273e-02   1.9282095e-02
   2.0870000e+03   3.7463102e-02   2.6861840e-02   1.9257725e-02
   2.0870833e+03   3.7467602e-02   2.6846490e-02   1.9233403e-02
   2.0871667e+03   3.7472113e-02   2.6831138e-02   1.9209089e-02
   2.0872500e+03   3.7476555e-02   2.6815740e-02   1.9184765e-02
   2.0873333e+03   3.7478844e-02   2.6799201e-02   1.9159928e-02
   2.0874167e+03   3.7473622e-02   2.6778707e-02   1.9133294e-02
   2.0875000e+03   3.7464346e-02   2.6756084e-02   1.9105702e-02
   2.0875833e+03   3.7449121e-02   2.6730344e-02   1.9076705e-02
   2.0876667e+03   3.7428894e-02   2.6701989e-02   1.9046537e-02
   2.0877500e+03   3.7410244e-02   2.6674471e-02   1.9016771e-02
   2.0878333e+03   3.7402576e-02   2.6652711e-02   1.8989642e-02
   2.0879167e+03   3.7403997e-02   2.6635704e-02   1.8964686e-02
   2.0880000e+03   3.7408275e-02   2.6620183e-02   1.8940416e-02
   2.0880833e+03   3.7412782e-02   2.6604774e-02   1.8916206e-02
   2.0881667e+03   3.7417297e-02   2.6589360e-02   1.8892004e-02
   2.0882500e+03   3.7421705e-02   2.6573882e-02   1.8867784e-02
   2.0883333e+03   3.7423857e-02   2.6557223e-02   1.8843043e-02
   2.0884167e+03   3.7418356e-02   2.6536581e-02   1.8816521e-02
   2.0885000e+03   3.7408750e-02   2.6513809e-02   1.8789057e-02
   2.0885833e+03   3.7393132e-02   2.6487923e-02   1.8760212e-02
   2.0886667e+03   3.7372464e-02   2.6459429e-02   1.8730220e-02
   2.0887500e+03   3.7353388e-02   2.6431771e-02   1.8700623e-02
   2.0888333e+03   3.7345410e-02   2.6409864e-02   1.8673619e-02
   2.0889167e+03   3.7346672e-02   2.6392734e-02   1.8648764e-02
   2.0890000e+03   3.7350899e-02   2.6377130e-02   1.8624602e-02
   2.0890833e+03   3.7355409e-02   2.6361664e-02   1.8600511e-02
   2.0891667e+03   3.7359924e-02   2.6346192e-02   1.8576430e-02
   2.0892500e+03   3.7364294e-02   2.6330638e-02   1.8552323e-02
   2.0893333e+03   3.7366306e-02   2.6313863e-02   1.8527685e-02
   2.0894167e+03   3.7360523e-02   2.6293080e-02   1.8501286e-02
   2.0895000e+03   3.7350584e-02   2.6270166e-02   1.8473960e-02
   2.0895833e+03   3.7334569e-02   2.6244142e-02   1.8445279e-02
   2.0896667e+03   3.7313459e-02   2.6215517e-02   1.8415473e-02
   2.0897500e+03   3.7293955e-02   2.6187728e-02   1.8386056e-02
   2.0898333e+03   3.7285664e-02   2.6165682e-02   1.8359187e-02
   2.0899167e+03   3.7286763e-02   2.6148434e-02   1.8334442e-02
   2.0900000e+03   3.7290934e-02   2.6132750e-02   1.8310396e-02
   2.0900833e+03   3.7295444e-02   2.6117230e-02   1.8286434e-02
   2.0901667e+03   3.7299956e-02   2.6101704e-02   1.8262480e-02
   2.0902500e+03   3.7304284e-02   2.6086076e-02   1.8238493e-02
   2.0903333e+03   3.7306150e-02   2.6069191e-02   1.8213969e-02
   2.0904167e+03   3.7300083e-02   2.6048274e-02   1.8187702e-02
   2.0905000e+03   3.7289808e-02   2.6025225e-02   1.8160525e-02
   2.0905833e+03   3.7273395e-02   2.5999071e-02   1.8132018e-02
   2.0906667e+03   3.7251841e-02   2.5970325e-02   1.8102408e-02
   2.0907500e+03   3.7231907e-02   2.5942411e-02   1.8073181e-02
   2.0908333e+03   3.7223300e-02   2.5920233e-02   1.8046457e-02
   2.0909167e+03   3.7224232e-02   2.5902873e-02   1.8021832e-02
   2.0910000e+03   3.7228345e-02   2.5887113e-02   1.7997910e-02
   2.0910833e+03   3.7232849e-02   2.5871542e-02   1.7974082e-02
   2.0911667e+03   3.7237354e-02   2.5855965e-02   1.7950263e-02
   2.0912500e+03   3.7241636e-02   2.5840268e-02   1.7926405e-02
   2.0913333e+03   3.7243355e-02   2.5823278e-02   1.7902003e-02
   2.0914167e+03   3.7237000e-02   2.5802233e-02   1.7875879e-02
   2.0915000e+03   3.7226387e-02   2.5779056e-02   1.7848860e-02
   2.0915833e+03   3.7209572e-02   2.5752780e-02   1.7820536e-02
   2.0916667e+03   3.7187573e-02   2.5723921e-02   1.7791133e-02
   2.0917500e+03   3.7167207e-02   2.5695893e-02   1.7762106e-02
   2.0918333e+03   3.7158282e-02   2.5673590e-02   1.7735537e-02
   2.0919167e+03   3.7159043e-02   2.5656122e-02   1.7711041e-02
   2.0920000e+03   3.7163093e-02   2.5640290e-02   1.7687251e-02
   2.0920833e+03   3.7167589e-02   2.5624672e-02   1.7663565e-02
   2.0921667e+03   3.7172082e-02   2.5609047e-02   1.7639888e-02
   2.0922500e+03   3.7176314e-02   2.5593285e-02   1.7616165e-02
   2.0923333e+03   3.7177881e-02   2.5576193e-02   1.7591894e-02
   2.0924167e+03   3.7171236e-02   2.5555027e-02   1.7565922e-02
   2.0925000e+03   3.7160282e-02   2.5531730e-02   1.7539071e-02
   2.0925833e+03   3.7143065e-02   2.5505341e-02   1.7510941e-02
   2.0926667e+03   3.7120617e-02   2.5476378e-02   1.7481754e-02
   2.0927500e+03   3.7099818e-02   2.5448243e-02   1.7452937e-02
   2.0928333e+03   3.7090572e-02   2.5425822e-02   1.7426532e-02
   2.0929167e+03   3.7091159e-02   2.5408252e-02   1.7402172e-02
   2.0930000e+03   3.7095143e-02   2.5392351e-02   1.7378523e-02
   2.0930833e+03   3.7099626e-02   2.5376690e-02   1.7354985e-02
   2.0931667e+03   3.7104104e-02   2.5361020e-02   1.7331457e-02
   2.0932500e+03   3.7108282e-02   2.5345196e-02   1.7307877e-02
   2.0933333e+03   3.7109694e-02   2.5328010e-02   1.7283746e-02
   2.0934167e+03   3.7102756e-02   2.5306729e-02   1.7257934e-02
   2.0935000e+03   3.7091458e-02   2.5283319e-02   1.7231261e-02
   2.0935833e+03   3.7073836e-02   2.5256825e-02   1.7203333e-02
   2.0936667e+03   3.7050940e-02   2.5227766e-02   1.7174371e-02
   2.0937500e+03   3.7029706e-02   2.5199533e-02   1.7145774e-02
   2.0938333e+03   3.7020136e-02   2.5177000e-02   1.7119543e-02
   2.0939167e+03   3.7020546e-02   2.5159333e-02   1.7095328e-02
   2.0940000e+03   3.7024459e-02   2.5143369e-02   1.7071825e-02
   2.0940833e+03   3.7028926e-02   2.5127667e-02   1.7048444e-02
   2.0941667e+03   3.7033385e-02   2.5111956e-02   1.7025071e-02
   2.0942500e+03   3.7037505e-02   2.5096074e-02   1.7001642e-02
   2.0943333e+03   3.7038759e-02   2.5078797e-02   1.6977658e-02
   2.0944167e+03   3.7031524e-02   2.5057409e-02   1.6952016e-02
   2.0945000e+03   3.7019880e-02   2.5033893e-02   1.6925528e-02
   2.0945833e+03   3.7001852e-02   2.5007301e-02   1.6897813e-02
   2.0946667e+03   3.6978506e-02   2.4978155e-02   1.6869085e-02
   2.0947500e+03   3.6956835e-02   2.4949833e-02   1.6840715e-02
   2.0948333e+03   3.6946939e-02   2.4927196e-02   1.6814666e-02
   2.0949167e+03   3.6947168e-02   2.4909438e-02   1.6790605e-02
   2.0950000e+03   3.6951007e-02   2.4893413e-02   1.6767256e-02
   2.0950833e+03   3.6955454e-02   2.4877675e-02   1.6744037e-02
   2.0951667e+03   3.6959889e-02   2.4861925e-02   1.6720826e-02
   2.0952500e+03   3.6963949e-02   2.4845989e-02   1.6697555e-02
   2.0953333e+03   3.6965040e-02   2.4828627e-02   1.6673726e-02
   2.0954167e+03   3.6957506e-02   2.4807138e-02   1.6648262e-02
   2.0955000e+03   3.6945514e-02   2.4783524e-02   1.6621969e-02
   2.0955833e+03   3.6927078e-02   2.4756843e-02   1.6594474e-02
   2.0956667e+03   3.6903281e-02   2.4727618e-02   1.6565989e-02
   2.0957500e+03   3.6881173e-02   2.4699214e-02   1.6537856e-02
   2.0958333e+03   3.6870948e-02   2.4676481e-02   1.6511998e-02
   2.0959167e+03   3.6870992e-02   2.4658636e-02   1.6488097e-02
   2.0960000e+03   3.6874754e-02   2.4642555e-02   1.6464910e-02
   2.0960833e+03   3.6879176e-02   2.4626783e-02   1.6441859e-02
   2.0961667e+03   3.6883585e-02   2.4610999e-02   1.6418817e-02
   2.0962500e+03   3.6887579e-02   2.4595013e-02   1.6395709e-02
   2.0963333e+03   3.6888504e-02   2.4577570e-02   1.6372043e-02
   2.0964167e+03   3.6880669e-02   2.4555987e-02   1.6346766e-02
   2.0965000e+03   3.6868327e-02   2.4532283e-02   1.6320676e-02
   2.0965833e+03   3.6849481e-02   2.4505520e-02   1.6293409e-02
   2.0966667e+03   3.6825232e-02   2.4476225e-02   1.6265176e-02
   2.0967500e+03   3.6802685e-02   2.4447748e-02   1.6237287e-02
   2.0968333e+03   3.6792129e-02   2.4424925e-02   1.6211628e-02
   2.0969167e+03   3.6791986e-02   2.4407000e-02   1.6187896e-02
   2.0970000e+03   3.6795666e-02   2.4390867e-02   1.6164877e-02
   2.0970833e+03   3.6800060e-02   2.4375064e-02   1.6142000e-02
   2.0971667e+03   3.6804438e-02   2.4359249e-02   1.6119133e-02
   2.0972500e+03   3.6808363e-02   2.4343217e-02   1.6096195e-02
   2.0973333e+03   3.6809119e-02   2.4325699e-02   1.6072699e-02
   2.0974167e+03   3.6800980e-02   2.4304029e-02   1.6047616e-02
   2.0975000e+03   3.6788286e-02   2.4280240e-02   1.6021738e-02
   2.0975833e+03   3.6769029e-02   2.4253404e-02   1.5994708e-02
   2.0976667e+03   3.6744327e-02   2.4224048e-02   1.5966733e-02
   2.0977500e+03   3.6721340e-02   2.4195507e-02   1.5939097e-02
   2.0978333e+03   3.6710452e-02   2.4172601e-02   1.5913644e-02
   2.0979167e+03   3.6710118e-02   2.4154600e-02   1.5890088e-02
   2.0980000e+03   3.6713712e-02   2.4138419e-02   1.5867243e-02
   2.0980833e+03   3.6718075e-02   2.4122590e-02   1.5844547e-02
   2.0981667e+03   3.6722418e-02   2.4106746e-02   1.5821860e-02
   2.0982500e+03   3.6726271e-02   2.4090672e-02   1.5799100e-02
   2.0983333e+03   3.6726854e-02   2.4073084e-02   1.5775780e-02
   2.0984167e+03   3.6718409e-02   2.4051333e-02   1.5750900e-02
   2.0985000e+03   3.6705361e-02   2.4027468e-02   1.5725239e-02
   2.0985833e+03   3.6685691e-02   2.4000567e-02   1.5698453e-02
   2.0986667e+03   3.6660535e-02   2.3971157e-02   1.5670746e-02
   2.0987500e+03   3.6637108e-02   2.3942560e-02   1.5643369e-02
   2.0988333e+03   3.6625885e-02   2.3919579e-02   1.5618131e-02
   2.0989167e+03   3.6625357e-02   2.3901508e-02   1.5594757e-02
   2.0990000e+03   3.6628862e-02   2.3885283e-02   1.5572093e-02
   2.0990833e+03   3.6633189e-02   2.3869430e-02   1.5549582e-02
   2.0991667e+03   3.6637493e-02   2.3853562e-02   1.5527082e-02
   2.0992500e+03   3.6641270e-02   2.3837449e-02   1.5504504e-02
   2.0993333e+03   3.6641677e-02   2.3819797e-02   1.5481369e-02
   2.0994167e+03   3.6632923e-02   2.3797972e-02   1.5456697e-02
   2.0995000e+03   3.6619519e-02   2.3774038e-02   1.5431263e-02
   2.0995833e+03   3.6599437e-02   2.3747079e-02   1.5404729e-02
   2.0996667e+03   3.6573826e-02   2.3717625e-02   1.5377294e-02
   2.0997500e+03   3.6549958e-02   2.3688980e-02   1.5350185e-02
   2.0998333e+03   3.6538398e-02   2.3665930e-02   1.5325168e-02
   2.0999167e+03   3.6537673e-02   2.3647794e-02   1.5301984e-02
   2.1000000e+03   3.6541086e-02   2.3631529e-02   1.5279506e-02
   2.1000833e+03   3.6545372e-02   2.3615656e-02   1.5257187e-02
   2.1001667e+03   3.6549635e-02   2.3599768e-02   1.5234878e-02
   2.1002500e+03   3.6553331e-02   2.3583620e-02   1.5212489e-02
   2.1003333e+03   3.6553559e-02   2.3565908e-02   1.5189544e-02
   2.1004167e+03   3.6544495e-02   2.3544016e-02   1.5165089e-02
   2.1005000e+03   3.6530733e-02   2.3520020e-02   1.5139887e-02
   2.1005833e+03   3.6510237e-02   2.3493012e-02   1.5113611e-02
   2.1006667e+03   3.6484172e-02   2.3463521e-02   1.5086458e-02
   2.1007500e+03   3.6459862e-02   2.3434836e-02   1.5059622e-02
   2.1008333e+03   3.6447963e-02   2.3411725e-02   1.5034833e-02
   2.1009167e+03   3.6447038e-02   2.3393529e-02   1.5011845e-02
