   2.0000000e+03   1.0000000e+00   1.0000000e+00   1.0000000e+00
   2.0000833e+03   1.0000000e+00   1.0000000e+00   1.0000000e+00
   2.0001667e+03   1.0000000e+00   1.0000000e+00   1.0000000e+00
   2.0002500e+03   1.0000000e+00   1.0000000e+00   1.0000000e+00
   2.0003333e+03   1.0000000e+00   1.0000000e+00   1.0000000e+00
   2.0004167e+03   1.0000000e+00   1.0000000e+00   1.0000000e+00
   2.0005000e+03   1.0000000e+00   1.0000000e+00   1.0000000e+00
   2.0005833e+03   1.0000000e+00   1.0000000e+00   1.0000000e+00
   2.0006667e+03   1.0000000e+00   1.0000000e+00   1.0000000e+00
   2.0007500e+03   1.0000000e+00   1.0000000e+00   1.0000000e+00
   2.0008333e+03   1.0000000e+00   1.0000000e+00   1.0000000e+00
   2.0009167e+03   1.0000000e+00   1.0000000e+00   1.0000000e+00
   2.0010000e+03   9.9997503e-01   9.9997449e-01   9.9997395e-01
   2.0010833e+03   9.9989002e-01   9.9988842e-01   9.9988682e-01
   2.0011667e+03   9.9979599e-01   9.9979281e-01   9.9978962e-01
   2.0012500e+03   9.9973982e-01   9.9973450e-01   9.9972918e-01
   2.0013333e+03   9.9976239e-01   9.9975430e-01   9.9974621e-01
   2.0014167e+03   9.9982341e-01   9.9981195e-01   9.9980049e-01
   2.0015000e+03   9.9988247e-01   9.9986708e-01   9.9985169e-01
   2.0015833e+03   9.9990993e-01   9.9989011e-01   9.9987029e-01
   2.0016667e+03   9.9990576e-01   9.9988101e-01   9.9985626e-01
   2.0017500e+03   9.9991201e-01   9.9988176e-01   9.9985151e-01
   2.0018333e+03   9.9996893e-01   9.9993250e-01   9.9989607e-01
   2.0019167e+03   1.0000095e+00   9.9996636e-01   9.9992323e-01
   2.0020000e+03   9.9998737e-01   9.9993717e-01   9.9988697e-01
   2.0020833e+03   9.9990604e-01   9.9984840e-01   9.9979076e-01
   2.0021667e+03   9.9981579e-01   9.9975021e-01   9.9968463e-01
   2.0022500e+03   9.9976294e-01   9.9968875e-01   9.9961457e-01
   2.0023333e+03   9.9978744e-01   9.9970381e-01   9.9962020e-01
   2.0024167e+03   9.9984880e-01   9.9975503e-01   9.9966127e-01
   2.0025000e+03   9.9990726e-01   9.9980279e-01   9.9969833e-01
   2.0025833e+03   9.9993279e-01   9.9981721e-01   9.9970163e-01
   2.0026667e+03   9.9992595e-01   9.9979884e-01   9.9967174e-01
   2.0027500e+03   9.9992975e-01   9.9979051e-01   9.9965129e-01
   2.0028333e+03   9.9998590e-01   9.9983370e-01   9.9968153e-01
   2.0029167e+03   1.0000279e+00   9.9986225e-01   9.9969663e-01
   2.0030000e+03   1.0000086e+00   9.9982928e-01   9.9965000e-01
   2.0030833e+03   9.9993089e-01   9.9973771e-01   9.9954457e-01
   2.0031667e+03   9.9984438e-01   9.9963685e-01   9.9942936e-01
   2.0032500e+03   9.9979479e-01   9.9957214e-01   9.9934954e-01
   2.0033333e+03   9.9982117e-01   9.9958236e-01   9.9934361e-01
   2.0034167e+03   9.9988284e-01   9.9962706e-01   9.9937135e-01
   2.0035000e+03   9.9994064e-01   9.9966735e-01   9.9939413e-01
   2.0035833e+03   9.9996419e-01   9.9967307e-01   9.9938203e-01
   2.0036667e+03   9.9995462e-01   9.9964536e-01   9.9933619e-01
   2.0037500e+03   9.9995592e-01   9.9962787e-01   9.9929993e-01
   2.0038333e+03   1.0000112e+00   9.9966342e-01   9.9931572e-01
   2.0039167e+03   1.0000546e+00   9.9968656e-01   9.9931862e-01
   2.0040000e+03   1.0000381e+00   9.9964970e-01   9.9926147e-01
   2.0040833e+03   9.9996397e-01   9.9955524e-01   9.9914668e-01
   2.0041667e+03   9.9988115e-01   9.9945161e-01   9.9902225e-01
   2.0042500e+03   9.9983478e-01   9.9938356e-01   9.9893253e-01
   2.0043333e+03   9.9986301e-01   9.9938885e-01   9.9891489e-01
   2.0044167e+03   9.9992493e-01   9.9942692e-01   9.9892915e-01
   2.0045000e+03   9.9998202e-01   9.9945965e-01   9.9893754e-01
   2.0045833e+03   1.0000035e+00   9.9945660e-01   9.9890994e-01
   2.0046667e+03   9.9999119e-01   9.9941946e-01   9.9884805e-01
   2.0047500e+03   9.9998993e-01   9.9939275e-01   9.9879590e-01
   2.0048333e+03   1.0000444e+00   9.9942056e-01   9.9879712e-01
   2.0049167e+03   1.0000891e+00   9.9943819e-01   9.9878768e-01
   2.0050000e+03   1.0000753e+00   9.9939736e-01   9.9871989e-01
   2.0050833e+03   1.0000047e+00   9.9929990e-01   9.9859559e-01
   2.0051667e+03   9.9992554e-01   9.9919341e-01   9.9846181e-01
   2.0052500e+03   9.9988234e-01   9.9912191e-01   9.9836204e-01
   2.0053333e+03   9.9991237e-01   9.9912216e-01   9.9833257e-01
   2.0054167e+03   9.9997448e-01   9.9915353e-01   9.9833323e-01
   2.0055000e+03   1.0000308e+00   9.9917861e-01   9.9832711e-01
   2.0055833e+03   1.0000502e+00   9.9916670e-01   9.9828391e-01
   2.0056667e+03   1.0000351e+00   9.9912007e-01   9.9820590e-01
   2.0057500e+03   1.0000312e+00   9.9908405e-01   9.9813778e-01
   2.0058333e+03   1.0000847e+00   9.9910405e-01   9.9812432e-01
   2.0059167e+03   1.0001307e+00   9.9911607e-01   9.9810240e-01
   2.0060000e+03   1.0001196e+00   9.9907116e-01   9.9802383e-01
   2.0060833e+03   1.0000525e+00   9.9897062e-01   9.9788989e-01
   2.0061667e+03   9.9997694e-01   9.9886117e-01   9.9774662e-01
   2.0062500e+03   9.9993687e-01   9.9878613e-01   9.9763668e-01
   2.0063333e+03   9.9996864e-01   9.9878126e-01   9.9759525e-01
   2.0064167e+03   1.0000309e+00   9.9880581e-01   9.9758219e-01
   2.0065000e+03   1.0000864e+00   9.9882316e-01   9.9756145e-01
   2.0065833e+03   1.0001037e+00   9.9880232e-01   9.9750257e-01
   2.0066667e+03   1.0000857e+00   9.9874613e-01   9.9740837e-01
   2.0067500e+03   1.0000791e+00   9.9870072e-01   9.9732419e-01
   2.0068333e+03   1.0001317e+00   9.9871283e-01   9.9729595e-01
   2.0069167e+03   1.0001789e+00   9.9871914e-01   9.9726145e-01
   2.0070000e+03   1.0001704e+00   9.9867007e-01   9.9717196e-01
   2.0070833e+03   1.0001068e+00   9.9856635e-01   9.9702825e-01
   2.0071667e+03   1.0000348e+00   9.9845385e-01   9.9687538e-01
   2.0072500e+03   9.9999778e-01   9.9837516e-01   9.9675514e-01
   2.0073333e+03   1.0000313e+00   9.9836507e-01   9.9670161e-01
   2.0074167e+03   1.0000936e+00   9.9838273e-01   9.9667472e-01
   2.0075000e+03   1.0001483e+00   9.9839226e-01   9.9663927e-01
   2.0075833e+03   1.0001634e+00   9.9836241e-01   9.9656463e-01
   2.0076667e+03   5.0007119e-01   4.9914830e-01   4.9822709e-01
   2.0077500e+03   5.0006656e-01   4.9912087e-01   4.9817694e-01
   2.0078333e+03   5.0009232e-01   4.9912293e-01   4.9815539e-01
   2.0079167e+03   5.0011655e-01   4.9912319e-01   4.9813178e-01
   2.0080000e+03   5.0011357e-01   4.9909652e-01   4.9808152e-01
   2.0080833e+03   5.0008346e-01   4.9904303e-01   4.9800472e-01
   2.0081667e+03   5.0004922e-01   4.9898520e-01   4.9792342e-01
   2.0082500e+03   5.0003224e-01   4.9894400e-01   4.9785809e-01
   2.0083333e+03   5.0004981e-01   4.9893629e-01   4.9782522e-01
   2.0084167e+03   5.0008101e-01   4.9894163e-01   4.9780481e-01
   2.0085000e+03   5.0010789e-01   4.9894245e-01   4.9777968e-01
   2.0085833e+03   5.0011432e-01   4.9892298e-01   4.9773444e-01
   2.0086667e+03   5.0010231e-01   4.9888523e-01   4.9767106e-01
   2.0087500e+03   5.0009630e-01   4.9885304e-01   4.9761284e-01
   2.0088333e+03   5.0012152e-01   4.9885107e-01   4.9758380e-01
   2.0089167e+03   5.0014632e-01   4.9884839e-01   4.9755378e-01
   2.0090000e+03   5.0014461e-01   4.9881954e-01   4.9749795e-01
   2.0090833e+03   5.0011618e-01   4.9876436e-01   4.9741615e-01
   2.0091667e+03   5.0008367e-01   4.9870492e-01   4.9732992e-01
   2.0092500e+03   5.0006819e-01   4.9866181e-01   4.9725932e-01
   2.0093333e+03   5.0008656e-01   4.9865140e-01   4.9722030e-01
   2.0094167e+03   5.0011777e-01   4.9865320e-01   4.9719287e-01
   2.0095000e+03   5.0014417e-01   4.9865003e-01   4.9716030e-01
   2.0095833e+03   5.0014944e-01   4.9862599e-01   4.9710712e-01
   2.0096667e+03   5.0013591e-01   4.9858336e-01   4.9703557e-01
   2.0097500e+03   5.0012848e-01   4.9854639e-01   4.9696923e-01
   2.0098333e+03   5.0015314e-01   4.9854034e-01   4.9693268e-01
   2.0099167e+03   5.0017849e-01   4.9853468e-01   4.9689620e-01
   2.0100000e+03   5.0017802e-01   4.9850361e-01   4.9683473e-01
   2.0100833e+03   5.0015125e-01   4.9844670e-01   4.9674788e-01
   2.0101667e+03   5.0012046e-01   4.9838559e-01   4.9665668e-01
   2.0102500e+03   5.0010645e-01   4.9834052e-01   4.9658075e-01
   2.0103333e+03   5.0012560e-01   4.9832736e-01   4.9653552e-01
   2.0104167e+03   5.0015678e-01   4.9832559e-01   4.9650103e-01
   2.0105000e+03   5.0018267e-01   4.9831839e-01   4.9646098e-01
   2.0105833e+03   5.0018677e-01   4.9828975e-01   4.9639984e-01
   2.0106667e+03   5.0017168e-01   4.9824221e-01   4.9632010e-01
   2.0107500e+03   5.0016281e-01   4.9820042e-01   4.9624563e-01
   2.0108333e+03   5.0018688e-01   4.9819027e-01   4.9620153e-01
   2.0109167e+03   5.0021276e-01   4.9818157e-01   4.9615854e-01
   2.0110000e+03   5.0021350e-01   4.9814823e-01   4.9609139e-01
   2.0110833e+03   5.0018838e-01   4.9808955e-01   4.9599943e-01
   2.0111667e+03   5.0015927e-01   4.9802674e-01   4.9590320e-01
   2.0112500e+03   5.0014671e-01   4.9797966e-01   4.9582190e-01
   2.0113333e+03   5.0016661e-01   4.9796371e-01   4.9577041e-01
   2.0114167e+03   5.0019775e-01   4.9795832e-01   4.9572882e-01
   2.0115000e+03   5.0022311e-01   4.9794706e-01   4.9568126e-01
   2.0115833e+03   5.0022600e-01   4.9791378e-01   4.9561213e-01
   2.0116667e+03   5.0020934e-01   4.9786131e-01   4.9552419e-01
   2.0117500e+03   5.0019900e-01   4.9781467e-01   4.9544158e-01
   2.0118333e+03   5.0022245e-01   4.9780037e-01   4.9538990e-01
   2.0119167e+03   5.0024883e-01   4.9778861e-01   4.9534036e-01
   2.0120000e+03   5.0025077e-01   4.9775295e-01   4.9526748e-01
   2.0120833e+03   5.0022725e-01   4.9769245e-01   4.9517037e-01
   2.0121667e+03   5.0019981e-01   4.9762789e-01   4.9506906e-01
   2.0122500e+03   5.0018868e-01   4.9757877e-01   4.9498234e-01
   2.0123333e+03   5.0020932e-01   4.9755998e-01   4.9492454e-01
   2.0124167e+03   5.0024038e-01   4.9755094e-01   4.9487582e-01
   2.0125000e+03   5.0026518e-01   4.9753557e-01   4.9482072e-01
   2.0125833e+03   5.0026684e-01   4.9749762e-01   4.9474359e-01
   2.0126667e+03   5.0024857e-01   4.9744019e-01   4.9464744e-01
   2.0127500e+03   5.0023673e-01   4.9738868e-01   4.9455669e-01
   2.0128333e+03   5.0025954e-01   4.9737021e-01   4.9449740e-01
   2.0129167e+03   5.0028640e-01   4.9735533e-01   4.9444126e-01
   2.0130000e+03   5.0028951e-01   4.9731732e-01   4.9436261e-01
   2.0130833e+03   5.0026759e-01   4.9725496e-01   4.9426030e-01
   2.0131667e+03   5.0024180e-01   4.9718860e-01   4.9415386e-01
   2.0132500e+03   5.0023207e-01   4.9713739e-01   4.9406168e-01
   2.0133333e+03   5.0025341e-01   4.9711572e-01   4.9399754e-01
   2.0134167e+03   5.0028437e-01   4.9710299e-01   4.9394166e-01
   2.0135000e+03   5.0030859e-01   4.9708348e-01   4.9387899e-01
   2.0135833e+03   5.0030899e-01   4.9704084e-01   4.9379385e-01
   2.0136667e+03   5.0028908e-01   4.9697843e-01   4.9368949e-01
   2.0137500e+03   5.0027573e-01   4.9692201e-01   4.9359058e-01
   2.0138333e+03   5.0029787e-01   4.9689933e-01   4.9352367e-01
   2.0139167e+03   5.0032518e-01   4.9688129e-01   4.9346091e-01
   2.0140000e+03   5.0032944e-01   4.9684088e-01   4.9337644e-01
   2.0140833e+03   5.0030908e-01   4.9677662e-01   4.9326889e-01
   2.0141667e+03   5.0028491e-01   4.9670842e-01   4.9315729e-01
   2.0142500e+03   5.0027657e-01   4.9665508e-01   4.9305959e-01
   2.0143333e+03   5.0029860e-01   4.9663050e-01   4.9298908e-01
   2.0144167e+03   5.0032943e-01   4.9661403e-01   4.9292600e-01
   2.0145000e+03   5.0035304e-01   4.9659036e-01   4.9285575e-01
   2.0145833e+03   5.0035216e-01   4.9654299e-01   4.9276259e-01
   2.0146667e+03   5.0033059e-01   4.9647557e-01   4.9265003e-01
   2.0147500e+03   5.0031568e-01   4.9641424e-01   4.9254297e-01
   2.0148333e+03   5.0033713e-01   4.9638731e-01   4.9246842e-01
   2.0149167e+03   5.0036487e-01   4.9636608e-01   4.9239899e-01
   2.0150000e+03   5.0037025e-01   4.9632323e-01   4.9230868e-01
   2.0150833e+03   5.0035144e-01   4.9625702e-01   4.9219584e-01
   2.0151667e+03   5.0032887e-01   4.9618694e-01   4.9207904e-01
   2.0152500e+03   5.0032188e-01   4.9613143e-01   4.9197580e-01
   2.0153333e+03   5.0034457e-01   4.9610389e-01   4.9189887e-01
   2.0154167e+03   5.0037525e-01   4.9608366e-01   4.9182859e-01
   2.0155000e+03   5.0039823e-01   4.9605578e-01   4.9175074e-01
   2.0155833e+03   5.0039603e-01   4.9600367e-01   4.9164956e-01
   2.0156667e+03   5.0037277e-01   4.9593122e-01   4.9152880e-01
   2.0157500e+03   5.0035629e-01   4.9586494e-01   4.9141360e-01
   2.0158333e+03   5.0037701e-01   4.9583373e-01   4.9133140e-01
   2.0159167e+03   5.0040516e-01   4.9580927e-01   4.9125529e-01
   2.0160000e+03   5.0041165e-01   4.9576394e-01   4.9115909e-01
   2.0160833e+03   5.0039436e-01   4.9569575e-01   4.9104093e-01
   2.0161667e+03   5.0037337e-01   4.9562375e-01   4.9091889e-01
   2.0162500e+03   5.0036772e-01   4.9556602e-01   4.9081008e-01
   2.0163333e+03   5.0039104e-01   4.9553549e-01   4.9072671e-01
   2.0164167e+03   5.0042155e-01   4.9551145e-01   4.9064919e-01
   2.0165000e+03   5.0044386e-01   4.9547935e-01   4.9056373e-01
   2.0165833e+03   5.0044033e-01   4.9542246e-01   4.9045455e-01
   2.0166667e+03   5.0041535e-01   4.9534497e-01   4.9032560e-01
   2.0167500e+03   5.0039725e-01   4.9527372e-01   4.9020227e-01
   2.0168333e+03   5.0041723e-01   4.9523821e-01   4.9011241e-01
   2.0169167e+03   5.0044576e-01   4.9521048e-01   4.9002959e-01
   2.0170000e+03   5.0045333e-01   4.9516263e-01   4.8992748e-01
   2.0170833e+03   5.0043754e-01   4.9509241e-01   4.8980397e-01
   2.0171667e+03   5.0041810e-01   4.9501845e-01   4.8967666e-01
   2.0172500e+03   5.0041377e-01   4.9495847e-01   4.8956224e-01
   2.0173333e+03   5.0043770e-01   4.9492489e-01   4.8947241e-01
   2.0174167e+03   5.0046801e-01   4.9489703e-01   4.8938764e-01
   2.0175000e+03   5.0048963e-01   4.9486066e-01   4.8929458e-01
   2.0175833e+03   5.0048473e-01   4.9479898e-01   4.8917739e-01
   2.0176667e+03   2.5022900e-01   2.4735821e-01   2.4452014e-01
   2.0177500e+03   2.5021914e-01   2.4732009e-01   2.4445442e-01
   2.0178333e+03   2.5022874e-01   2.4730017e-01   2.4440566e-01
   2.0179167e+03   2.5024318e-01   2.4728466e-01   2.4436088e-01
   2.0180000e+03   2.5024750e-01   2.4725945e-01   2.4430686e-01
   2.0180833e+03   2.5024034e-01   2.4722331e-01   2.4424242e-01
   2.0181667e+03   2.5023139e-01   2.4718533e-01   2.4417611e-01
   2.0182500e+03   2.5022987e-01   2.4715419e-01   2.4411608e-01
   2.0183333e+03   2.5024213e-01   2.4713587e-01   2.4406793e-01
   2.0184167e+03   2.5025717e-01   2.4712000e-01   2.4402192e-01
   2.0185000e+03   2.5026762e-01   2.4709968e-01   2.4397158e-01
   2.0185833e+03   2.5026448e-01   2.4706643e-01   2.4390899e-01
   2.0186667e+03   2.5025023e-01   2.4702261e-01   2.4383637e-01
   2.0187500e+03   2.5023953e-01   2.4698199e-01   2.4376660e-01
   2.0188333e+03   2.5024874e-01   2.4695989e-01   2.4371401e-01
   2.0189167e+03   2.5026334e-01   2.4694271e-01   2.4366586e-01
   2.0190000e+03   2.5026817e-01   2.4691620e-01   2.4360886e-01
   2.0190833e+03   2.5026175e-01   2.4687901e-01   2.4354172e-01
   2.0191667e+03   2.5025355e-01   2.4684001e-01   2.4347275e-01
   2.0192500e+03   2.5025266e-01   2.4680771e-01   2.4340990e-01
   2.0193333e+03   2.5026520e-01   2.4678783e-01   2.4335849e-01
   2.0194167e+03   2.5028011e-01   2.4677002e-01   2.4330885e-01
   2.0195000e+03   2.5029020e-01   2.4674753e-01   2.4325471e-01
   2.0195833e+03   2.5028634e-01   2.4671187e-01   2.4318814e-01
   2.0196667e+03   2.5027119e-01   2.4666551e-01   2.4311146e-01
   2.0197500e+03   2.5025965e-01   2.4662238e-01   2.4303766e-01
   2.0198333e+03   2.5026845e-01   2.4659809e-01   2.4298125e-01
   2.0199167e+03   2.5028321e-01   2.4657922e-01   2.4292973e-01
   2.0200000e+03   2.5028854e-01   2.4655140e-01   2.4286973e-01
   2.0200833e+03   2.5028283e-01   2.4651313e-01   2.4279988e-01
   2.0201667e+03   2.5027537e-01   2.4647309e-01   2.4272825e-01
   2.0202500e+03   2.5027511e-01   2.4643961e-01   2.4266255e-01
   2.0203333e+03   2.5028792e-01   2.4641816e-01   2.4260789e-01
   2.0204167e+03   2.5030269e-01   2.4639838e-01   2.4255463e-01
   2.0205000e+03   2.5031239e-01   2.4637373e-01   2.4249669e-01
   2.0205833e+03   2.5030781e-01   2.4633564e-01   2.4242615e-01
   2.0206667e+03   2.5029175e-01   2.4628673e-01   2.4234543e-01
   2.0207500e+03   2.5027935e-01   2.4624108e-01   2.4226761e-01
   2.0208333e+03   2.5028772e-01   2.4621459e-01   2.4220738e-01
   2.0209167e+03   2.5030262e-01   2.4619402e-01   2.4215248e-01
   2.0210000e+03   2.5030844e-01   2.4616486e-01   2.4208949e-01
   2.0210833e+03   2.5030344e-01   2.4612550e-01   2.4201692e-01
   2.0211667e+03   2.5029672e-01   2.4608441e-01   2.4194261e-01
   2.0212500e+03   2.5029706e-01   2.4604972e-01   2.4187407e-01
   2.0213333e+03   2.5031013e-01   2.4602669e-01   2.4181615e-01
   2.0214167e+03   2.5032476e-01   2.4600494e-01   2.4175926e-01
   2.0215000e+03   2.5033406e-01   2.4597810e-01   2.4169754e-01
   2.0215833e+03   2.5032874e-01   2.4593758e-01   2.4162304e-01
   2.0216667e+03   2.5031175e-01   2.4588611e-01   2.4153831e-01
   2.0217500e+03   2.5029848e-01   2.4583795e-01   2.4145649e-01
   2.0218333e+03   2.5030641e-01   2.4580924e-01   2.4139245e-01
   2.0219167e+03   2.5032144e-01   2.4578695e-01   2.4133417e-01
   2.0220000e+03   2.5032774e-01   2.4575644e-01   2.4126818e-01
   2.0220833e+03   2.5032343e-01   2.4571598e-01   2.4119289e-01
   2.0221667e+03   2.5031743e-01   2.4567381e-01   2.4111589e-01
   2.0222500e+03   2.5031837e-01   2.4563790e-01   2.4104450e-01
   2.0223333e+03   2.5033169e-01   2.4561326e-01   2.4098332e-01
   2.0224167e+03   2.5034615e-01   2.4558952e-01   2.4092281e-01
   2.0225000e+03   2.5035504e-01   2.4556050e-01   2.4085731e-01
   2.0225833e+03   2.5034897e-01   2.4551754e-01   2.4077887e-01
   2.0226667e+03   2.5033103e-01   2.4546351e-01   2.4069015e-01
   2.0227500e+03   2.5031688e-01   2.4541282e-01   2.4060435e-01
   2.0228333e+03   2.5032436e-01   2.4538189e-01   2.4053652e-01
   2.0229167e+03   2.5033950e-01   2.4535786e-01   2.4047486e-01
   2.0230000e+03   2.5034628e-01   2.4532599e-01   2.4040587e-01
   2.0230833e+03   2.5034265e-01   2.4528440e-01   2.4032785e-01
   2.0231667e+03   2.5033736e-01   2.4524114e-01   2.4024816e-01
   2.0232500e+03   2.5033888e-01   2.4520400e-01   2.4017392e-01
   2.0233333e+03   2.5035244e-01   2.4517774e-01   2.4010948e-01
   2.0234167e+03   2.5036672e-01   2.4515200e-01   2.4004536e-01
   2.0235000e+03   2.5037519e-01   2.4512077e-01   2.3997609e-01
   2.0235833e+03   2.5036835e-01   2.4507537e-01   2.3989374e-01
   2.0236667e+03   2.5034946e-01   2.4501877e-01   2.3980104e-01
   2.0237500e+03   2.5033441e-01   2.4496556e-01   2.3971130e-01
   2.0238333e+03   2.5034142e-01   2.4493240e-01   2.3963969e-01
   2.0239167e+03   2.5035666e-01   2.4490662e-01   2.3957466e-01
   2.0240000e+03   2.5036390e-01   2.4487336e-01   2.3950266e-01
   2.0240833e+03   2.5036094e-01   2.4483063e-01   2.3942191e-01
   2.0241667e+03   2.5035635e-01   2.4478627e-01   2.3933953e-01
   2.0242500e+03   2.5035845e-01   2.4474787e-01   2.3926243e-01
   2.0243333e+03   2.5037222e-01   2.4471998e-01   2.3919474e-01
   2.0244167e+03   2.5038631e-01   2.4469222e-01   2.3912702e-01
   2.0245000e+03   2.5039435e-01   2.4465879e-01   2.3905400e-01
   2.0245833e+03   2.5038674e-01   2.4461094e-01   2.3896775e-01
   2.0246667e+03   2.5036687e-01   2.4455177e-01   2.3887112e-01
   2.0247500e+03   2.5035091e-01   2.4449603e-01   2.3877745e-01
   2.0248333e+03   2.5035744e-01   2.4446063e-01   2.3870207e-01
   2.0249167e+03   2.5037278e-01   2.4443309e-01   2.3863367e-01
   2.0250000e+03   2.5038045e-01   2.4439843e-01   2.3855868e-01
   2.0250833e+03   2.5037817e-01   2.4435456e-01   2.3847521e-01
   2.0251667e+03   2.5037430e-01   2.4430910e-01   2.3839017e-01
   2.0252500e+03   2.5037701e-01   2.4426948e-01   2.3831025e-01
   2.0253333e+03   2.5039101e-01   2.4423996e-01   2.3823933e-01
   2.0254167e+03   2.5040487e-01   2.4421015e-01   2.3816799e-01
   2.0255000e+03   2.5041239e-01   2.4417443e-01   2.3809118e-01
   2.0255833e+03   2.5040384e-01   2.4412400e-01   2.3800094e-01
   2.0256667e+03   2.5038279e-01   2.4406208e-01   2.3790023e-01
   2.0257500e+03   2.5036568e-01   2.4400360e-01   2.3780248e-01
   2.0258333e+03   2.5037158e-01   2.4396583e-01   2.3772324e-01
   2.0259167e+03   2.5038702e-01   2.4393654e-01   2.3765150e-01
   2.0260000e+03   2.5039527e-01   2.4390057e-01   2.3757360e-01
   2.0260833e+03   2.5039383e-01   2.4385570e-01   2.3748755e-01
   2.0261667e+03   2.5039084e-01   2.4380928e-01   2.3739997e-01
   2.0262500e+03   2.5039427e-01   2.4376852e-01   2.3731733e-01
   2.0263333e+03   2.5040853e-01   2.4373738e-01   2.3724319e-01
   2.0264167e+03   2.5042210e-01   2.4370547e-01   2.3716821e-01
   2.0265000e+03   2.5042900e-01   2.4366738e-01   2.3708754e-01
   2.0265833e+03   2.5041939e-01   2.4361424e-01   2.3699324e-01
   2.0266667e+03   2.5039702e-01   2.4354946e-01   2.3688837e-01
   2.0267500e+03   2.5037868e-01   2.4348817e-01   2.3678650e-01
   2.0268333e+03   2.5038391e-01   2.4344799e-01   2.3670338e-01
   2.0269167e+03   2.5039943e-01   2.4341691e-01   2.3662827e-01
   2.0270000e+03   2.5040822e-01   2.4337961e-01   2.3654746e-01
   2.0270833e+03   2.5040761e-01   2.4333371e-01   2.3645880e-01
   2.0271667e+03   2.5040548e-01   2.4328629e-01   2.3636866e-01
   2.0272500e+03   2.5040961e-01   2.4324435e-01   2.3628326e-01
   2.0273333e+03   2.5042410e-01   2.4321156e-01   2.3620589e-01
   2.0274167e+03   2.5043736e-01   2.4317751e-01   2.3612725e-01
   2.0275000e+03   2.5044363e-01   2.4313703e-01   2.3604273e-01
   2.0275833e+03   2.5043293e-01   2.4308118e-01   2.3594437e-01
   2.0276667e+03   1.2520461e-01   1.2150676e-01   1.1791768e-01
   2.0277500e+03   1.2519481e-01   1.2147470e-01   1.1786469e-01
   2.0278333e+03   1.2519708e-01   1.2145339e-01   1.1782120e-01
   2.0279167e+03   1.2520487e-01   1.2143694e-01   1.1778195e-01
   2.0280000e+03   1.2520953e-01   1.2141761e-01   1.1774007e-01
   2.0280833e+03   1.2520962e-01   1.2139413e-01   1.1769443e-01
   2.0281667e+03   1.2520898e-01   1.2136990e-01   1.1764807e-01
   2.0282500e+03   1.2521139e-01   1.2134833e-01   1.1760398e-01
   2.0283333e+03   1.2521873e-01   1.2133109e-01   1.1756367e-01
   2.0284167e+03   1.2522520e-01   1.2131299e-01   1.1752252e-01
   2.0285000e+03   1.2522801e-01   1.2129154e-01   1.1747833e-01
   2.0285833e+03   1.2522210e-01   1.2126225e-01   1.1742713e-01
   2.0286667e+03   1.2520957e-01   1.2122698e-01   1.1737057e-01
   2.0287500e+03   1.2519912e-01   1.2119350e-01   1.1731554e-01
   2.0288333e+03   1.2520104e-01   1.2117096e-01   1.1727010e-01
   2.0289167e+03   1.2520884e-01   1.2115359e-01   1.1722917e-01
   2.0290000e+03   1.2521375e-01   1.2113356e-01   1.1718581e-01
   2.0290833e+03   1.2521424e-01   1.2110952e-01   1.1713884e-01
   2.0291667e+03   1.2521401e-01   1.2108477e-01   1.1709117e-01
   2.0292500e+03   1.2521674e-01   1.2106257e-01   1.1704569e-01
   2.0293333e+03   1.2522419e-01   1.2104448e-01   1.1700375e-01
   2.0294167e+03   1.2523048e-01   1.2102529e-01   1.1696077e-01
   2.0295000e+03   1.2523294e-01   1.2100262e-01   1.1691466e-01
   2.0295833e+03   1.2522647e-01   1.2097196e-01   1.1686145e-01
   2.0296667e+03   1.2521325e-01   1.2093524e-01   1.1680284e-01
   2.0297500e+03   1.2520214e-01   1.2090033e-01   1.1674577e-01
   2.0298333e+03   1.2520369e-01   1.2087655e-01   1.1669840e-01
   2.0299167e+03   1.2521150e-01   1.2085824e-01   1.1665577e-01
   2.0300000e+03   1.2521665e-01   1.2083750e-01   1.1661092e-01
   2.0300833e+03   1.2521753e-01   1.2081290e-01   1.1656263e-01
   2.0301667e+03   1.2521771e-01   1.2078761e-01   1.1651366e-01
   2.0302500e+03   1.2522078e-01   1.2076479e-01   1.1646678e-01
   2.0303333e+03   1.2522831e-01   1.2074584e-01   1.1642322e-01
   2.0304167e+03   1.2523440e-01   1.2072553e-01   1.1637840e-01
   2.0305000e+03   1.2523648e-01   1.2070161e-01   1.1633034e-01
   2.0305833e+03   1.2522937e-01   1.2066951e-01   1.1627508e-01
   2.0306667e+03   1.2521535e-01   1.2063126e-01   1.1621438e-01
   2.0307500e+03   1.2520349e-01   1.2059484e-01   1.1615522e-01
   2.0308333e+03   1.2520459e-01   1.2056976e-01   1.1610589e-01
   2.0309167e+03   1.2521240e-01   1.2055051e-01   1.1606156e-01
   2.0310000e+03   1.2521782e-01   1.2052907e-01   1.1601526e-01
   2.0310833e+03   1.2521914e-01   1.2050396e-01   1.1596569e-01
   2.0311667e+03   1.2521979e-01   1.2047818e-01   1.1591547e-01
   2.0312500e+03   1.2522322e-01   1.2045476e-01   1.1586724e-01
   2.0313333e+03   1.2523084e-01   1.2043495e-01   1.1582206e-01
   2.0314167e+03   1.2523668e-01   1.2041349e-01   1.1577540e-01
   2.0315000e+03   1.2523833e-01   1.2038829e-01   1.1572540e-01
   2.0315833e+03   1.2523052e-01   1.2035472e-01   1.1566808e-01
   2.0316667e+03   1.2521565e-01   1.2031490e-01   1.1560528e-01
   2.0317500e+03   1.2520297e-01   1.2027694e-01   1.1554403e-01
   2.0318333e+03   1.2520361e-01   1.2025055e-01   1.1549274e-01
   2.0319167e+03   1.2521140e-01   1.2023034e-01   1.1544674e-01
   2.0320000e+03   1.2521708e-01   1.2020821e-01   1.1539900e-01
   2.0320833e+03   1.2521883e-01   1.2018257e-01   1.1534816e-01
   2.0321667e+03   1.2521992e-01   1.2015628e-01   1.1529669e-01
   2.0322500e+03   1.2522370e-01   1.2013226e-01   1.1524712e-01
   2.0323333e+03   1.2523139e-01   1.2011157e-01   1.1520034e-01
   2.0324167e+03   1.2523698e-01   1.2008897e-01   1.1515185e-01
   2.0325000e+03   1.2523818e-01   1.2006247e-01   1.1509993e-01
   2.0325833e+03   1.2522965e-01   1.2002743e-01   1.1504058e-01
   2.0326667e+03   1.2521391e-01   1.1998605e-01   1.1497571e-01
   2.0327500e+03   1.2520041e-01   1.1994655e-01   1.1491241e-01
   2.0328333e+03   1.2520056e-01   1.1991885e-01   1.1485920e-01
   2.0329167e+03   1.2520831e-01   1.1989768e-01   1.1481153e-01
   2.0330000e+03   1.2521423e-01   1.1987484e-01   1.1476236e-01
   2.0330833e+03   1.2521640e-01   1.1984866e-01   1.1471025e-01
   2.0331667e+03   1.2521792e-01   1.1982186e-01   1.1465755e-01
   2.0332500e+03   1.2522205e-01   1.1979723e-01   1.1460663e-01
   2.0333333e+03   1.2522979e-01   1.1977566e-01   1.1455828e-01
   2.0334167e+03   1.2523510e-01   1.1975191e-01   1.1450799e-01
   2.0335000e+03   1.2523584e-01   1.1972411e-01   1.1445416e-01
   2.0335833e+03   1.2522657e-01   1.1968760e-01   1.1439282e-01
   2.0336667e+03   1.2520994e-01   1.1964465e-01   1.1432591e-01
   2.0337500e+03   1.2519560e-01   1.1960362e-01   1.1426059e-01
   2.0338333e+03   1.2519525e-01   1.1957460e-01   1.1420547e-01
   2.0339167e+03   1.2520295e-01   1.1955247e-01   1.1415616e-01
   2.0340000e+03   1.2520911e-01   1.1952892e-01   1.1410557e-01
   2.0340833e+03   1.2521167e-01   1.1950219e-01   1.1405221e-01
   2.0341667e+03   1.2521361e-01   1.1947486e-01   1.1399827e-01
   2.0342500e+03   1.2521806e-01   1.1944960e-01   1.1394603e-01
   2.0343333e+03   1.2522584e-01   1.1942715e-01   1.1389610e-01
   2.0344167e+03   1.2523087e-01   1.1940225e-01   1.1384403e-01
   2.0345000e+03   1.2523112e-01   1.1937316e-01   1.1378834e-01
   2.0345833e+03   1.2522110e-01   1.1933517e-01   1.1372502e-01
   2.0346667e+03   6.2601785e-02   5.9645334e-02   5.6828059e-02
   2.0347500e+03   6.2594185e-02   5.9624051e-02   5.6794404e-02
   2.0348333e+03   6.2593751e-02   5.9608887e-02   5.6765908e-02
   2.0349167e+03   6.2597568e-02   5.9597331e-02   5.6740437e-02
   2.0350000e+03   6.2600752e-02   5.9585194e-02   5.6714441e-02
   2.0350833e+03   6.2602224e-02   5.9571552e-02   5.6687138e-02
   2.0351667e+03   6.2603401e-02   5.9557620e-02   5.6659558e-02
   2.0352500e+03   6.2605776e-02   5.9544677e-02   5.6632781e-02
   2.0353333e+03   6.2609679e-02   5.9533002e-02   5.6607042e-02
   2.0354167e+03   6.2612043e-02   5.9519973e-02   5.6580128e-02
   2.0355000e+03   6.2611919e-02   5.9504781e-02   5.6551356e-02
   2.0355833e+03   6.2606526e-02   5.9485054e-02   5.6518732e-02
   2.0356667e+03   6.2597300e-02   5.9462025e-02   5.6483299e-02
   2.0357500e+03   6.2589263e-02   5.9439979e-02   5.6448668e-02
   2.0358333e+03   6.2588563e-02   5.9424156e-02   5.6419248e-02
   2.0359167e+03   6.2592338e-02   5.9412112e-02   5.6392973e-02
   2.0360000e+03   6.2595622e-02   5.9399610e-02   5.6366281e-02
   2.0360833e+03   6.2597279e-02   5.9385685e-02   5.6338361e-02
   2.0361667e+03   6.2598652e-02   5.9371481e-02   5.6310176e-02
   2.0362500e+03   6.2601173e-02   5.9358218e-02   5.6282748e-02
   2.0363333e+03   6.2605080e-02   5.9346093e-02   5.6256243e-02
   2.0364167e+03   6.2607285e-02   5.9332485e-02   5.6228462e-02
   2.0365000e+03   6.2606904e-02   5.9316645e-02   5.6198782e-02
   2.0365833e+03   6.2601118e-02   5.9296185e-02   5.6165208e-02
   2.0366667e+03   6.2591425e-02   5.9272382e-02   5.6128812e-02
   2.0367500e+03   6.2582942e-02   5.9249575e-02   5.6093225e-02
   2.0368333e+03   6.2581966e-02   5.9233095e-02   5.6062895e-02
   2.0369167e+03   6.2585693e-02   5.9220560e-02   5.6035826e-02
   2.0370000e+03   6.2589069e-02   5.9207689e-02   5.6008446e-02
   2.0370833e+03   6.2590904e-02   5.9193477e-02   5.5979916e-02
   2.0371667e+03   6.2592465e-02   5.9178997e-02   5.5951133e-02
   2.0372500e+03   6.2595126e-02   5.9165409e-02   5.5923061e-02
   2.0373333e+03   6.2599029e-02   5.9152832e-02   5.5895798e-02
   2.0374167e+03   6.2601067e-02   5.9138644e-02   5.5867164e-02
   2.0375000e+03   6.2600421e-02   5.9122156e-02   5.5836590e-02
   2.0375833e+03   6.2594234e-02   5.9100967e-02   5.5802084e-02
   2.0376667e+03   6.2584064e-02   5.9076393e-02   5.5764746e-02
   2.0377500e+03   6.2575127e-02   5.9052828e-02   5.5728221e-02
   2.0378333e+03   6.2573869e-02   5.9035691e-02   5.5696998e-02
   2.0379167e+03   6.2577539e-02   5.9022662e-02   5.5669146e-02
   2.0380000e+03   6.2581000e-02   5.9009419e-02   5.5641087e-02
   2.0380833e+03   6.2583005e-02   5.8994916e-02   5.5611954e-02
   2.0381667e+03   6.2584748e-02   5.8980156e-02   5.5582579e-02
   2.0382500e+03   6.2587540e-02   5.8966240e-02   5.5553870e-02
   2.0383333e+03   6.2591432e-02   5.8953209e-02   5.5525861e-02
   2.0384167e+03   6.2593295e-02   5.8938439e-02   5.5496387e-02
   2.0385000e+03   6.2592375e-02   5.8921305e-02   5.5464934e-02
   2.0385833e+03   6.2585780e-02   5.8899388e-02   5.5429516e-02
   2.0386667e+03   6.2575126e-02   5.8874047e-02   5.5391255e-02
   2.0387500e+03   6.2565726e-02   5.8849727e-02   5.5353813e-02
   2.0388333e+03   6.2564177e-02   5.8831934e-02   5.5321712e-02
   2.0389167e+03   6.2567783e-02   5.8818410e-02   5.5293090e-02
   2.0390000e+03   6.2571321e-02   5.8804792e-02   5.5264359e-02
   2.0390833e+03   6.2573489e-02   5.8789994e-02   5.5234630e-02
   2.0391667e+03   6.2575405e-02   5.8774951e-02   5.5204671e-02
   2.0392500e+03   6.2578322e-02   5.8760703e-02   5.5175334e-02
   2.0393333e+03   6.2582196e-02   5.8747215e-02   5.5146589e-02
   2.0394167e+03   6.2583875e-02   5.8731865e-02   5.5116290e-02
   2.0395000e+03   6.2582674e-02   5.8714084e-02   5.5083976e-02
   2.0395833e+03   6.2575662e-02   5.8691442e-02   5.5047663e-02
   2.0396667e+03   6.2564515e-02   5.8665338e-02   5.5008502e-02
   2.0397500e+03   6.2554645e-02   5.8640266e-02   5.4970162e-02
   2.0398333e+03   6.2552797e-02   5.8621819e-02   5.4937201e-02
   2.0399167e+03   6.2556331e-02   5.8607799e-02   5.4907820e-02
   2.0400000e+03   6.2559938e-02   5.8593803e-02   5.4878429e-02
   2.0400833e+03   6.2562262e-02   5.8578707e-02   5.4848112e-02
   2.0401667e+03   6.2564345e-02   5.8563376e-02   5.4817576e-02
   2.0402500e+03   6.2567378e-02   5.8548794e-02   5.4787620e-02
   2.0403333e+03   6.2571226e-02   5.8534848e-02   5.4758151e-02
   2.0404167e+03   6.2572714e-02   5.8518916e-02   5.4727041e-02
   2.0405000e+03   6.2571224e-02   5.8500492e-02   5.4693882e-02
   2.0405833e+03   6.2563787e-02   5.8477128e-02   5.4656697e-02
   2.0406667e+03   6.2552139e-02   5.8450264e-02   5.4616655e-02
   2.0407500e+03   6.2541791e-02   5.8424445e-02   5.4577440e-02
   2.0408333e+03   6.2539635e-02   5.8405346e-02   5.4543636e-02
   2.0409167e+03   6.2543089e-02   5.8390828e-02   5.4513510e-02
   2.0410000e+03   6.2546759e-02   5.8376452e-02   5.4483468e-02
   2.0410833e+03   6.2549230e-02   5.8361054e-02   5.4452572e-02
   2.0411667e+03   6.2551473e-02   5.8345432e-02   5.4421468e-02
   2.0412500e+03   6.2554616e-02   5.8330513e-02   5.4390902e-02
   2.0413333e+03   6.2558429e-02   5.8316107e-02   5.4360721e-02
   2.0414167e+03   6.2559718e-02   5.8299595e-02   5.4328817e-02
   2.0415000e+03   6.2557931e-02   5.8280527e-02   5.4294831e-02
   2.0415833e+03   6.2550061e-02   5.8256445e-02   5.4256792e-02
   2.0416667e+03   6.2537904e-02   5.8228828e-02   5.4215893e-02
   2.0417500e+03   6.2527069e-02   5.8202266e-02   5.4175824e-02
   2.0418333e+03   6.2524599e-02   5.8182515e-02   5.4141196e-02
   2.0419167e+03   6.2527965e-02   5.8167500e-02   5.4110337e-02
   2.0420000e+03   6.2531689e-02   5.8152741e-02   5.4079655e-02
   2.0420833e+03   6.2534301e-02   5.8137039e-02   5.4048190e-02
   2.0421667e+03   6.2536696e-02   5.8121123e-02   5.4016527e-02
   2.0422500e+03   6.2539941e-02   5.8105863e-02   5.3985361e-02
   2.0423333e+03   6.2543712e-02   5.8090997e-02   5.3954481e-02
   2.0424167e+03   6.2544794e-02   5.8073905e-02   5.3921798e-02
   2.0425000e+03   6.2542701e-02   5.8054196e-02   5.3887003e-02
   2.0425833e+03   6.2534390e-02   5.8029401e-02   5.3848133e-02
   2.0426667e+03   6.2521716e-02   5.8001033e-02   5.3806400e-02
   2.0427500e+03   6.2510387e-02   5.7973734e-02   5.3765499e-02
   2.0428333e+03   6.2507593e-02   5.7953335e-02   5.3730065e-02
   2.0429167e+03   6.2510864e-02   5.7937821e-02   5.3698489e-02
   2.0430000e+03   6.2514635e-02   5.7922678e-02   5.3667178e-02
   2.0430833e+03   6.2517381e-02   5.7906668e-02   5.3635153e-02
   2.0431667e+03   6.2519920e-02   5.7890455e-02   5.3602941e-02
   2.0432500e+03   6.2523259e-02   5.7874853e-02   5.3571186e-02
   2.0433333e+03   6.2526981e-02   5.7859525e-02   5.3539620e-02
   2.0434167e+03   6.2527848e-02   5.7841855e-02   5.3506175e-02
   2.0435000e+03   6.2525442e-02   5.7821508e-02   5.3470591e-02
   2.0435833e+03   6.2516681e-02   5.7796002e-02   5.3430910e-02
   2.0436667e+03   6.2503482e-02   5.7766892e-02   5.3388366e-02
   2.0437500e+03   6.2491651e-02   5.7738859e-02   5.3346657e-02
   2.0438333e+03   6.2488526e-02   5.7717815e-02   5.3310437e-02
   2.0439167e+03   6.2491693e-02   5.7701803e-02   5.3278157e-02
   2.0440000e+03   6.2495503e-02   5.7686273e-02   5.3246230e-02
   2.0440833e+03   6.2498376e-02   5.7669953e-02   5.3213655e-02
   2.0441667e+03   6.2501052e-02   5.7653441e-02   5.3180904e-02
   2.0442500e+03   6.2504478e-02   5.7637494e-02   5.3148571e-02
   2.0443333e+03   6.2508142e-02   5.7621704e-02   5.3116334e-02
   2.0444167e+03   6.2508786e-02   5.7603456e-02   5.3082144e-02
   2.0445000e+03   6.2506059e-02   5.7582474e-02   5.3045789e-02
   2.0445833e+03   6.2496841e-02   5.7556263e-02   5.3005321e-02
   2.0446667e+03   6.2483109e-02   5.7526415e-02   5.2961991e-02
   2.0447500e+03   6.2470768e-02   5.7497655e-02   5.2919497e-02
   2.0448333e+03   6.2467304e-02   5.7475968e-02   5.2882510e-02
   2.0449167e+03   6.2470359e-02   5.7459458e-02   5.2849542e-02
   2.0450000e+03   6.2474201e-02   5.7443541e-02   5.2817011e-02
   2.0450833e+03   6.2477192e-02   5.7426909e-02   5.2783898e-02
   2.0451667e+03   6.2479999e-02   5.7410095e-02   5.2750618e-02
   2.0452500e+03   6.2483503e-02   5.7393802e-02   5.2717718e-02
   2.0453333e+03   6.2487103e-02   5.7377550e-02   5.2684824e-02
   2.0454167e+03   6.2487516e-02   5.7358726e-02   5.2649908e-02
   2.0455000e+03   6.2484459e-02   5.7337111e-02   5.2612803e-02
   2.0455833e+03   6.2474776e-02   5.7310201e-02   5.2571570e-02
   2.0456667e+03   6.2460504e-02   5.7279621e-02   5.2527477e-02
   2.0457500e+03   6.2447644e-02   5.7250141e-02   5.2484222e-02
   2.0458333e+03   6.2443834e-02   5.7227815e-02   5.2446490e-02
   2.0459167e+03   6.2446770e-02   5.7210807e-02   5.2412850e-02
   2.0460000e+03   6.2450636e-02   5.7194501e-02   5.2379729e-02
   2.0460833e+03   6.2453737e-02   5.7177554e-02   5.2346088e-02
   2.0461667e+03   6.2456666e-02   5.7160437e-02   5.2312290e-02
   2.0462500e+03   6.2460243e-02   5.7143796e-02   5.2278836e-02
   2.0463333e+03   6.2463769e-02   5.7127081e-02   5.2245301e-02
   2.0464167e+03   6.2463943e-02   5.7107684e-02   5.2209677e-02
   2.0465000e+03   6.2460549e-02   5.7085441e-02   5.2171842e-02
   2.0465833e+03   6.2450393e-02   5.7057836e-02   5.2129867e-02
   2.0466667e+03   6.2435573e-02   5.7026532e-02   5.2085037e-02
   2.0467500e+03   6.2422187e-02   5.6996336e-02   5.2041046e-02
   2.0468333e+03   6.2418022e-02   5.6973375e-02   5.2002589e-02
   2.0469167e+03   6.2420831e-02   5.6955870e-02   5.1968294e-02
   2.0470000e+03   6.2424713e-02   5.6939175e-02   5.1934595e-02
   2.0470833e+03   6.2427919e-02   5.6921913e-02   5.1900438e-02
   2.0471667e+03   6.2430962e-02   5.6904489e-02   5.1866135e-02
   2.0472500e+03   6.2434603e-02   5.6887500e-02   5.1832140e-02
   2.0473333e+03   6.2438048e-02   5.6870323e-02   5.1797978e-02
   2.0474167e+03   6.2437976e-02   5.6850355e-02   5.1761665e-02
   2.0475000e+03   6.2434237e-02   5.6827486e-02   5.1723121e-02
   2.0475833e+03   6.2423600e-02   5.6799193e-02   5.1680429e-02
   2.0476667e+03   6.2408224e-02   5.6767172e-02   5.1634888e-02
   2.0477500e+03   6.2394304e-02   5.6736268e-02   5.1590185e-02
   2.0478333e+03   6.2389777e-02   5.6712676e-02   5.1551025e-02
   2.0479167e+03   6.2392451e-02   5.6694676e-02   5.1516091e-02
   2.0480000e+03   6.2396342e-02   5.6677590e-02   5.1481829e-02
   2.0480833e+03   6.2399643e-02   5.6660011e-02   5.1447169e-02
   2.0481667e+03   6.2402794e-02   5.6642280e-02   5.1412372e-02
   2.0482500e+03   6.2406491e-02   5.6624940e-02   5.1377849e-02
   2.0483333e+03   6.2409848e-02   5.6607302e-02   5.1343077e-02
   2.0484167e+03   6.2409520e-02   5.6586767e-02   5.1306095e-02
   2.0485000e+03   6.2405428e-02   5.6563277e-02   5.1266864e-02
   2.0485833e+03   6.2394304e-02   5.6534302e-02   5.1223479e-02
   2.0486667e+03   6.2378364e-02   5.6501570e-02   5.1177251e-02
   2.0487500e+03   6.2363903e-02   5.6469966e-02   5.1131863e-02
   2.0488333e+03   6.2359005e-02   5.6445748e-02   5.1092022e-02
   2.0489167e+03   6.2361536e-02   5.6427253e-02   5.1056467e-02
   2.0490000e+03   6.2365428e-02   5.6409777e-02   5.1021656e-02
   2.0490833e+03   6.2368818e-02   5.6391879e-02   5.0986506e-02
   2.0491667e+03   6.2372068e-02   5.6373840e-02   5.0951228e-02
   2.0492500e+03   6.2375814e-02   5.6356149e-02   5.0916190e-02
   2.0493333e+03   6.2379075e-02   5.6338050e-02   5.0880825e-02
   2.0494167e+03   6.2378485e-02   5.6316950e-02   5.0843194e-02
   2.0495000e+03   6.2374032e-02   5.6292844e-02   5.0803297e-02
   2.0495833e+03   6.2362412e-02   5.6263194e-02   5.0759244e-02
   2.0496667e+03   6.2345901e-02   5.6229760e-02   5.0712357e-02
   2.0497500e+03   6.2330891e-02   5.6197463e-02   5.0666309e-02
   2.0498333e+03   6.2325615e-02   5.6172624e-02   5.0625809e-02
   2.0499167e+03   6.2327996e-02   5.6153636e-02   5.0589650e-02
   2.0500000e+03   6.2331881e-02   5.6135771e-02   5.0554306e-02
   2.0500833e+03   6.2335351e-02   5.6117553e-02   5.0518679e-02
   2.0501667e+03   6.2338693e-02   5.6099204e-02   5.0482933e-02
   2.0502500e+03   6.2342479e-02   5.6081161e-02   5.0447395e-02
   2.0503333e+03   6.2345637e-02   5.6062605e-02   5.0411454e-02
   2.0504167e+03   6.2344782e-02   5.6040947e-02   5.0373197e-02
   2.0505000e+03   6.2339969e-02   5.6016237e-02   5.0332663e-02
   2.0505833e+03   6.2327858e-02   5.5985928e-02   5.0287974e-02
   2.0506667e+03   6.2310786e-02   5.5951814e-02   5.0240465e-02
   2.0507500e+03   6.2295239e-02   5.5918846e-02   5.0193795e-02
   2.0508333e+03   6.2289590e-02   5.5893402e-02   5.0152668e-02
   2.0509167e+03   6.2291819e-02   5.5873930e-02   5.0115929e-02
   2.0510000e+03   6.2295690e-02   5.5855676e-02   5.0080069e-02
   2.0510833e+03   6.2299231e-02   5.5837137e-02   5.0043979e-02
   2.0511667e+03   6.2302654e-02   5.5818476e-02   5.0007779e-02
   2.0512500e+03   6.2306472e-02   5.5800083e-02   4.9971757e-02
   2.0513333e+03   6.2309523e-02   5.5781074e-02   4.9935263e-02
   2.0514167e+03   6.2308403e-02   5.5758870e-02   4.9896408e-02
   2.0515000e+03   6.2303230e-02   5.5733568e-02   4.9855266e-02
   2.0515833e+03   6.2290631e-02   5.5702617e-02   4.9809976e-02
   2.0516667e+03   6.2272999e-02   5.5667840e-02   4.9761878e-02
   2.0517500e+03   6.2256913e-02   5.5634216e-02   4.9714618e-02
   2.0518333e+03   6.2250889e-02   5.5608177e-02   4.9672892e-02
   2.0519167e+03   6.2252959e-02   5.5588226e-02   4.9635596e-02
   2.0520000e+03   6.2256810e-02   5.5569586e-02   4.9599239e-02
   2.0520833e+03   6.2260413e-02   5.5550728e-02   4.9562704e-02
   2.0521667e+03   6.2263910e-02   5.5531757e-02   4.9526068e-02
   2.0522500e+03   6.2267754e-02   5.5513014e-02   4.9489580e-02
   2.0523333e+03   6.2270691e-02   5.5493558e-02   4.9452555e-02
   2.0524167e+03   6.2269297e-02   5.5470814e-02   4.9413125e-02
   2.0525000e+03   6.2263758e-02   5.5444927e-02   4.9371402e-02
   2.0525833e+03   6.2250664e-02   5.5413344e-02   4.9325538e-02
   2.0526667e+03   6.2232466e-02   5.5377914e-02   4.9276882e-02
   2.0527500e+03   6.2215836e-02   5.5343644e-02   4.9229062e-02
   2.0528333e+03   6.2209428e-02   5.5317019e-02   4.9186764e-02
   2.0529167e+03   6.2211333e-02   5.5296593e-02   4.9148933e-02
   2.0530000e+03   6.2215155e-02   5.5277571e-02   4.9112099e-02
   2.0530833e+03   6.2218815e-02   5.5258395e-02   4.9075136e-02
   2.0531667e+03   6.2222379e-02   5.5239116e-02   4.9038082e-02
   2.0532500e+03   6.2226241e-02   5.5220028e-02   4.9001148e-02
   2.0533333e+03   6.2229056e-02   5.5200127e-02   4.8963612e-02
   2.0534167e+03   6.2227383e-02   5.5176850e-02   4.8923633e-02
   2.0535000e+03   6.2221471e-02   5.5150387e-02   4.8881355e-02
   2.0535833e+03   6.2207875e-02   5.5118182e-02   4.8834946e-02
   2.0536667e+03   6.2189104e-02   5.5082110e-02   4.8785761e-02
   2.0537500e+03   6.2171922e-02   5.5047205e-02   4.8737411e-02
   2.0538333e+03   6.2165126e-02   5.5020001e-02   4.8694567e-02
   2.0539167e+03   6.2166858e-02   5.4999105e-02   4.8656223e-02
   2.0540000e+03   6.2170645e-02   5.4979704e-02   4.8618932e-02
   2.0540833e+03   6.2174354e-02   5.4960214e-02   4.8581561e-02
   2.0541667e+03   6.2177977e-02   5.4940629e-02   4.8544106e-02
   2.0542500e+03   6.2181850e-02   5.4921197e-02   4.8506744e-02
   2.0543333e+03   6.2184537e-02   5.4900858e-02   4.8468719e-02
   2.0544167e+03   6.2182577e-02   5.4877053e-02   4.8428216e-02
   2.0545000e+03   6.2176285e-02   5.4850023e-02   4.8385409e-02
   2.0545833e+03   6.2162181e-02   5.4817205e-02   4.8338484e-02
   2.0546667e+03   6.2142832e-02   5.4780502e-02   4.8288801e-02
   2.0547500e+03   6.2125092e-02   5.4744974e-02   4.8239949e-02
   2.0548333e+03   6.2117899e-02   5.4717199e-02   4.8196586e-02
   2.0549167e+03   6.2119451e-02   5.4695839e-02   4.8157753e-02
   2.0550000e+03   6.2123196e-02   5.4676063e-02   4.8120024e-02
   2.0550833e+03   6.2126947e-02   5.4656260e-02   4.8082263e-02
   2.0551667e+03   6.2130623e-02   5.4636372e-02   4.8044425e-02
   2.0552500e+03   6.2134500e-02   5.4616600e-02   4.8006655e-02
   2.0553333e+03   6.2137052e-02   5.4595826e-02   4.7968164e-02
   2.0554167e+03   6.2134798e-02   5.4571502e-02   4.7927161e-02
   2.0555000e+03   6.2128118e-02   5.4543912e-02   4.7883852e-02
   2.0555833e+03   6.2113500e-02   5.4510492e-02   4.7836440e-02
   2.0556667e+03   6.2093566e-02   5.4473170e-02   4.7786288e-02
   2.0557500e+03   6.2075262e-02   5.4437029e-02   4.7736965e-02
   2.0558333e+03   6.2067665e-02   5.4408693e-02   4.7693110e-02
   2.0559167e+03   6.2069031e-02   5.4386874e-02   4.7653809e-02
   2.0560000e+03   6.2072726e-02   5.4366726e-02   4.7615665e-02
   2.0560833e+03   6.2076512e-02   5.4346614e-02   4.7577531e-02
   2.0561667e+03   6.2080235e-02   5.4326426e-02   4.7539330e-02
   2.0562500e+03   6.2084108e-02   5.4306317e-02   4.7501171e-02
   2.0563333e+03   6.2086517e-02   5.4285114e-02   4.7462235e-02
   2.0564167e+03   6.2083963e-02   5.4260277e-02   4.7420757e-02
   2.0565000e+03   6.2076890e-02   5.4232136e-02   4.7376973e-02
   2.0565833e+03   6.2061750e-02   5.4198125e-02   4.7329103e-02
   2.0566667e+03   6.2041225e-02   5.4160196e-02   4.7278512e-02
   2.0567500e+03   6.2022351e-02   5.4123453e-02   4.7228747e-02
   2.0568333e+03   6.2014345e-02   5.4094565e-02   4.7184426e-02
   2.0569167e+03   6.2015516e-02   5.4072293e-02   4.7144682e-02
   2.0570000e+03   6.2019156e-02   5.4051778e-02   4.7106142e-02
   2.0570833e+03   6.2022970e-02   5.4031359e-02   4.7067655e-02
   2.0571667e+03   6.2026731e-02   5.4010873e-02   4.7029109e-02
   2.0572500e+03   6.2030594e-02   5.3990431e-02   4.6990580e-02
   2.0573333e+03   6.2032854e-02   5.3968804e-02   4.6951222e-02
   2.0574167e+03   6.2029992e-02   5.3943462e-02   4.6909295e-02
   2.0575000e+03   6.2022518e-02   5.3914779e-02   4.6865062e-02
   2.0575833e+03   6.2006852e-02   5.3880187e-02   4.6816762e-02
   2.0576667e+03   6.1985729e-02   5.3841663e-02   4.6765763e-02
   2.0577500e+03   6.1966279e-02   5.3804332e-02   4.6715586e-02
   2.0578333e+03   6.1957857e-02   5.3774899e-02   4.6670827e-02
   2.0579167e+03   6.1958827e-02   5.3752181e-02   4.6630662e-02
   2.0580000e+03   6.1962403e-02   5.3731303e-02   4.6591746e-02
   2.0580833e+03   6.1966238e-02   5.3710581e-02   4.6552925e-02
   2.0581667e+03   6.1970031e-02   5.3689800e-02   4.6514053e-02
   2.0582500e+03   6.1973877e-02   5.3669028e-02   4.6475175e-02
   2.0583333e+03   6.1975979e-02   5.3646983e-02   4.6435417e-02
   2.0584167e+03   6.1972803e-02   5.3621144e-02   4.6393066e-02
   2.0585000e+03   6.1964923e-02   5.3591928e-02   4.6348410e-02
   2.0585833e+03   6.1948723e-02   5.3556767e-02   4.6299710e-02
   2.0586667e+03   6.1926998e-02   5.3517661e-02   4.6248333e-02
   2.0587500e+03   6.1906966e-02   5.3479751e-02   4.6197773e-02
   2.0588333e+03   6.1898120e-02   5.3449785e-02   4.6152602e-02
   2.0589167e+03   6.1898883e-02   5.3426627e-02   4.6112040e-02
   2.0590000e+03   6.1902388e-02   5.3405390e-02   4.6072769e-02
   2.0590833e+03   6.1906237e-02   5.3384368e-02   4.6033634e-02
   2.0591667e+03   6.1910054e-02   5.3363296e-02   4.5994454e-02
   2.0592500e+03   6.1913876e-02   5.3342198e-02   4.5955246e-02
   2.0593333e+03   6.1915815e-02   5.3319740e-02   4.5915111e-02
   2.0594167e+03   6.1912318e-02   5.3293412e-02   4.5872361e-02
   2.0595000e+03   6.1904024e-02   5.3263673e-02   4.5827310e-02
   2.0595833e+03   6.1887285e-02   5.3227954e-02   4.5778238e-02
   2.0596667e+03   6.1864951e-02   5.3188278e-02   4.5726512e-02
   2.0597500e+03   6.1844331e-02   5.3149803e-02   4.5675599e-02
   2.0598333e+03   6.1835056e-02   5.3119313e-02   4.5630044e-02
   2.0599167e+03   6.1835604e-02   5.3095721e-02   4.5589108e-02
   2.0600000e+03   6.1839032e-02   5.3074130e-02   4.5549503e-02
   2.0600833e+03   6.1842887e-02   5.3052812e-02   4.5510072e-02
   2.0601667e+03   6.1846723e-02   5.3031452e-02   4.5470604e-02
   2.0602500e+03   6.1850513e-02   5.3010033e-02   4.5431086e-02
   2.0603333e+03   6.1852281e-02   5.2987168e-02   4.5390596e-02
   2.0604167e+03   6.1848456e-02   5.2960359e-02   4.5347472e-02
   2.0605000e+03   6.1839743e-02   5.2930107e-02   4.5302054e-02
   2.0605833e+03   6.1822459e-02   5.2893842e-02   4.5252639e-02
   2.0606667e+03   6.1799510e-02   5.2853608e-02   4.5200593e-02
   2.0607500e+03   6.1778297e-02   5.2814581e-02   4.5149356e-02
   2.0608333e+03   6.1768587e-02   5.2783577e-02   4.5103444e-02
   2.0609167e+03   6.1768913e-02   5.2759558e-02   4.5062158e-02
   2.0610000e+03   6.1772256e-02   5.2737617e-02   4.5022240e-02
   2.0610833e+03   6.1776111e-02   5.2716007e-02   4.4982533e-02
   2.0611667e+03   6.1779957e-02   5.2694363e-02   4.4942795e-02
   2.0612500e+03   6.1783709e-02   5.2672627e-02   4.4902987e-02
   2.0613333e+03   6.1785300e-02   5.2649362e-02   4.4862165e-02
   2.0614167e+03   6.1781140e-02   5.2622080e-02   4.4818693e-02
   2.0615000e+03   6.1772001e-02   5.2591325e-02   4.4772933e-02
   2.0615833e+03   6.1754165e-02   5.2554526e-02   4.4723203e-02
   2.0616667e+03   6.1730597e-02   5.2513747e-02   4.4670868e-02
   2.0617500e+03   6.1708785e-02   5.2474180e-02   4.4619337e-02
   2.0618333e+03   6.1698633e-02   5.2442672e-02   4.4573094e-02
   2.0619167e+03   6.1698731e-02   5.2418234e-02   4.4531481e-02
   2.0620000e+03   6.1701982e-02   5.2395949e-02   4.4491271e-02
   2.0620833e+03   6.1705830e-02   5.2374051e-02   4.4451307e-02
   2.0621667e+03   6.1709680e-02   5.2352127e-02   4.4411319e-02
   2.0622500e+03   6.1713386e-02   5.2330077e-02   4.4371242e-02
   2.0623333e+03   6.1714792e-02   5.2306419e-02   4.4330110e-02
   2.0624167e+03   6.1710292e-02   5.2278674e-02   4.4286314e-02
   2.0625000e+03   6.1700720e-02   5.2247425e-02   4.4240240e-02
   2.0625833e+03   6.1682328e-02   5.2210103e-02   4.4190224e-02
   2.0626667e+03   6.1658135e-02   5.2168794e-02   4.4137628e-02
   2.0627500e+03   6.1635719e-02   5.2128700e-02   4.4085832e-02
   2.0628333e+03   6.1625119e-02   5.2096699e-02   4.4039286e-02
   2.0629167e+03   6.1624982e-02   5.2071848e-02   4.3997369e-02
   2.0630000e+03   6.1628134e-02   5.2049225e-02   4.3956888e-02
   2.0630833e+03   6.1631967e-02   5.2027042e-02   4.3916686e-02
   2.0631667e+03   6.1635813e-02   5.2004842e-02   4.3876467e-02
   2.0632500e+03   6.1639467e-02   5.1982485e-02   4.3836141e-02
   2.0633333e+03   6.1640682e-02   5.1958439e-02   4.3794722e-02
   2.0634167e+03   6.1635834e-02   5.1930240e-02   4.3750628e-02
   2.0635000e+03   6.1625824e-02   5.1898507e-02   4.3704265e-02
   2.0635833e+03   6.1606870e-02   5.1860676e-02   4.3653992e-02
   2.0636667e+03   6.1582047e-02   5.1818850e-02   4.3601165e-02
   2.0637500e+03   6.1559021e-02   5.1778242e-02   4.3549132e-02
   2.0638333e+03   6.1547967e-02   5.1745758e-02   4.3502310e-02
   2.0639167e+03   6.1547588e-02   5.1720502e-02   4.3460112e-02
   2.0640000e+03   6.1550635e-02   5.1697546e-02   4.3419382e-02
   2.0640833e+03   6.1554447e-02   5.1675083e-02   4.3378962e-02
   2.0641667e+03   6.1558282e-02   5.1652612e-02   4.3338531e-02
   2.0642500e+03   6.1561876e-02   5.1629951e-02   4.3297975e-02
   2.0643333e+03   6.1562893e-02   5.1605526e-02   4.3256292e-02
   2.0644167e+03   6.1557692e-02   5.1576881e-02   4.3211925e-02
   2.0645000e+03   6.1547237e-02   5.1544676e-02   4.3165300e-02
   2.0645833e+03   6.1527716e-02   5.1506348e-02   4.3114797e-02
   2.0646667e+03   6.1502258e-02   5.1464017e-02   4.3061769e-02
   2.0647500e+03   6.1478617e-02   5.1422909e-02   4.3009528e-02
   2.0648333e+03   6.1467104e-02   5.1389954e-02   4.2962455e-02
   2.0649167e+03   6.1466476e-02   5.1364300e-02   4.2920001e-02
   2.0650000e+03   6.1469410e-02   5.1341017e-02   4.2879041e-02
   2.0650833e+03   6.1473193e-02   5.1318279e-02   4.2838422e-02
   2.0651667e+03   6.1477011e-02   5.1295541e-02   4.2797799e-02
   2.0652500e+03   6.1480538e-02   5.1272582e-02   4.2757034e-02
   2.0653333e+03   6.1481350e-02   5.1247784e-02   4.2715109e-02
   2.0654167e+03   6.1475789e-02   5.1218702e-02   4.2670494e-02
   2.0655000e+03   6.1464884e-02   5.1186036e-02   4.2623634e-02
   2.0655833e+03   6.1444790e-02   5.1147224e-02   4.2572929e-02
   2.0656667e+03   6.1418692e-02   5.1104403e-02   4.2519727e-02
   2.0657500e+03   6.1394432e-02   5.1062808e-02   4.2467307e-02
   2.0658333e+03   6.1382453e-02   5.1029392e-02   4.2420010e-02
   2.0659167e+03   6.1381570e-02   5.1003349e-02   4.2377322e-02
   2.0660000e+03   6.1384385e-02   5.0979745e-02   4.2336154e-02
   2.0660833e+03   6.1388133e-02   5.0956737e-02   4.2295356e-02
   2.0661667e+03   6.1391926e-02   5.0933736e-02   4.2254560e-02
   2.0662500e+03   6.1395379e-02   5.0910485e-02   4.2213606e-02
   2.0663333e+03   6.1395979e-02   5.0885321e-02   4.2171461e-02
   2.0664167e+03   6.1390052e-02   5.0855813e-02   4.2126623e-02
   2.0665000e+03   6.1378691e-02   5.0822695e-02   4.2079553e-02
   2.0665833e+03   6.1358019e-02   5.0783412e-02   4.2028674e-02
   2.0666667e+03   6.1331277e-02   5.0740116e-02   4.1975328e-02
   2.0667500e+03   6.1306393e-02   5.0698048e-02   4.1922756e-02
   2.0668333e+03   6.1293943e-02   5.0664182e-02   4.1875262e-02
   2.0669167e+03   6.1292798e-02   5.0637758e-02   4.1832363e-02
   2.0670000e+03   6.1295487e-02   5.0613838e-02   4.1791008e-02
   2.0670833e+03   6.1299192e-02   5.0590566e-02   4.1750050e-02
   2.0671667e+03   6.1302953e-02   5.0567307e-02   4.1709099e-02
   2.0672500e+03   6.1306325e-02   5.0543769e-02   4.1667976e-02
   2.0673333e+03   6.1306708e-02   5.0518246e-02   4.1625635e-02
   2.0674167e+03   6.1300408e-02   5.0488322e-02   4.1580598e-02
   2.0675000e+03   6.1288586e-02   5.0454765e-02   4.1533344e-02
   2.0675833e+03   6.1267331e-02   5.0415023e-02   4.1482319e-02
   2.0676667e+03   6.1239940e-02   5.0371266e-02   4.1428856e-02
   2.0677500e+03   6.1214427e-02   5.0328739e-02   4.1376161e-02
   2.0678333e+03   6.1201501e-02   5.0294435e-02   4.1328495e-02
   2.0679167e+03   6.1200088e-02   5.0267637e-02   4.1285408e-02
   2.0680000e+03   6.1202643e-02   5.0243409e-02   4.1243887e-02
   2.0680833e+03   6.1206298e-02   5.0219876e-02   4.1202788e-02
   2.0681667e+03   6.1210021e-02   5.0196365e-02   4.1161702e-02
   2.0682500e+03   6.1213306e-02   5.0172546e-02   4.1120430e-02
   2.0683333e+03   6.1213463e-02   5.0146673e-02   4.1077913e-02
   2.0684167e+03   6.1206785e-02   5.0116341e-02   4.1032703e-02
   2.0685000e+03   6.1194495e-02   5.0082356e-02   4.0985291e-02
   2.0685833e+03   6.1172653e-02   5.0042170e-02   4.0934146e-02
   2.0686667e+03   6.1144610e-02   4.9997965e-02   4.0880594e-02
   2.0687500e+03   6.1118463e-02   4.9954993e-02   4.0827804e-02
   2.0688333e+03   6.1105055e-02   4.9920263e-02   4.0779991e-02
   2.0689167e+03   6.1103367e-02   4.9893101e-02   4.0736740e-02
   2.0690000e+03   6.1105782e-02   4.9868571e-02   4.0695072e-02
   2.0690833e+03   6.1109381e-02   4.9844783e-02   4.0653853e-02
   2.0691667e+03   6.1113058e-02   4.9821024e-02   4.0612651e-02
   2.0692500e+03   6.1116248e-02   4.9796930e-02   4.0571249e-02
   2.0693333e+03   6.1116174e-02   4.9770714e-02   4.0528580e-02
   2.0694167e+03   6.1109112e-02   4.9739986e-02   4.0483219e-02
   2.0695000e+03   6.1096350e-02   4.9705585e-02   4.0435675e-02
   2.0695833e+03   6.1073915e-02   4.9664967e-02   4.0384437e-02
   2.0696667e+03   6.1045215e-02   4.9620330e-02   4.0330823e-02
   2.0697500e+03   6.1018431e-02   4.9576927e-02   4.0277964e-02
   2.0698333e+03   6.1004536e-02   4.9541783e-02   4.0230031e-02
   2.0699167e+03   6.1002567e-02   4.9514265e-02   4.0186637e-02
   2.0700000e+03   6.1004835e-02   4.9489439e-02   4.0144845e-02
   2.0700833e+03   6.1008371e-02   4.9465402e-02   4.0103523e-02
   2.0701667e+03   6.1011994e-02   4.9441401e-02   4.0062224e-02
   2.0702500e+03   6.1015084e-02   4.9417038e-02   4.0020712e-02
   2.0703333e+03   6.1014771e-02   4.9390487e-02   3.9977912e-02
   2.0704167e+03   6.1007319e-02   4.9359373e-02   3.9932426e-02
   2.0705000e+03   6.0994079e-02   4.9324566e-02   3.9884774e-02
   2.0705833e+03   6.0971049e-02   4.9283531e-02   3.9833470e-02
   2.0706667e+03   6.0941687e-02   4.9238477e-02   3.9779822e-02
   2.0707500e+03   6.0914262e-02   4.9194658e-02   3.9726921e-02
   2.0708333e+03   6.0899874e-02   4.9159110e-02   3.9678892e-02
   2.0709167e+03   6.0897619e-02   4.9131245e-02   3.9635379e-02
   2.0710000e+03   6.0899733e-02   4.9106130e-02   3.9593481e-02
   2.0710833e+03   6.0903198e-02   4.9081851e-02   3.9552076e-02
   2.0711667e+03   6.0906762e-02   4.9057613e-02   3.9510698e-02
   2.0712500e+03   6.0909743e-02   4.9032987e-02   3.9469097e-02
   2.0713333e+03   6.0909186e-02   4.9006109e-02   3.9426187e-02
   2.0714167e+03   6.0901339e-02   4.8974620e-02   3.9380599e-02
   2.0715000e+03   6.0887616e-02   4.8939420e-02   3.9332865e-02
   2.0715833e+03   6.0863985e-02   4.8897981e-02   3.9281520e-02
   2.0716667e+03   6.0833959e-02   4.8852524e-02   3.9227864e-02
   2.0717500e+03   6.0805889e-02   4.8808303e-02   3.9174948e-02
   2.0718333e+03   6.0791003e-02   4.8772365e-02   3.9126849e-02
   2.0719167e+03   6.0788455e-02   4.8744162e-02   3.9083237e-02
   2.0720000e+03   6.0790409e-02   4.8718765e-02   3.9041255e-02
   2.0720833e+03   6.0793796e-02   4.8694248e-02   3.8999785e-02
   2.0721667e+03   6.0797294e-02   4.8669780e-02   3.8958348e-02
   2.0722500e+03   6.0800160e-02   4.8644897e-02   3.8916676e-02
   2.0723333e+03   6.0799352e-02   4.8617701e-02   3.8873679e-02
   2.0724167e+03   6.0791103e-02   4.8585847e-02   3.8828012e-02
   2.0725000e+03   6.0776893e-02   4.8550266e-02   3.8780219e-02
   2.0725833e+03   6.0752657e-02   4.8508437e-02   3.8728860e-02
   2.0726667e+03   6.0721963e-02   4.8462592e-02   3.8675222e-02
   2.0727500e+03   6.0693244e-02   4.8417984e-02   3.8622317e-02
   2.0728333e+03   6.0677857e-02   4.8381669e-02   3.8574172e-02
   2.0729167e+03   6.0675009e-02   4.8353136e-02   3.8530484e-02
   2.0730000e+03   6.0676796e-02   4.8327465e-02   3.8488438e-02
   2.0730833e+03   6.0680099e-02   4.8302716e-02   3.8446922e-02
   2.0731667e+03   6.0683524e-02   4.8278023e-02   3.8405443e-02
   2.0732500e+03   6.0686268e-02   4.8252890e-02   3.8363720e-02
   2.0733333e+03   6.0685203e-02   4.8225385e-02   3.8320656e-02
   2.0734167e+03   6.0676547e-02   4.8193176e-02   3.8274934e-02
   2.0735000e+03   6.0661844e-02   4.8157226e-02   3.8227107e-02
   2.0735833e+03   6.0636999e-02   4.8115021e-02   3.8175758e-02
   2.0736667e+03   6.0605635e-02   4.8068804e-02   3.8122165e-02
   2.0737500e+03   6.0576264e-02   4.8023824e-02   3.8069295e-02
   2.0738333e+03   6.0560370e-02   4.7987143e-02   3.8021128e-02
   2.0739167e+03   6.0557216e-02   4.7958290e-02   3.7977387e-02
   2.0740000e+03   6.0558830e-02   4.7932352e-02   3.7935295e-02
   2.0740833e+03   6.0562043e-02   4.7907378e-02   3.7893752e-02
   2.0741667e+03   6.0565386e-02   4.7882466e-02   3.7852250e-02
   2.0742500e+03   6.0568002e-02   4.7857090e-02   3.7810495e-02
   2.0743333e+03   6.0566674e-02   4.7829283e-02   3.7767385e-02
   2.0744167e+03   6.0557607e-02   4.7796731e-02   3.7721631e-02
   2.0745000e+03   6.0542406e-02   4.7760425e-02   3.7673794e-02
   2.0745833e+03   6.0516949e-02   4.7717858e-02   3.7622480e-02
   2.0746667e+03   6.0484910e-02   4.7671284e-02   3.7568956e-02
   2.0747500e+03   6.0454884e-02   4.7625947e-02   3.7516148e-02
   2.0748333e+03   6.0438479e-02   4.7588913e-02   3.7467982e-02
   2.0749167e+03   6.0435015e-02   4.7559750e-02   3.7424209e-02
   2.0750000e+03   6.0436448e-02   4.7533552e-02   3.7382091e-02
   2.0750833e+03   6.0439563e-02   4.7508359e-02   3.7340540e-02
   2.0751667e+03   6.0442821e-02   4.7483235e-02   3.7299033e-02
   2.0752500e+03   6.0445304e-02   4.7457624e-02   3.7257265e-02
   2.0753333e+03   6.0443713e-02   4.7429529e-02   3.7214132e-02
   2.0754167e+03   6.0434242e-02   4.7396652e-02   3.7168372e-02
   2.0755000e+03   6.0418558e-02   4.7360013e-02   3.7120555e-02
   2.0755833e+03   6.0392513e-02   4.7317116e-02   3.7069310e-02
   2.0756667e+03   6.0359832e-02   4.7270220e-02   3.7015892e-02
   2.0757500e+03   6.0329187e-02   4.7224564e-02   3.6963182e-02
   2.0758333e+03   6.0312298e-02   4.7187209e-02   3.6915053e-02
   2.0759167e+03   6.0308538e-02   4.7157758e-02   3.6871274e-02
   2.0760000e+03   6.0309798e-02   4.7131316e-02   3.6829155e-02
   2.0760833e+03   6.0312816e-02   4.7105915e-02   3.6787615e-02
   2.0761667e+03   6.0315986e-02   4.7080588e-02   3.6746123e-02
   2.0762500e+03   6.0318337e-02   4.7054753e-02   3.6704363e-02
   2.0763333e+03   6.0316491e-02   4.7026387e-02   3.6661232e-02
   2.0764167e+03   6.0306629e-02   4.6993208e-02   3.6615495e-02
   2.0765000e+03   6.0290477e-02   4.6956260e-02   3.6567725e-02
   2.0765833e+03   6.0263862e-02   4.6913058e-02   3.6516580e-02
   2.0766667e+03   6.0230555e-02   4.6865868e-02   3.6463297e-02
   2.0767500e+03   6.0199300e-02   4.6819915e-02   3.6410713e-02
   2.0768333e+03   6.0181931e-02   4.6782256e-02   3.6362644e-02
   2.0769167e+03   6.0177872e-02   4.6752527e-02   3.6318882e-02
   2.0770000e+03   6.0178954e-02   4.6725849e-02   3.6276781e-02
   2.0770833e+03   6.0181869e-02   4.6700246e-02   3.6235269e-02
   2.0771667e+03   6.0184946e-02   4.6674724e-02   3.6193810e-02
   2.0772500e+03   6.0187159e-02   4.6648673e-02   3.6152076e-02
   2.0773333e+03   6.0185053e-02   4.6620044e-02   3.6108968e-02
   2.0774167e+03   6.0174796e-02   4.6586574e-02   3.6063274e-02
   2.0775000e+03   6.0158173e-02   4.6549330e-02   3.6015575e-02
   2.0775833e+03   6.0130984e-02   4.6505838e-02   3.5964551e-02
   2.0776667e+03   6.0097049e-02   4.6458367e-02   3.5911427e-02
   2.0777500e+03   6.0065183e-02   4.6412133e-02   3.5858992e-02
   2.0778333e+03   6.0047332e-02   4.6374182e-02   3.5811005e-02
   2.0779167e+03   6.0042969e-02   4.6344186e-02   3.5767280e-02
   2.0780000e+03   6.0043867e-02   4.6317280e-02   3.5725215e-02
   2.0780833e+03   6.0046673e-02   4.6291483e-02   3.5683750e-02
   2.0781667e+03   6.0049651e-02   4.6265771e-02   3.5642341e-02
   2.0782500e+03   6.0051721e-02   4.6239511e-02   3.5600651e-02
   2.0783333e+03   6.0049350e-02   4.6210630e-02   3.5557584e-02
   2.0784167e+03   6.0038694e-02   4.6176880e-02   3.5511955e-02
   2.0785000e+03   6.0021596e-02   4.6139353e-02   3.5464348e-02
   2.0785833e+03   5.9993832e-02   4.6095584e-02   3.5413469e-02
   2.0786667e+03   5.9959268e-02   4.6047849e-02   3.5360525e-02
   2.0787500e+03   5.9926789e-02   4.6001348e-02   3.5308262e-02
   2.0788333e+03   5.9908452e-02   4.5963118e-02   3.5260380e-02
   2.0789167e+03   5.9903781e-02   4.5932864e-02   3.5216711e-02
   2.0790000e+03   5.9904490e-02   4.5905738e-02   3.5174700e-02
   2.0790833e+03   5.9907181e-02   4.5879754e-02   3.5133299e-02
   2.0791667e+03   5.9910054e-02   4.5853860e-02   3.5091957e-02
   2.0792500e+03   5.9911976e-02   4.5827399e-02   3.5050330e-02
   2.0793333e+03   5.9909334e-02   4.5798274e-02   3.5007324e-02
   2.0794167e+03   5.9898276e-02   4.5764256e-02   3.4961780e-02
   2.0795000e+03   5.9880701e-02   4.5726458e-02   3.4914286e-02
   2.0795833e+03   5.9852360e-02   4.5682428e-02   3.4863573e-02
   2.0796667e+03   5.9817165e-02   4.5634443e-02   3.4810832e-02
   2.0797500e+03   5.9784072e-02   4.5587690e-02   3.4758762e-02
   2.0798333e+03   5.9765246e-02   4.5549194e-02   3.4711005e-02
   2.0799167e+03   5.9760262e-02   4.5518693e-02   3.4667413e-02
   2.0800000e+03   5.9760776e-02   4.5491356e-02   3.4625473e-02
   2.0800833e+03   5.9763347e-02   4.5465191e-02   3.4584154e-02
   2.0801667e+03   5.9766110e-02   4.5439123e-02   3.4542896e-02
   2.0802500e+03   5.9767878e-02   4.5412468e-02   3.4501348e-02
   2.0803333e+03   5.9764962e-02   4.5383109e-02   3.4458422e-02
   2.0804167e+03   5.9753498e-02   4.5348834e-02   3.4412984e-02
   2.0805000e+03   5.9735442e-02   4.5310778e-02   3.4365624e-02
   2.0805833e+03   5.9706522e-02   4.5266500e-02   3.4315097e-02
   2.0806667e+03   5.9670696e-02   4.5218281e-02   3.4262581e-02
   2.0807500e+03   5.9636988e-02   4.5171291e-02   3.4210725e-02
   2.0808333e+03   5.9617669e-02   4.5132542e-02   3.4163114e-02
   2.0809167e+03   5.9612369e-02   4.5101804e-02   3.4119617e-02
   2.0810000e+03   5.9612683e-02   4.5074263e-02   3.4077768e-02
   2.0810833e+03   5.9615128e-02   4.5047926e-02   3.4036546e-02
   2.0811667e+03   5.9617775e-02   4.5021690e-02   3.3995389e-02
   2.0812500e+03   5.9619383e-02   4.4994849e-02   3.3953938e-02
   2.0813333e+03   5.9616188e-02   4.4965266e-02   3.3911109e-02
   2.0814167e+03   5.9604314e-02   4.4930746e-02   3.3865797e-02
   2.0815000e+03   5.9585775e-02   4.4892444e-02   3.3818591e-02
   2.0815833e+03   5.9556274e-02   4.4847933e-02   3.3768272e-02
   2.0816667e+03   5.9519816e-02   4.4799495e-02   3.3716001e-02
   2.0817500e+03   5.9485492e-02   4.4752283e-02   3.3664381e-02
   2.0818333e+03   5.9465679e-02   4.4713294e-02   3.3616935e-02
   2.0819167e+03   5.9460057e-02   4.4682329e-02   3.3573553e-02
   2.0820000e+03   5.9460167e-02   4.4654593e-02   3.3531810e-02
   2.0820833e+03   5.9462481e-02   4.4628090e-02   3.3490702e-02
   2.0821667e+03   5.9465006e-02   4.4601694e-02   3.3449662e-02
   2.0822500e+03   5.9466449e-02   4.4574675e-02   3.3408325e-02
   2.0823333e+03   5.9462970e-02   4.4544877e-02   3.3365612e-02
   2.0824167e+03   5.9450683e-02   4.4510124e-02   3.3320444e-02
   2.0825000e+03   5.9431658e-02   4.4471589e-02   3.3273413e-02
   2.0825833e+03   5.9401576e-02   4.4426860e-02   3.3223322e-02
   2.0826667e+03   5.9364485e-02   4.4378217e-02   3.3171315e-02
   2.0827500e+03   5.9329544e-02   4.4330798e-02   3.3119951e-02
   2.0828333e+03   5.9309234e-02   4.4291582e-02   3.3072691e-02
   2.0829167e+03   5.9303287e-02   4.4260401e-02   3.3029440e-02
   2.0830000e+03   5.9303187e-02   4.4232479e-02   3.2987823e-02
   2.0830833e+03   5.9305364e-02   4.4205818e-02   3.2946845e-02
   2.0831667e+03   5.9307762e-02   4.4179268e-02   3.2905937e-02
   2.0832500e+03   5.9309036e-02   4.4152079e-02   3.2864729e-02
   2.0833333e+03   5.9305268e-02   4.4122076e-02   3.2822151e-02
   2.0834167e+03   5.9292565e-02   4.4087101e-02   3.2777146e-02
   2.0835000e+03   5.9273052e-02   4.4048347e-02   3.2730308e-02
   2.0835833e+03   5.9242386e-02   4.4003413e-02   3.2680464e-02
   2.0836667e+03   5.9204662e-02   4.3954582e-02   3.2628743e-02
   2.0837500e+03   5.9169103e-02   4.3906970e-02   3.2577654e-02
   2.0838333e+03   5.9148295e-02   4.3867540e-02   3.2530598e-02
   2.0839167e+03   5.9142019e-02   4.3836152e-02   3.2487498e-02
   2.0840000e+03   5.9141703e-02   4.3808053e-02   3.2446021e-02
   2.0840833e+03   5.9143739e-02   4.3781241e-02   3.2405189e-02
   2.0841667e+03   5.9146004e-02   4.3754545e-02   3.2364429e-02
   2.0842500e+03   5.9147103e-02   4.3727195e-02   3.2323367e-02
   2.0843333e+03   5.9143042e-02   4.3696996e-02   3.2280940e-02
   2.0844167e+03   5.9129920e-02   4.3661811e-02   3.2236117e-02
   2.0845000e+03   5.9109916e-02   4.3622850e-02   3.2189491e-02
   2.0845833e+03   5.9078667e-02   4.3577725e-02   3.2139913e-02
   2.0846667e+03   5.9040310e-02   4.3528721e-02   3.2088496e-02
   2.0847500e+03   5.9004133e-02   4.3480933e-02   3.2037701e-02
   2.0848333e+03   5.8982824e-02   4.3441301e-02   3.1990869e-02
   2.0849167e+03   5.8976215e-02   4.3409717e-02   3.1947935e-02
   2.0850000e+03   5.8975679e-02   4.3381448e-02   3.1906616e-02
   2.0850833e+03   5.8977567e-02   4.3354494e-02   3.1865944e-02
   2.0851667e+03   5.8979695e-02   4.3327659e-02   3.1825348e-02
   2.0852500e+03   5.8980613e-02   4.3300155e-02   3.1784448e-02
   2.0853333e+03   5.8976256e-02   4.3269771e-02   3.1742189e-02
   2.0854167e+03   5.8962711e-02   4.3234388e-02   3.1697565e-02
   2.0855000e+03   5.8942215e-02   4.3195232e-02   3.1651169e-02
   2.0855833e+03   5.8910381e-02   4.3149932e-02   3.1601877e-02
   2.0856667e+03   5.8871391e-02   4.3100770e-02   3.1550782e-02
   2.0857500e+03   5.8834597e-02   4.3052819e-02   3.1500299e-02
   2.0858333e+03   5.8812784e-02   4.3012999e-02   3.1453708e-02
   2.0859167e+03   5.8805838e-02   4.2981230e-02   3.1410959e-02
   2.0860000e+03   5.8805079e-02   4.2952800e-02   3.1369812e-02
   2.0860833e+03   5.8806814e-02   4.2925710e-02   3.1329317e-02
   2.0861667e+03   5.8808799e-02   4.2898745e-02   3.1288898e-02
   2.0862500e+03   5.8809531e-02   4.2871095e-02   3.1248175e-02
   2.0863333e+03   5.8804873e-02   4.2840535e-02   3.1206101e-02
   2.0864167e+03   5.8790903e-02   4.2804965e-02   3.1161694e-02
   2.0865000e+03   5.8769913e-02   4.2765628e-02   3.1115545e-02
   2.0865833e+03   5.8737494e-02   4.2720167e-02   3.1066556e-02
   2.0866667e+03   5.8697871e-02   4.2670861e-02   3.1015801e-02
   2.0867500e+03   5.8660459e-02   4.2622763e-02   3.0965648e-02
   2.0868333e+03   5.8638143e-02   4.2582768e-02   3.0919316e-02
   2.0869167e+03   5.8630856e-02   4.2550823e-02   3.0876768e-02
   2.0870000e+03   5.8629867e-02   4.2522242e-02   3.0835809e-02
   2.0870833e+03   5.8631445e-02   4.2495025e-02   3.0795504e-02
   2.0871667e+03   5.8633281e-02   4.2467936e-02   3.0755278e-02
   2.0872500e+03   5.8633823e-02   4.2440148e-02   3.0714746e-02
   2.0873333e+03   5.8628860e-02   4.2409423e-02   3.0672873e-02
   2.0874167e+03   5.8614462e-02   4.2373677e-02   3.0628700e-02
   2.0875000e+03   5.8592976e-02   4.2334172e-02   3.0582816e-02
   2.0875833e+03   5.8559972e-02   4.2288563e-02   3.0534146e-02
   2.0876667e+03   5.8519717e-02   4.2239130e-02   3.0483749e-02
   2.0877500e+03   5.8481688e-02   4.2190899e-02   3.0433943e-02
   2.0878333e+03   5.8458866e-02   4.2150742e-02   3.0387886e-02
   2.0879167e+03   5.8451235e-02   4.2118632e-02   3.0345555e-02
   2.0880000e+03   5.8450013e-02   4.2089908e-02   3.0304800e-02
   2.0880833e+03   5.8451427e-02   4.2062571e-02   3.0264700e-02
   2.0881667e+03   5.8453110e-02   4.2035366e-02   3.0224680e-02
   2.0882500e+03   5.8453457e-02   4.2007449e-02   3.0184354e-02
   2.0883333e+03   5.8448185e-02   4.1976567e-02   3.0142697e-02
   2.0884167e+03   5.8433357e-02   4.1940659e-02   3.0098774e-02
   2.0885000e+03   5.8411373e-02   4.1900997e-02   3.0053171e-02
   2.0885833e+03   5.8377784e-02   4.1855256e-02   3.0004838e-02
   2.0886667e+03   5.8336899e-02   4.1805709e-02   2.9954815e-02
   2.0887500e+03   5.8298253e-02   4.1757361e-02   2.9905373e-02
   2.0888333e+03   5.8274924e-02   4.1717055e-02   2.9859608e-02
   2.0889167e+03   5.8266945e-02   4.1684791e-02   2.9817509e-02
   2.0890000e+03   5.8265485e-02   4.1655933e-02   2.9776972e-02
   2.0890833e+03   5.8266732e-02   4.1628483e-02   2.9737090e-02
   2.0891667e+03   5.8268256e-02   4.1601170e-02   2.9697290e-02
   2.0892500e+03   5.8268403e-02   4.1573132e-02   2.9657185e-02
   2.0893333e+03   5.8262818e-02   4.1542104e-02   2.9615759e-02
   2.0894167e+03   5.8247558e-02   4.1506044e-02   2.9572101e-02
   2.0895000e+03   5.8225075e-02   4.1466240e-02   2.9526796e-02
   2.0895833e+03   5.8190901e-02   4.1420380e-02   2.9478816e-02
   2.0896667e+03   5.8149386e-02   4.1370735e-02   2.9429182e-02
   2.0897500e+03   5.8110125e-02   4.1322284e-02   2.9380120e-02
   2.0898333e+03   5.8086287e-02   4.1281841e-02   2.9334663e-02
   2.0899167e+03   5.8077958e-02   4.1249433e-02   2.9292811e-02
   2.0900000e+03   5.8076255e-02   4.1220449e-02   2.9252506e-02
   2.0900833e+03   5.8077329e-02   4.1192895e-02   2.9212856e-02
   2.0901667e+03   5.8078690e-02   4.1165481e-02   2.9173290e-02
   2.0902500e+03   5.8078632e-02   4.1137330e-02   2.9133418e-02
   2.0903333e+03   5.8072731e-02   4.1106166e-02   2.9092237e-02
   2.0904167e+03   5.8057036e-02   4.1069967e-02   2.9048861e-02
   2.0905000e+03   5.8034054e-02   4.1030032e-02   2.9003868e-02
   2.0905833e+03   5.7999295e-02   4.0984068e-02   2.8956256e-02
   2.0906667e+03   5.7957152e-02   4.0934339e-02   2.8907028e-02
   2.0907500e+03   5.7917277e-02   4.0885800e-02   2.8858361e-02
   2.0908333e+03   5.7892930e-02   4.0845234e-02   2.8813227e-02
   2.0909167e+03   5.7884247e-02   4.0812692e-02   2.8771637e-02
   2.0910000e+03   5.7882298e-02   4.0783592e-02   2.8731577e-02
   2.0910833e+03   5.7883194e-02   4.0755941e-02   2.8692172e-02
   2.0911667e+03   5.7884386e-02   4.0728434e-02   2.8652852e-02
   2.0912500e+03   5.7884119e-02   4.0700179e-02   2.8613227e-02
   2.0913333e+03   5.7877898e-02   4.0668888e-02   2.8572307e-02
   2.0914167e+03   5.7861767e-02   4.0632561e-02   2.8529226e-02
   2.0915000e+03   5.7838284e-02   4.0592509e-02   2.8484561e-02
   2.0915833e+03   5.7802942e-02   4.0546454e-02   2.8437332e-02
   2.0916667e+03   5.7760172e-02   4.0496657e-02   2.8388523e-02
   2.0917500e+03   5.7719683e-02   4.0448044e-02   2.8340265e-02
   2.0918333e+03   5.7694827e-02   4.0407367e-02   2.8295469e-02
   2.0919167e+03   5.7685788e-02   4.0374703e-02   2.8254155e-02
   2.0920000e+03   5.7683587e-02   4.0345495e-02   2.8214354e-02
   2.0920833e+03   5.7684301e-02   4.0317755e-02   2.8175207e-02
   2.0921667e+03   5.7685319e-02   4.0290163e-02   2.8136145e-02
   2.0922500e+03   5.7684839e-02   4.0261811e-02   2.8096780e-02
   2.0923333e+03   5.7678295e-02   4.0230404e-02   2.8056133e-02
   2.0924167e+03   5.7661726e-02   4.0193960e-02   2.8013362e-02
   2.0925000e+03   5.7637741e-02   4.0153803e-02   2.7969039e-02
   2.0925833e+03   5.7601817e-02   4.0107672e-02   2.7922207e-02
   2.0926667e+03   5.7558422e-02   4.0057822e-02   2.7873832e-02
   2.0927500e+03   5.7517322e-02   4.0009149e-02   2.7825999e-02
   2.0928333e+03   5.7491956e-02   3.9968374e-02   2.7781554e-02
   2.0929167e+03   5.7482557e-02   3.9935597e-02   2.7740530e-02
   2.0930000e+03   5.7480102e-02   3.9906291e-02   2.7701000e-02
   2.0930833e+03   5.7480629e-02   3.9878470e-02   2.7662122e-02
   2.0931667e+03   5.7481469e-02   3.9850800e-02   2.7623331e-02
   2.0932500e+03   5.7480771e-02   3.9822360e-02   2.7584239e-02
   2.0933333e+03   5.7473900e-02   3.9790846e-02   2.7543878e-02
   2.0934167e+03   5.7456891e-02   3.9754298e-02   2.7501431e-02
   2.0935000e+03   5.7432405e-02   3.9714049e-02   2.7457464e-02
   2.0935833e+03   5.7395899e-02   3.9667855e-02   2.7411042e-02
   2.0936667e+03   5.7351882e-02   3.9617965e-02   2.7363115e-02
   2.0937500e+03   5.7310173e-02   3.9569247e-02   2.7315718e-02
   2.0938333e+03   5.7284297e-02   3.9528388e-02   2.7271639e-02
   2.0939167e+03   5.7274536e-02   3.9495509e-02   2.7230917e-02
   2.0940000e+03   5.7271822e-02   3.9466112e-02   2.7191672e-02
   2.0940833e+03   5.7272157e-02   3.9438218e-02   2.7153075e-02
   2.0941667e+03   5.7272814e-02   3.9410478e-02   2.7114566e-02
   2.0942500e+03   5.7271894e-02   3.9381958e-02   2.7075758e-02
   2.0943333e+03   5.7264694e-02   3.9350348e-02   2.7035697e-02
   2.0944167e+03   5.7247244e-02   3.9313707e-02   2.6993586e-02
   2.0945000e+03   5.7222256e-02   3.9273378e-02   2.6949988e-02
   2.0945833e+03   5.7185169e-02   3.9227136e-02   2.6903990e-02
   2.0946667e+03   5.7140532e-02   3.9177221e-02   2.6856522e-02
   2.0947500e+03   5.7098216e-02   3.9128472e-02   2.6809575e-02
   2.0948333e+03   5.7071830e-02   3.9087541e-02   2.6765874e-02
   2.0949167e+03   5.7061705e-02   3.9054570e-02   2.6725468e-02
   2.0950000e+03   5.7058728e-02   3.9025092e-02   2.6686518e-02
   2.0950833e+03   5.7058867e-02   3.8997132e-02   2.6648214e-02
   2.0951667e+03   5.7059337e-02   3.8969331e-02   2.6609999e-02
   2.0952500e+03   5.7058190e-02   3.8940739e-02   2.6571486e-02
   2.0953333e+03   5.7050658e-02   3.8909042e-02   2.6531736e-02
   2.0954167e+03   5.7032766e-02   3.8872319e-02   2.6489975e-02
   2.0955000e+03   5.7007275e-02   3.8831923e-02   2.6446758e-02
   2.0955833e+03   5.6969611e-02   3.8785646e-02   2.6401197e-02
   2.0956667e+03   5.6924357e-02   3.8735721e-02   2.6354201e-02
   2.0957500e+03   5.6881436e-02   3.8686955e-02   2.6307716e-02
   2.0958333e+03   5.6854540e-02   3.8645964e-02   2.6264406e-02
   2.0959167e+03   5.6844048e-02   3.8612911e-02   2.6224327e-02
   2.0960000e+03   5.6840805e-02   3.8583361e-02   2.6185684e-02
   2.0960833e+03   5.6840743e-02   3.8555344e-02   2.6147684e-02
   2.0961667e+03   5.6841022e-02   3.8527488e-02   2.6109772e-02
   2.0962500e+03   5.6839644e-02   3.8498833e-02   2.6071566e-02
   2.0963333e+03   5.6831778e-02   3.8467059e-02   2.6032140e-02
   2.0964167e+03   5.6813442e-02   3.8430266e-02   2.5990740e-02
   2.0965000e+03   5.6787450e-02   3.8389815e-02   2.5947917e-02
   2.0965833e+03   5.6749209e-02   3.8343517e-02   2.5902803e-02
   2.0966667e+03   5.6703341e-02   3.8293596e-02   2.5856291e-02
   2.0967500e+03   5.6659818e-02   3.8244828e-02   2.5810279e-02
   2.0968333e+03   5.6632413e-02   3.8203789e-02   2.5767372e-02
   2.0969167e+03   5.6621551e-02   3.8170665e-02   2.5727631e-02
   2.0970000e+03   5.6618039e-02   3.8141051e-02   2.5689307e-02
   2.0970833e+03   5.6617773e-02   3.8112985e-02   2.5651620e-02
   2.0971667e+03   5.6617855e-02   3.8085082e-02   2.5614023e-02
   2.0972500e+03   5.6616243e-02   3.8056371e-02   2.5576135e-02
   2.0973333e+03   5.6608039e-02   3.8024531e-02   2.5537043e-02
   2.0974167e+03   5.6589259e-02   3.7987679e-02   2.5496016e-02
   2.0975000e+03   5.6562765e-02   3.7947186e-02   2.5453598e-02
   2.0975833e+03   5.6523951e-02   3.7900879e-02   2.5408943e-02
   2.0976667e+03   5.6477472e-02   3.7850976e-02   2.5362926e-02
   2.0977500e+03   5.6433351e-02   3.7802219e-02   2.5317398e-02
   2.0978333e+03   5.6405437e-02   3.7761146e-02   2.5274904e-02
   2.0979167e+03   5.6394204e-02   3.7727961e-02   2.5235514e-02
   2.0980000e+03   5.6390418e-02   3.7698292e-02   2.5197519e-02
   2.0980833e+03   5.6389944e-02   3.7670184e-02   2.5160156e-02
   2.0981667e+03   5.6389826e-02   3.7642242e-02   2.5122883e-02
   2.0982500e+03   5.6387976e-02   3.7613485e-02   2.5085321e-02
   2.0983333e+03   5.6379431e-02   3.7581586e-02   2.5046575e-02
   2.0984167e+03   5.6360207e-02   3.7544687e-02   2.5005932e-02
   2.0985000e+03   5.6333212e-02   3.7504164e-02   2.4963930e-02
   2.0985833e+03   5.6293826e-02   3.7457863e-02   2.4919745e-02
   2.0986667e+03   5.6246740e-02   3.7407992e-02   2.4874232e-02
   2.0987500e+03   5.6202024e-02   3.7359260e-02   2.4829199e-02
   2.0988333e+03   5.6173602e-02   3.7318163e-02   2.4787130e-02
   2.0989167e+03   5.6161996e-02   3.7284928e-02   2.4748100e-02
   2.0990000e+03   5.6157935e-02   3.7255213e-02   2.4710444e-02
   2.0990833e+03   5.6157247e-02   3.7227071e-02   2.4673414e-02
   2.0991667e+03   5.6156924e-02   3.7199097e-02   2.4636475e-02
   2.0992500e+03   5.6154832e-02   3.7170302e-02   2.4599251e-02
   2.0993333e+03   5.6145946e-02   3.7138356e-02   2.4560860e-02
   2.0994167e+03   5.6126276e-02   3.7101421e-02   2.4520611e-02
   2.0995000e+03   5.6098782e-02   3.7060879e-02   2.4479035e-02
   2.0995833e+03   5.6058827e-02   3.7014597e-02   2.4435330e-02
   2.0996667e+03   5.6011138e-02   3.6964771e-02   2.4390331e-02
   2.0997500e+03   5.5965830e-02   3.6916078e-02   2.4345803e-02
   2.0998333e+03   5.5936901e-02   3.6874971e-02   2.4304168e-02
   2.0999167e+03   5.5924921e-02   3.6841695e-02   2.4265509e-02
   2.1000000e+03   5.5920580e-02   3.6811943e-02   2.4228201e-02
   2.1000833e+03   5.5919676e-02   3.6783774e-02   2.4191514e-02
   2.1001667e+03   5.5919145e-02   3.6755777e-02   2.4154918e-02
   2.1002500e+03   5.5916807e-02   3.6726951e-02   2.4118040e-02
   2.1003333e+03   5.5907577e-02   3.6694967e-02   2.4080014e-02
   2.1004167e+03   5.5887462e-02   3.6658007e-02   2.4040170e-02
   2.1005000e+03   5.5859468e-02   3.6617459e-02   2.3999029e-02
   2.1005833e+03   5.5818948e-02   3.6571209e-02   2.3955813e-02
   2.1006667e+03   5.5770660e-02   3.6521442e-02   2.3911338e-02
   2.1007500e+03   5.5724764e-02   3.6472801e-02   2.3867323e-02
   2.1008333e+03   5.5695330e-02   3.6431696e-02   2.3826133e-02
   2.1009167e+03   5.5682975e-02   3.6398389e-02   2.3787853e-02
