   2.0000000e+03   1.0000000e+00   1.0000000e+00   1.0000000e+00
   2.0000833e+03   1.0000000e+00   1.0000000e+00   1.0000000e+00
   2.0001667e+03   1.0000000e+00   1.0000000e+00   1.0000000e+00
   2.0002500e+03   1.0000000e+00   1.0000000e+00   1.0000000e+00
   2.0003333e+03   1.0000000e+00   1.0000000e+00   1.0000000e+00
   2.0004167e+03   1.0000000e+00   1.0000000e+00   1.0000000e+00
   2.0005000e+03   1.0000000e+00   1.0000000e+00   1.0000000e+00
   2.0005833e+03   1.0000000e+00   1.0000000e+00   1.0000000e+00
   2.0006667e+03   1.0000000e+00   1.0000000e+00   1.0000000e+00
   2.0007500e+03   1.0000000e+00   1.0000000e+00   1.0000000e+00
   2.0008333e+03   1.0000000e+00   1.0000000e+00   1.0000000e+00
   2.0009167e+03   1.0000000e+00   1.0000000e+00   1.0000000e+00
   2.0010000e+03   9.9994046e-01   9.9993992e-01   9.9993939e-01
   2.0010833e+03   9.9978121e-01   9.9977965e-01   9.9977808e-01
   2.0011667e+03   9.9962693e-01   9.9962382e-01   9.9962070e-01
   2.0012500e+03   9.9953825e-01   9.9953301e-01   9.9952777e-01
   2.0013333e+03   9.9956794e-01   9.9955991e-01   9.9955189e-01
   2.0014167e+03   9.9965882e-01   9.9964737e-01   9.9963593e-01
   2.0015000e+03   9.9974421e-01   9.9972878e-01   9.9971334e-01
   2.0015833e+03   9.9980273e-01   9.9978278e-01   9.9976284e-01
   2.0016667e+03   4.9991522e-01   4.9990274e-01   4.9989026e-01
   2.0017500e+03   4.9993627e-01   4.9992099e-01   4.9990571e-01
   2.0018333e+03   4.9998142e-01   4.9996300e-01   4.9994457e-01
   2.0019167e+03   5.0000689e-01   4.9998509e-01   4.9996328e-01
   2.0020000e+03   4.9997894e-01   4.9995363e-01   4.9992832e-01
   2.0020833e+03   4.9990162e-01   4.9987269e-01   4.9984376e-01
   2.0021667e+03   4.9982676e-01   4.9979395e-01   4.9976113e-01
   2.0022500e+03   4.9978440e-01   4.9974732e-01   4.9971024e-01
   2.0023333e+03   4.9980043e-01   4.9975859e-01   4.9971676e-01
   2.0024167e+03   4.9984594e-01   4.9979895e-01   4.9975196e-01
   2.0025000e+03   4.9988824e-01   4.9983582e-01   4.9978341e-01
   2.0025833e+03   4.9991656e-01   4.9985848e-01   4.9980042e-01
   2.0026667e+03   4.9992910e-01   4.9986516e-01   4.9980123e-01
   2.0027500e+03   4.9994899e-01   4.9987888e-01   4.9980877e-01
   2.0028333e+03   4.9999398e-01   4.9991727e-01   4.9984057e-01
   2.0029167e+03   5.0002042e-01   4.9993692e-01   4.9985344e-01
   2.0030000e+03   4.9999426e-01   4.9990400e-01   4.9981375e-01
   2.0030833e+03   4.9991923e-01   4.9982221e-01   4.9972521e-01
   2.0031667e+03   4.9984663e-01   4.9974259e-01   4.9963857e-01
   2.0032500e+03   4.9980622e-01   4.9969469e-01   4.9958318e-01
   2.0033333e+03   4.9982341e-01   4.9970374e-01   4.9958409e-01
   2.0034167e+03   4.9986897e-01   4.9974067e-01   4.9961240e-01
   2.0035000e+03   4.9991085e-01   4.9977366e-01   4.9963651e-01
   2.0035833e+03   4.9993820e-01   4.9979194e-01   4.9964573e-01
   2.0036667e+03   4.9994940e-01   4.9979391e-01   4.9963847e-01
   2.0037500e+03   4.9996811e-01   4.9980304e-01   4.9963803e-01
   2.0038333e+03   5.0001291e-01   4.9983778e-01   4.9966270e-01
   2.0039167e+03   5.0004029e-01   4.9985494e-01   4.9966965e-01
   2.0040000e+03   5.0001591e-01   4.9982050e-01   4.9962517e-01
   2.0040833e+03   4.9994314e-01   4.9973782e-01   4.9953259e-01
   2.0041667e+03   4.9987279e-01   4.9965728e-01   4.9944186e-01
   2.0042500e+03   4.9983431e-01   4.9960805e-01   4.9938190e-01
   2.0043333e+03   4.9985264e-01   4.9961483e-01   4.9937712e-01
   2.0044167e+03   4.9989822e-01   4.9964829e-01   4.9939848e-01
   2.0045000e+03   4.9993965e-01   4.9967736e-01   4.9941520e-01
   2.0045833e+03   4.9996601e-01   4.9969122e-01   4.9941657e-01
   2.0046667e+03   4.9997584e-01   4.9968843e-01   4.9940118e-01
   2.0047500e+03   4.9999334e-01   4.9969294e-01   4.9939273e-01
   2.0048333e+03   5.0003793e-01   4.9972397e-01   4.9941020e-01
   2.0049167e+03   5.0006623e-01   4.9973859e-01   4.9941116e-01
   2.0050000e+03   5.0004361e-01   4.9970259e-01   4.9936181e-01
   2.0050833e+03   4.9997308e-01   4.9961898e-01   4.9926512e-01
   2.0051667e+03   4.9990494e-01   4.9953746e-01   4.9917025e-01
   2.0052500e+03   4.9986838e-01   4.9948687e-01   4.9910565e-01
   2.0053333e+03   4.9988783e-01   4.9949132e-01   4.9909511e-01
   2.0054167e+03   4.9993341e-01   4.9952126e-01   4.9910945e-01
   2.0055000e+03   4.9997437e-01   4.9954636e-01   4.9911872e-01
   2.0055833e+03   4.9999971e-01   4.9955575e-01   4.9911219e-01
   2.0056667e+03   5.0000813e-01   4.9954817e-01   4.9908862e-01
   2.0057500e+03   5.0002439e-01   4.9954803e-01   4.9907211e-01
   2.0058333e+03   5.0006875e-01   4.9957531e-01   4.9908234e-01
   2.0059167e+03   5.0009794e-01   4.9958733e-01   4.9907723e-01
   2.0060000e+03   5.0007706e-01   4.9954973e-01   4.9902294e-01
   2.0060833e+03   5.0000875e-01   4.9946513e-01   4.9892208e-01
   2.0061667e+03   4.9994282e-01   4.9938260e-01   4.9882300e-01
   2.0062500e+03   4.9990815e-01   4.9933059e-01   4.9875370e-01
   2.0063333e+03   4.9992869e-01   4.9933267e-01   4.9873734e-01
   2.0064167e+03   4.9997424e-01   4.9935905e-01   4.9874460e-01
   2.0065000e+03   5.0001471e-01   4.9938014e-01   4.9874636e-01
   2.0065833e+03   5.0003900e-01   4.9938502e-01   4.9873188e-01
   2.0066667e+03   5.0004599e-01   4.9937260e-01   4.9870011e-01
   2.0067500e+03   5.0006099e-01   4.9936777e-01   4.9867549e-01
   2.0068333e+03   5.0010509e-01   4.9939125e-01   4.9867840e-01
   2.0069167e+03   5.0013516e-01   4.9940064e-01   4.9866718e-01
   2.0070000e+03   5.0011599e-01   4.9936138e-01   4.9860788e-01
   2.0070833e+03   5.0004988e-01   4.9927575e-01   4.9850279e-01
   2.0071667e+03   4.9998613e-01   4.9919217e-01   4.9839944e-01
   2.0072500e+03   4.9995333e-01   4.9913870e-01   4.9832537e-01
   2.0073333e+03   4.9997495e-01   4.9913835e-01   4.9830312e-01
   2.0074167e+03   5.0002045e-01   4.9916112e-01   4.9830325e-01
   2.0075000e+03   5.0006039e-01   4.9917815e-01   4.9829744e-01
   2.0075833e+03   5.0008361e-01   4.9917849e-01   4.9827498e-01
   2.0076667e+03   5.0008914e-01   4.9916120e-01   4.9823496e-01
   2.0077500e+03   5.0010285e-01   4.9915164e-01   4.9820221e-01
   2.0078333e+03   5.0014666e-01   4.9917127e-01   4.9819776e-01
   2.0079167e+03   5.0017758e-01   4.9917798e-01   4.9818034e-01
   2.0080000e+03   5.0016010e-01   4.9913701e-01   4.9811599e-01
   2.0080833e+03   5.0009618e-01   4.9905031e-01   4.9800660e-01
   2.0081667e+03   5.0003458e-01   4.9896563e-01   4.9789893e-01
   2.0082500e+03   5.0000364e-01   4.9891065e-01   4.9782002e-01
   2.0083333e+03   5.0002631e-01   4.9890783e-01   4.9779182e-01
   2.0084167e+03   5.0007173e-01   4.9892696e-01   4.9778476e-01
   2.0085000e+03   5.0011112e-01   4.9893989e-01   4.9777135e-01
   2.0085833e+03   5.0013324e-01   4.9893564e-01   4.9774087e-01
   2.0086667e+03   5.0013729e-01   4.9891345e-01   4.9769257e-01
   2.0087500e+03   5.0014967e-01   4.9889912e-01   4.9765164e-01
   2.0088333e+03   5.0019318e-01   4.9891487e-01   4.9763978e-01
   2.0089167e+03   5.0022492e-01   4.9891884e-01   4.9761612e-01
   2.0090000e+03   5.0020912e-01   4.9887613e-01   4.9754664e-01
   2.0090833e+03   5.0014736e-01   4.9878831e-01   4.9743291e-01
   2.0091667e+03   5.0008790e-01   4.9870248e-01   4.9732085e-01
   2.0092500e+03   5.0005878e-01   4.9864595e-01   4.9723706e-01
   2.0093333e+03   5.0008249e-01   4.9864062e-01   4.9720285e-01
   2.0094167e+03   5.0012781e-01   4.9865604e-01   4.9718855e-01
   2.0095000e+03   5.0016662e-01   4.9866483e-01   4.9716750e-01
   2.0095833e+03   5.0018761e-01   4.9865597e-01   4.9712895e-01
   2.0096667e+03   5.0019015e-01   4.9862884e-01   4.9707235e-01
   2.0097500e+03   5.0020118e-01   4.9860970e-01   4.9702323e-01
   2.0098333e+03   5.0024435e-01   4.9862153e-01   4.9700390e-01
   2.0099167e+03   5.0027690e-01   4.9862272e-01   4.9697394e-01
   2.0100000e+03   5.0026275e-01   4.9857822e-01   4.9689929e-01
   2.0100833e+03   5.0020313e-01   4.9848924e-01   4.9678116e-01
   2.0101667e+03   5.0014580e-01   4.9840222e-01   4.9666466e-01
   2.0102500e+03   5.0011849e-01   4.9834410e-01   4.9657593e-01
   2.0103333e+03   5.0014320e-01   4.9833620e-01   4.9653565e-01
   2.0104167e+03   5.0018839e-01   4.9834789e-01   4.9651408e-01
   2.0105000e+03   5.0022660e-01   4.9835250e-01   4.9648533e-01
   2.0105833e+03   5.0024644e-01   4.9833897e-01   4.9643870e-01
   2.0106667e+03   5.0024743e-01   4.9830688e-01   4.9637378e-01
   2.0107500e+03   5.0025709e-01   4.9828291e-01   4.9631643e-01
   2.0108333e+03   5.0029990e-01   4.9829077e-01   4.9628961e-01
   2.0109167e+03   5.0033323e-01   4.9828913e-01   4.9625330e-01
   2.0110000e+03   5.0032071e-01   4.9824279e-01   4.9617341e-01
   2.0110833e+03   5.0026321e-01   4.9815262e-01   4.9605083e-01
   2.0111667e+03   5.0020797e-01   4.9806436e-01   4.9592984e-01
   2.0112500e+03   5.0018245e-01   4.9800460e-01   4.9583612e-01
   2.0113333e+03   5.0020815e-01   4.9799409e-01   4.9578973e-01
   2.0114167e+03   5.0025319e-01   4.9800200e-01   4.9576082e-01
   2.0115000e+03   5.0029078e-01   4.9800239e-01   4.9572436e-01
   2.0115833e+03   5.0030943e-01   4.9798417e-01   4.9566962e-01
   2.0116667e+03   2.5015443e-01   2.4897354e-01   2.4779818e-01
   2.0117500e+03   2.5015855e-01   2.4895912e-01   2.4776538e-01
   2.0118333e+03   2.5017976e-01   2.4896105e-01   2.4774821e-01
   2.0119167e+03   2.5019681e-01   2.4895880e-01   2.4772685e-01
   2.0120000e+03   2.5019135e-01   2.4893469e-01   2.4768427e-01
   2.0120833e+03   2.5016365e-01   2.4888897e-01   2.4762073e-01
   2.0121667e+03   2.5013708e-01   2.4884421e-01   2.4755796e-01
   2.0122500e+03   2.5012520e-01   2.4881349e-01   2.4750858e-01
   2.0123333e+03   2.5013853e-01   2.4880691e-01   2.4748230e-01
   2.0124167e+03   2.5016096e-01   2.4880895e-01   2.4746417e-01
   2.0125000e+03   2.5017943e-01   2.4880702e-01   2.4744206e-01
   2.0125833e+03   2.5018815e-01   2.4879555e-01   2.4741063e-01
   2.0126667e+03   2.5018706e-01   2.4877449e-01   2.4736983e-01
   2.0127500e+03   2.5019047e-01   2.4875762e-01   2.4733290e-01
   2.0128333e+03   2.5021148e-01   2.4875752e-01   2.4731194e-01
   2.0129167e+03   2.5022889e-01   2.4875382e-01   2.4728737e-01
   2.0130000e+03   2.5022423e-01   2.4872874e-01   2.4724212e-01
   2.0130833e+03   2.5019757e-01   2.4868239e-01   2.4717630e-01
   2.0131667e+03   2.5017202e-01   2.4863697e-01   2.4711125e-01
   2.0132500e+03   2.5016102e-01   2.4860538e-01   2.4705932e-01
   2.0133333e+03   2.5017482e-01   2.4859745e-01   2.4702994e-01
   2.0134167e+03   2.5019715e-01   2.4859756e-01   2.4700811e-01
   2.0135000e+03   2.5021528e-01   2.4859349e-01   2.4698212e-01
   2.0135833e+03   2.5022338e-01   2.4857964e-01   2.4694661e-01
   2.0136667e+03   2.5022147e-01   2.4855606e-01   2.4690163e-01
   2.0137500e+03   2.5022415e-01   2.4853672e-01   2.4686057e-01
   2.0138333e+03   2.5024494e-01   2.4853458e-01   2.4683582e-01
   2.0139167e+03   2.5026271e-01   2.4852940e-01   2.4680800e-01
   2.0140000e+03   2.5025883e-01   2.4850334e-01   2.4676007e-01
   2.0140833e+03   2.5023320e-01   2.4845633e-01   2.4669196e-01
   2.0141667e+03   2.5020868e-01   2.4841022e-01   2.4662459e-01
   2.0142500e+03   2.5019854e-01   2.4837775e-01   2.4657010e-01
   2.0143333e+03   2.5021279e-01   2.4836845e-01   2.4653760e-01
   2.0144167e+03   2.5023501e-01   2.4836662e-01   2.4651206e-01
   2.0145000e+03   2.5025279e-01   2.4836038e-01   2.4648216e-01
   2.0145833e+03   2.5026025e-01   2.4834414e-01   2.4644258e-01
   2.0146667e+03   2.5025752e-01   2.4831802e-01   2.4639342e-01
   2.0147500e+03   2.5025946e-01   2.4829620e-01   2.4634823e-01
   2.0148333e+03   2.5028001e-01   2.4829201e-01   2.4631967e-01
   2.0149167e+03   2.5029812e-01   2.4828533e-01   2.4628859e-01
   2.0150000e+03   2.5029502e-01   2.4825826e-01   2.4623795e-01
   2.0150833e+03   2.5027041e-01   2.4821056e-01   2.4616753e-01
   2.0151667e+03   2.5024690e-01   2.4816376e-01   2.4609783e-01
   2.0152500e+03   2.5023761e-01   2.4813038e-01   2.4604075e-01
   2.0153333e+03   2.5025231e-01   2.4811969e-01   2.4600511e-01
   2.0154167e+03   2.5027441e-01   2.4811589e-01   2.4597585e-01
   2.0155000e+03   2.5029181e-01   2.4810747e-01   2.4594205e-01
   2.0155833e+03   2.5029863e-01   2.4808883e-01   2.4589838e-01
   2.0156667e+03   2.5029506e-01   2.4806015e-01   2.4584505e-01
   2.0157500e+03   2.5029623e-01   2.4803585e-01   2.4579572e-01
   2.0158333e+03   2.5031654e-01   2.4802957e-01   2.4576335e-01
   2.0159167e+03   2.5033499e-01   2.4802138e-01   2.4572899e-01
   2.0160000e+03   2.5033265e-01   2.4799329e-01   2.4567563e-01
   2.0160833e+03   2.5030905e-01   2.4794488e-01   2.4560287e-01
   2.0161667e+03   2.5028653e-01   2.4789736e-01   2.4553083e-01
   2.0162500e+03   2.5027809e-01   2.4786305e-01   2.4547115e-01
   2.0163333e+03   2.5029323e-01   2.4785096e-01   2.4543234e-01
   2.0164167e+03   2.5031519e-01   2.4784517e-01   2.4539935e-01
   2.0165000e+03   2.5033221e-01   2.4783455e-01   2.4536164e-01
   2.0165833e+03   2.5033837e-01   2.4781349e-01   2.4531390e-01
   2.0166667e+03   2.5033394e-01   2.4778225e-01   2.4525640e-01
   2.0167500e+03   2.5033434e-01   2.4775545e-01   2.4520293e-01
   2.0168333e+03   2.5035439e-01   2.4774708e-01   2.4516673e-01
   2.0169167e+03   2.5037316e-01   2.4773735e-01   2.4512909e-01
   2.0170000e+03   2.5037157e-01   2.4770821e-01   2.4507299e-01
   2.0170833e+03   2.5034898e-01   2.4765908e-01   2.4499788e-01
   2.0171667e+03   2.5032745e-01   2.4761082e-01   2.4492347e-01
   2.0172500e+03   2.5031984e-01   2.4757556e-01   2.4486117e-01
   2.0173333e+03   2.5033540e-01   2.4756204e-01   2.4481919e-01
   2.0174167e+03   2.5035720e-01   2.4755425e-01   2.4478246e-01
   2.0175000e+03   2.5037384e-01   2.4754142e-01   2.4474083e-01
   2.0175833e+03   2.5037932e-01   2.4751793e-01   2.4468902e-01
   2.0176667e+03   2.5037402e-01   2.4748412e-01   2.4462736e-01
   2.0177500e+03   2.5037363e-01   2.4745480e-01   2.4456977e-01
   2.0178333e+03   2.5039341e-01   2.4744432e-01   2.4452974e-01
   2.0179167e+03   2.5041249e-01   2.4743303e-01   2.4448879e-01
   2.0180000e+03   2.5041164e-01   2.4740283e-01   2.4442993e-01
   2.0180833e+03   2.5039004e-01   2.4735295e-01   2.4435247e-01
   2.0181667e+03   2.5036949e-01   2.4730393e-01   2.4427567e-01
   2.0182500e+03   2.5036270e-01   2.4726771e-01   2.4421074e-01
   2.0183333e+03   2.5037868e-01   2.4725274e-01   2.4416558e-01
   2.0184167e+03   2.5040032e-01   2.4724293e-01   2.4412510e-01
   2.0185000e+03   2.5041654e-01   2.4722788e-01   2.4407956e-01
   2.0185833e+03   2.5042133e-01   2.4720194e-01   2.4402367e-01
   2.0186667e+03   2.5041514e-01   2.4716555e-01   2.4395786e-01
   2.0187500e+03   2.5041396e-01   2.4713370e-01   2.4389615e-01
   2.0188333e+03   2.5043345e-01   2.4712110e-01   2.4385229e-01
   2.0189167e+03   2.5045283e-01   2.4710824e-01   2.4380803e-01
   2.0190000e+03   2.5045271e-01   2.4707695e-01   2.4374641e-01
   2.0190833e+03   2.5043209e-01   2.4702631e-01   2.4366657e-01
   2.0191667e+03   2.5041251e-01   2.4697651e-01   2.4358737e-01
   2.0192500e+03   2.5040653e-01   2.4693930e-01   2.4351979e-01
   2.0193333e+03   2.5042291e-01   2.4692286e-01   2.4347144e-01
   2.0194167e+03   2.5044437e-01   2.4691102e-01   2.4342721e-01
   2.0195000e+03   2.5046018e-01   2.4689373e-01   2.4337776e-01
   2.0195833e+03   2.5046427e-01   2.4686534e-01   2.4331781e-01
   2.0196667e+03   2.5045718e-01   2.4682635e-01   2.4324786e-01
   2.0197500e+03   2.5045517e-01   2.4679198e-01   2.4318205e-01
   2.0198333e+03   2.5047437e-01   2.4677724e-01   2.4313436e-01
   2.0199167e+03   2.5049403e-01   2.4676278e-01   2.4308678e-01
   2.0200000e+03   2.5049464e-01   2.4673038e-01   2.4302237e-01
   2.0200833e+03   2.5047498e-01   2.4667896e-01   2.4294014e-01
   2.0201667e+03   2.5045636e-01   2.4662837e-01   2.4285855e-01
   2.0202500e+03   2.5045119e-01   2.4659016e-01   2.4278831e-01
   2.0203333e+03   2.5046796e-01   2.4657223e-01   2.4273675e-01
   2.0204167e+03   2.5048923e-01   2.4655833e-01   2.4268878e-01
   2.0205000e+03   2.5050460e-01   2.4653880e-01   2.4263542e-01
   2.0205833e+03   2.5050797e-01   2.4650794e-01   2.4257142e-01
   2.0206667e+03   2.5049996e-01   2.4646636e-01   2.4249734e-01
   2.0207500e+03   2.5049713e-01   2.4642944e-01   2.4242743e-01
   2.0208333e+03   2.5051601e-01   2.4641255e-01   2.4237592e-01
   2.0209167e+03   2.5053596e-01   2.4639648e-01   2.4232501e-01
   2.0210000e+03   2.5053727e-01   2.4636296e-01   2.4225782e-01
   2.0210833e+03   2.5051857e-01   2.4631074e-01   2.4217319e-01
   2.0211667e+03   2.5050091e-01   2.4625933e-01   2.4208918e-01
   2.0212500e+03   2.5049652e-01   2.4622009e-01   2.4201627e-01
   2.0213333e+03   2.5051367e-01   2.4620066e-01   2.4196151e-01
   2.0214167e+03   2.5053474e-01   2.4618470e-01   2.4190979e-01
   2.0215000e+03   2.5054966e-01   2.4616290e-01   2.4185253e-01
   2.0215833e+03   2.5055230e-01   2.4612957e-01   2.4178449e-01
   2.0216667e+03   2.5054336e-01   2.4608538e-01   2.4170630e-01
   2.0217500e+03   2.5053968e-01   2.4604591e-01   2.4163232e-01
   2.0218333e+03   2.5055824e-01   2.4602686e-01   2.4157699e-01
   2.0219167e+03   2.5057845e-01   2.4600916e-01   2.4152276e-01
   2.0220000e+03   2.5058045e-01   2.4597450e-01   2.4145277e-01
   2.0220833e+03   2.5056271e-01   2.4592146e-01   2.4136573e-01
   2.0221667e+03   2.5054598e-01   2.4586922e-01   2.4127930e-01
   2.0222500e+03   2.5054238e-01   2.4582894e-01   2.4120372e-01
   2.0223333e+03   2.5055990e-01   2.4580799e-01   2.4114574e-01
   2.0224167e+03   2.5058075e-01   2.4578995e-01   2.4109028e-01
   2.0225000e+03   2.5059521e-01   2.4576587e-01   2.4102913e-01
   2.0225833e+03   2.5059710e-01   2.4573006e-01   2.4095707e-01
   2.0226667e+03   1.2529361e-01   1.2284163e-01   1.2043740e-01
   2.0227500e+03   1.2529134e-01   1.2282062e-01   1.2039838e-01
   2.0228333e+03   1.2530045e-01   1.2281000e-01   1.2036880e-01
   2.0229167e+03   1.2531068e-01   1.2280033e-01   1.2034002e-01
   2.0230000e+03   1.2531203e-01   1.2278242e-01   1.2030363e-01
   2.0230833e+03   1.2530363e-01   1.2275548e-01   1.2025890e-01
   2.0231667e+03   1.2529573e-01   1.2272894e-01   1.2021447e-01
   2.0232500e+03   1.2529431e-01   1.2270827e-01   1.2017534e-01
   2.0233333e+03   1.2530325e-01   1.2269702e-01   1.2014474e-01
   2.0234167e+03   1.2531356e-01   1.2268696e-01   1.2011515e-01
   2.0235000e+03   1.2532055e-01   1.2267378e-01   1.2008263e-01
   2.0235833e+03   1.2532111e-01   1.2265463e-01   1.2004460e-01
   2.0236667e+03   1.2531569e-01   1.2262992e-01   1.2000143e-01
   2.0237500e+03   1.2531299e-01   1.2260763e-01   1.1996040e-01
   2.0238333e+03   1.2532192e-01   1.2259592e-01   1.1992892e-01
   2.0239167e+03   1.2533227e-01   1.2258542e-01   1.1989848e-01
   2.0240000e+03   1.2533396e-01   1.2256692e-01   1.1986068e-01
   2.0240833e+03   1.2532602e-01   1.2253955e-01   1.1981475e-01
   2.0241667e+03   1.2531858e-01   1.2251257e-01   1.1976910e-01
   2.0242500e+03   1.2531754e-01   1.2249137e-01   1.1972863e-01
   2.0243333e+03   1.2532665e-01   1.2247934e-01   1.1969642e-01
   2.0244167e+03   1.2533684e-01   1.2246823e-01   1.1966497e-01
   2.0245000e+03   1.2534359e-01   1.2245390e-01   1.1963052e-01
   2.0245833e+03   1.2534377e-01   1.2243350e-01   1.1959049e-01
   2.0246667e+03   1.2533786e-01   1.2240749e-01   1.1954531e-01
   2.0247500e+03   1.2533471e-01   1.2238391e-01   1.1950226e-01
   2.0248333e+03   1.2534346e-01   1.2237110e-01   1.1946890e-01
   2.0249167e+03   1.2535392e-01   1.2235976e-01   1.1943679e-01
   2.0250000e+03   1.2535594e-01   1.2234067e-01   1.1939759e-01
   2.0250833e+03   1.2534848e-01   1.2231288e-01   1.1935046e-01
   2.0251667e+03   1.2534152e-01   1.2228548e-01   1.1930361e-01
   2.0252500e+03   1.2534089e-01   1.2226375e-01   1.1926182e-01
   2.0253333e+03   1.2535018e-01   1.2225096e-01   1.1922802e-01
   2.0254167e+03   1.2536022e-01   1.2223877e-01   1.1919470e-01
   2.0255000e+03   1.2536668e-01   1.2222325e-01   1.1915829e-01
   2.0255833e+03   1.2536639e-01   1.2220153e-01   1.1911622e-01
   2.0256667e+03   1.2535988e-01   1.2217411e-01   1.1906895e-01
   2.0257500e+03   1.2535616e-01   1.2214915e-01   1.1902382e-01
   2.0258333e+03   1.2536468e-01   1.2213518e-01   1.1898852e-01
   2.0259167e+03   1.2537528e-01   1.2212302e-01   1.1895477e-01
   2.0260000e+03   1.2537773e-01   1.2210341e-01   1.1891424e-01
   2.0260833e+03   1.2537086e-01   1.2207531e-01   1.1886601e-01
   2.0261667e+03   1.2536449e-01   1.2204758e-01   1.1881805e-01
   2.0262500e+03   1.2536434e-01   1.2202540e-01   1.1877500e-01
   2.0263333e+03   1.2537384e-01   1.2201186e-01   1.1873963e-01
   2.0264167e+03   1.2538371e-01   1.2199856e-01   1.1870441e-01
   2.0265000e+03   1.2538982e-01   1.2198180e-01   1.1866601e-01
   2.0265833e+03   1.2538900e-01   1.2195871e-01   1.1862186e-01
   2.0266667e+03   1.2538182e-01   1.2192982e-01   1.1857245e-01
   2.0267500e+03   1.2537750e-01   1.2190343e-01   1.1852521e-01
   2.0268333e+03   1.2538575e-01   1.2188829e-01   1.1848796e-01
   2.0269167e+03   1.2539648e-01   1.2187529e-01   1.1845256e-01
   2.0270000e+03   1.2539935e-01   1.2185515e-01   1.1841070e-01
   2.0270833e+03   1.2539308e-01   1.2182671e-01   1.1836135e-01
   2.0271667e+03   1.2538729e-01   1.2179864e-01   1.1831226e-01
   2.0272500e+03   1.2538762e-01   1.2177598e-01   1.1826794e-01
   2.0273333e+03   1.2539732e-01   1.2176166e-01   1.1823099e-01
   2.0274167e+03   1.2540699e-01   1.2174724e-01   1.1819386e-01
   2.0275000e+03   1.2541275e-01   1.2172923e-01   1.1815346e-01
   2.0275833e+03   1.2541138e-01   1.2170475e-01   1.1810723e-01
   2.0276667e+03   1.2540352e-01   1.2167439e-01   1.1805570e-01
   2.0277500e+03   1.2539858e-01   1.2164656e-01   1.1800635e-01
   2.0278333e+03   1.2540656e-01   1.2163023e-01   1.1796715e-01
   2.0279167e+03   1.2541741e-01   1.2161638e-01   1.1793009e-01
   2.0280000e+03   1.2542069e-01   1.2159569e-01   1.1788687e-01
   2.0280833e+03   1.2541500e-01   1.2156690e-01   1.1783639e-01
   2.0281667e+03   1.2540978e-01   1.2153846e-01   1.1778616e-01
   2.0282500e+03   1.2541058e-01   1.2151531e-01   1.1774055e-01
   2.0283333e+03   1.2542046e-01   1.2150021e-01   1.1770200e-01
   2.0284167e+03   1.2542993e-01   1.2148465e-01   1.1766297e-01
   2.0285000e+03   1.2543532e-01   1.2146538e-01   1.1762058e-01
   2.0285833e+03   1.2543339e-01   1.2143950e-01   1.1757227e-01
   2.0286667e+03   1.2542485e-01   1.2140765e-01   1.1751861e-01
   2.0287500e+03   1.2541927e-01   1.2137838e-01   1.1746716e-01
   2.0288333e+03   1.2542697e-01   1.2136084e-01   1.1742601e-01
   2.0289167e+03   1.2543792e-01   1.2134612e-01   1.1738728e-01
   2.0290000e+03   1.2544161e-01   1.2132486e-01   1.1734270e-01
   2.0290833e+03   1.2543649e-01   1.2129570e-01   1.1729107e-01
   2.0291667e+03   1.2543184e-01   1.2126688e-01   1.1723969e-01
   2.0292500e+03   1.2543309e-01   1.2124323e-01   1.1719278e-01
   2.0293333e+03   1.2544315e-01   1.2122732e-01   1.1715262e-01
   2.0294167e+03   1.2545240e-01   1.2121060e-01   1.1711168e-01
   2.0295000e+03   1.2545742e-01   1.2119006e-01   1.1706729e-01
   2.0295833e+03   1.2545492e-01   1.2116277e-01   1.1701691e-01
   2.0296667e+03   1.2544567e-01   1.2112943e-01   1.1696114e-01
   2.0297500e+03   1.2543945e-01   1.2109870e-01   1.1690760e-01
   2.0298333e+03   1.2544684e-01   1.2107995e-01   1.1686450e-01
   2.0299167e+03   1.2545790e-01   1.2106435e-01   1.1682409e-01
   2.0300000e+03   1.2546197e-01   1.2104250e-01   1.1677813e-01
   2.0300833e+03   1.2545742e-01   1.2101296e-01   1.1672535e-01
   2.0301667e+03   1.2545335e-01   1.2098375e-01   1.1667281e-01
   2.0302500e+03   1.2545506e-01   1.2095959e-01   1.1662461e-01
   2.0303333e+03   1.2546530e-01   1.2094287e-01   1.1658284e-01
   2.0304167e+03   1.2547431e-01   1.2092498e-01   1.1653998e-01
   2.0305000e+03   1.2547890e-01   1.2090311e-01   1.1649358e-01
   2.0305833e+03   1.2547576e-01   1.2087436e-01   1.1644109e-01
   2.0306667e+03   6.2732856e-02   6.0419729e-02   5.8191582e-02
   2.0307500e+03   6.2729372e-02   6.0403597e-02   5.8163739e-02
   2.0308333e+03   6.2732893e-02   6.0393589e-02   5.8141200e-02
   2.0309167e+03   6.2738470e-02   6.0385348e-02   5.8120164e-02
   2.0310000e+03   6.2740731e-02   6.0374153e-02   5.8096519e-02
   2.0310833e+03   6.2738780e-02   6.0359220e-02   5.8069588e-02
   2.0311667e+03   6.2737060e-02   6.0344454e-02   5.8042768e-02
   2.0312500e+03   6.2738173e-02   6.0332136e-02   5.8018042e-02
   2.0313333e+03   6.2743383e-02   6.0323372e-02   5.7996367e-02
   2.0314167e+03   6.2747747e-02   6.0313825e-02   5.7973976e-02
   2.0315000e+03   6.2749805e-02   6.0302218e-02   5.7949761e-02
   2.0315833e+03   6.2747885e-02   6.0287090e-02   5.7922460e-02
   2.0316667e+03   6.2742435e-02   6.0268838e-02   5.7892418e-02
   2.0317500e+03   6.2738555e-02   6.0251926e-02   5.7863506e-02
   2.0318333e+03   6.2741887e-02   6.0241280e-02   5.7839986e-02
   2.0319167e+03   6.2747507e-02   6.0232593e-02   5.7818124e-02
   2.0320000e+03   6.2749985e-02   6.0221122e-02   5.7793819e-02
   2.0320833e+03   6.2748351e-02   6.0206025e-02   5.7766345e-02
   2.0321667e+03   6.2746944e-02   6.0191088e-02   5.7738979e-02
   2.0322500e+03   6.2748305e-02   6.0178529e-02   5.7713630e-02
   2.0323333e+03   6.2753599e-02   6.0169357e-02   5.7691169e-02
   2.0324167e+03   6.2757814e-02   6.0159205e-02   5.7667826e-02
   2.0325000e+03   6.2759627e-02   6.0146922e-02   5.7642612e-02
   2.0325833e+03   6.2757349e-02   6.0131042e-02   5.7614267e-02
   2.0326667e+03   6.2751462e-02   6.0111990e-02   5.7583161e-02
   2.0327500e+03   6.2747179e-02   6.0094298e-02   5.7553196e-02
   2.0328333e+03   6.2750314e-02   6.0083012e-02   5.7528705e-02
   2.0329167e+03   6.2755970e-02   6.0073876e-02   5.7506024e-02
   2.0330000e+03   6.2758656e-02   6.0062124e-02   5.7481061e-02
   2.0330833e+03   6.2757334e-02   6.0046856e-02   5.7453049e-02
   2.0331667e+03   6.2756233e-02   6.0031744e-02   5.7425139e-02
   2.0332500e+03   6.2757837e-02   6.0018938e-02   5.7399171e-02
   2.0333333e+03   6.2763207e-02   6.0009354e-02   5.7375928e-02
   2.0334167e+03   6.2767265e-02   5.9998595e-02   5.7351644e-02
   2.0335000e+03   6.2768825e-02   5.9985635e-02   5.7325443e-02
   2.0335833e+03   6.2766180e-02   5.9969003e-02   5.7296070e-02
   2.0336667e+03   6.2759847e-02   5.9949151e-02   5.7263916e-02
   2.0337500e+03   6.2755152e-02   5.9930680e-02   5.7232913e-02
   2.0338333e+03   6.2758081e-02   5.9918753e-02   5.7207462e-02
   2.0339167e+03   6.2763765e-02   5.9909164e-02   5.7183970e-02
   2.0340000e+03   6.2766655e-02   5.9897125e-02   5.7158355e-02
   2.0340833e+03   6.2765637e-02   5.9881681e-02   5.7129806e-02
   2.0341667e+03   6.2764837e-02   5.9866388e-02   5.7101355e-02
   2.0342500e+03   6.2766676e-02   5.9853331e-02   5.7074772e-02
   2.0343333e+03   6.2772114e-02   5.9843331e-02   5.7050756e-02
   2.0344167e+03   6.2776009e-02   5.9831963e-02   5.7025541e-02
   2.0345000e+03   6.2777306e-02   5.9818324e-02   5.6998365e-02
   2.0345833e+03   6.2774285e-02   5.9800941e-02   5.6967980e-02
   2.0346667e+03   6.2767498e-02   5.9780290e-02   5.6934795e-02
   2.0347500e+03   6.2762383e-02   5.9761042e-02   5.6902770e-02
   2.0348333e+03   6.2765098e-02   5.9748473e-02   5.6876372e-02
   2.0349167e+03   6.2770803e-02   5.9738426e-02   5.6852076e-02
   2.0350000e+03   6.2773889e-02   5.9726097e-02   5.6825813e-02
   2.0350833e+03   6.2773170e-02   5.9710472e-02   5.6796733e-02
   2.0351667e+03   6.2772663e-02   5.9694993e-02   5.6767744e-02
   2.0352500e+03   6.2774731e-02   5.9681679e-02   5.6740551e-02
   2.0353333e+03   6.2780231e-02   5.9671260e-02   5.6715768e-02
   2.0354167e+03   6.2783953e-02   5.9659281e-02   5.6689635e-02
   2.0355000e+03   6.2784980e-02   5.9644964e-02   5.6661498e-02
   2.0355833e+03   6.2781575e-02   5.9626829e-02   5.6630116e-02
   2.0356667e+03   6.2774325e-02   5.9605382e-02   5.6595918e-02
   2.0357500e+03   6.2768780e-02   5.9585357e-02   5.6562889e-02
   2.0358333e+03   6.2771273e-02   5.9572144e-02   5.6535557e-02
   2.0359167e+03   6.2776991e-02   5.9561638e-02   5.6510465e-02
   2.0360000e+03   6.2780267e-02   5.9549013e-02   5.6483561e-02
   2.0360833e+03   6.2779840e-02   5.9533203e-02   5.6453952e-02
   2.0361667e+03   6.2779620e-02   5.9517533e-02   5.6424430e-02
   2.0362500e+03   6.2781910e-02   5.9503957e-02   5.6396633e-02
   2.0363333e+03   6.2787465e-02   5.9493115e-02   5.6371090e-02
   2.0364167e+03   6.2791006e-02   5.9480525e-02   5.6344052e-02
   2.0365000e+03   6.2791754e-02   5.9465528e-02   5.6314969e-02
   2.0365833e+03   6.2787956e-02   5.9446643e-02   5.6282606e-02
   2.0366667e+03   6.2780234e-02   5.9424402e-02   5.6247414e-02
   2.0367500e+03   6.2774251e-02   5.9403602e-02   5.6213398e-02
   2.0368333e+03   6.2776514e-02   5.9389744e-02   5.6185145e-02
   2.0369167e+03   6.2782238e-02   5.9378775e-02   5.6159268e-02
   2.0370000e+03   6.2785696e-02   5.9365852e-02   5.6131728e-02
   2.0370833e+03   6.2785554e-02   5.9349850e-02   5.6101596e-02
   2.0371667e+03   6.2785616e-02   5.9333984e-02   5.6071546e-02
   2.0372500e+03   6.2788122e-02   5.9320144e-02   5.6043149e-02
   2.0373333e+03   6.2793723e-02   5.9308875e-02   5.6016857e-02
   2.0374167e+03   6.2797075e-02   5.9295672e-02   5.5988925e-02
   2.0375000e+03   6.2797536e-02   5.9279996e-02   5.5958911e-02
   2.0375833e+03   6.2793337e-02   5.9260363e-02   5.5925587e-02
   2.0376667e+03   6.2785134e-02   5.9237330e-02   5.5889419e-02
   2.0377500e+03   6.2778704e-02   5.9215757e-02   5.5854435e-02
   2.0378333e+03   6.2780728e-02   5.9201254e-02   5.5825276e-02
   2.0379167e+03   6.2786450e-02   5.9189820e-02   5.5798622e-02
   2.0380000e+03   6.2790084e-02   5.9176593e-02   5.5770455e-02
   2.0380833e+03   6.2790222e-02   5.9160396e-02   5.5739803e-02
   2.0381667e+03   6.2790558e-02   5.9144330e-02   5.5709230e-02
   2.0382500e+03   6.2793272e-02   5.9130220e-02   5.5680241e-02
   2.0383333e+03   6.2798913e-02   5.9118522e-02   5.5653208e-02
   2.0384167e+03   6.2802069e-02   5.9104705e-02   5.5624398e-02
   2.0385000e+03   6.2802234e-02   5.9088350e-02   5.5593468e-02
   2.0385833e+03   6.2797624e-02   5.9067970e-02   5.5559200e-02
   2.0386667e+03   6.2788932e-02   5.9044148e-02   5.5522076e-02
   2.0387500e+03   6.2782045e-02   5.9021805e-02   5.5486144e-02
   2.0388333e+03   6.2783823e-02   5.9006658e-02   5.5456094e-02
   2.0389167e+03   6.2789536e-02   5.8994755e-02   5.5428675e-02
   2.0390000e+03   6.2793338e-02   5.8981221e-02   5.5399886e-02
   2.0390833e+03   6.2793749e-02   5.8964824e-02   5.5368722e-02
   2.0391667e+03   6.2794354e-02   5.8948554e-02   5.5337632e-02
   2.0392500e+03   6.2797270e-02   5.8934170e-02   5.5308057e-02
   2.0393333e+03   6.2802943e-02   5.8922040e-02   5.5280294e-02
   2.0394167e+03   6.2805893e-02   5.8907609e-02   5.5250619e-02
   2.0395000e+03   6.2805754e-02   5.8890577e-02   5.5218790e-02
   2.0395833e+03   6.2800726e-02   5.8869452e-02   5.5183597e-02
   2.0396667e+03   6.2791534e-02   5.8844844e-02   5.5145539e-02
   2.0397500e+03   6.2784184e-02   5.8821733e-02   5.5108678e-02
   2.0398333e+03   6.2785706e-02   5.8805941e-02   5.5077752e-02
   2.0399167e+03   6.2791402e-02   5.8793569e-02   5.5049579e-02
   2.0400000e+03   6.2795366e-02   5.8779724e-02   5.5020177e-02
   2.0400833e+03   6.2796043e-02   5.8763123e-02   5.4988506e-02
   2.0401667e+03   6.2796910e-02   5.8746644e-02   5.4956906e-02
   2.0402500e+03   6.2800021e-02   5.8731983e-02   5.4926752e-02
   2.0403333e+03   6.2805719e-02   5.8719419e-02   5.4898269e-02
   2.0404167e+03   6.2808455e-02   5.8704374e-02   5.4867745e-02
   2.0405000e+03   6.2808004e-02   5.8686664e-02   5.4835035e-02
   2.0405833e+03   6.2802548e-02   5.8664798e-02   5.4798936e-02
   2.0406667e+03   6.2792849e-02   5.8639408e-02   5.4759964e-02
   2.0407500e+03   6.2785025e-02   5.8615532e-02   5.4722196e-02
   2.0408333e+03   6.2786284e-02   5.8599097e-02   5.4690411e-02
   2.0409167e+03   6.2791956e-02   5.8586252e-02   5.4661495e-02
   2.0410000e+03   6.2796075e-02   5.8572093e-02   5.4631488e-02
   2.0410833e+03   6.2797012e-02   5.8555285e-02   5.4599318e-02
   2.0411667e+03   6.2798133e-02   5.8538592e-02   5.4567214e-02
   2.0412500e+03   6.2801433e-02   5.8523651e-02   5.4536490e-02
   2.0413333e+03   6.2807147e-02   5.8510650e-02   5.4507299e-02
   2.0414167e+03   6.2809662e-02   5.8494991e-02   5.4475941e-02
   2.0415000e+03   6.2808890e-02   5.8476607e-02   5.4442367e-02
   2.0415833e+03   6.2802998e-02   5.8454001e-02   5.4405382e-02
   2.0416667e+03   6.2792783e-02   5.8427832e-02   5.4365520e-02
   2.0417500e+03   6.2784477e-02   5.8403196e-02   5.4326864e-02
   2.0418333e+03   6.2785464e-02   5.8386118e-02   5.4294237e-02
   2.0419167e+03   6.2791104e-02   5.8372800e-02   5.4264591e-02
   2.0420000e+03   6.2795370e-02   5.8358324e-02   5.4233989e-02
   2.0420833e+03   6.2796560e-02   5.8341303e-02   5.4201327e-02
   2.0421667e+03   6.2797930e-02   5.8324394e-02   5.4168726e-02
   2.0422500e+03   6.2801411e-02   5.8309169e-02   5.4137442e-02
   2.0423333e+03   6.2807135e-02   5.8295730e-02   5.4107553e-02
   2.0424167e+03   6.2809420e-02   5.8279458e-02   5.4075378e-02
   2.0425000e+03   6.2808319e-02   5.8260399e-02   5.4040959e-02
   2.0425833e+03   6.2801982e-02   5.8237058e-02   5.4003110e-02
   2.0426667e+03   6.2791242e-02   5.8210116e-02   5.3962378e-02
   2.0427500e+03   6.2782445e-02   5.8184723e-02   5.3922858e-02
   2.0428333e+03   6.2783152e-02   5.8167003e-02   5.3889406e-02
   2.0429167e+03   6.2788752e-02   5.8153210e-02   5.3859043e-02
   2.0430000e+03   6.2793159e-02   5.8138414e-02   5.3827856e-02
   2.0430833e+03   6.2794595e-02   5.8121178e-02   5.3794709e-02
   2.0431667e+03   6.2796207e-02   5.8104049e-02   5.3761620e-02
   2.0432500e+03   6.2799863e-02   5.8088536e-02   5.3729783e-02
   2.0433333e+03   6.2805589e-02   5.8074658e-02   5.3699210e-02
   2.0434167e+03   6.2807636e-02   5.8057773e-02   5.3666235e-02
   2.0435000e+03   6.2806197e-02   5.8038043e-02   5.3630990e-02
   2.0435833e+03   6.2799406e-02   5.8013970e-02   5.3592298e-02
   2.0436667e+03   6.2788132e-02   5.7986259e-02   5.3550720e-02
   2.0437500e+03   6.2778836e-02   5.7960113e-02   5.3510357e-02
   2.0438333e+03   6.2779254e-02   5.7941753e-02   5.3476100e-02
   2.0439167e+03   6.2784807e-02   5.7927485e-02   5.3445033e-02
   2.0440000e+03   6.2789347e-02   5.7912366e-02   5.3413270e-02
   2.0440833e+03   6.2791024e-02   5.7894912e-02   5.3379647e-02
   2.0441667e+03   6.2792870e-02   5.7877559e-02   5.3346079e-02
   2.0442500e+03   6.2796694e-02   5.7861756e-02   5.3313699e-02
   2.0443333e+03   6.2802414e-02   5.7847436e-02   5.3282455e-02
   2.0444167e+03   6.2804215e-02   5.7829941e-02   5.3248697e-02
   2.0445000e+03   6.2802429e-02   5.7809542e-02   5.3212646e-02
   2.0445833e+03   6.2795176e-02   5.7784741e-02   5.3173132e-02
   2.0446667e+03   6.2783361e-02   5.7756266e-02   5.3130733e-02
   2.0447500e+03   6.2773556e-02   5.7729372e-02   5.3089551e-02
   2.0448333e+03   6.2773678e-02   5.7710375e-02   5.3054506e-02
   2.0449167e+03   6.2779175e-02   5.7695630e-02   5.3022749e-02
   2.0450000e+03   6.2783842e-02   5.7680186e-02   5.2990422e-02
   2.0450833e+03   6.2785751e-02   5.7662510e-02   5.2956332e-02
   2.0451667e+03   6.2787826e-02   5.7644931e-02   5.2922293e-02
   2.0452500e+03   6.2791810e-02   5.7628835e-02   5.2889381e-02
   2.0453333e+03   6.2797517e-02   5.7614073e-02   5.2857478e-02
   2.0454167e+03   6.2799063e-02   5.7595968e-02   5.2822957e-02
   2.0455000e+03   6.2796923e-02   5.7574904e-02   5.2786119e-02
   2.0455833e+03   6.2789199e-02   5.7549378e-02   5.2745807e-02
   2.0456667e+03   6.2776832e-02   5.7520145e-02   5.2702610e-02
   2.0457500e+03   6.2766511e-02   5.7492509e-02   5.2660632e-02
   2.0458333e+03   6.2766328e-02   5.7472876e-02   5.2624819e-02
   2.0459167e+03   6.2771762e-02   5.7457654e-02   5.2592388e-02
   2.0460000e+03   6.2776548e-02   5.7441884e-02   5.2559508e-02
   2.0460833e+03   6.2778684e-02   5.7423982e-02   5.2524960e-02
   2.0461667e+03   6.2780980e-02   5.7406173e-02   5.2490459e-02
   2.0462500e+03   6.2785117e-02   5.7389783e-02   5.2457026e-02
   2.0463333e+03   6.2790804e-02   5.7374578e-02   5.2424479e-02
   2.0464167e+03   6.2792087e-02   5.7355866e-02   5.2389213e-02
   2.0465000e+03   6.2789583e-02   5.7334138e-02   5.2351609e-02
   2.0465833e+03   6.2781380e-02   5.7307894e-02   5.2310522e-02
   2.0466667e+03   6.2768454e-02   5.7277909e-02   5.2266551e-02
   2.0467500e+03   6.2757607e-02   5.7249536e-02   5.2223802e-02
   2.0468333e+03   6.2757111e-02   5.7229270e-02   5.2187241e-02
   2.0469167e+03   6.2762473e-02   5.7213571e-02   5.2154151e-02
   2.0470000e+03   6.2767372e-02   5.7197472e-02   5.2120729e-02
   2.0470833e+03   6.2769727e-02   5.7179343e-02   5.2085733e-02
   2.0471667e+03   6.2772238e-02   5.7161302e-02   5.2050781e-02
   2.0472500e+03   6.2776522e-02   5.7144614e-02   5.2016838e-02
   2.0473333e+03   6.2782179e-02   5.7128966e-02   5.1983662e-02
   2.0474167e+03   6.2783191e-02   5.7109648e-02   5.1947669e-02
   2.0475000e+03   6.2780316e-02   5.7087262e-02   5.1909321e-02
   2.0475833e+03   6.2771626e-02   5.7060304e-02   5.1867482e-02
   2.0476667e+03   6.2758131e-02   5.7029573e-02   5.1822764e-02
   2.0477500e+03   6.2746750e-02   5.7000469e-02   5.1779268e-02
   2.0478333e+03   6.2745932e-02   5.6979573e-02   5.1741979e-02
   2.0479167e+03   6.2751216e-02   5.6963398e-02   5.1708245e-02
   2.0480000e+03   6.2756219e-02   5.6946968e-02   5.1674294e-02
   2.0480833e+03   6.2758787e-02   5.6928609e-02   5.1638861e-02
   2.0481667e+03   6.2761506e-02   5.6910333e-02   5.1603468e-02
   2.0482500e+03   6.2765928e-02   5.6893346e-02   5.1569026e-02
   2.0483333e+03   6.2771550e-02   5.6877254e-02   5.1535236e-02
   2.0484167e+03   6.2772282e-02   5.6857334e-02   5.1498537e-02
   2.0485000e+03   6.2769027e-02   5.6834292e-02   5.1459467e-02
   2.0485833e+03   6.2759840e-02   5.6806627e-02   5.1416900e-02
   2.0486667e+03   6.2745769e-02   5.6775157e-02   5.1371460e-02
   2.0487500e+03   6.2733846e-02   5.6745328e-02   5.1327242e-02
   2.0488333e+03   6.2732698e-02   5.6723805e-02   5.1289246e-02
   2.0489167e+03   6.2737895e-02   5.6707154e-02   5.1254885e-02
   2.0490000e+03   6.2742995e-02   5.6690392e-02   5.1220418e-02
   2.0490833e+03   6.2745769e-02   5.6671800e-02   5.1184558e-02
   2.0491667e+03   6.2748689e-02   5.6653287e-02   5.1148735e-02
   2.0492500e+03   6.2753243e-02   5.6636000e-02   5.1113807e-02
   2.0493333e+03   6.2758821e-02   5.6619464e-02   5.1079418e-02
   2.0494167e+03   6.2759265e-02   5.6598945e-02   5.1042033e-02
   2.0495000e+03   6.2755622e-02   5.6575253e-02   5.1002263e-02
   2.0495833e+03   6.2745931e-02   5.6546885e-02   5.0958993e-02
   2.0496667e+03   6.2731274e-02   5.6514683e-02   5.0912857e-02
   2.0497500e+03   6.2718800e-02   5.6484136e-02   5.0867942e-02
   2.0498333e+03   6.2717314e-02   5.6461991e-02   5.0829262e-02
   2.0499167e+03   6.2722416e-02   5.6444865e-02   5.0794290e-02
   2.0500000e+03   6.2727606e-02   5.6427770e-02   5.0759320e-02
   2.0500833e+03   6.2730579e-02   5.6408943e-02   5.0723043e-02
   2.0501667e+03   6.2733691e-02   5.6390190e-02   5.0686801e-02
   2.0502500e+03   6.2738369e-02   5.6372600e-02   5.0651399e-02
   2.0503333e+03   6.2743895e-02   5.6355622e-02   5.0616428e-02
   2.0504167e+03   6.2744049e-02   5.6334510e-02   5.0578381e-02
   2.0505000e+03   6.2740016e-02   5.6310177e-02   5.0537938e-02
   2.0505833e+03   6.2729822e-02   5.6281123e-02   5.0493998e-02
   2.0506667e+03   6.2714587e-02   5.6248208e-02   5.0447201e-02
   2.0507500e+03   6.2701569e-02   5.6216962e-02   5.0401625e-02
   2.0508333e+03   6.2699747e-02   5.6194207e-02   5.0362289e-02
   2.0509167e+03   6.2704750e-02   5.6176610e-02   5.0326727e-02
   2.0510000e+03   6.2710020e-02   5.6159180e-02   5.0291267e-02
   2.0510833e+03   6.2713178e-02   5.6140112e-02   5.0254585e-02
   2.0511667e+03   6.2716470e-02   5.6121115e-02   5.0217935e-02
   2.0512500e+03   6.2721262e-02   5.6103220e-02   5.0182072e-02
   2.0513333e+03   6.2726730e-02   5.6085803e-02   5.0146540e-02
   2.0514167e+03   6.2726591e-02   5.6064109e-02   5.0107858e-02
   2.0515000e+03   6.2722169e-02   5.6039148e-02   5.0066772e-02
   2.0515833e+03   6.2711472e-02   5.6009421e-02   5.0022193e-02
   2.0516667e+03   6.2695657e-02   5.5975808e-02   4.9974769e-02
   2.0517500e+03   6.2682093e-02   5.5943877e-02   4.9928564e-02
   2.0518333e+03   6.2679929e-02   5.5920520e-02   4.9888598e-02
   2.0519167e+03   6.2684827e-02   5.5902456e-02   4.9852468e-02
   2.0520000e+03   6.2690169e-02   5.5884692e-02   4.9816537e-02
   2.0520833e+03   6.2693505e-02   5.5865385e-02   4.9779464e-02
   2.0521667e+03   6.2696972e-02   5.5846144e-02   4.9742421e-02
   2.0522500e+03   6.2701870e-02   5.5827945e-02   4.9706116e-02
   2.0523333e+03   6.2707273e-02   5.5810092e-02   4.9670042e-02
   2.0524167e+03   6.2706833e-02   5.5787822e-02   4.9630750e-02
   2.0525000e+03   6.2702014e-02   5.5762240e-02   4.9589048e-02
   2.0525833e+03   6.2690808e-02   5.5731849e-02   4.9543858e-02
   2.0526667e+03   6.2674405e-02   5.5697549e-02   4.9495837e-02
   2.0527500e+03   6.2660287e-02   5.5664941e-02   4.9449033e-02
   2.0528333e+03   6.2657774e-02   5.5640990e-02   4.9408462e-02
   2.0529167e+03   6.2662558e-02   5.5622462e-02   4.9371785e-02
   2.0530000e+03   6.2667966e-02   5.5604367e-02   4.9335400e-02
   2.0530833e+03   6.2671474e-02   5.5584821e-02   4.9297953e-02
   2.0531667e+03   6.2675108e-02   5.5565336e-02   4.9260534e-02
   2.0532500e+03   6.2680106e-02   5.5546835e-02   4.9223802e-02
   2.0533333e+03   6.2685437e-02   5.5528550e-02   4.9187207e-02
   2.0534167e+03   6.2684689e-02   5.5505710e-02   4.9147331e-02
   2.0535000e+03   6.2679464e-02   5.5479515e-02   4.9105039e-02
   2.0535833e+03   6.2667741e-02   5.5448470e-02   4.9059268e-02
   2.0536667e+03   6.2650743e-02   5.5413492e-02   4.9010680e-02
   2.0537500e+03   6.2636063e-02   5.5380218e-02   4.8963304e-02
   2.0538333e+03   6.2633193e-02   5.5355679e-02   4.8922156e-02
   2.0539167e+03   6.2637857e-02   5.5336692e-02   4.8884953e-02
   2.0540000e+03   6.2643324e-02   5.5318267e-02   4.8848133e-02
   2.0540833e+03   6.2646997e-02   5.5298483e-02   4.8810328e-02
   2.0541667e+03   6.2650792e-02   5.5278756e-02   4.8772547e-02
   2.0542500e+03   6.2655882e-02   5.5259955e-02   4.8735408e-02
   2.0543333e+03   6.2661135e-02   5.5241241e-02   4.8698313e-02
   2.0544167e+03   6.2660071e-02   5.5217837e-02   4.8657877e-02
   2.0545000e+03   6.2654433e-02   5.5191037e-02   4.8615022e-02
   2.0545833e+03   6.2642184e-02   5.5159347e-02   4.8568698e-02
   2.0546667e+03   6.2624585e-02   5.5123703e-02   4.8519573e-02
   2.0547500e+03   6.2609336e-02   5.5089772e-02   4.8471657e-02
   2.0548333e+03   6.2606101e-02   5.5064652e-02   4.8429956e-02
   2.0549167e+03   6.2610637e-02   5.5045210e-02   4.8392249e-02
   2.0550000e+03   6.2616156e-02   5.5026458e-02   4.8355012e-02
   2.0550833e+03   6.2619988e-02   5.5006437e-02   4.8316865e-02
   2.0551667e+03   6.2623936e-02   5.4986470e-02   4.8278741e-02
   2.0552500e+03   6.2629112e-02   5.4967370e-02   4.8241211e-02
   2.0553333e+03   6.2634278e-02   5.4948231e-02   4.8203637e-02
   2.0554167e+03   6.2632891e-02   5.4924271e-02   4.8162667e-02
   2.0555000e+03   6.2626833e-02   5.4896874e-02   4.8119276e-02
   2.0555833e+03   6.2614052e-02   5.4864548e-02   4.8072428e-02
   2.0556667e+03   6.2595843e-02   5.4828248e-02   4.8022795e-02
   2.0557500e+03   6.2580017e-02   5.4793672e-02   4.7974368e-02
   2.0558333e+03   6.2576411e-02   5.4767979e-02   4.7932142e-02
   2.0559167e+03   6.2580811e-02   5.4748087e-02   4.7893953e-02
   2.0560000e+03   6.2586374e-02   5.4729010e-02   4.7856317e-02
   2.0560833e+03   6.2590358e-02   5.4708753e-02   4.7817845e-02
   2.0561667e+03   6.2594454e-02   5.4688547e-02   4.7779393e-02
   2.0562500e+03   6.2599709e-02   5.4669151e-02   4.7741491e-02
   2.0563333e+03   6.2604781e-02   5.4649591e-02   4.7703460e-02
   2.0564167e+03   6.2603063e-02   5.4625081e-02   4.7661980e-02
   2.0565000e+03   6.2596577e-02   5.4597095e-02   4.7618081e-02
   2.0565833e+03   6.2583256e-02   5.4564145e-02   4.7570738e-02
   2.0566667e+03   6.2564430e-02   5.4527200e-02   4.7520629e-02
   2.0567500e+03   6.2548020e-02   5.4491989e-02   4.7471719e-02
   2.0568333e+03   6.2544035e-02   5.4465730e-02   4.7428993e-02
   2.0569167e+03   6.2548292e-02   5.4445393e-02   4.7390345e-02
   2.0570000e+03   6.2553893e-02   5.4425994e-02   4.7352330e-02
   2.0570833e+03   6.2558023e-02   5.4405503e-02   4.7313549e-02
   2.0571667e+03   6.2562258e-02   5.4385059e-02   4.7274787e-02
   2.0572500e+03   6.2567586e-02   5.4365369e-02   4.7236531e-02
   2.0573333e+03   6.2572556e-02   5.4345392e-02   4.7198063e-02
   2.0574167e+03   6.2570500e-02   5.4320341e-02   4.7156101e-02
   2.0575000e+03   6.2563579e-02   5.4291775e-02   4.7111720e-02
   2.0575833e+03   6.2549710e-02   5.4258209e-02   4.7063911e-02
   2.0576667e+03   6.2530260e-02   5.4220631e-02   4.7013355e-02
   2.0577500e+03   6.2513259e-02   5.4184796e-02   4.6963993e-02
   2.0578333e+03   6.2508887e-02   5.4157981e-02   4.6920794e-02
   2.0579167e+03   6.2512994e-02   5.4137203e-02   4.6881709e-02
   2.0580000e+03   6.2518626e-02   5.4117485e-02   4.6843333e-02
   2.0580833e+03   6.2522894e-02   5.4096762e-02   4.6804261e-02
   2.0581667e+03   6.2527263e-02   5.4076082e-02   4.6765205e-02
   2.0582500e+03   6.2532655e-02   5.4056101e-02   4.6726613e-02
   2.0583333e+03   6.2537517e-02   5.4035712e-02   4.6687731e-02
   2.0584167e+03   6.2535116e-02   5.4010126e-02   4.6645311e-02
   2.0585000e+03   6.2527751e-02   5.3980989e-02   4.6600477e-02
   2.0585833e+03   6.2513329e-02   5.3946819e-02   4.6552230e-02
   2.0586667e+03   6.2493247e-02   5.3908620e-02   4.6501257e-02
   2.0587500e+03   6.2475648e-02   5.3872172e-02   4.6451473e-02
   2.0588333e+03   6.2470882e-02   5.3844808e-02   4.6407828e-02
   2.0589167e+03   6.2474831e-02   5.3823595e-02   4.6368327e-02
   2.0590000e+03   6.2480487e-02   5.3803560e-02   4.6329611e-02
   2.0590833e+03   6.2484886e-02   5.3782607e-02   4.6290264e-02
   2.0591667e+03   6.2489382e-02   5.3761693e-02   4.6250932e-02
   2.0592500e+03   6.2494832e-02   5.3741424e-02   4.6212023e-02
   2.0593333e+03   6.2499578e-02   5.3720628e-02   4.6172748e-02
   2.0594167e+03   6.2496824e-02   5.3694515e-02   4.6129896e-02
   2.0595000e+03   6.2489009e-02   5.3664817e-02   4.6084635e-02
   2.0595833e+03   6.2474025e-02   5.3630053e-02   4.6035980e-02
   2.0596667e+03   6.2453305e-02   5.3591245e-02   4.5984621e-02
   2.0597500e+03   6.2435101e-02   5.3554196e-02   4.5934444e-02
   2.0598333e+03   6.2429933e-02   5.3526291e-02   4.5890378e-02
   2.0599167e+03   6.2433717e-02   5.3504648e-02   4.5850486e-02
   2.0600000e+03   6.2439389e-02   5.3484301e-02   4.5811448e-02
   2.0600833e+03   6.2443913e-02   5.3463120e-02   4.5771843e-02
   2.0601667e+03   6.2448529e-02   5.3441974e-02   4.5732252e-02
   2.0602500e+03   6.2454031e-02   5.3421419e-02   4.5693044e-02
   2.0603333e+03   6.2458654e-02   5.3400221e-02   4.5653399e-02
   2.0604167e+03   6.2455538e-02   5.3373590e-02   4.5610141e-02
   2.0605000e+03   6.2447267e-02   5.3343339e-02   4.5564480e-02
   2.0605833e+03   6.2431713e-02   5.3307994e-02   4.5515446e-02
   2.0606667e+03   6.2410349e-02   5.3268588e-02   4.5463731e-02
   2.0607500e+03   6.2391532e-02   5.3230950e-02   4.5413191e-02
   2.0608333e+03   6.2385955e-02   5.3202514e-02   4.5368731e-02
   2.0609167e+03   6.2389567e-02   5.3180447e-02   4.5328469e-02
   2.0610000e+03   6.2395249e-02   5.3159791e-02   4.5289129e-02
   2.0610833e+03   6.2399891e-02   5.3138384e-02   4.5249284e-02
   2.0611667e+03   6.2404620e-02   5.3117009e-02   4.5209452e-02
   2.0612500e+03   6.2410165e-02   5.3096172e-02   4.5169964e-02
   2.0613333e+03   6.2414657e-02   5.3074576e-02   4.5129970e-02
   2.0614167e+03   6.2411174e-02   5.3047435e-02   4.5086332e-02
   2.0615000e+03   6.2402438e-02   5.3016642e-02   4.5040299e-02
   2.0615833e+03   6.2386309e-02   5.2980726e-02   4.4990915e-02
   2.0616667e+03   6.2364293e-02   5.2940735e-02   4.4938873e-02
   2.0617500e+03   6.2344857e-02   5.2902520e-02   4.4887999e-02
   2.0618333e+03   6.2338864e-02   5.2873562e-02   4.4843172e-02
   2.0619167e+03   6.2342296e-02   5.2851077e-02   4.4802564e-02
   2.0620000e+03   6.2347980e-02   5.2830115e-02   4.4762940e-02
   2.0620833e+03   6.2352733e-02   5.2808485e-02   4.4722873e-02
   2.0621667e+03   6.2357568e-02   5.2786883e-02   4.4682816e-02
   2.0622500e+03   6.2363150e-02   5.2765767e-02   4.4643068e-02
   2.0623333e+03   6.2367505e-02   5.2743780e-02   4.4602746e-02
   2.0624167e+03   6.2363646e-02   5.2716138e-02   4.4558754e-02
   2.0625000e+03   6.2354439e-02   5.2684812e-02   4.4512376e-02
   2.0625833e+03   6.2337727e-02   5.2648337e-02   4.4462671e-02
   2.0626667e+03   6.2315052e-02   5.2607774e-02   4.4410332e-02
   2.0627500e+03   6.2294991e-02   5.2568993e-02   4.4359154e-02
   2.0628333e+03   6.2288575e-02   5.2539523e-02   4.4313986e-02
   2.0629167e+03   6.2291820e-02   5.2516626e-02   4.4273054e-02
   2.0630000e+03   6.2297499e-02   5.2495363e-02   4.4233166e-02
   2.0630833e+03   6.2302356e-02   5.2473512e-02   4.4192894e-02
   2.0631667e+03   6.2307290e-02   5.2451687e-02   4.4152631e-02
   2.0632500e+03   6.2312902e-02   5.2430295e-02   4.4112641e-02
   2.0633333e+03   6.2317111e-02   5.2407922e-02   4.4072014e-02
   2.0634167e+03   6.2312871e-02   5.2379787e-02   4.4027694e-02
   2.0635000e+03   6.2303184e-02   5.2347939e-02   4.3980998e-02
   2.0635833e+03   6.2285883e-02   5.2310916e-02   4.3931000e-02
   2.0636667e+03   6.2262544e-02   5.2269795e-02   4.3878394e-02
   2.0637500e+03   6.2241850e-02   5.2230462e-02   4.3826940e-02
   2.0638333e+03   6.2235004e-02   5.2200488e-02   4.3781459e-02
   2.0639167e+03   6.2238054e-02   5.2177186e-02   4.3740225e-02
   2.0640000e+03   6.2243721e-02   5.2155625e-02   4.3700093e-02
   2.0640833e+03   6.2248676e-02   5.2133557e-02   4.3659634e-02
   2.0641667e+03   6.2253702e-02   5.2111510e-02   4.3619182e-02
   2.0642500e+03   6.2259336e-02   5.2089847e-02   4.3578968e-02
   2.0643333e+03   6.2263393e-02   5.2067094e-02   4.3538059e-02
   2.0644167e+03   6.2258763e-02   5.2038476e-02   4.3493436e-02
   2.0645000e+03   6.2248591e-02   5.2006116e-02   4.3446449e-02
   2.0645833e+03   6.2230694e-02   5.1968558e-02   4.3396187e-02
   2.0646667e+03   6.2206683e-02   5.1926891e-02   4.3343343e-02
   2.0647500e+03   6.2185351e-02   5.1887018e-02   4.3291643e-02
   2.0648333e+03   6.2178067e-02   5.1856551e-02   4.3245874e-02
   2.0649167e+03   6.2180916e-02   5.1832850e-02   4.3204361e-02
   2.0650000e+03   6.2186564e-02   5.1810996e-02   4.3164006e-02
   2.0650833e+03   6.2191608e-02   5.1788713e-02   4.3123376e-02
   2.0651667e+03   6.2196720e-02   5.1766448e-02   4.3082753e-02
   2.0652500e+03   6.2202369e-02   5.1744517e-02   4.3042335e-02
   2.0653333e+03   6.2206266e-02   5.1721391e-02   4.3001165e-02
   2.0654167e+03   6.2201240e-02   5.1692299e-02   4.2956264e-02
   2.0655000e+03   6.2190575e-02   5.1659438e-02   4.2909014e-02
   2.0655833e+03   6.2172076e-02   5.1621356e-02   4.2858516e-02
   2.0656667e+03   6.2147388e-02   5.1579157e-02   4.2805464e-02
   2.0657500e+03   6.2125410e-02   5.1538757e-02   4.2753546e-02
   2.0658333e+03   6.2117683e-02   5.1507807e-02   4.2707514e-02
   2.0659167e+03   6.2120323e-02   5.1483714e-02   4.2665746e-02
   2.0660000e+03   6.2125944e-02   5.1461572e-02   4.2625186e-02
   2.0660833e+03   6.2131071e-02   5.1439077e-02   4.2584404e-02
   2.0661667e+03   6.2136261e-02   5.1416598e-02   4.2543628e-02
   2.0662500e+03   6.2141919e-02   5.1394403e-02   4.2503024e-02
   2.0663333e+03   6.2145649e-02   5.1370910e-02   4.2461615e-02
   2.0664167e+03   6.2140219e-02   5.1341352e-02   4.2416463e-02
   2.0665000e+03   6.2129055e-02   5.1308001e-02   4.2368976e-02
   2.0665833e+03   6.2109947e-02   5.1269409e-02   4.2318269e-02
   2.0666667e+03   6.2084575e-02   5.1226691e-02   4.2265038e-02
   2.0667500e+03   6.2061947e-02   5.1185778e-02   4.2212931e-02
   2.0668333e+03   6.2053768e-02   5.1154355e-02   4.2166664e-02
   2.0669167e+03   6.2056192e-02   5.1129877e-02   4.2124662e-02
   2.0670000e+03   6.2061780e-02   5.1107451e-02   4.2083917e-02
   2.0670833e+03   6.2066983e-02   5.1084748e-02   4.2043000e-02
   2.0671667e+03   6.2072243e-02   5.1062058e-02   4.2002088e-02
   2.0672500e+03   6.2077903e-02   5.1039604e-02   4.1961318e-02
   2.0673333e+03   6.2081458e-02   5.1015749e-02   4.1919692e-02
   2.0674167e+03   6.2075618e-02   5.0985737e-02   4.1874313e-02
   2.0675000e+03   6.2063948e-02   5.0951907e-02   4.1826616e-02
   2.0675833e+03   6.2044225e-02   5.0912817e-02   4.1775729e-02
   2.0676667e+03   6.2018164e-02   5.0869594e-02   4.1722347e-02
   2.0677500e+03   6.1994878e-02   5.0828181e-02   4.1670079e-02
   2.0678333e+03   6.1986242e-02   5.0796295e-02   4.1623602e-02
   2.0679167e+03   6.1988443e-02   5.0771439e-02   4.1581390e-02
   2.0680000e+03   6.1993989e-02   5.0748734e-02   4.1540479e-02
   2.0680833e+03   6.1999262e-02   5.0725827e-02   4.1499444e-02
   2.0681667e+03   6.2004586e-02   5.0702929e-02   4.1458414e-02
   2.0682500e+03   6.2010239e-02   5.0680220e-02   4.1417497e-02
   2.0683333e+03   6.2013613e-02   5.0656012e-02   4.1375676e-02
   2.0684167e+03   6.2007356e-02   5.0625554e-02   4.1330096e-02
   2.0685000e+03   6.1995174e-02   5.0591256e-02   4.1282214e-02
   2.0685833e+03   6.1974830e-02   5.0551681e-02   4.1231175e-02
   2.0686667e+03   6.1948073e-02   5.0507969e-02   4.1177670e-02
   2.0687500e+03   6.1924124e-02   5.0466068e-02   4.1125269e-02
   2.0688333e+03   6.1915024e-02   5.0433730e-02   4.1078608e-02
   2.0689167e+03   6.1916994e-02   5.0408505e-02   4.1036207e-02
   2.0690000e+03   6.1922492e-02   5.0385526e-02   4.0995150e-02
   2.0690833e+03   6.1927827e-02   5.0362418e-02   4.0954016e-02
   2.0691667e+03   6.1933208e-02   5.0339316e-02   4.0912886e-02
   2.0692500e+03   6.1938848e-02   5.0316357e-02   4.0871840e-02
   2.0693333e+03   6.1942033e-02   5.0291801e-02   4.0829845e-02
   2.0694167e+03   6.1935352e-02   5.0260909e-02   4.0784089e-02
   2.0695000e+03   6.1922651e-02   5.0226154e-02   4.0736049e-02
   2.0695833e+03   6.1901680e-02   5.0186107e-02   4.0684885e-02
   2.0696667e+03   6.1874223e-02   5.0141918e-02   4.0631285e-02
   2.0697500e+03   6.1849605e-02   5.0099545e-02   4.0578779e-02
   2.0698333e+03   6.1840034e-02   5.0066766e-02   4.0531959e-02
   2.0699167e+03   6.1841767e-02   5.0041178e-02   4.0489392e-02
   2.0700000e+03   6.1847209e-02   5.0017930e-02   4.0448208e-02
   2.0700833e+03   6.1852599e-02   4.9994625e-02   4.0406992e-02
   2.0701667e+03   6.1858030e-02   4.9971324e-02   4.0365778e-02
   2.0702500e+03   6.1863649e-02   4.9948119e-02   4.0324623e-02
   2.0703333e+03   6.1866638e-02   4.9923223e-02   4.0282476e-02
   2.0704167e+03   6.1859526e-02   4.9891906e-02   4.0236568e-02
   2.0705000e+03   6.1846300e-02   4.9856707e-02   4.0188396e-02
   2.0705833e+03   6.1824697e-02   4.9816202e-02   4.0137134e-02
   2.0706667e+03   6.1796533e-02   4.9771551e-02   4.0083467e-02
   2.0707500e+03   6.1771241e-02   4.9728719e-02   4.0030883e-02
   2.0708333e+03   6.1761193e-02   4.9695510e-02   3.9983929e-02
   2.0709167e+03   6.1762681e-02   4.9669566e-02   3.9941218e-02
   2.0710000e+03   6.1768061e-02   4.9646056e-02   3.9899927e-02
   2.0710833e+03   6.1773498e-02   4.9622558e-02   3.9858645e-02
   2.0711667e+03   6.1778972e-02   4.9599061e-02   3.9817366e-02
   2.0712500e+03   6.1784564e-02   4.9575616e-02   3.9776119e-02
   2.0713333e+03   6.1787350e-02   4.9550387e-02   3.9733841e-02
   2.0714167e+03   6.1779801e-02   4.9518656e-02   3.9687807e-02
   2.0715000e+03   6.1766044e-02   4.9483024e-02   3.9639528e-02
   2.0715833e+03   6.1743801e-02   4.9442073e-02   3.9588194e-02
   2.0716667e+03   6.1714927e-02   4.9396975e-02   3.9534488e-02
   2.0717500e+03   6.1688955e-02   4.9353699e-02   3.9481853e-02
   2.0718333e+03   6.1678423e-02   4.9320071e-02   3.9434790e-02
   2.0719167e+03   6.1679660e-02   4.9293780e-02   3.9391957e-02
   2.0720000e+03   6.1684970e-02   4.9270012e-02   3.9350578e-02
   2.0720833e+03   6.1690448e-02   4.9246325e-02   3.9309248e-02
   2.0721667e+03   6.1695957e-02   4.9222637e-02   3.9267921e-02
   2.0722500e+03   6.1701514e-02   4.9198956e-02   3.9226601e-02
   2.0723333e+03   6.1704090e-02   4.9173402e-02   3.9184214e-02
   2.0724167e+03   6.1696097e-02   4.9141267e-02   3.9138076e-02
   2.0725000e+03   6.1681803e-02   4.9105215e-02   3.9089717e-02
   2.0725833e+03   6.1658917e-02   4.9063833e-02   3.9038337e-02
   2.0726667e+03   6.1629326e-02   4.9018302e-02   3.8984618e-02
   2.0727500e+03   6.1602670e-02   4.8974595e-02   3.8931958e-02
   2.0728333e+03   6.1591648e-02   4.8940559e-02   3.8884812e-02
   2.0729167e+03   6.1592626e-02   4.8913930e-02   3.8841878e-02
   2.0730000e+03   6.1597860e-02   4.8889910e-02   3.8800429e-02
   2.0730833e+03   6.1603370e-02   4.8866039e-02   3.8759069e-02
   2.0731667e+03   6.1608908e-02   4.8842164e-02   3.8717711e-02
   2.0732500e+03   6.1614423e-02   4.8818253e-02   3.8676337e-02
   2.0733333e+03   6.1616782e-02   4.8792381e-02   3.8633861e-02
   2.0734167e+03   6.1608339e-02   4.8759854e-02   3.8587644e-02
   2.0735000e+03   6.1593501e-02   4.8723392e-02   3.8539228e-02
   2.0735833e+03   6.1569966e-02   4.8681593e-02   3.8487829e-02
   2.0736667e+03   6.1539654e-02   4.8635644e-02   3.8434124e-02
   2.0737500e+03   6.1512308e-02   4.8591521e-02   3.8381466e-02
   2.0738333e+03   6.1500790e-02   4.8557090e-02   3.8334259e-02
   2.0739167e+03   6.1501503e-02   4.8530130e-02   3.8291247e-02
   2.0740000e+03   6.1506653e-02   4.8505863e-02   3.8249747e-02
   2.0740833e+03   6.1512190e-02   4.8481813e-02   3.8208374e-02
   2.0741667e+03   6.1517749e-02   4.8457755e-02   3.8167001e-02
   2.0742500e+03   6.1523214e-02   4.8433620e-02   3.8125591e-02
   2.0743333e+03   6.1525349e-02   4.8407437e-02   3.8083047e-02
   2.0744167e+03   6.1516450e-02   4.8374529e-02   3.8036776e-02
   2.0745000e+03   6.1501064e-02   4.8337671e-02   3.7988327e-02
   2.0745833e+03   6.1476874e-02   4.8295468e-02   3.7936935e-02
   2.0746667e+03   6.1445837e-02   4.8249117e-02   3.7883269e-02
   2.0747500e+03   6.1417796e-02   4.8204592e-02   3.7830638e-02
   2.0748333e+03   6.1405777e-02   4.8169776e-02   3.7783396e-02
   2.0749167e+03   6.1406217e-02   4.8142494e-02   3.7740325e-02
   2.0750000e+03   6.1411276e-02   4.8117988e-02   3.7698794e-02
   2.0750833e+03   6.1416831e-02   4.8093762e-02   3.7657423e-02
   2.0751667e+03   6.1422404e-02   4.8069527e-02   3.7616054e-02
   2.0752500e+03   6.1427814e-02   4.8045173e-02   3.7574625e-02
   2.0753333e+03   6.1429723e-02   4.8018691e-02   3.7532036e-02
   2.0754167e+03   6.1420376e-02   4.7985420e-02   3.7485737e-02
   2.0755000e+03   6.1404455e-02   4.7948191e-02   3.7437288e-02
   2.0755833e+03   6.1379634e-02   4.7905615e-02   3.7385936e-02
   2.0756667e+03   6.1347902e-02   4.7858898e-02   3.7332346e-02
   2.0757500e+03   6.1319201e-02   4.7814009e-02   3.7279781e-02
   2.0758333e+03   6.1306703e-02   4.7778839e-02   3.7232536e-02
   2.0759167e+03   6.1306883e-02   4.7751254e-02   3.7189434e-02
   2.0760000e+03   6.1311849e-02   4.7726518e-02   3.7147891e-02
   2.0760833e+03   6.1317416e-02   4.7702121e-02   3.7106540e-02
   2.0761667e+03   6.1322994e-02   4.7677712e-02   3.7065190e-02
   2.0762500e+03   6.1328345e-02   4.7653147e-02   3.7023762e-02
   2.0763333e+03   6.1330033e-02   4.7626381e-02   3.6981152e-02
   2.0764167e+03   6.1320251e-02   4.7592771e-02   3.6934854e-02
   2.0765000e+03   6.1303810e-02   4.7555194e-02   3.6886434e-02
   2.0765833e+03   6.1278374e-02   4.7512271e-02   3.6835152e-02
   2.0766667e+03   6.1245962e-02   4.7465214e-02   3.6781670e-02
   2.0767500e+03   6.1216609e-02   4.7419983e-02   3.6729199e-02
   2.0768333e+03   6.1203636e-02   4.7384474e-02   3.6681975e-02
   2.0769167e+03   6.1203549e-02   4.7356596e-02   3.6638864e-02
   2.0770000e+03   6.1208418e-02   4.7331636e-02   3.6597328e-02
   2.0770833e+03   6.1213989e-02   4.7307074e-02   3.6556013e-02
   2.0771667e+03   6.1219567e-02   4.7282497e-02   3.6514698e-02
   2.0772500e+03   6.1224852e-02   4.7257728e-02   3.6473289e-02
   2.0773333e+03   6.1226312e-02   4.7230685e-02   3.6430677e-02
   2.0774167e+03   6.1216091e-02   4.7196747e-02   3.6384403e-02
   2.0775000e+03   6.1199126e-02   4.7158836e-02   3.6336034e-02
   2.0775833e+03   6.1173071e-02   4.7115581e-02   3.6284847e-02
   2.0776667e+03   6.1139976e-02   4.7068198e-02   3.6231496e-02
   2.0777500e+03   6.1109968e-02   4.7022640e-02   3.6179142e-02
   2.0778333e+03   6.1096514e-02   4.6986804e-02   3.6131963e-02
   2.0779167e+03   6.1096156e-02   4.6958642e-02   3.6088862e-02
   2.0780000e+03   6.1100920e-02   4.6933466e-02   3.6047351e-02
   2.0780833e+03   6.1106490e-02   4.6908743e-02   3.6006088e-02
   2.0781667e+03   6.1112062e-02   4.6884003e-02   3.5964826e-02
   2.0782500e+03   6.1117275e-02   4.6859036e-02   3.5923453e-02
   2.0783333e+03   6.1118502e-02   4.6831726e-02   3.5880859e-02
   2.0784167e+03   6.1107836e-02   4.6797471e-02   3.5834631e-02
   2.0785000e+03   6.1090343e-02   4.6759238e-02   3.5786336e-02
   2.0785833e+03   6.1063665e-02   4.6715664e-02   3.5735267e-02
   2.0786667e+03   6.1029884e-02   4.6667971e-02   3.5682070e-02
   2.0787500e+03   6.0999218e-02   4.6622102e-02   3.5629856e-02
   2.0788333e+03   6.0985278e-02   4.6585951e-02   3.5582744e-02
   2.0789167e+03   6.0984644e-02   4.6557514e-02   3.5539673e-02
   2.0790000e+03   6.0989298e-02   4.6532128e-02   3.5498204e-02
   2.0790833e+03   6.0994859e-02   4.6507250e-02   3.5457010e-02
   2.0791667e+03   6.1000419e-02   4.6482354e-02   3.5415816e-02
   2.0792500e+03   6.1005554e-02   4.6457195e-02   3.5374497e-02
   2.0793333e+03   6.1006542e-02   4.6429626e-02   3.5331939e-02
   2.0794167e+03   6.0995426e-02   4.6395067e-02   3.5285779e-02
   2.0795000e+03   6.0977401e-02   4.6356525e-02   3.5237580e-02
   2.0795833e+03   6.0950097e-02   4.6312646e-02   3.5186651e-02
   2.0796667e+03   6.0915628e-02   4.6264658e-02   3.5133631e-02
   2.0797500e+03   6.0884300e-02   4.6218491e-02   3.5081580e-02
   2.0798333e+03   6.0869871e-02   4.6182038e-02   3.5034556e-02
   2.0799167e+03   6.0868955e-02   4.6153336e-02   3.4991535e-02
   2.0800000e+03   6.0873492e-02   4.6127747e-02   3.4950126e-02
   2.0800833e+03   6.0879039e-02   4.6102720e-02   3.4909016e-02
   2.0801667e+03   6.0884580e-02   4.6077673e-02   3.4867907e-02
   2.0802500e+03   6.0889631e-02   4.6052329e-02   3.4826658e-02
   2.0803333e+03   6.0890375e-02   4.6024510e-02   3.4784157e-02
   2.0804167e+03   6.0878805e-02   4.5989657e-02   3.4738085e-02
   2.0805000e+03   6.0860244e-02   4.5950819e-02   3.4690004e-02
   2.0805833e+03   6.0832311e-02   4.5906651e-02   3.4639236e-02
   2.0806667e+03   6.0797150e-02   4.5858383e-02   3.4586416e-02
   2.0807500e+03   6.0765159e-02   4.5811933e-02   3.4534550e-02
   2.0808333e+03   6.0750236e-02   4.5775190e-02   3.4487635e-02
   2.0809167e+03   6.0749032e-02   4.5746231e-02   3.4444683e-02
   2.0810000e+03   6.0753447e-02   4.5720447e-02   3.4403351e-02
   2.0810833e+03   6.0758973e-02   4.5695277e-02   3.4362342e-02
   2.0811667e+03   6.0764489e-02   4.5670084e-02   3.4321333e-02
   2.0812500e+03   6.0769450e-02   4.5644562e-02   3.4280171e-02
   2.0813333e+03   6.0769943e-02   4.5616501e-02   3.4237745e-02
   2.0814167e+03   6.0757915e-02   4.5581367e-02   3.4191781e-02
   2.0815000e+03   6.0738814e-02   4.5542246e-02   3.4143839e-02
   2.0815833e+03   6.0710249e-02   4.5497802e-02   3.4093255e-02
   2.0816667e+03   6.0674395e-02   4.5449270e-02   3.4040656e-02
   2.0817500e+03   6.0641737e-02   4.5402552e-02   3.3988997e-02
   2.0818333e+03   6.0626316e-02   4.5365531e-02   3.3942211e-02
   2.0819167e+03   6.0624819e-02   4.5336326e-02   3.3899347e-02
   2.0820000e+03   6.0629105e-02   4.5310353e-02   3.3858109e-02
   2.0820833e+03   6.0634605e-02   4.5285045e-02   3.3817215e-02
   2.0821667e+03   6.0640090e-02   4.5259713e-02   3.3776322e-02
   2.0822500e+03   6.0644954e-02   4.5234019e-02   3.3735263e-02
   2.0823333e+03   6.0645192e-02   4.5205727e-02   3.3692930e-02
   2.0824167e+03   6.0632702e-02   4.5170323e-02   3.3647095e-02
   2.0825000e+03   6.0613057e-02   4.5130932e-02   3.3599312e-02
   2.0825833e+03   6.0583857e-02   4.5086227e-02   3.3548933e-02
   2.0826667e+03   6.0547308e-02   4.5037445e-02   3.3496576e-02
   2.0827500e+03   6.0513981e-02   4.4990475e-02   3.3445144e-02
   2.0828333e+03   6.0498058e-02   4.4953189e-02   3.3398509e-02
   2.0829167e+03   6.0496262e-02   4.4923746e-02   3.3355750e-02
   2.0830000e+03   6.0500414e-02   4.4897592e-02   3.3314623e-02
   2.0830833e+03   6.0505882e-02   4.4872153e-02   3.3273860e-02
   2.0831667e+03   6.0511328e-02   4.4846687e-02   3.3233098e-02
   2.0832500e+03   6.0516091e-02   4.4820829e-02   3.3192158e-02
   2.0833333e+03   6.0516067e-02   4.4792312e-02   3.3149935e-02
   2.0834167e+03   6.0503110e-02   4.4756651e-02   3.3104249e-02
   2.0835000e+03   6.0482918e-02   4.4717003e-02   3.3056645e-02
   2.0835833e+03   6.0453081e-02   4.4672051e-02   3.3006491e-02
   2.0836667e+03   6.0415834e-02   4.4623036e-02   3.2954397e-02
   2.0837500e+03   6.0381837e-02   4.4575827e-02   3.2903214e-02
   2.0838333e+03   6.0365409e-02   4.4538288e-02   3.2856747e-02
   2.0839167e+03   6.0363309e-02   4.4508618e-02   3.2814113e-02
   2.0840000e+03   6.0367321e-02   4.4482290e-02   3.2773112e-02
   2.0840833e+03   6.0372749e-02   4.4456725e-02   3.2732495e-02
   2.0841667e+03   6.0378152e-02   4.4431133e-02   3.2691878e-02
   2.0842500e+03   6.0382807e-02   4.4405116e-02   3.2651073e-02
   2.0843333e+03   6.0382516e-02   4.4376386e-02   3.2608979e-02
   2.0844167e+03   6.0369088e-02   4.4340479e-02   3.2563460e-02
   2.0845000e+03   6.0348346e-02   4.4300587e-02   3.2516056e-02
   2.0845833e+03   6.0317870e-02   4.4255402e-02   3.2466146e-02
   2.0846667e+03   6.0279924e-02   4.4206169e-02   3.2414335e-02
   2.0847500e+03   6.0245254e-02   4.4158737e-02   3.2363419e-02
   2.0848333e+03   6.0228317e-02   4.4120958e-02   3.2317142e-02
   2.0849167e+03   6.0225908e-02   4.4091069e-02   3.2274649e-02
   2.0850000e+03   6.0229774e-02   4.4064575e-02   3.2233790e-02
   2.0850833e+03   6.0235157e-02   4.4038891e-02   3.2193333e-02
   2.0851667e+03   6.0240511e-02   4.4013177e-02   3.2152877e-02
   2.0852500e+03   6.0245050e-02   4.3987010e-02   3.2112222e-02
   2.0853333e+03   6.0244488e-02   4.3958074e-02   3.2070274e-02
   2.0854167e+03   6.0230586e-02   4.3921934e-02   3.2024940e-02
   2.0855000e+03   6.0209290e-02   4.3881811e-02   3.1977754e-02
   2.0855833e+03   6.0178172e-02   4.3836409e-02   3.1928109e-02
   2.0856667e+03   6.0139526e-02   4.3786972e-02   3.1876599e-02
   2.0857500e+03   6.0104181e-02   4.3739332e-02   3.1825971e-02
   2.0858333e+03   6.0086731e-02   4.3701325e-02   3.1779900e-02
   2.0859167e+03   6.0084010e-02   4.3671228e-02   3.1737566e-02
   2.0860000e+03   6.0087723e-02   4.3644576e-02   3.1696866e-02
   2.0860833e+03   6.0093055e-02   4.3618778e-02   3.1656583e-02
   2.0861667e+03   6.0098353e-02   4.3592949e-02   3.1616301e-02
   2.0862500e+03   6.0102772e-02   4.3566638e-02   3.1575811e-02
   2.0863333e+03   6.0101933e-02   4.3537507e-02   3.1534025e-02
   2.0864167e+03   6.0087552e-02   4.3501145e-02   3.1488896e-02
   2.0865000e+03   6.0065700e-02   4.3460804e-02   3.1441946e-02
   2.0865833e+03   6.0033939e-02   4.3415198e-02   3.1392584e-02
   2.0866667e+03   5.9994591e-02   4.3365574e-02   3.1341394e-02
   2.0867500e+03   5.9958571e-02   4.3317741e-02   3.1291072e-02
   2.0868333e+03   5.9940605e-02   4.3279518e-02   3.1245227e-02
   2.0869167e+03   5.9937565e-02   4.3249223e-02   3.1203069e-02
   2.0870000e+03   5.9941121e-02   4.3222419e-02   3.1162541e-02
   2.0870833e+03   5.9946395e-02   4.3196515e-02   3.1122446e-02
   2.0871667e+03   5.9951631e-02   4.3170577e-02   3.1082352e-02
   2.0872500e+03   5.9955925e-02   4.3144130e-02   3.1042042e-02
   2.0873333e+03   5.9954803e-02   4.3114812e-02   3.1000435e-02
   2.0874167e+03   5.9939941e-02   4.3078240e-02   3.0955528e-02
   2.0875000e+03   5.9917529e-02   4.3037695e-02   3.0908832e-02
   2.0875833e+03   5.9885123e-02   4.2991900e-02   3.0859770e-02
   2.0876667e+03   5.9845073e-02   4.2942103e-02   3.0808920e-02
   2.0877500e+03   5.9808375e-02   4.2894092e-02   3.0758921e-02
   2.0878333e+03   5.9789891e-02   4.2855667e-02   3.0713319e-02
   2.0879167e+03   5.9786527e-02   4.2825183e-02   3.0671352e-02
   2.0880000e+03   5.9789920e-02   4.2798235e-02   3.0631013e-02
   2.0880833e+03   5.9795131e-02   4.2772230e-02   3.0591119e-02
   2.0881667e+03   5.9800299e-02   4.2746190e-02   3.0551227e-02
   2.0882500e+03   5.9804460e-02   4.2719613e-02   3.0511111e-02
   2.0883333e+03   5.9803051e-02   4.2690118e-02   3.0469698e-02
   2.0884167e+03   5.9787704e-02   4.2653349e-02   3.0425030e-02
   2.0885000e+03   5.9764731e-02   4.2612613e-02   3.0378606e-02
   2.0885833e+03   5.9731678e-02   4.2566643e-02   3.0329863e-02
   2.0886667e+03   5.9690925e-02   4.2516688e-02   3.0279368e-02
   2.0887500e+03   5.9653550e-02   4.2468514e-02   3.0229710e-02
   2.0888333e+03   5.9634544e-02   4.2429899e-02   3.0184368e-02
   2.0889167e+03   5.9630852e-02   4.2399236e-02   3.0142610e-02
   2.0890000e+03   5.9634076e-02   4.2372153e-02   3.0102472e-02
   2.0890833e+03   5.9639218e-02   4.2346053e-02   3.0062793e-02
   2.0891667e+03   5.9644311e-02   4.2319918e-02   3.0023116e-02
   2.0892500e+03   5.9648335e-02   4.2293218e-02   2.9983208e-02
   2.0893333e+03   5.9646634e-02   4.2263555e-02   2.9942004e-02
   2.0894167e+03   5.9630798e-02   4.2226600e-02   2.9897592e-02
   2.0895000e+03   5.9607261e-02   4.2185687e-02   2.9851456e-02
   2.0895833e+03   5.9573561e-02   4.2139556e-02   2.9803048e-02
   2.0896667e+03   5.9532105e-02   4.2089460e-02   2.9752927e-02
   2.0897500e+03   5.9494051e-02   4.2041137e-02   2.9703627e-02
   2.0898333e+03   5.9474520e-02   4.2002344e-02   2.9658561e-02
   2.0899167e+03   5.9470496e-02   4.1971513e-02   2.9617026e-02
   2.0900000e+03   5.9473545e-02   4.1944301e-02   2.9577104e-02
   2.0900833e+03   5.9478612e-02   4.1918114e-02   2.9537652e-02
   2.0901667e+03   5.9483625e-02   4.1891889e-02   2.9498203e-02
   2.0902500e+03   5.9487506e-02   4.1865074e-02   2.9458516e-02
   2.0903333e+03   5.9485508e-02   4.1835252e-02   2.9417537e-02
   2.0904167e+03   5.9469181e-02   4.1798124e-02   2.9373396e-02
   2.0905000e+03   5.9445078e-02   4.1757046e-02   2.9327566e-02
   2.0905833e+03   5.9410728e-02   4.1710770e-02   2.9279510e-02
   2.0906667e+03   5.9368569e-02   4.1660546e-02   2.9229777e-02
   2.0907500e+03   5.9329836e-02   4.1612090e-02   2.9180851e-02
   2.0908333e+03   5.9309779e-02   4.1573132e-02   2.9136077e-02
   2.0909167e+03   5.9305417e-02   4.1542141e-02   2.9094781e-02
   2.0910000e+03   5.9308286e-02   4.1514810e-02   2.9055089e-02
   2.0910833e+03   5.9313271e-02   4.1488541e-02   2.9015876e-02
   2.0911667e+03   5.9318199e-02   4.1462233e-02   2.8976667e-02
   2.0912500e+03   5.9321931e-02   4.1435311e-02   2.8937215e-02
   2.0913333e+03   5.9319631e-02   4.1405339e-02   2.8896475e-02
   2.0914167e+03   5.9302810e-02   4.1368050e-02   2.8852621e-02
   2.0915000e+03   5.9278139e-02   4.1326820e-02   2.8807112e-02
   2.0915833e+03   5.9243140e-02   4.1280412e-02   2.8759422e-02
   2.0916667e+03   5.9200277e-02   4.1230077e-02   2.8710094e-02
   2.0917500e+03   5.9160866e-02   4.1181502e-02   2.8661558e-02
   2.0918333e+03   5.9140279e-02   4.1142392e-02   2.8617092e-02
   2.0919167e+03   5.9135576e-02   4.1111252e-02   2.8576048e-02
   2.0920000e+03   5.9138259e-02   4.1083808e-02   2.8536599e-02
   2.0920833e+03   5.9143158e-02   4.1057463e-02   2.8497638e-02
   2.0921667e+03   5.9147994e-02   4.1031079e-02   2.8458681e-02
   2.0922500e+03   5.9151571e-02   4.1004057e-02   2.8419476e-02
   2.0923333e+03   5.9148965e-02   4.0973946e-02   2.8378989e-02
   2.0924167e+03   5.9131646e-02   4.0936508e-02   2.8335438e-02
   2.0925000e+03   5.9106406e-02   4.0895139e-02   2.8290264e-02
   2.0925833e+03   5.9070757e-02   4.0848614e-02   2.8242957e-02
   2.0926667e+03   5.9027192e-02   4.0798182e-02   2.8194048e-02
   2.0927500e+03   5.8987101e-02   4.0749503e-02   2.8145916e-02
   2.0928333e+03   5.8965983e-02   4.0710253e-02   2.8101773e-02
   2.0929167e+03   5.8960935e-02   4.0678974e-02   2.8060996e-02
   2.0930000e+03   5.8963427e-02   4.0651425e-02   2.8021802e-02
   2.0930833e+03   5.8968233e-02   4.0625012e-02   2.7983104e-02
   2.0931667e+03   5.8972972e-02   4.0598558e-02   2.7944411e-02
   2.0932500e+03   5.8976388e-02   4.0571443e-02   2.7905466e-02
   2.0933333e+03   5.8973471e-02   4.0541202e-02   2.7865245e-02
   2.0934167e+03   5.8955654e-02   4.0503626e-02   2.7822011e-02
   2.0935000e+03   5.8929842e-02   4.0462132e-02   2.7777187e-02
   2.0935833e+03   5.8893543e-02   4.0415504e-02   2.7730276e-02
   2.0936667e+03   5.8849276e-02   4.0364990e-02   2.7681802e-02
   2.0937500e+03   5.8808507e-02   4.0316221e-02   2.7634088e-02
   2.0938333e+03   5.8786856e-02   4.0276845e-02   2.7590282e-02
   2.0939167e+03   5.8781458e-02   4.0245436e-02   2.7549785e-02
   2.0940000e+03   5.8783754e-02   4.0217790e-02   2.7510859e-02
   2.0940833e+03   5.8788461e-02   4.0191315e-02   2.7472436e-02
   2.0941667e+03   5.8793096e-02   4.0164798e-02   2.7434018e-02
   2.0942500e+03   5.8796347e-02   4.0137598e-02   2.7395344e-02
   2.0943333e+03   5.8793115e-02   4.0107235e-02   2.7355403e-02
   2.0944167e+03   5.8774796e-02   4.0069535e-02   2.7312500e-02
   2.0945000e+03   5.8748412e-02   4.0027928e-02   2.7268040e-02
   2.0945833e+03   5.8711463e-02   3.9981211e-02   2.7221540e-02
   2.0946667e+03   5.8666495e-02   3.9930631e-02   2.7173513e-02
   2.0947500e+03   5.8625048e-02   3.9881787e-02   2.7126232e-02
   2.0948333e+03   5.8602862e-02   3.9842295e-02   2.7082776e-02
   2.0949167e+03   5.8597110e-02   3.9810768e-02   2.7042572e-02
   2.0950000e+03   5.8599205e-02   3.9783032e-02   2.7003925e-02
   2.0950833e+03   5.8603807e-02   3.9756502e-02   2.6965788e-02
   2.0951667e+03   5.8608334e-02   3.9729928e-02   2.6927656e-02
   2.0952500e+03   5.8611414e-02   3.9702650e-02   2.6889265e-02
   2.0953333e+03   5.8607863e-02   3.9672176e-02   2.6849616e-02
   2.0954167e+03   5.8589040e-02   3.9634363e-02   2.6807057e-02
   2.0955000e+03   5.8562082e-02   3.9592657e-02   2.6762974e-02
   2.0955833e+03   5.8524483e-02   3.9545865e-02   2.6716898e-02
   2.0956667e+03   5.8478816e-02   3.9495232e-02   2.6669332e-02
   2.0957500e+03   5.8436692e-02   3.9446327e-02   2.6622496e-02
   2.0958333e+03   5.8413969e-02   3.9406734e-02   2.6579404e-02
   2.0959167e+03   5.8407861e-02   3.9375097e-02   2.6539506e-02
   2.0960000e+03   5.8409749e-02   3.9347280e-02   2.6501150e-02
   2.0960833e+03   5.8414241e-02   3.9320701e-02   2.6463309e-02
   2.0961667e+03   5.8418653e-02   3.9294077e-02   2.6425474e-02
   2.0962500e+03   5.8421557e-02   3.9266729e-02   2.6387376e-02
   2.0963333e+03   5.8417682e-02   3.9236153e-02   2.6348032e-02
   2.0964167e+03   5.8398354e-02   3.9198239e-02   2.6305829e-02
   2.0965000e+03   5.8370822e-02   3.9156446e-02   2.6262137e-02
   2.0965833e+03   5.8332574e-02   3.9109593e-02   2.6216498e-02
   2.0966667e+03   5.8286209e-02   3.9058923e-02   2.6169404e-02
   2.0967500e+03   5.8243409e-02   3.9009972e-02   2.6123026e-02
   2.0968333e+03   5.8220149e-02   3.8970289e-02   2.6080311e-02
   2.0969167e+03   5.8213679e-02   3.8938552e-02   2.6040730e-02
   2.0970000e+03   5.8215357e-02   3.8910662e-02   2.6002676e-02
   2.0970833e+03   5.8219733e-02   3.8884041e-02   2.5965141e-02
   2.0971667e+03   5.8224024e-02   3.8857373e-02   2.5927612e-02
   2.0972500e+03   5.8226747e-02   3.8829962e-02   2.5889820e-02
   2.0973333e+03   5.8222544e-02   3.8799294e-02   2.5850792e-02
   2.0974167e+03   5.8202708e-02   3.8761290e-02   2.5808958e-02
   2.0975000e+03   5.8174602e-02   3.8719424e-02   2.5765668e-02
   2.0975833e+03   5.8135706e-02   3.8672524e-02   2.5720477e-02
   2.0976667e+03   5.8088645e-02   3.8621831e-02   2.5673868e-02
   2.0977500e+03   5.8045171e-02   3.8572848e-02   2.5627960e-02
   2.0978333e+03   5.8021372e-02   3.8533087e-02   2.5585633e-02
   2.0979167e+03   5.8014538e-02   3.8501261e-02   2.5546382e-02
   2.0980000e+03   5.8015999e-02   3.8473306e-02   2.5508640e-02
   2.0980833e+03   5.8020254e-02   3.8446649e-02   2.5471421e-02
   2.0981667e+03   5.8024420e-02   3.8419945e-02   2.5434209e-02
   2.0982500e+03   5.8026955e-02   3.8392478e-02   2.5396731e-02
   2.0983333e+03   5.8022422e-02   3.8361726e-02   2.5358030e-02
   2.0984167e+03   5.8002077e-02   3.8323646e-02   2.5316577e-02
   2.0985000e+03   5.7973396e-02   3.8281718e-02   2.5273702e-02
   2.0985833e+03   5.7933852e-02   3.8234785e-02   2.5228970e-02
   2.0986667e+03   5.7886098e-02   3.8184084e-02   2.5182857e-02
   2.0987500e+03   5.7841951e-02   3.8135083e-02   2.5137429e-02
   2.0988333e+03   5.7817612e-02   3.8095257e-02   2.5095502e-02
   2.0989167e+03   5.7810411e-02   3.8063351e-02   2.5056591e-02
   2.0990000e+03   5.7811651e-02   3.8035338e-02   2.5019173e-02
   2.0990833e+03   5.7815779e-02   3.8008652e-02   2.4982279e-02
   2.0991667e+03   5.7819814e-02   3.7981918e-02   2.4945392e-02
   2.0992500e+03   5.7822158e-02   3.7954403e-02   2.4908239e-02
   2.0993333e+03   5.7817290e-02   3.7923578e-02   2.4869876e-02
   2.0994167e+03   5.7796435e-02   3.7885432e-02   2.4828815e-02
   2.0995000e+03   5.7767178e-02   3.7843456e-02   2.4786365e-02
   2.0995833e+03   5.7726989e-02   3.7796503e-02   2.4742104e-02
   2.0996667e+03   5.7678544e-02   3.7745808e-02   2.4696497e-02
   2.0997500e+03   5.7633726e-02   3.7696804e-02   2.4651560e-02
   2.0998333e+03   5.7608847e-02   3.7656924e-02   2.4610044e-02
   2.0999167e+03   5.7601275e-02   3.7624949e-02   2.4571484e-02
   2.1000000e+03   5.7602289e-02   3.7596886e-02   2.4534398e-02
   2.1000833e+03   5.7606285e-02   3.7570177e-02   2.4497838e-02
   2.1001667e+03   5.7610183e-02   3.7543420e-02   2.4461286e-02
   2.1002500e+03   5.7612331e-02   3.7515865e-02   2.4424467e-02
   2.1003333e+03   5.7607124e-02   3.7484975e-02   2.4386453e-02
   2.1004167e+03   5.7585758e-02   3.7446775e-02   2.4345794e-02
   2.1005000e+03   5.7555927e-02   3.7404763e-02   2.4303780e-02
   2.1005833e+03   5.7515094e-02   3.7357805e-02   2.4259999e-02
   2.1006667e+03   5.7465960e-02   3.7307130e-02   2.4214908e-02
   2.1007500e+03   5.7420474e-02   3.7258136e-02   2.4170473e-02
   2.1008333e+03   5.7395055e-02   3.7218215e-02   2.4129378e-02
   2.1009167e+03   5.7387109e-02   3.7186179e-02   2.4091179e-02
