   2.0000000e+03   1.0000000e+00   1.0000000e+00   1.0000000e+00
   2.0000833e+03   1.0000000e+00   1.0000000e+00   1.0000000e+00
   2.0001667e+03   1.0000000e+00   1.0000000e+00   1.0000000e+00
   2.0002500e+03   1.0000000e+00   1.0000000e+00   1.0000000e+00
   2.0003333e+03   1.0000000e+00   1.0000000e+00   1.0000000e+00
   2.0004167e+03   1.0000000e+00   1.0000000e+00   1.0000000e+00
   2.0005000e+03   1.0000000e+00   1.0000000e+00   1.0000000e+00
   2.0005833e+03   1.0000000e+00   1.0000000e+00   1.0000000e+00
   2.0006667e+03   1.0000000e+00   1.0000000e+00   1.0000000e+00
   2.0007500e+03   1.0000000e+00   1.0000000e+00   1.0000000e+00
   2.0008333e+03   1.0000000e+00   1.0000000e+00   1.0000000e+00
   2.0009167e+03   1.0000000e+00   1.0000000e+00   1.0000000e+00
   2.0010000e+03   9.9990399e-01   9.9990347e-01   9.9990294e-01
   2.0010833e+03   9.9968745e-01   9.9968592e-01   9.9968440e-01
   2.0011667e+03   9.9947038e-01   9.9946735e-01   9.9946432e-01
   2.0012500e+03   9.9933420e-01   9.9932910e-01   9.9932400e-01
   2.0013333e+03   9.9935079e-01   9.9934294e-01   9.9933509e-01
   2.0014167e+03   9.9946719e-01   9.9945589e-01   9.9944460e-01
   2.0015000e+03   9.9958727e-01   9.9957196e-01   9.9955664e-01
   2.0015833e+03   9.9968909e-01   9.9966920e-01   9.9964932e-01
   2.0016667e+03   5.9985877e-01   5.9984379e-01   5.9982881e-01
   2.0017500e+03   5.9991284e-01   5.9989444e-01   5.9987605e-01
   2.0018333e+03   5.9998476e-01   5.9996256e-01   5.9994037e-01
   2.0019167e+03   6.0001252e-01   5.9998630e-01   5.9996008e-01
   2.0020000e+03   5.9995751e-01   5.9992717e-01   5.9989682e-01
   2.0020833e+03   5.9983076e-01   5.9979620e-01   5.9976164e-01
   2.0021667e+03   5.9970369e-01   5.9966461e-01   5.9962553e-01
   2.0022500e+03   5.9962479e-01   5.9958072e-01   5.9953665e-01
   2.0023333e+03   5.9963660e-01   5.9958688e-01   5.9953716e-01
   2.0024167e+03   5.9970683e-01   5.9965089e-01   5.9959495e-01
   2.0025000e+03   5.9977869e-01   5.9971617e-01   5.9965366e-01
   2.0025833e+03   5.9983891e-01   5.9976952e-01   5.9970014e-01
   2.0026667e+03   5.9988288e-01   5.9980635e-01   5.9972983e-01
   2.0027500e+03   5.9993583e-01   5.9985177e-01   5.9976773e-01
   2.0028333e+03   6.0000794e-01   5.9991591e-01   5.9982389e-01
   2.0029167e+03   6.0003728e-01   5.9993715e-01   5.9983705e-01
   2.0030000e+03   5.9998485e-01   5.9987676e-01   5.9976869e-01
   2.0030833e+03   5.9986125e-01   5.9974529e-01   5.9962936e-01
   2.0031667e+03   5.9973733e-01   5.9961321e-01   5.9948911e-01
   2.0032500e+03   5.9966121e-01   5.9952832e-01   5.9939545e-01
   2.0033333e+03   5.9967484e-01   5.9953227e-01   5.9938973e-01
   2.0034167e+03   5.9974543e-01   5.9959245e-01   5.9943951e-01
   2.0035000e+03   5.9981707e-01   5.9965333e-01   5.9948962e-01
   2.0035833e+03   5.9987639e-01   5.9970161e-01   5.9952689e-01
   2.0036667e+03   5.9991897e-01   5.9973295e-01   5.9954698e-01
   2.0037500e+03   5.9997079e-01   5.9977310e-01   5.9957547e-01
   2.0038333e+03   6.0004306e-01   5.9983319e-01   5.9962339e-01
   2.0039167e+03   6.0007394e-01   5.9985188e-01   5.9962990e-01
   2.0040000e+03   6.0002407e-01   5.9979017e-01   5.9955635e-01
   2.0040833e+03   5.9990359e-01   5.9965814e-01   5.9941280e-01
   2.0041667e+03   5.9978279e-01   5.9952551e-01   5.9926833e-01
   2.0042500e+03   5.9970944e-01   5.9943956e-01   5.9916981e-01
   2.0043333e+03   5.9972486e-01   5.9944124e-01   5.9915775e-01
   2.0044167e+03   5.9979579e-01   5.9949754e-01   5.9919944e-01
   2.0045000e+03   5.9986718e-01   5.9955395e-01   5.9924087e-01
   2.0045833e+03   5.9992556e-01   5.9959712e-01   5.9926885e-01
   2.0046667e+03   5.9996673e-01   5.9962291e-01   5.9927928e-01
   2.0047500e+03   6.0001737e-01   5.9965772e-01   5.9929829e-01
   2.0048333e+03   6.0008977e-01   5.9971371e-01   5.9933788e-01
   2.0049167e+03   6.0012218e-01   5.9972980e-01   5.9933766e-01
   2.0050000e+03   6.0007483e-01   5.9966670e-01   5.9925883e-01
   2.0050833e+03   5.9995745e-01   5.9953407e-01   5.9911098e-01
   2.0051667e+03   5.9983976e-01   5.9940083e-01   5.9896221e-01
   2.0052500e+03   5.9976914e-01   5.9931378e-01   5.9885875e-01
   2.0053333e+03   5.9978633e-01   5.9931312e-01   5.9884028e-01
   2.0054167e+03   5.9985757e-01   5.9936548e-01   5.9887379e-01
   2.0055000e+03   5.9992868e-01   5.9941736e-01   5.9890646e-01
   2.0055833e+03   5.9998609e-01   5.9945536e-01   5.9892509e-01
   2.0056667e+03   6.0002581e-01   5.9947556e-01   5.9892579e-01
   2.0057500e+03   6.0007525e-01   5.9950498e-01   5.9893525e-01
   2.0058333e+03   6.0014775e-01   5.9955680e-01   5.9896643e-01
   2.0059167e+03   6.0018166e-01   5.9957022e-01   5.9895939e-01
   2.0060000e+03   6.0013681e-01   5.9950568e-01   5.9887521e-01
   2.0060833e+03   6.0002251e-01   5.9937240e-01   5.9872298e-01
   2.0061667e+03   5.9990789e-01   5.9923850e-01   5.9856983e-01
   2.0062500e+03   5.9983998e-01   5.9915028e-01   5.9846135e-01
   2.0063333e+03   5.9985892e-01   5.9914724e-01   5.9843638e-01
   2.0064167e+03   5.9993043e-01   5.9919559e-01   5.9846163e-01
   2.0065000e+03   6.0000123e-01   5.9924288e-01   5.9848547e-01
   2.0065833e+03   6.0005765e-01   5.9927566e-01   5.9849468e-01
   2.0066667e+03   6.0009588e-01   5.9929021e-01   5.9848561e-01
   2.0067500e+03   6.0014408e-01   5.9931420e-01   5.9848545e-01
   2.0068333e+03   6.0021666e-01   5.9936180e-01   5.9850814e-01
   2.0069167e+03   6.0025203e-01   5.9937249e-01   5.9849421e-01
   2.0070000e+03   6.0020967e-01   5.9930646e-01   5.9840459e-01
   2.0070833e+03   6.0009842e-01   5.9917246e-01   5.9824791e-01
   2.0071667e+03   5.9998685e-01   5.9903785e-01   5.9809032e-01
   2.0072500e+03   5.9992163e-01   5.9894841e-01   5.9797674e-01
   2.0073333e+03   5.9994228e-01   5.9894292e-01   5.9794518e-01
   2.0074167e+03   6.0001405e-01   5.9898721e-01   5.9796210e-01
   2.0075000e+03   6.0008451e-01   5.9902986e-01   5.9797704e-01
   2.0075833e+03   6.0013989e-01   5.9905737e-01   5.9797677e-01
   2.0076667e+03   6.0017661e-01   5.9906623e-01   5.9795786e-01
   2.0077500e+03   6.0022353e-01   5.9908473e-01   5.9794805e-01
   2.0078333e+03   6.0029615e-01   5.9912805e-01   5.9796218e-01
   2.0079167e+03   6.0033298e-01   5.9913595e-01   5.9794127e-01
   2.0080000e+03   6.0029306e-01   5.9906836e-01   5.9784613e-01
   2.0080833e+03   6.0018484e-01   5.9893360e-01   5.9768493e-01
   2.0081667e+03   6.0007631e-01   5.9879822e-01   5.9752282e-01
   2.0082500e+03   6.0001374e-01   5.9870751e-01   5.9740407e-01
   2.0083333e+03   6.0003609e-01   5.9869951e-01   5.9736585e-01
   2.0084167e+03   6.0010808e-01   5.9873968e-01   5.9737436e-01
   2.0085000e+03   6.0017817e-01   5.9877764e-01   5.9738033e-01
   2.0085833e+03   6.0023249e-01   5.9879982e-01   5.9737053e-01
   2.0086667e+03   6.0026765e-01   5.9880294e-01   5.9734175e-01
   2.0087500e+03   6.0031327e-01   5.9881591e-01   5.9732222e-01
   2.0088333e+03   6.0038591e-01   5.9885489e-01   5.9732773e-01
   2.0089167e+03   6.0042415e-01   5.9885995e-01   5.9729976e-01
   2.0090000e+03   6.0038666e-01   5.9879075e-01   5.9719903e-01
   2.0090833e+03   6.0028145e-01   5.9865517e-01   5.9703324e-01
   2.0091667e+03   6.0017592e-01   5.9851898e-01   5.9686655e-01
   2.0092500e+03   6.0011599e-01   5.9842693e-01   5.9674255e-01
   2.0093333e+03   6.0014001e-01   5.9841637e-01   5.9669760e-01
   2.0094167e+03   6.0021219e-01   5.9845237e-01   5.9669764e-01
   2.0095000e+03   6.0028188e-01   5.9848558e-01   5.9669458e-01
   2.0095833e+03   6.0033510e-01   5.9850239e-01   5.9667520e-01
   2.0096667e+03   6.0036868e-01   5.9849972e-01   5.9663650e-01
   2.0097500e+03   6.0041296e-01   5.9850710e-01   5.9660722e-01
   2.0098333e+03   6.0048558e-01   5.9854170e-01   5.9660403e-01
   2.0099167e+03   6.0052522e-01   5.9854385e-01   5.9656893e-01
   2.0100000e+03   6.0049013e-01   5.9847299e-01   5.9646255e-01
   2.0100833e+03   6.0038790e-01   5.9833654e-01   5.9629211e-01
   2.0101667e+03   6.0028536e-01   5.9819948e-01   5.9612076e-01
   2.0102500e+03   6.0022804e-01   5.9810604e-01   5.9599146e-01
   2.0103333e+03   6.0025370e-01   5.9809286e-01   5.9593970e-01
   2.0104167e+03   6.0032604e-01   5.9812463e-01   5.9593120e-01
   2.0105000e+03   6.0039530e-01   5.9815304e-01   5.9591906e-01
   2.0105833e+03   6.0044739e-01   5.9816443e-01   5.9589005e-01
   2.0106667e+03   3.0023968e-01   2.9907797e-01   2.9792070e-01
   2.0107500e+03   3.0026113e-01   2.9907884e-01   2.9790116e-01
   2.0108333e+03   3.0029742e-01   2.9909392e-01   2.9789519e-01
   2.0109167e+03   3.0031792e-01   2.9909351e-01   2.9787405e-01
   2.0110000e+03   3.0030157e-01   2.9905723e-01   2.9781799e-01
   2.0110833e+03   3.0025193e-01   2.9898854e-01   2.9773041e-01
   2.0111667e+03   3.0020214e-01   2.9891955e-01   2.9764238e-01
   2.0112500e+03   3.0017478e-01   2.9887211e-01   2.9757504e-01
   2.0113333e+03   3.0018841e-01   2.9886418e-01   2.9754572e-01
   2.0114167e+03   3.0022465e-01   2.9887793e-01   2.9753718e-01
   2.0115000e+03   3.0025905e-01   2.9888970e-01   2.9752654e-01
   2.0115833e+03   3.0028451e-01   2.9889267e-01   2.9750720e-01
   2.0116667e+03   3.0029967e-01   2.9888548e-01   2.9747789e-01
   2.0117500e+03   3.0032041e-01   2.9888352e-01   2.9745343e-01
   2.0118333e+03   3.0035667e-01   2.9889635e-01   2.9744306e-01
   2.0119167e+03   3.0037784e-01   2.9889444e-01   2.9741829e-01
   2.0120000e+03   3.0036267e-01   2.9885727e-01   2.9735933e-01
   2.0120833e+03   3.0031449e-01   2.9878809e-01   2.9726937e-01
   2.0121667e+03   3.0026617e-01   2.9871862e-01   2.9717896e-01
   2.0122500e+03   3.0024009e-01   2.9867043e-01   2.9710889e-01
   2.0123333e+03   3.0025453e-01   2.9866113e-01   2.9707611e-01
   2.0124167e+03   3.0029081e-01   2.9867271e-01   2.9706324e-01
   2.0125000e+03   3.0032496e-01   2.9868204e-01   2.9704801e-01
   2.0125833e+03   3.0034983e-01   2.9868224e-01   2.9702383e-01
   2.0126667e+03   3.0036414e-01   2.9867210e-01   2.9698950e-01
   2.0127500e+03   3.0038417e-01   2.9866728e-01   2.9696012e-01
   2.0128333e+03   3.0042037e-01   2.9867784e-01   2.9694533e-01
   2.0129167e+03   3.0044220e-01   2.9867439e-01   2.9691689e-01
   2.0130000e+03   3.0042819e-01   2.9863631e-01   2.9685501e-01
   2.0130833e+03   3.0038147e-01   2.9856662e-01   2.9676263e-01
   2.0131667e+03   3.0033461e-01   2.9849663e-01   2.9666980e-01
   2.0132500e+03   3.0030980e-01   2.9844767e-01   2.9659699e-01
   2.0133333e+03   3.0032502e-01   2.9843698e-01   2.9656071e-01
   2.0134167e+03   3.0036134e-01   2.9844636e-01   2.9654349e-01
   2.0135000e+03   3.0039523e-01   2.9845322e-01   2.9652365e-01
   2.0135833e+03   3.0041948e-01   2.9845065e-01   2.9649460e-01
   2.0136667e+03   3.0043293e-01   2.9843753e-01   2.9645527e-01
   2.0137500e+03   3.0045222e-01   2.9842984e-01   2.9642095e-01
   2.0138333e+03   3.0048835e-01   2.9843810e-01   2.9640171e-01
   2.0139167e+03   3.0051083e-01   2.9843308e-01   2.9636958e-01
   2.0140000e+03   3.0049797e-01   2.9839406e-01   2.9630475e-01
   2.0140833e+03   3.0045270e-01   2.9832383e-01   2.9620992e-01
   2.0141667e+03   3.0040728e-01   2.9825331e-01   2.9611466e-01
   2.0142500e+03   3.0038373e-01   2.9820355e-01   2.9603907e-01
   2.0143333e+03   3.0039972e-01   2.9819144e-01   2.9599925e-01
   2.0144167e+03   3.0043606e-01   2.9819860e-01   2.9597767e-01
   2.0145000e+03   3.0046967e-01   2.9820296e-01   2.9595321e-01
   2.0145833e+03   3.0049329e-01   2.9819759e-01   2.9591928e-01
   2.0146667e+03   3.0050586e-01   2.9818148e-01   2.9587493e-01
   2.0147500e+03   3.0052440e-01   2.9817089e-01   2.9583565e-01
   2.0148333e+03   3.0056045e-01   2.9817682e-01   2.9581195e-01
   2.0149167e+03   3.0058355e-01   2.9817022e-01   2.9577611e-01
   2.0150000e+03   3.0057184e-01   2.9813023e-01   2.9570829e-01
   2.0150833e+03   3.0052800e-01   2.9805944e-01   2.9561100e-01
   2.0151667e+03   3.0048401e-01   2.9798836e-01   2.9551327e-01
   2.0152500e+03   3.0046171e-01   2.9793778e-01   2.9543488e-01
   2.0153333e+03   3.0047846e-01   2.9792421e-01   2.9539151e-01
   2.0154167e+03   3.0051481e-01   2.9792913e-01   2.9536553e-01
   2.0155000e+03   3.0054812e-01   2.9793097e-01   2.9533643e-01
   2.0155833e+03   3.0057110e-01   2.9792278e-01   2.9529762e-01
   2.0156667e+03   3.0058277e-01   2.9790366e-01   2.9524825e-01
   2.0157500e+03   3.0060053e-01   2.9789015e-01   2.9520402e-01
   2.0158333e+03   3.0063649e-01   2.9789374e-01   2.9517583e-01
   2.0159167e+03   3.0066021e-01   2.9788552e-01   2.9513625e-01
   2.0160000e+03   3.0064962e-01   2.9784454e-01   2.9506543e-01
   2.0160833e+03   3.0060721e-01   2.9777317e-01   2.9496565e-01
   2.0161667e+03   3.0056464e-01   2.9770150e-01   2.9486543e-01
   2.0162500e+03   3.0054358e-01   2.9765007e-01   2.9478421e-01
   2.0163333e+03   3.0056106e-01   2.9763502e-01   2.9473727e-01
   2.0164167e+03   3.0059741e-01   2.9763768e-01   2.9470688e-01
   2.0165000e+03   3.0063041e-01   2.9763697e-01   2.9467313e-01
   2.0165833e+03   3.0065272e-01   2.9762595e-01   2.9462943e-01
   2.0166667e+03   3.0066348e-01   2.9760380e-01   2.9457503e-01
   2.0167500e+03   3.0068046e-01   2.9758735e-01   2.9452585e-01
   2.0168333e+03   3.0071630e-01   2.9758858e-01   2.9449316e-01
   2.0169167e+03   3.0074062e-01   2.9757871e-01   2.9444982e-01
   2.0170000e+03   3.0073116e-01   2.9753672e-01   2.9437597e-01
   2.0170833e+03   3.0069015e-01   2.9746473e-01   2.9427368e-01
   2.0171667e+03   3.0064899e-01   2.9739245e-01   2.9417094e-01
   2.0172500e+03   3.0062915e-01   2.9734015e-01   2.9408688e-01
   2.0173333e+03   3.0064737e-01   2.9732360e-01   2.9403634e-01
   2.0174167e+03   3.0068370e-01   2.9732397e-01   2.9400153e-01
   2.0175000e+03   3.0071637e-01   2.9732070e-01   2.9396312e-01
   2.0175833e+03   3.0073800e-01   2.9730682e-01   2.9391453e-01
   2.0176667e+03   3.0074782e-01   2.9728162e-01   2.9385511e-01
   2.0177500e+03   3.0076399e-01   2.9726223e-01   2.9380097e-01
   2.0178333e+03   3.0079971e-01   2.9726106e-01   2.9376377e-01
   2.0179167e+03   3.0082462e-01   2.9724953e-01   2.9371665e-01
   2.0180000e+03   3.0081626e-01   2.9720649e-01   2.9363975e-01
   2.0180833e+03   3.0077665e-01   2.9713387e-01   2.9353493e-01
   2.0181667e+03   3.0073690e-01   2.9706096e-01   2.9342966e-01
   2.0182500e+03   3.0071827e-01   2.9700775e-01   2.9334272e-01
   2.0183333e+03   3.0073720e-01   2.9698968e-01   2.9328857e-01
   2.0184167e+03   3.0077349e-01   2.9698774e-01   2.9324933e-01
   2.0185000e+03   3.0080582e-01   2.9698188e-01   2.9320625e-01
   2.0185833e+03   3.0082675e-01   2.9696513e-01   2.9315277e-01
   2.0186667e+03   3.0083563e-01   2.9693688e-01   2.9308833e-01
   2.0187500e+03   3.0085097e-01   2.9691451e-01   2.9302924e-01
   2.0188333e+03   3.0088654e-01   2.9691093e-01   2.9298753e-01
   2.0189167e+03   3.0091204e-01   2.9689771e-01   2.9293661e-01
   2.0190000e+03   3.0090477e-01   2.9685360e-01   2.9285664e-01
   2.0190833e+03   3.0086655e-01   2.9678033e-01   2.9274926e-01
   2.0191667e+03   3.0082818e-01   2.9670675e-01   2.9264145e-01
   2.0192500e+03   3.0081075e-01   2.9665262e-01   2.9255162e-01
   2.0193333e+03   3.0083039e-01   2.9663300e-01   2.9249383e-01
   2.0194167e+03   3.0086663e-01   2.9662872e-01   2.9245016e-01
   2.0195000e+03   3.0089860e-01   2.9662027e-01   2.9240240e-01
   2.0195833e+03   3.0091882e-01   2.9660062e-01   2.9234403e-01
   2.0196667e+03   3.0092672e-01   2.9656930e-01   2.9227459e-01
   2.0197500e+03   3.0094122e-01   2.9654395e-01   2.9221055e-01
   2.0198333e+03   3.0097664e-01   2.9653794e-01   2.9216432e-01
   2.0199167e+03   3.0100269e-01   2.9652300e-01   2.9210959e-01
   2.0200000e+03   3.0099650e-01   2.9647780e-01   2.9202654e-01
   2.0200833e+03   3.0095966e-01   2.9640384e-01   2.9191659e-01
   2.0201667e+03   3.0092267e-01   2.9632959e-01   2.9180621e-01
   2.0202500e+03   3.0090643e-01   2.9627451e-01   2.9171348e-01
   2.0203333e+03   3.0092676e-01   2.9625332e-01   2.9165204e-01
   2.0204167e+03   3.0096293e-01   2.9624668e-01   2.9160392e-01
   2.0205000e+03   3.0099453e-01   2.9623560e-01   2.9155149e-01
   2.0205833e+03   3.0101401e-01   2.9621305e-01   2.9148824e-01
   2.0206667e+03   1.5051046e-01   1.4808932e-01   1.4570690e-01
   2.0207500e+03   1.5051729e-01   1.4807515e-01   1.4567241e-01
   2.0208333e+03   1.5053490e-01   1.4807091e-01   1.4564703e-01
   2.0209167e+03   1.5054821e-01   1.4806258e-01   1.4561776e-01
   2.0210000e+03   1.5054565e-01   1.4803942e-01   1.4557468e-01
   2.0210833e+03   1.5052791e-01   1.4800209e-01   1.4551842e-01
   2.0211667e+03   1.5051010e-01   1.4796461e-01   1.4546194e-01
   2.0212500e+03   1.5050256e-01   1.4793658e-01   1.4541411e-01
   2.0213333e+03   1.5051307e-01   1.4792519e-01   1.4538156e-01
   2.0214167e+03   1.5053111e-01   1.4792068e-01   1.4535528e-01
   2.0215000e+03   1.5054672e-01   1.4791382e-01   1.4532673e-01
   2.0215833e+03   1.5055608e-01   1.4790109e-01   1.4529266e-01
   2.0216667e+03   1.5055904e-01   1.4788233e-01   1.4525296e-01
   2.0217500e+03   1.5056542e-01   1.4786666e-01   1.4521601e-01
   2.0218333e+03   1.5058295e-01   1.4786119e-01   1.4518836e-01
   2.0219167e+03   1.5059652e-01   1.4785197e-01   1.4515717e-01
   2.0220000e+03   1.5059449e-01   1.4782824e-01   1.4511254e-01
   2.0220833e+03   1.5057742e-01   1.4779054e-01   1.4505498e-01
   2.0221667e+03   1.5056029e-01   1.4775270e-01   1.4499720e-01
   2.0222500e+03   1.5055334e-01   1.4772418e-01   1.4494791e-01
   2.0223333e+03   1.5056418e-01   1.4771197e-01   1.4491352e-01
   2.0224167e+03   1.5058217e-01   1.4770627e-01   1.4488502e-01
   2.0225000e+03   1.5059757e-01   1.4769808e-01   1.4485413e-01
   2.0225833e+03   1.5060655e-01   1.4768388e-01   1.4481764e-01
   2.0226667e+03   1.5060900e-01   1.4766357e-01   1.4477546e-01
   2.0227500e+03   1.5061493e-01   1.4764638e-01   1.4473605e-01
   2.0228333e+03   1.5063235e-01   1.4763967e-01   1.4470614e-01
   2.0229167e+03   1.5064619e-01   1.4762956e-01   1.4467303e-01
   2.0230000e+03   1.5064468e-01   1.4760525e-01   1.4462684e-01
   2.0230833e+03   1.5062829e-01   1.4756718e-01   1.4456797e-01
   2.0231667e+03   1.5061182e-01   1.4752896e-01   1.4450889e-01
   2.0232500e+03   1.5060545e-01   1.4749993e-01   1.4445813e-01
   2.0233333e+03   1.5061661e-01   1.4748690e-01   1.4442191e-01
   2.0234167e+03   1.5063455e-01   1.4747999e-01   1.4439118e-01
   2.0235000e+03   1.5064974e-01   1.4747047e-01   1.4435796e-01
   2.0235833e+03   1.5065833e-01   1.4745479e-01   1.4431905e-01
   2.0236667e+03   1.5066025e-01   1.4743292e-01   1.4427440e-01
   2.0237500e+03   1.5066573e-01   1.4741422e-01   1.4423254e-01
   2.0238333e+03   1.5068304e-01   1.4740625e-01   1.4420038e-01
   2.0239167e+03   1.5069713e-01   1.4739524e-01   1.4416534e-01
   2.0240000e+03   1.5069614e-01   1.4737034e-01   1.4411759e-01
   2.0240833e+03   1.5068041e-01   1.4733188e-01   1.4405741e-01
   2.0241667e+03   1.5066461e-01   1.4729328e-01   1.4399703e-01
   2.0242500e+03   1.5065881e-01   1.4726373e-01   1.4394479e-01
   2.0243333e+03   1.5067029e-01   1.4724987e-01   1.4390673e-01
   2.0244167e+03   1.5068817e-01   1.4724174e-01   1.4387377e-01
   2.0245000e+03   1.5070313e-01   1.4723087e-01   1.4383824e-01
   2.0245833e+03   1.5071132e-01   1.4721372e-01   1.4379691e-01
   2.0246667e+03   1.5071272e-01   1.4719029e-01   1.4374980e-01
   2.0247500e+03   1.5071773e-01   1.4717006e-01   1.4370551e-01
   2.0248333e+03   1.5073492e-01   1.4716083e-01   1.4367109e-01
   2.0249167e+03   1.5074926e-01   1.4714890e-01   1.4363414e-01
   2.0250000e+03   1.5074878e-01   1.4712340e-01   1.4358481e-01
   2.0250833e+03   1.5073373e-01   1.4708456e-01   1.4352334e-01
   2.0251667e+03   1.5071862e-01   1.4704560e-01   1.4346168e-01
   2.0252500e+03   1.5071343e-01   1.4701555e-01   1.4340800e-01
   2.0253333e+03   1.5072526e-01   1.4700088e-01   1.4336811e-01
   2.0254167e+03   1.5074305e-01   1.4699152e-01   1.4333293e-01
   2.0255000e+03   1.5075775e-01   1.4697926e-01   1.4329505e-01
   2.0255833e+03   1.5076545e-01   1.4696055e-01   1.4325126e-01
   2.0256667e+03   1.5076619e-01   1.4693545e-01   1.4320161e-01
   2.0257500e+03   1.5077062e-01   1.4691359e-01   1.4315480e-01
   2.0258333e+03   1.5078765e-01   1.4690306e-01   1.4311810e-01
   2.0259167e+03   1.5080229e-01   1.4689026e-01   1.4307927e-01
   2.0260000e+03   1.5080247e-01   1.4686428e-01   1.4302849e-01
   2.0260833e+03   1.5078828e-01   1.4682522e-01   1.4296586e-01
   2.0261667e+03   1.5077403e-01   1.4678603e-01   1.4290304e-01
   2.0262500e+03   1.5076957e-01   1.4675559e-01   1.4284801e-01
   2.0263333e+03   1.5078180e-01   1.4674014e-01   1.4280635e-01
   2.0264167e+03   1.5079947e-01   1.4672951e-01   1.4276892e-01
   2.0265000e+03   1.5081386e-01   1.4671582e-01   1.4272865e-01
   2.0265833e+03   1.5082101e-01   1.4669549e-01   1.4268234e-01
   2.0266667e+03   1.5082103e-01   1.4666865e-01   1.4263011e-01
   2.0267500e+03   1.5082482e-01   1.4664512e-01   1.4258075e-01
   2.0268333e+03   1.5084166e-01   1.4663325e-01   1.4254175e-01
   2.0269167e+03   1.5085661e-01   1.4661957e-01   1.4250103e-01
   2.0270000e+03   1.5085743e-01   1.4659309e-01   1.4244878e-01
   2.0270833e+03   1.5084409e-01   1.4655378e-01   1.4238498e-01
   2.0271667e+03   1.5083069e-01   1.4651433e-01   1.4232098e-01
   2.0272500e+03   1.5082695e-01   1.4648348e-01   1.4226458e-01
   2.0273333e+03   1.5083957e-01   1.4646723e-01   1.4222111e-01
   2.0274167e+03   1.5085712e-01   1.4645532e-01   1.4218143e-01
   2.0275000e+03   1.5087118e-01   1.4644017e-01   1.4213876e-01
   2.0275833e+03   1.5087775e-01   1.4641821e-01   1.4208994e-01
   2.0276667e+03   1.5087703e-01   1.4638962e-01   1.4203512e-01
   2.0277500e+03   1.5088017e-01   1.4636439e-01   1.4198322e-01
   2.0278333e+03   1.5089682e-01   1.4635117e-01   1.4194190e-01
   2.0279167e+03   1.5091205e-01   1.4633658e-01   1.4189928e-01
   2.0280000e+03   1.5091351e-01   1.4630958e-01   1.4184554e-01
   2.0280833e+03   1.5090101e-01   1.4627000e-01   1.4178054e-01
   2.0281667e+03   1.5088845e-01   1.4623028e-01   1.4171534e-01
   2.0282500e+03   1.5088542e-01   1.4619900e-01   1.4165755e-01
   2.0283333e+03   1.5089841e-01   1.4618192e-01   1.4161227e-01
   2.0284167e+03   1.5091583e-01   1.4616870e-01   1.4157031e-01
   2.0285000e+03   1.5092954e-01   1.4615208e-01   1.4152525e-01
   2.0285833e+03   1.5093553e-01   1.4612847e-01   1.4147391e-01
   2.0286667e+03   1.5093405e-01   1.4609812e-01   1.4141651e-01
   2.0287500e+03   1.5093652e-01   1.4607118e-01   1.4136206e-01
   2.0288333e+03   1.5095296e-01   1.4605659e-01   1.4131843e-01
   2.0289167e+03   1.5096847e-01   1.4604108e-01   1.4127389e-01
   2.0290000e+03   1.5097056e-01   1.4601353e-01   1.4121864e-01
   2.0290833e+03   1.5095888e-01   1.4597365e-01   1.4115242e-01
   2.0291667e+03   1.5094716e-01   1.4593364e-01   1.4108601e-01
   2.0292500e+03   1.5094483e-01   1.4590190e-01   1.4102680e-01
   2.0293333e+03   1.5095818e-01   1.4588398e-01   1.4097969e-01
   2.0294167e+03   1.5097544e-01   1.4586944e-01   1.4093546e-01
   2.0295000e+03   1.5098880e-01   1.4585133e-01   1.4088799e-01
   2.0295833e+03   1.5099419e-01   1.4582605e-01   1.4083414e-01
   2.0296667e+03   7.5495969e-02   7.2896960e-02   7.0387085e-02
   2.0297500e+03   7.5496858e-02   7.2882632e-02   7.0358586e-02
   2.0298333e+03   7.5504964e-02   7.2874645e-02   7.0335611e-02
   2.0299167e+03   7.5512851e-02   7.2866413e-02   7.0312374e-02
   2.0300000e+03   7.5514207e-02   7.2852357e-02   7.0283984e-02
   2.0300833e+03   7.5508784e-02   7.2832263e-02   7.0250261e-02
   2.0301667e+03   7.5503341e-02   7.2812110e-02   7.0216447e-02
   2.0302500e+03   7.5502536e-02   7.2796009e-02   7.0186142e-02
   2.0303333e+03   7.5509395e-02   7.2786626e-02   7.0161673e-02
   2.0304167e+03   7.5517938e-02   7.2778678e-02   7.0138412e-02
   2.0305000e+03   7.5524414e-02   7.2768857e-02   7.0113468e-02
   2.0305833e+03   7.5526770e-02   7.2755357e-02   7.0085266e-02
   2.0306667e+03   7.5525208e-02   7.2738360e-02   7.0053969e-02
   2.0307500e+03   7.5525703e-02   7.2723128e-02   7.0024171e-02
   2.0308333e+03   7.5533672e-02   7.2714426e-02   7.0000024e-02
   2.0309167e+03   7.5541703e-02   7.2705729e-02   6.9975836e-02
   2.0310000e+03   7.5543412e-02   7.2691424e-02   6.9946718e-02
   2.0310833e+03   7.5538459e-02   7.2671223e-02   6.9912427e-02
   2.0311667e+03   7.5533487e-02   7.2650963e-02   6.9878046e-02
   2.0312500e+03   7.5533077e-02   7.2634663e-02   6.9847071e-02
   2.0313333e+03   7.5540132e-02   7.2624865e-02   6.9821703e-02
   2.0314167e+03   7.5548569e-02   7.2616229e-02   6.9797299e-02
   2.0315000e+03   7.5554817e-02   7.2605624e-02   6.9771140e-02
   2.0315833e+03   7.5556803e-02   7.2591239e-02   6.9741659e-02
   2.0316667e+03   7.5554772e-02   7.2573291e-02   6.9709048e-02
   2.0317500e+03   7.5554847e-02   7.2557142e-02   6.9677955e-02
   2.0318333e+03   7.5562666e-02   7.2547718e-02   6.9652644e-02
   2.0319167e+03   7.5570835e-02   7.2538550e-02   6.9627509e-02
   2.0320000e+03   7.5572889e-02   7.2523991e-02   6.9597667e-02
   2.0320833e+03   7.5568400e-02   7.2503675e-02   6.9562808e-02
   2.0321667e+03   7.5563892e-02   7.2483300e-02   6.9527861e-02
   2.0322500e+03   7.5563870e-02   7.2466794e-02   6.9496217e-02
   2.0323333e+03   7.5571113e-02   7.2456576e-02   6.9469956e-02
   2.0324167e+03   7.5579434e-02   7.2447246e-02   6.9444417e-02
   2.0325000e+03   7.5585444e-02   7.2435855e-02   6.9417056e-02
   2.0325833e+03   7.5587050e-02   7.2420583e-02   6.9386310e-02
   2.0326667e+03   7.5584538e-02   7.2401683e-02   6.9352401e-02
   2.0327500e+03   7.5584182e-02   7.2384615e-02   6.9320028e-02
   2.0328333e+03   7.5591842e-02   7.2374466e-02   6.9293564e-02
   2.0329167e+03   7.5600140e-02   7.2364821e-02   6.9267490e-02
   2.0330000e+03   7.5602531e-02   7.2350000e-02   6.9236925e-02
   2.0330833e+03   7.5598499e-02   7.2329562e-02   6.9201500e-02
   2.0331667e+03   7.5594448e-02   7.2309065e-02   6.9165988e-02
   2.0332500e+03   7.5594807e-02   7.2292347e-02   6.9133677e-02
   2.0333333e+03   7.5602229e-02   7.2281702e-02   6.9106528e-02
   2.0334167e+03   7.5610425e-02   7.2271676e-02   6.9079865e-02
   2.0335000e+03   7.5616187e-02   7.2259495e-02   6.9051315e-02
   2.0335833e+03   7.5617403e-02   7.2243334e-02   6.9019319e-02
   2.0336667e+03   7.5614399e-02   7.2223483e-02   6.8984130e-02
   2.0337500e+03   7.5613601e-02   7.2205495e-02   6.8950494e-02
   2.0338333e+03   7.5621092e-02   7.2194616e-02   6.8922888e-02
   2.0339167e+03   7.5629511e-02   7.2184490e-02   6.8895880e-02
   2.0340000e+03   7.5632232e-02   7.2169400e-02   6.8864597e-02
   2.0340833e+03   7.5628650e-02   7.2148833e-02   6.8828607e-02
   2.0341667e+03   7.5625050e-02   7.2128208e-02   6.8792532e-02
   2.0342500e+03   7.5625782e-02   7.2111270e-02   6.8759558e-02
   2.0343333e+03   7.5633376e-02   7.2100192e-02   6.8731526e-02
   2.0344167e+03   7.5641436e-02   7.2089466e-02   6.8703751e-02
   2.0345000e+03   7.5646941e-02   7.2076493e-02   6.8674024e-02
   2.0345833e+03   7.5647754e-02   7.2059443e-02   6.8640795e-02
   2.0346667e+03   7.5644248e-02   7.2038639e-02   6.8604344e-02
   2.0347500e+03   7.5642998e-02   7.2019731e-02   6.8569463e-02
   2.0348333e+03   7.5650310e-02   7.2008121e-02   6.8540727e-02
   2.0349167e+03   7.5658841e-02   7.1997507e-02   6.8512793e-02
   2.0350000e+03   7.5661884e-02   7.1982143e-02   6.8480795e-02
   2.0350833e+03   7.5658746e-02   7.1961440e-02   6.8444244e-02
   2.0351667e+03   7.5655589e-02   7.1940679e-02   6.8407608e-02
   2.0352500e+03   7.5656687e-02   7.1923515e-02   6.8373974e-02
   2.0353333e+03   7.5664443e-02   7.1911998e-02   6.8345067e-02
   2.0354167e+03   7.5672360e-02   7.1900569e-02   6.8316191e-02
   2.0355000e+03   7.5677596e-02   7.1886801e-02   6.8285302e-02
   2.0355833e+03   7.5677997e-02   7.1868862e-02   6.8250857e-02
   2.0356667e+03   7.5673977e-02   7.1847107e-02   6.8213164e-02
   2.0357500e+03   7.5672264e-02   7.1827278e-02   6.8177055e-02
   2.0358333e+03   7.5679387e-02   7.1814933e-02   6.8147203e-02
   2.0359167e+03   7.5688022e-02   7.1803827e-02   6.8118350e-02
   2.0360000e+03   7.5691380e-02   7.1788181e-02   6.8085643e-02
   2.0360833e+03   7.5688678e-02   7.1767336e-02   6.8048533e-02
   2.0361667e+03   7.5685957e-02   7.1746433e-02   6.8011339e-02
   2.0362500e+03   7.5687413e-02   7.1729037e-02   6.7977050e-02
   2.0363333e+03   7.5695325e-02   7.1717076e-02   6.7947275e-02
   2.0364167e+03   7.5703087e-02   7.1704940e-02   6.7917311e-02
   2.0365000e+03   7.5708045e-02   7.1690377e-02   6.7885275e-02
   2.0365833e+03   7.5708023e-02   7.1671547e-02   6.7849633e-02
   2.0366667e+03   3.7851739e-02   3.5824421e-02   3.3905359e-02
   2.0367500e+03   3.7850645e-02   3.5814046e-02   3.3886700e-02
   2.0368333e+03   3.7854107e-02   3.5807505e-02   3.3871223e-02
   2.0369167e+03   3.7858472e-02   3.5801704e-02   3.3856342e-02
   2.0370000e+03   3.7860305e-02   3.5793737e-02   3.3839636e-02
   2.0370833e+03   3.7859168e-02   3.5783240e-02   3.3820803e-02
   2.0371667e+03   3.7858023e-02   3.5772714e-02   3.3801930e-02
   2.0372500e+03   3.7858927e-02   3.5763897e-02   3.3784460e-02
   2.0373333e+03   3.7862955e-02   3.5757693e-02   3.3769142e-02
   2.0374167e+03   3.7866754e-02   3.5751270e-02   3.3753623e-02
   2.0375000e+03   3.7869089e-02   3.5743590e-02   3.3737040e-02
   2.0375833e+03   3.7868861e-02   3.5733730e-02   3.3718630e-02
   2.0376667e+03   3.7866321e-02   3.5721902e-02   3.3698571e-02
   2.0377500e+03   3.7864985e-02   3.5711068e-02   3.3679319e-02
   2.0378333e+03   3.7868342e-02   3.5704157e-02   3.3663298e-02
   2.0379167e+03   3.7872750e-02   3.5698105e-02   3.3647967e-02
   2.0380000e+03   3.7874733e-02   3.5689993e-02   3.3630912e-02
   2.0380833e+03   3.7873807e-02   3.5679418e-02   3.3611804e-02
   2.0381667e+03   3.7872873e-02   3.5668814e-02   3.3592656e-02
   2.0382500e+03   3.7873948e-02   3.5659875e-02   3.3574863e-02
   2.0383333e+03   3.7878046e-02   3.5653444e-02   3.3559120e-02
   2.0384167e+03   3.7881758e-02   3.5646666e-02   3.3543072e-02
   2.0385000e+03   3.7883943e-02   3.5638586e-02   3.3525932e-02
   2.0385833e+03   3.7883493e-02   3.5628281e-02   3.3506942e-02
   2.0386667e+03   3.7880679e-02   3.5615980e-02   3.3486293e-02
   2.0387500e+03   3.7879095e-02   3.5604687e-02   3.3466458e-02
   2.0388333e+03   3.7882343e-02   3.5597406e-02   3.3449900e-02
   2.0389167e+03   3.7886790e-02   3.5591101e-02   3.3434124e-02
   2.0390000e+03   3.7888918e-02   3.5582839e-02   3.3416724e-02
   2.0390833e+03   3.7888200e-02   3.5572183e-02   3.3397343e-02
   2.0391667e+03   3.7887474e-02   3.5561500e-02   3.3377923e-02
   2.0392500e+03   3.7888717e-02   3.5552435e-02   3.3359811e-02
   2.0393333e+03   3.7892880e-02   3.5545775e-02   3.3343648e-02
   2.0394167e+03   3.7896500e-02   3.5538640e-02   3.3327076e-02
   2.0395000e+03   3.7898530e-02   3.5530161e-02   3.3309388e-02
   2.0395833e+03   3.7897853e-02   3.5519412e-02   3.3289829e-02
   2.0396667e+03   3.7894759e-02   3.5506638e-02   3.3268603e-02
   2.0397500e+03   3.7892921e-02   3.5494887e-02   3.3248195e-02
   2.0398333e+03   3.7896055e-02   3.5487234e-02   3.3231109e-02
   2.0399167e+03   3.7900536e-02   3.5480675e-02   3.3214894e-02
   2.0400000e+03   3.7902807e-02   3.5472261e-02   3.3197152e-02
   2.0400833e+03   3.7902293e-02   3.5461522e-02   3.3177501e-02
   2.0401667e+03   3.7901770e-02   3.5450755e-02   3.3157811e-02
   2.0402500e+03   3.7903178e-02   3.5441562e-02   3.3139383e-02
   2.0403333e+03   3.7907400e-02   3.5434671e-02   3.3122804e-02
   2.0404167e+03   3.7910924e-02   3.5427179e-02   3.3105719e-02
   2.0405000e+03   3.7912795e-02   3.5418300e-02   3.3087492e-02
   2.0405833e+03   3.7911884e-02   3.5407107e-02   3.3067375e-02
   2.0406667e+03   3.7908505e-02   3.5393862e-02   3.3045582e-02
   2.0407500e+03   3.7906408e-02   3.5381654e-02   3.3024612e-02
   2.0408333e+03   3.7909423e-02   3.5373630e-02   3.3007008e-02
   2.0409167e+03   3.7913934e-02   3.5366813e-02   3.2990359e-02
   2.0410000e+03   3.7916342e-02   3.5358245e-02   3.2972279e-02
   2.0410833e+03   3.7916028e-02   3.5347420e-02   3.2952361e-02
   2.0411667e+03   3.7915706e-02   3.5336566e-02   3.2932406e-02
   2.0412500e+03   3.7917275e-02   3.5327243e-02   3.2913665e-02
   2.0413333e+03   3.7921553e-02   3.5320119e-02   3.2896676e-02
   2.0414167e+03   3.7924975e-02   3.5312269e-02   3.2879086e-02
   2.0415000e+03   3.7926681e-02   3.5302991e-02   3.2860330e-02
   2.0415833e+03   3.7925531e-02   3.5291355e-02   3.2839665e-02
   2.0416667e+03   3.7921862e-02   3.5277640e-02   3.2817317e-02
   2.0417500e+03   3.7919501e-02   3.5264976e-02   3.2795798e-02
   2.0418333e+03   3.7922391e-02   3.5256580e-02   3.2777683e-02
   2.0419167e+03   3.7926927e-02   3.5249506e-02   3.2760608e-02
   2.0420000e+03   3.7929470e-02   3.5240781e-02   3.2742194e-02
   2.0420833e+03   3.7929352e-02   3.5229866e-02   3.2722013e-02
   2.0421667e+03   3.7929227e-02   3.5218923e-02   3.2701794e-02
   2.0422500e+03   3.7930952e-02   3.5209467e-02   3.2682746e-02
   2.0423333e+03   3.7935283e-02   3.5202108e-02   3.2665353e-02
   2.0424167e+03   3.7938597e-02   3.5193900e-02   3.2647265e-02
   2.0425000e+03   3.7940133e-02   3.5184223e-02   3.2627990e-02
   2.0425833e+03   3.7938739e-02   3.5172146e-02   3.2606789e-02
   2.0426667e+03   3.7934774e-02   3.5157962e-02   3.2583900e-02
   2.0427500e+03   3.7932142e-02   3.5144843e-02   3.2561843e-02
   2.0428333e+03   3.7934903e-02   3.5136076e-02   3.2543227e-02
   2.0429167e+03   3.7939460e-02   3.5128742e-02   3.2525731e-02
   2.0430000e+03   3.7942133e-02   3.5119858e-02   3.2506989e-02
   2.0430833e+03   3.7942209e-02   3.5108851e-02   3.2486547e-02
   2.0431667e+03   3.7942276e-02   3.5097817e-02   3.2466070e-02
   2.0432500e+03   3.7944155e-02   3.5088225e-02   3.2446718e-02
   2.0433333e+03   3.7948532e-02   3.5080630e-02   3.2428927e-02
   2.0434167e+03   3.7951735e-02   3.5072063e-02   3.2410352e-02
   2.0435000e+03   3.7953095e-02   3.5061987e-02   3.2390568e-02
   2.0435833e+03   3.7951451e-02   3.5049469e-02   3.2368843e-02
   2.0436667e+03   3.7947184e-02   3.5034820e-02   3.2345425e-02
   2.0437500e+03   3.7944277e-02   3.5021248e-02   3.2322843e-02
   2.0438333e+03   3.7946903e-02   3.5012109e-02   3.2303736e-02
   2.0439167e+03   3.7951477e-02   3.5004514e-02   3.2285826e-02
   2.0440000e+03   3.7954275e-02   3.4995468e-02   3.2266760e-02
   2.0440833e+03   3.7954541e-02   3.4984367e-02   3.2246063e-02
   2.0441667e+03   3.7954798e-02   3.4973239e-02   3.2225330e-02
   2.0442500e+03   3.7956825e-02   3.4963509e-02   3.2205679e-02
   2.0443333e+03   3.7961245e-02   3.4955676e-02   3.2187497e-02
   2.0444167e+03   3.7964331e-02   3.4946751e-02   3.2168443e-02
   2.0445000e+03   3.7965510e-02   3.4936277e-02   3.2148162e-02
   2.0445833e+03   3.7963612e-02   3.4923320e-02   3.2125925e-02
   2.0446667e+03   3.7959037e-02   3.4908207e-02   3.2101991e-02
   2.0447500e+03   3.7955849e-02   3.4894185e-02   3.2078897e-02
   2.0448333e+03   3.7958335e-02   3.4884674e-02   3.2059309e-02
   2.0449167e+03   3.7962920e-02   3.4876816e-02   3.2040993e-02
   2.0450000e+03   3.7965841e-02   3.4867607e-02   3.2021608e-02
   2.0450833e+03   3.7966292e-02   3.4856409e-02   3.2000660e-02
   2.0451667e+03   3.7966735e-02   3.4845185e-02   3.1979676e-02
   2.0452500e+03   3.7968907e-02   3.4835315e-02   3.1959731e-02
   2.0453333e+03   3.7973366e-02   3.4827242e-02   3.1941165e-02
   2.0454167e+03   3.7976330e-02   3.4817958e-02   3.1921643e-02
   2.0455000e+03   3.7977323e-02   3.4807087e-02   3.1900875e-02
   2.0455833e+03   3.7975164e-02   3.4793694e-02   3.1878139e-02
   2.0456667e+03   3.7970276e-02   3.4778120e-02   3.1853703e-02
   2.0457500e+03   3.7966801e-02   3.4763648e-02   3.1830109e-02
   2.0458333e+03   3.7969142e-02   3.4753766e-02   3.1810050e-02
   2.0459167e+03   3.7973735e-02   3.4745645e-02   3.1791336e-02
   2.0460000e+03   3.7976773e-02   3.4736271e-02   3.1771638e-02
   2.0460833e+03   3.7977406e-02   3.4724974e-02   3.1750442e-02
   2.0461667e+03   3.7978032e-02   3.4713651e-02   3.1729213e-02
   2.0462500e+03   3.7980345e-02   3.4703639e-02   3.1708979e-02
   2.0463333e+03   3.7984837e-02   3.4695325e-02   3.1690035e-02
   2.0464167e+03   3.7987675e-02   3.4685684e-02   3.1670055e-02
   2.0465000e+03   3.7988476e-02   3.4674417e-02   3.1648812e-02
   2.0465833e+03   3.7986050e-02   3.4660589e-02   3.1625590e-02
   2.0466667e+03   3.7980844e-02   3.4644555e-02   3.1600666e-02
   2.0467500e+03   3.7977076e-02   3.4629637e-02   3.1576586e-02
   2.0468333e+03   3.7979267e-02   3.4619385e-02   3.1556068e-02
   2.0469167e+03   3.7983863e-02   3.4611000e-02   3.1536963e-02
   2.0470000e+03   3.7987015e-02   3.4601459e-02   3.1516958e-02
   2.0470833e+03   3.7987827e-02   3.4590060e-02   3.1495520e-02
   2.0471667e+03   3.7988630e-02   3.4578636e-02   3.1474048e-02
   2.0472500e+03   3.7991080e-02   3.4568480e-02   3.1453531e-02
   2.0473333e+03   3.7995602e-02   3.4559925e-02   3.1434219e-02
   2.0474167e+03   3.7998307e-02   3.4549926e-02   3.1413791e-02
   2.0475000e+03   3.7998912e-02   3.4538264e-02   3.1392084e-02
   2.0475833e+03   3.7996215e-02   3.4524003e-02   3.1368389e-02
   2.0476667e+03   3.7990684e-02   3.4507514e-02   3.1342991e-02
   2.0477500e+03   3.7986618e-02   3.4492152e-02   3.1318440e-02
   2.0478333e+03   3.7988654e-02   3.4481530e-02   3.1297472e-02
   2.0479167e+03   3.7993248e-02   3.4472880e-02   3.1277985e-02
   2.0480000e+03   3.7996510e-02   3.4463170e-02   3.1257680e-02
   2.0480833e+03   3.7997496e-02   3.4451668e-02   3.1236004e-02
   2.0481667e+03   3.7998474e-02   3.4440140e-02   3.1214297e-02
   2.0482500e+03   3.8001057e-02   3.4429839e-02   3.1193502e-02
   2.0483333e+03   3.8005604e-02   3.4421041e-02   3.1173828e-02
   2.0484167e+03   3.8008172e-02   3.4410685e-02   3.1152964e-02
   2.0485000e+03   3.8008574e-02   3.4398630e-02   3.1130806e-02
   2.0485833e+03   3.8005600e-02   3.4383939e-02   3.1106651e-02
   2.0486667e+03   3.7999739e-02   3.4366997e-02   3.1080793e-02
   2.0487500e+03   3.7995370e-02   3.4351194e-02   3.1055784e-02
   2.0488333e+03   3.7997245e-02   3.4340204e-02   3.1034379e-02
   2.0489167e+03   3.8001832e-02   3.4331288e-02   3.1014518e-02
   2.0490000e+03   3.8005200e-02   3.4321409e-02   3.0993919e-02
   2.0490833e+03   3.8006356e-02   3.4309801e-02   3.0972012e-02
   2.0491667e+03   3.8007505e-02   3.4298168e-02   3.0950073e-02
   2.0492500e+03   3.8010217e-02   3.4287720e-02   3.0929007e-02
   2.0493333e+03   3.8014784e-02   3.4278679e-02   3.0908980e-02
   2.0494167e+03   3.8017210e-02   3.4267967e-02   3.0887690e-02
   2.0495000e+03   3.8017405e-02   3.4255520e-02   3.0865093e-02
   2.0495833e+03   3.8014148e-02   3.4240401e-02   3.0840493e-02
   2.0496667e+03   3.8007952e-02   3.4223010e-02   3.0814191e-02
   2.0497500e+03   3.8003273e-02   3.4206769e-02   3.0788738e-02
   2.0498333e+03   3.8004983e-02   3.4195411e-02   3.0766908e-02
   2.0499167e+03   3.8009558e-02   3.4186230e-02   3.0746682e-02
   2.0500000e+03   3.8013028e-02   3.4176179e-02   3.0725796e-02
   2.0500833e+03   3.8014350e-02   3.4164464e-02   3.0703662e-02
   2.0501667e+03   3.8015665e-02   3.4152723e-02   3.0681497e-02
   2.0502500e+03   3.8018501e-02   3.4142125e-02   3.0660166e-02
   2.0503333e+03   3.8023084e-02   3.4132840e-02   3.0639794e-02
   2.0504167e+03   3.8025364e-02   3.4121775e-02   3.0618092e-02
   2.0505000e+03   3.8025350e-02   3.4108941e-02   3.0595071e-02
   2.0505833e+03   3.8021810e-02   3.4093402e-02   3.0570042e-02
   2.0506667e+03   3.8015280e-02   3.4075570e-02   3.0543315e-02
   2.0507500e+03   3.8010294e-02   3.4058901e-02   3.0517438e-02
   2.0508333e+03   3.8011838e-02   3.4047182e-02   3.0495198e-02
   2.0509167e+03   3.8016398e-02   3.4037735e-02   3.0474617e-02
   2.0510000e+03   3.8019961e-02   3.4027510e-02   3.0453451e-02
   2.0510833e+03   3.8021441e-02   3.4015682e-02   3.0431094e-02
   2.0511667e+03   3.8022914e-02   3.4003830e-02   3.0408709e-02
   2.0512500e+03   3.8025867e-02   3.3993079e-02   3.0387119e-02
   2.0513333e+03   3.8030461e-02   3.3983550e-02   3.0366412e-02
   2.0514167e+03   3.8032593e-02   3.3972137e-02   3.0344313e-02
   2.0515000e+03   3.8032369e-02   3.3958922e-02   3.0320884e-02
   2.0515833e+03   3.8028545e-02   3.3942970e-02   3.0295446e-02
   2.0516667e+03   3.8021679e-02   3.3924706e-02   3.0268314e-02
   2.0517500e+03   3.8016384e-02   3.3907615e-02   3.0242031e-02
   2.0518333e+03   3.8017757e-02   3.3895538e-02   3.0219395e-02
   2.0519167e+03   3.8022298e-02   3.3885827e-02   3.0198471e-02
   2.0520000e+03   3.8025951e-02   3.3875427e-02   3.0177033e-02
   2.0520833e+03   3.8027585e-02   3.3863487e-02   3.0154463e-02
   2.0521667e+03   3.8029212e-02   3.3851522e-02   3.0131865e-02
   2.0522500e+03   3.8032278e-02   3.3840620e-02   3.0110026e-02
   2.0523333e+03   3.8036879e-02   3.3830848e-02   3.0088995e-02
   2.0524167e+03   3.8038858e-02   3.3819089e-02   3.0066513e-02
   2.0525000e+03   3.8038418e-02   3.3805497e-02   3.0042692e-02
   2.0525833e+03   3.8034305e-02   3.3789136e-02   3.0016861e-02
   2.0526667e+03   3.8027099e-02   3.3770445e-02   2.9989340e-02
   2.0527500e+03   3.8021489e-02   3.3752937e-02   2.9962667e-02
   2.0528333e+03   3.8022687e-02   3.3740504e-02   2.9939650e-02
   2.0529167e+03   3.8027204e-02   3.3730531e-02   2.9918396e-02
   2.0530000e+03   3.8030943e-02   3.3719958e-02   2.9896696e-02
   2.0530833e+03   3.8032727e-02   3.3707905e-02   2.9873921e-02
   2.0531667e+03   3.8034505e-02   3.3695827e-02   2.9851118e-02
   2.0532500e+03   3.8037680e-02   3.3684773e-02   2.9829038e-02
   2.0533333e+03   3.8042283e-02   3.3674760e-02   2.9807696e-02
   2.0534167e+03   3.8044105e-02   3.3662658e-02   2.9784843e-02
   2.0535000e+03   3.8043444e-02   3.3648692e-02   2.9760646e-02
   2.0535833e+03   3.8039037e-02   3.3631926e-02   2.9734438e-02
   2.0536667e+03   3.8031485e-02   3.3612814e-02   2.9706546e-02
   2.0537500e+03   3.8025555e-02   3.3594893e-02   2.9679501e-02
   2.0538333e+03   3.8026573e-02   3.3582109e-02   2.9656117e-02
   2.0539167e+03   3.8031061e-02   3.3571875e-02   2.9634543e-02
   2.0540000e+03   3.8034882e-02   3.3561128e-02   2.9612592e-02
   2.0540833e+03   3.8036813e-02   3.3548962e-02   2.9589620e-02
   2.0541667e+03   3.8038737e-02   3.3536772e-02   2.9566621e-02
   2.0542500e+03   3.8042018e-02   3.3525566e-02   2.9544311e-02
   2.0543333e+03   3.8046618e-02   3.3515313e-02   2.9522667e-02
   2.0544167e+03   3.8048278e-02   3.3502871e-02   2.9499460e-02
   2.0545000e+03   3.8047392e-02   3.3488535e-02   2.9474901e-02
   2.0545833e+03   3.8042685e-02   3.3471370e-02   2.9448332e-02
   2.0546667e+03   3.8034782e-02   3.3451841e-02   2.9420087e-02
   2.0547500e+03   3.8028527e-02   3.3433513e-02   2.9392687e-02
   2.0548333e+03   3.8029361e-02   3.3420380e-02   2.9368951e-02
   2.0549167e+03   3.8033815e-02   3.3409888e-02   2.9347070e-02
   2.0550000e+03   3.8037714e-02   3.3398968e-02   2.9324877e-02
   2.0550833e+03   3.8039788e-02   3.3386689e-02   2.9301716e-02
   2.0551667e+03   3.8041855e-02   3.3374387e-02   2.9278531e-02
   2.0552500e+03   3.8045237e-02   3.3363028e-02   2.9255999e-02
   2.0553333e+03   3.8049831e-02   3.3352537e-02   2.9234066e-02
   2.0554167e+03   3.8051324e-02   3.3339759e-02   2.9210519e-02
   2.0555000e+03   3.8050207e-02   3.3325057e-02   2.9185614e-02
   2.0555833e+03   3.8045195e-02   3.3307497e-02   2.9158701e-02
   2.0556667e+03   3.8036936e-02   3.3287558e-02   2.9130119e-02
   2.0557500e+03   3.8030352e-02   3.3268828e-02   2.9102381e-02
   2.0558333e+03   3.8030995e-02   3.3255350e-02   2.9078309e-02
   2.0559167e+03   3.8035412e-02   3.3244600e-02   2.9056133e-02
   2.0560000e+03   3.8039385e-02   3.3233508e-02   2.9033708e-02
   2.0560833e+03   3.8041597e-02   3.3221116e-02   2.9010368e-02
   2.0561667e+03   3.8043803e-02   3.3208702e-02   2.8987004e-02
   2.0562500e+03   3.8047283e-02   3.3197193e-02   2.8964261e-02
   2.0563333e+03   3.8051866e-02   3.3186464e-02   2.8942051e-02
   2.0564167e+03   3.8053187e-02   3.3173353e-02   2.8918177e-02
   2.0565000e+03   3.8051834e-02   3.3158289e-02   2.8892942e-02
   2.0565833e+03   3.8046513e-02   3.3140340e-02   2.8865702e-02
   2.0566667e+03   3.8037893e-02   3.3119996e-02   2.8836801e-02
   2.0567500e+03   3.8030973e-02   3.3100869e-02   2.8808742e-02
   2.0568333e+03   3.8031422e-02   3.3087051e-02   2.8784348e-02
   2.0569167e+03   3.8035796e-02   3.3076045e-02   2.8761889e-02
   2.0570000e+03   3.8039839e-02   3.3064782e-02   2.8739243e-02
   2.0570833e+03   3.8042186e-02   3.3052278e-02   2.8715733e-02
   2.0571667e+03   3.8044528e-02   3.3039751e-02   2.8692199e-02
   2.0572500e+03   3.8048100e-02   3.3028092e-02   2.8669254e-02
   2.0573333e+03   3.8052668e-02   3.3017128e-02   2.8646779e-02
   2.0574167e+03   3.8053812e-02   3.3003687e-02   2.8622594e-02
   2.0575000e+03   3.8052219e-02   3.2988265e-02   2.8597044e-02
   2.0575833e+03   3.8046583e-02   3.2969933e-02   2.8569494e-02
   2.0576667e+03   3.8037597e-02   3.2949189e-02   2.8540292e-02
   2.0577500e+03   3.8030336e-02   3.2929672e-02   2.8511929e-02
   2.0578333e+03   3.8030586e-02   3.2915516e-02   2.8487228e-02
   2.0579167e+03   3.8034913e-02   3.2904257e-02   2.8464499e-02
   2.0580000e+03   3.8039022e-02   3.2892823e-02   2.8441642e-02
   2.0580833e+03   3.8041501e-02   3.2880207e-02   2.8417970e-02
   2.0581667e+03   3.8043973e-02   3.2867569e-02   2.8394277e-02
   2.0582500e+03   3.8047635e-02   3.2855760e-02   2.8371140e-02
   2.0583333e+03   3.8052183e-02   3.2844562e-02   2.8348411e-02
   2.0584167e+03   3.8053146e-02   3.2830796e-02   2.8323930e-02
   2.0585000e+03   3.8051306e-02   3.2815021e-02   2.8298081e-02
   2.0585833e+03   3.8045351e-02   3.2796310e-02   2.8270238e-02
   2.0586667e+03   3.8035993e-02   3.2775174e-02   2.8240752e-02
   2.0587500e+03   3.8028388e-02   3.2755272e-02   2.8212103e-02
   2.0588333e+03   3.8028433e-02   3.2740782e-02   2.8187110e-02
   2.0589167e+03   3.8032708e-02   3.2729273e-02   2.8164123e-02
   2.0590000e+03   3.8036879e-02   3.2717669e-02   2.8141065e-02
   2.0590833e+03   3.8039485e-02   3.2704941e-02   2.8117242e-02
   2.0591667e+03   3.8042085e-02   3.2692192e-02   2.8093398e-02
   2.0592500e+03   3.8045832e-02   3.2680234e-02   2.8070079e-02
   2.0593333e+03   3.8050356e-02   3.2668805e-02   2.8047108e-02
   2.0594167e+03   3.8051132e-02   3.2654716e-02   2.8022345e-02
   2.0595000e+03   3.8049042e-02   3.2638594e-02   2.7996213e-02
   2.0595833e+03   3.8042762e-02   3.2619509e-02   2.7968094e-02
   2.0596667e+03   3.8033028e-02   3.2597986e-02   2.7938343e-02
   2.0597500e+03   3.8025072e-02   3.2577706e-02   2.7909424e-02
   2.0598333e+03   3.8024908e-02   3.2562887e-02   2.7884154e-02
   2.0599167e+03   3.8029127e-02   3.2551129e-02   2.7860922e-02
   2.0600000e+03   3.8033355e-02   3.2539358e-02   2.7837674e-02
   2.0600833e+03   3.8036084e-02   3.2526518e-02   2.7813709e-02
   2.0601667e+03   3.8038808e-02   3.2513658e-02   2.7789723e-02
   2.0602500e+03   3.8042636e-02   3.2501553e-02   2.7766232e-02
   2.0603333e+03   3.8047131e-02   3.2489894e-02   2.7743033e-02
   2.0604167e+03   3.8047716e-02   3.2475488e-02   2.7718003e-02
   2.0605000e+03   3.8045370e-02   3.2459021e-02   2.7691603e-02
   2.0605833e+03   3.8038761e-02   3.2439570e-02   2.7663225e-02
   2.0606667e+03   3.8028645e-02   3.2417667e-02   2.7633225e-02
   2.0607500e+03   3.8020334e-02   3.2397013e-02   2.7604054e-02
   2.0608333e+03   3.8019955e-02   3.2381870e-02   2.7578523e-02
   2.0609167e+03   3.8024114e-02   3.2369866e-02   2.7555059e-02
   2.0610000e+03   3.8028395e-02   3.2357928e-02   2.7531632e-02
   2.0610833e+03   3.8031244e-02   3.2344978e-02   2.7507533e-02
   2.0611667e+03   3.8034088e-02   3.2332007e-02   2.7483415e-02
   2.0612500e+03   3.8037993e-02   3.2319755e-02   2.7459763e-02
   2.0613333e+03   3.8042454e-02   3.2307870e-02   2.7436346e-02
   2.0614167e+03   3.8042842e-02   3.2293149e-02   2.7411064e-02
   2.0615000e+03   3.8040236e-02   3.2276344e-02   2.7384413e-02
   2.0615833e+03   3.8033292e-02   3.2256532e-02   2.7355793e-02
   2.0616667e+03   3.8022791e-02   3.2234255e-02   2.7325562e-02
   2.0617500e+03   3.8014119e-02   3.2213235e-02   2.7296156e-02
   2.0618333e+03   3.8013522e-02   3.2197772e-02   2.7270379e-02
   2.0619167e+03   3.8017615e-02   3.2185524e-02   2.7246695e-02
   2.0620000e+03   3.8021944e-02   3.2173420e-02   2.7223100e-02
   2.0620833e+03   3.8024909e-02   3.2160361e-02   2.7198877e-02
   2.0621667e+03   3.8027869e-02   3.2147281e-02   2.7174636e-02
   2.0622500e+03   3.8031847e-02   3.2134883e-02   2.7150834e-02
   2.0623333e+03   3.8036270e-02   3.2122773e-02   2.7127212e-02
   2.0624167e+03   3.8036457e-02   3.2107743e-02   2.7101693e-02
   2.0625000e+03   3.8033586e-02   3.2090605e-02   2.7074807e-02
   2.0625833e+03   3.8026302e-02   3.2070437e-02   2.7045960e-02
   2.0626667e+03   3.8015409e-02   3.2047794e-02   2.7015517e-02
   2.0627500e+03   3.8006372e-02   3.2026414e-02   2.6985894e-02
   2.0628333e+03   3.8005551e-02   3.2010635e-02   2.6959885e-02
   2.0629167e+03   3.8009575e-02   3.1998147e-02   2.6935995e-02
   2.0630000e+03   3.8013949e-02   3.1985879e-02   2.6912242e-02
   2.0630833e+03   3.8017025e-02   3.1972711e-02   2.6887905e-02
   2.0631667e+03   3.8020096e-02   3.1959522e-02   2.6863551e-02
   2.0632500e+03   3.8024143e-02   3.1946980e-02   2.6839607e-02
   2.0633333e+03   3.8028523e-02   3.1934648e-02   2.6815794e-02
   2.0634167e+03   3.8028505e-02   3.1919313e-02   2.6790053e-02
   2.0635000e+03   3.8025363e-02   3.1901846e-02   2.6762947e-02
   2.0635833e+03   3.8017735e-02   3.1881329e-02   2.6733891e-02
   2.0636667e+03   3.8006446e-02   3.1858327e-02   2.6703253e-02
   2.0637500e+03   3.7997039e-02   3.1836594e-02   2.6673429e-02
   2.0638333e+03   3.7995990e-02   3.1820504e-02   2.6647204e-02
   2.0639167e+03   3.7999939e-02   3.1807778e-02   2.6623120e-02
   2.0640000e+03   3.8004353e-02   3.1795348e-02   2.6599221e-02
   2.0640833e+03   3.8007536e-02   3.1782071e-02   2.6574779e-02
   2.0641667e+03   3.8010716e-02   3.1768776e-02   2.6550321e-02
   2.0642500e+03   3.8014826e-02   3.1756091e-02   2.6526248e-02
   2.0643333e+03   3.8019160e-02   3.1743539e-02   2.6502254e-02
   2.0644167e+03   3.8018930e-02   3.1727903e-02   2.6476306e-02
   2.0645000e+03   3.8015514e-02   3.1710114e-02   2.6448996e-02
   2.0645833e+03   3.8007537e-02   3.1689254e-02   2.6419749e-02
   2.0646667e+03   3.7995847e-02   3.1665900e-02   2.6388932e-02
   2.0647500e+03   3.7986065e-02   3.1643820e-02   2.6358924e-02
   2.0648333e+03   3.7984782e-02   3.1627424e-02   2.6332500e-02
   2.0649167e+03   3.7988652e-02   3.1614463e-02   2.6308235e-02
   2.0650000e+03   3.7993102e-02   3.1601873e-02   2.6284199e-02
   2.0650833e+03   3.7996389e-02   3.1588489e-02   2.6259662e-02
   2.0651667e+03   3.7999672e-02   3.1575087e-02   2.6235111e-02
   2.0652500e+03   3.8003843e-02   3.1562261e-02   2.6210917e-02
   2.0653333e+03   3.8008125e-02   3.1549492e-02   2.6186756e-02
   2.0654167e+03   3.8007680e-02   3.1533560e-02   2.6160616e-02
   2.0655000e+03   3.8003983e-02   3.1515454e-02   2.6133118e-02
   2.0655833e+03   3.7995652e-02   3.1494259e-02   2.6103696e-02
   2.0656667e+03   3.7983557e-02   3.1470559e-02   2.6072718e-02
   2.0657500e+03   3.7973396e-02   3.1448139e-02   2.6042544e-02
   2.0658333e+03   3.7971874e-02   3.1431442e-02   2.6015934e-02
   2.0659167e+03   3.7975661e-02   3.1418250e-02   2.5991501e-02
   2.0660000e+03   3.7980142e-02   3.1405501e-02   2.5967341e-02
   2.0660833e+03   3.7983528e-02   3.1392012e-02   2.5942718e-02
   2.0661667e+03   3.7986911e-02   3.1378504e-02   2.5918083e-02
   2.0662500e+03   3.7991137e-02   3.1365538e-02   2.5893780e-02
   2.0663333e+03   3.7995363e-02   3.1352555e-02   2.5869463e-02
   2.0664167e+03   3.7994698e-02   3.1336333e-02   2.5843146e-02
   2.0665000e+03   3.7990716e-02   3.1317915e-02   2.5815475e-02
   2.0665833e+03   3.7982027e-02   3.1296391e-02   2.5785895e-02
   2.0666667e+03   3.7969522e-02   3.1272353e-02   2.5754773e-02
   2.0667500e+03   3.7958976e-02   3.1249600e-02   2.5724450e-02
   2.0668333e+03   3.7957211e-02   3.1232608e-02   2.5697670e-02
   2.0669167e+03   3.7960910e-02   3.1219187e-02   2.5673082e-02
   2.0670000e+03   3.7965418e-02   3.1206282e-02   2.5648807e-02
   2.0670833e+03   3.7968900e-02   3.1192688e-02   2.5624109e-02
   2.0671667e+03   3.7972377e-02   3.1179076e-02   2.5599399e-02
   2.0672500e+03   3.7976656e-02   3.1165973e-02   2.5574997e-02
   2.0673333e+03   3.7980820e-02   3.1152779e-02   2.5550538e-02
   2.0674167e+03   3.7979930e-02   3.1136270e-02   2.5524058e-02
   2.0675000e+03   3.7975659e-02   3.1117547e-02   2.5496231e-02
   2.0675833e+03   3.7966606e-02   3.1095700e-02   2.5466508e-02
   2.0676667e+03   3.7953686e-02   3.1071331e-02   2.5435260e-02
   2.0677500e+03   3.7942752e-02   3.1048253e-02   2.5404804e-02
   2.0678333e+03   3.7940740e-02   3.1030971e-02   2.5377869e-02
   2.0679167e+03   3.7944345e-02   3.1017325e-02   2.5353139e-02
   2.0680000e+03   3.7948876e-02   3.1004265e-02   2.5328761e-02
   2.0680833e+03   3.7952449e-02   3.0990569e-02   2.5303997e-02
   2.0681667e+03   3.7956018e-02   3.0976854e-02   2.5279222e-02
   2.0682500e+03   3.7960343e-02   3.0963614e-02   2.5254732e-02
   2.0683333e+03   3.7964442e-02   3.0950212e-02   2.5230143e-02
   2.0684167e+03   3.7963322e-02   3.0933423e-02   2.5203515e-02
   2.0685000e+03   3.7958757e-02   3.0914400e-02   2.5175547e-02
   2.0685833e+03   3.7949336e-02   3.0892237e-02   2.5145698e-02
   2.0686667e+03   3.7935997e-02   3.0867546e-02   2.5114341e-02
   2.0687500e+03   3.7924670e-02   3.0844150e-02   2.5083768e-02
   2.0688333e+03   3.7922405e-02   3.0826582e-02   2.5056693e-02
   2.0689167e+03   3.7925912e-02   3.0812716e-02   2.5031833e-02
   2.0690000e+03   3.7930461e-02   3.0799504e-02   2.5007364e-02
   2.0690833e+03   3.7934121e-02   3.0785705e-02   2.4982544e-02
   2.0691667e+03   3.7937777e-02   3.0771889e-02   2.4957713e-02
   2.0692500e+03   3.7942145e-02   3.0758515e-02   2.4933145e-02
   2.0693333e+03   3.7946175e-02   3.0744908e-02   2.4908438e-02
   2.0694167e+03   3.7944820e-02   3.0727844e-02   2.4881677e-02
   2.0695000e+03   3.7939956e-02   3.0708527e-02   2.4853583e-02
   2.0695833e+03   3.7930163e-02   3.0686056e-02   2.4823625e-02
   2.0696667e+03   3.7916400e-02   3.0661050e-02   2.4792175e-02
   2.0697500e+03   3.7904675e-02   3.0637343e-02   2.4761503e-02
   2.0698333e+03   3.7902152e-02   3.0619496e-02   2.4734302e-02
   2.0699167e+03   3.7905558e-02   3.0605412e-02   2.4709326e-02
   2.0700000e+03   3.7910120e-02   3.0592050e-02   2.4684775e-02
   2.0700833e+03   3.7913863e-02   3.0578151e-02   2.4659908e-02
   2.0701667e+03   3.7917602e-02   3.0564236e-02   2.4635032e-02
   2.0702500e+03   3.7922009e-02   3.0550729e-02   2.4610397e-02
   2.0703333e+03   3.7925963e-02   3.0536921e-02   2.4585584e-02
   2.0704167e+03   3.7924369e-02   3.0519586e-02   2.4558705e-02
   2.0705000e+03   3.7919202e-02   3.0499982e-02   2.4530500e-02
   2.0705833e+03   3.7909032e-02   3.0477210e-02   2.4500449e-02
   2.0706667e+03   3.7894841e-02   3.0451897e-02   2.4468923e-02
   2.0707500e+03   3.7882713e-02   3.0427887e-02   2.4438168e-02
   2.0708333e+03   3.7879929e-02   3.0409766e-02   2.4410856e-02
   2.0709167e+03   3.7883228e-02   3.0395468e-02   2.4385776e-02
   2.0710000e+03   3.7887800e-02   3.0381958e-02   2.4361155e-02
   2.0710833e+03   3.7891621e-02   3.0367961e-02   2.4336252e-02
   2.0711667e+03   3.7895439e-02   3.0353947e-02   2.4311339e-02
   2.0712500e+03   3.7899880e-02   3.0340311e-02   2.4286647e-02
   2.0713333e+03   3.7903755e-02   3.0326305e-02   2.4261741e-02
   2.0714167e+03   3.7901917e-02   3.0308706e-02   2.4234757e-02
   2.0715000e+03   3.7896442e-02   3.0288821e-02   2.4206458e-02
   2.0715833e+03   3.7885890e-02   3.0265754e-02   2.4176330e-02
   2.0716667e+03   3.7871267e-02   3.0240142e-02   2.4144743e-02
   2.0717500e+03   3.7858733e-02   3.0215837e-02   2.4113921e-02
   2.0718333e+03   3.7855682e-02   3.0197448e-02   2.4086514e-02
   2.0719167e+03   3.7858869e-02   3.0182940e-02   2.4061342e-02
   2.0720000e+03   3.7863446e-02   3.0169285e-02   2.4036662e-02
   2.0720833e+03   3.7867341e-02   3.0155191e-02   2.4011731e-02
   2.0721667e+03   3.7871233e-02   3.0141081e-02   2.3986792e-02
   2.0722500e+03   3.7875704e-02   3.0127317e-02   2.3962053e-02
   2.0723333e+03   3.7879495e-02   3.0113117e-02   2.3937066e-02
   2.0724167e+03   3.7877409e-02   3.0095258e-02   2.3909993e-02
   2.0725000e+03   3.7871621e-02   3.0075099e-02   2.3881614e-02
   2.0725833e+03   3.7860684e-02   3.0051746e-02   2.3851424e-02
   2.0726667e+03   3.7845624e-02   3.0025843e-02   2.3819794e-02
   2.0727500e+03   3.7832679e-02   3.0001249e-02   2.3788921e-02
   2.0728333e+03   3.7829358e-02   2.9982599e-02   2.3761432e-02
   2.0729167e+03   3.7832428e-02   2.9967885e-02   2.3736182e-02
   2.0730000e+03   3.7837006e-02   2.9954087e-02   2.3711452e-02
   2.0730833e+03   3.7840971e-02   2.9939898e-02   2.3686504e-02
   2.0731667e+03   3.7844933e-02   2.9925694e-02   2.3661548e-02
   2.0732500e+03   3.7849429e-02   2.9911804e-02   2.3636773e-02
   2.0733333e+03   3.7853132e-02   2.9897413e-02   2.3611717e-02
   2.0734167e+03   3.7850792e-02   2.9879301e-02   2.3584568e-02
   2.0735000e+03   3.7844688e-02   2.9858874e-02   2.3556124e-02
   2.0735833e+03   3.7833360e-02   2.9835242e-02   2.3525888e-02
   2.0736667e+03   3.7817860e-02   2.9809056e-02   2.3494230e-02
   2.0737500e+03   3.7804500e-02   2.9784183e-02   2.3463322e-02
   2.0738333e+03   3.7800903e-02   2.9765277e-02   2.3435766e-02
   2.0739167e+03   3.7803853e-02   2.9750361e-02   2.3410449e-02
   2.0740000e+03   3.7808427e-02   2.9736423e-02   2.3385682e-02
   2.0740833e+03   3.7812457e-02   2.9722141e-02   2.3360725e-02
   2.0741667e+03   3.7816485e-02   2.9707844e-02   2.3335763e-02
   2.0742500e+03   3.7821002e-02   2.9693831e-02   2.3310961e-02
   2.0743333e+03   3.7824612e-02   2.9679254e-02   2.3285848e-02
   2.0744167e+03   3.7822015e-02   2.9660894e-02   2.3258638e-02
   2.0745000e+03   3.7815589e-02   2.9640205e-02   2.3230143e-02
   2.0745833e+03   3.7803867e-02   2.9616302e-02   2.3199876e-02
   2.0746667e+03   3.7787922e-02   2.9589842e-02   2.3168207e-02
   2.0747500e+03   3.7774143e-02   2.9564697e-02   2.3137278e-02
   2.0748333e+03   3.7770266e-02   2.9545541e-02   2.3109670e-02
   2.0749167e+03   3.7773090e-02   2.9530428e-02   2.3084300e-02
   2.0750000e+03   3.7777656e-02   2.9516353e-02   2.3059505e-02
   2.0750833e+03   3.7781747e-02   2.9501980e-02   2.3034549e-02
   2.0751667e+03   3.7785836e-02   2.9487591e-02   2.3009588e-02
   2.0752500e+03   3.7790369e-02   2.9473458e-02   2.2984771e-02
   2.0753333e+03   3.7793883e-02   2.9458698e-02   2.2959613e-02
   2.0754167e+03   3.7791031e-02   2.9440102e-02   2.2932358e-02
   2.0755000e+03   3.7784290e-02   2.9419165e-02   2.2903831e-02
   2.0755833e+03   3.7772185e-02   2.9395008e-02   2.2873554e-02
   2.0756667e+03   3.7755812e-02   2.9368294e-02   2.2841895e-02
   2.0757500e+03   3.7741632e-02   2.9342898e-02   2.2810969e-02
   2.0758333e+03   3.7737486e-02   2.9323508e-02   2.2783327e-02
   2.0759167e+03   3.7740188e-02   2.9308205e-02   2.2757917e-02
   2.0760000e+03   3.7744741e-02   2.9293997e-02   2.2733106e-02
   2.0760833e+03   3.7748886e-02   2.9279532e-02   2.2708159e-02
   2.0761667e+03   3.7753028e-02   2.9265053e-02   2.2683209e-02
   2.0762500e+03   3.7757572e-02   2.9250801e-02   2.2658385e-02
   2.0763333e+03   3.7760991e-02   2.9235867e-02   2.2633196e-02
   2.0764167e+03   3.7757890e-02   2.9217045e-02   2.2605914e-02
   2.0765000e+03   3.7750841e-02   2.9195874e-02   2.2577371e-02
   2.0765833e+03   3.7738361e-02   2.9171477e-02   2.2547103e-02
   2.0766667e+03   3.7721567e-02   2.9144524e-02   2.2515472e-02
   2.0767500e+03   3.7706988e-02   2.9118889e-02   2.2484565e-02
   2.0768333e+03   3.7702574e-02   2.9099273e-02   2.2456905e-02
   2.0769167e+03   3.7705150e-02   2.9083787e-02   2.2431468e-02
   2.0770000e+03   3.7709687e-02   2.9069448e-02   2.2406650e-02
   2.0770833e+03   3.7713881e-02   2.9054894e-02   2.2381722e-02
   2.0771667e+03   3.7718072e-02   2.9040327e-02   2.2356792e-02
   2.0772500e+03   3.7722624e-02   2.9025960e-02   2.2331972e-02
   2.0773333e+03   3.7725942e-02   2.9010854e-02   2.2306764e-02
   2.0774167e+03   3.7722589e-02   2.8991814e-02   2.2279466e-02
   2.0775000e+03   3.7715229e-02   2.8970415e-02   2.2250923e-02
   2.0775833e+03   3.7702371e-02   2.8945786e-02   2.2220677e-02
   2.0776667e+03   3.7685152e-02   2.8918602e-02   2.2189089e-02
   2.0777500e+03   3.7670172e-02   2.8892737e-02   2.2158217e-02
   2.0778333e+03   3.7665484e-02   2.8872902e-02   2.2130551e-02
   2.0779167e+03   3.7667931e-02   2.8857236e-02   2.2105099e-02
   2.0780000e+03   3.7672448e-02   2.8842770e-02   2.2080286e-02
   2.0780833e+03   3.7676687e-02   2.8828130e-02   2.2055386e-02
   2.0781667e+03   3.7680924e-02   2.8813477e-02   2.2030484e-02
   2.0782500e+03   3.7685479e-02   2.8798997e-02   2.2005679e-02
   2.0783333e+03   3.7688694e-02   2.8783725e-02   2.1980462e-02
   2.0784167e+03   3.7685084e-02   2.8764472e-02   2.1953163e-02
   2.0785000e+03   3.7677410e-02   2.8742853e-02   2.1924633e-02
   2.0785833e+03   3.7664169e-02   2.8718000e-02   2.1894423e-02
   2.0786667e+03   3.7646523e-02   2.8690594e-02   2.1862893e-02
   2.0787500e+03   3.7631139e-02   2.8664506e-02   2.1832069e-02
   2.0788333e+03   3.7626174e-02   2.8644459e-02   2.1804411e-02
   2.0789167e+03   3.7628488e-02   2.8628619e-02   2.1778955e-02
   2.0790000e+03   3.7632980e-02   2.8614029e-02   2.1754157e-02
   2.0790833e+03   3.7637261e-02   2.8599305e-02   2.1729295e-02
   2.0791667e+03   3.7641540e-02   2.8584569e-02   2.1704431e-02
   2.0792500e+03   3.7646094e-02   2.8569980e-02   2.1679650e-02
   2.0793333e+03   3.7649201e-02   2.8554545e-02   2.1654437e-02
   2.0794167e+03   3.7645332e-02   2.8535087e-02   2.1627149e-02
   2.0795000e+03   3.7637339e-02   2.8513253e-02   2.1598645e-02
   2.0795833e+03   3.7623713e-02   2.8488185e-02   2.1568486e-02
   2.0796667e+03   3.7605636e-02   2.8460565e-02   2.1537027e-02
   2.0797500e+03   3.7589845e-02   2.8434264e-02   2.1506265e-02
   2.0798333e+03   3.7584600e-02   2.8414010e-02   2.1478627e-02
   2.0799167e+03   3.7586777e-02   2.8398001e-02   2.1453180e-02
   2.0800000e+03   3.7591241e-02   2.8383290e-02   2.1428407e-02
   2.0800833e+03   3.7595559e-02   2.8368486e-02   2.1403591e-02
   2.0801667e+03   3.7599876e-02   2.8353669e-02   2.1378775e-02
   2.0802500e+03   3.7604425e-02   2.8338973e-02   2.1354027e-02
   2.0803333e+03   3.7607421e-02   2.8323381e-02   2.1328828e-02
   2.0804167e+03   3.7603288e-02   2.8303723e-02   2.1301565e-02
   2.0805000e+03   3.7594973e-02   2.8281683e-02   2.1273101e-02
   2.0805833e+03   3.7580960e-02   2.8256407e-02   2.1243005e-02
   2.0806667e+03   3.7562449e-02   2.8228582e-02   2.1211632e-02
   2.0807500e+03   3.7546248e-02   2.8202075e-02   2.1180945e-02
   2.0808333e+03   3.7540719e-02   2.8181622e-02   2.1153342e-02
   2.0809167e+03   3.7542754e-02   2.8165448e-02   2.1127914e-02
   2.0810000e+03   3.7547186e-02   2.8150621e-02   2.1103175e-02
   2.0810833e+03   3.7551538e-02   2.8135738e-02   2.1078415e-02
   2.0811667e+03   3.7555889e-02   2.8120843e-02   2.1053655e-02
   2.0812500e+03   3.7560430e-02   2.8106045e-02   2.1028951e-02
   2.0813333e+03   3.7563311e-02   2.8090300e-02   2.1003778e-02
   2.0814167e+03   3.7558910e-02   2.8070448e-02   2.0976551e-02
   2.0815000e+03   3.7550270e-02   2.8048210e-02   2.0948139e-02
   2.0815833e+03   3.7535866e-02   2.8022733e-02   2.0918121e-02
   2.0816667e+03   3.7516919e-02   2.7994713e-02   2.0886846e-02
   2.0817500e+03   3.7500304e-02   2.7968009e-02   2.0856248e-02
   2.0818333e+03   3.7494489e-02   2.7947363e-02   2.0828691e-02
   2.0819167e+03   3.7496379e-02   2.7931029e-02   2.0803295e-02
   2.0820000e+03   3.7500774e-02   2.7916089e-02   2.0778600e-02
   2.0820833e+03   3.7505156e-02   2.7901130e-02   2.0753904e-02
   2.0821667e+03   3.7509537e-02   2.7886160e-02   2.0729210e-02
   2.0822500e+03   3.7514066e-02   2.7871262e-02   2.0704558e-02
   2.0823333e+03   3.7516827e-02   2.7855369e-02   2.0679421e-02
   2.0824167e+03   3.7512156e-02   2.7835330e-02   2.0652243e-02
   2.0825000e+03   3.7503187e-02   2.7812900e-02   2.0623897e-02
   2.0825833e+03   3.7488389e-02   2.7787232e-02   2.0593968e-02
   2.0826667e+03   3.7469003e-02   2.7759024e-02   2.0562806e-02
   2.0827500e+03   3.7451973e-02   2.7732132e-02   2.0532310e-02
   2.0828333e+03   3.7445867e-02   2.7711300e-02   2.0504811e-02
   2.0829167e+03   3.7447608e-02   2.7694812e-02   2.0479457e-02
   2.0830000e+03   3.7451963e-02   2.7679761e-02   2.0454816e-02
   2.0830833e+03   3.7456371e-02   2.7664730e-02   2.0430193e-02
   2.0831667e+03   3.7460778e-02   2.7649688e-02   2.0405573e-02
   2.0832500e+03   3.7465290e-02   2.7634694e-02   2.0380983e-02
   2.0833333e+03   3.7467928e-02   2.7618657e-02   2.0355893e-02
   2.0834167e+03   3.7462982e-02   2.7598438e-02   2.0328776e-02
   2.0835000e+03   3.7453682e-02   2.7575823e-02   2.0300507e-02
   2.0835833e+03   3.7438487e-02   2.7549972e-02   2.0270682e-02
   2.0836667e+03   3.7418661e-02   2.7521586e-02   2.0239644e-02
   2.0837500e+03   3.7401212e-02   2.7494513e-02   2.0209263e-02
   2.0838333e+03   3.7394812e-02   2.7473502e-02   2.0181834e-02
   2.0839167e+03   3.7396400e-02   2.7456864e-02   2.0156533e-02
   2.0840000e+03   3.7400711e-02   2.7441708e-02   2.0131956e-02
   2.0840833e+03   3.7405141e-02   2.7426607e-02   2.0107414e-02
   2.0841667e+03   3.7409570e-02   2.7411496e-02   2.0082876e-02
   2.0842500e+03   3.7414062e-02   2.7396408e-02   2.0058358e-02
   2.0843333e+03   3.7416572e-02   2.7380232e-02   2.0033325e-02
   2.0844167e+03   3.7411349e-02   2.7359840e-02   2.0006281e-02
   2.0845000e+03   3.7401714e-02   2.7337049e-02   1.9978102e-02
   2.0845833e+03   3.7386120e-02   2.7311022e-02   1.9948391e-02
   2.0846667e+03   3.7365850e-02   2.7282466e-02   1.9917490e-02
   2.0847500e+03   3.7347980e-02   2.7255222e-02   1.9887237e-02
   2.0848333e+03   3.7341283e-02   2.7234039e-02   1.9859890e-02
   2.0849167e+03   3.7342714e-02   2.7217256e-02   1.9834652e-02
   2.0850000e+03   3.7346978e-02   2.7201998e-02   1.9810148e-02
   2.0850833e+03   3.7351426e-02   2.7186830e-02   1.9785697e-02
   2.0851667e+03   3.7355873e-02   2.7171652e-02   1.9761249e-02
   2.0852500e+03   3.7360340e-02   2.7156476e-02   1.9736811e-02
   2.0853333e+03   3.7362720e-02   2.7140166e-02   1.9711846e-02
   2.0854167e+03   3.7357216e-02   2.7119607e-02   1.9684886e-02
   2.0855000e+03   3.7347243e-02   2.7096645e-02   1.9656808e-02
   2.0855833e+03   3.7331247e-02   2.7070452e-02   1.9627224e-02
   2.0856667e+03   3.7310531e-02   2.7041735e-02   1.9596473e-02
   2.0857500e+03   3.7292238e-02   2.7014328e-02   1.9566358e-02
   2.0858333e+03   3.7285241e-02   2.6992980e-02   1.9539106e-02
   2.0859167e+03   3.7286512e-02   2.6976057e-02   1.9513941e-02
   2.0860000e+03   3.7290723e-02   2.6960701e-02   1.9489520e-02
   2.0860833e+03   3.7295185e-02   2.6945469e-02   1.9465166e-02
   2.0861667e+03   3.7299647e-02   2.6930228e-02   1.9440817e-02
   2.0862500e+03   3.7304086e-02   2.6914966e-02   1.9416468e-02
   2.0863333e+03   3.7306330e-02   2.6898526e-02   1.9391581e-02
   2.0864167e+03   3.7300542e-02   2.6877808e-02   1.9364717e-02
   2.0865000e+03   3.7290229e-02   2.6854684e-02   1.9336751e-02
   2.0865833e+03   3.7273828e-02   2.6828332e-02   1.9307307e-02
   2.0866667e+03   3.7252665e-02   2.6799463e-02   1.9276716e-02
   2.0867500e+03   3.7233946e-02   2.6771901e-02   1.9246752e-02
   2.0868333e+03   3.7226645e-02   2.6750395e-02   1.9219605e-02
   2.0869167e+03   3.7227752e-02   2.6733339e-02   1.9194524e-02
   2.0870000e+03   3.7231907e-02   2.6717888e-02   1.9170193e-02
   2.0870833e+03   3.7236380e-02   2.6702595e-02   1.9145946e-02
   2.0871667e+03   3.7240852e-02   2.6687294e-02   1.9121704e-02
   2.0872500e+03   3.7245258e-02   2.6671949e-02   1.9097453e-02
   2.0873333e+03   3.7247364e-02   2.6655385e-02   1.9072653e-02
   2.0874167e+03   3.7241289e-02   2.6634513e-02   1.9045895e-02
   2.0875000e+03   3.7230632e-02   2.6611235e-02   1.9018053e-02
   2.0875833e+03   3.7213824e-02   2.6584733e-02   1.8988759e-02
   2.0876667e+03   3.7192211e-02   2.6555721e-02   1.8958341e-02
   2.0877500e+03   3.7173065e-02   2.6528013e-02   1.8928540e-02
   2.0878333e+03   3.7165457e-02   2.6506356e-02   1.8901508e-02
   2.0879167e+03   3.7166396e-02   2.6489170e-02   1.8876520e-02
   2.0880000e+03   3.7170492e-02   2.6473629e-02   1.8852290e-02
   2.0880833e+03   3.7174971e-02   2.6458279e-02   1.8828156e-02
   2.0881667e+03   3.7179449e-02   2.6442921e-02   1.8804030e-02
   2.0882500e+03   3.7183819e-02   2.6427497e-02   1.8779884e-02
   2.0883333e+03   3.7185782e-02   2.6410814e-02   1.8755181e-02
   2.0884167e+03   3.7179417e-02   2.6389795e-02   1.8728540e-02
   2.0885000e+03   3.7168413e-02   2.6366370e-02   1.8700833e-02
   2.0885833e+03   3.7151197e-02   2.6339726e-02   1.8671700e-02
   2.0886667e+03   3.7129132e-02   2.6310579e-02   1.8641466e-02
   2.0887500e+03   3.7109556e-02   2.6282734e-02   1.8611838e-02
   2.0888333e+03   3.7101640e-02   2.6260934e-02   1.8584932e-02
   2.0889167e+03   3.7102406e-02   2.6243624e-02   1.8560048e-02
   2.0890000e+03   3.7106439e-02   2.6227996e-02   1.8535926e-02
   2.0890833e+03   3.7110920e-02   2.6212592e-02   1.8511914e-02
   2.0891667e+03   3.7115401e-02   2.6197179e-02   1.8487910e-02
   2.0892500e+03   3.7119730e-02   2.6181681e-02   1.8463878e-02
   2.0893333e+03   3.7121547e-02   2.6164883e-02   1.8439282e-02
   2.0894167e+03   3.7114888e-02   2.6143725e-02   1.8412768e-02
   2.0895000e+03   3.7103536e-02   2.6120160e-02   1.8385206e-02
   2.0895833e+03   3.7085909e-02   2.6093383e-02   1.8356246e-02
   2.0896667e+03   3.7063391e-02   2.6064110e-02   1.8326206e-02
   2.0897500e+03   3.7043383e-02   2.6036137e-02   1.8296762e-02
   2.0898333e+03   3.7035154e-02   2.6014199e-02   1.8269993e-02
   2.0899167e+03   3.7035746e-02   2.5996771e-02   1.8245221e-02
   2.0900000e+03   3.7039711e-02   2.5981060e-02   1.8221216e-02
   2.0900833e+03   3.7044190e-02   2.5965605e-02   1.8197333e-02
   2.0901667e+03   3.7048669e-02   2.5950141e-02   1.8173459e-02
   2.0902500e+03   3.7052955e-02   2.5934572e-02   1.8149549e-02
   2.0903333e+03   3.7054622e-02   2.5917664e-02   1.8125068e-02
   2.0904167e+03   3.7047667e-02   2.5896373e-02   1.8098691e-02
   2.0905000e+03   3.7035963e-02   2.5872676e-02   1.8071286e-02
   2.0905833e+03   3.7017923e-02   2.5845774e-02   1.8042508e-02
   2.0906667e+03   3.6994950e-02   2.5816385e-02   1.8012673e-02
   2.0907500e+03   3.6974509e-02   2.5788292e-02   1.7983422e-02
   2.0908333e+03   3.6965965e-02   2.5766224e-02   1.7956800e-02
   2.0909167e+03   3.6966378e-02   2.5748683e-02   1.7932150e-02
   2.0910000e+03   3.6970271e-02   2.5732894e-02   1.7908270e-02
   2.0910833e+03   3.6974745e-02   2.5717390e-02   1.7884524e-02
   2.0911667e+03   3.6979219e-02   2.5701879e-02   1.7860787e-02
   2.0912500e+03   3.6983456e-02   2.5686242e-02   1.7837007e-02
   2.0913333e+03   3.6984970e-02   2.5669230e-02   1.7812650e-02
   2.0914167e+03   3.6977715e-02   2.5647813e-02   1.7786420e-02
   2.0915000e+03   3.6965658e-02   2.5623992e-02   1.7759180e-02
   2.0915833e+03   3.6947203e-02   2.5596973e-02   1.7730594e-02
   2.0916667e+03   3.6923773e-02   2.5567476e-02   1.7700974e-02
   2.0917500e+03   3.6902898e-02   2.5539271e-02   1.7671928e-02
   2.0918333e+03   3.6894036e-02   2.5517081e-02   1.7645462e-02
   2.0919167e+03   3.6894267e-02   2.5499432e-02   1.7620943e-02
   2.0920000e+03   3.6898085e-02   2.5483569e-02   1.7597195e-02
   2.0920833e+03   3.6902549e-02   2.5468020e-02   1.7573593e-02
   2.0921667e+03   3.6907013e-02   2.5452465e-02   1.7550000e-02
   2.0922500e+03   3.6911199e-02   2.5436765e-02   1.7526358e-02
   2.0923333e+03   3.6912556e-02   2.5419653e-02   1.7502133e-02
   2.0924167e+03   3.6904999e-02   2.5398117e-02   1.7476061e-02
   2.0925000e+03   3.6892586e-02   2.5374179e-02   1.7448996e-02
   2.0925833e+03   3.6873714e-02   2.5347051e-02   1.7420612e-02
   2.0926667e+03   3.6849827e-02   2.5317456e-02   1.7391216e-02
   2.0927500e+03   3.6828514e-02   2.5289148e-02   1.7362384e-02
   2.0928333e+03   3.6819333e-02   2.5266842e-02   1.7336084e-02
   2.0929167e+03   3.6819378e-02   2.5249092e-02   1.7311704e-02
   2.0930000e+03   3.6823117e-02   2.5233157e-02   1.7288096e-02
   2.0930833e+03   3.6827567e-02   2.5217568e-02   1.7264645e-02
   2.0931667e+03   3.6832019e-02   2.5201971e-02   1.7241203e-02
   2.0932500e+03   3.6836148e-02   2.5186211e-02   1.7217705e-02
   2.0933333e+03   3.6837344e-02   2.5169005e-02   1.7193622e-02
   2.0934167e+03   3.6829483e-02   2.5147357e-02   1.7167715e-02
   2.0935000e+03   3.6816711e-02   2.5123310e-02   1.7140835e-02
   2.0935833e+03   3.6797421e-02   2.5096082e-02   1.7112662e-02
   2.0936667e+03   3.6773075e-02   2.5066397e-02   1.7083500e-02
   2.0937500e+03   3.6751326e-02   2.5037995e-02   1.7054891e-02
   2.0938333e+03   3.6741821e-02   2.5015580e-02   1.7028766e-02
   2.0939167e+03   3.6741678e-02   2.4997733e-02   1.7004534e-02
   2.0940000e+03   3.6745334e-02   2.4981732e-02   1.6981073e-02
   2.0940833e+03   3.6749766e-02   2.4966104e-02   1.6957779e-02
   2.0941667e+03   3.6754200e-02   2.4950471e-02   1.6934495e-02
   2.0942500e+03   3.6758270e-02   2.4934654e-02   1.6911150e-02
   2.0943333e+03   3.6759302e-02   2.4917359e-02   1.6887215e-02
   2.0944167e+03   3.6751133e-02   2.4895606e-02   1.6861483e-02
   2.0945000e+03   3.6738001e-02   2.4871457e-02   1.6834796e-02
   2.0945833e+03   3.6718292e-02   2.4844137e-02   1.6806844e-02
   2.0946667e+03   3.6693487e-02   2.4814371e-02   1.6777924e-02
   2.0947500e+03   3.6671298e-02   2.4785883e-02   1.6749547e-02
   2.0948333e+03   3.6661468e-02   2.4763367e-02   1.6723605e-02
   2.0949167e+03   3.6661133e-02   2.4745428e-02   1.6699529e-02
   2.0950000e+03   3.6664702e-02   2.4729366e-02   1.6676224e-02
   2.0950833e+03   3.6669113e-02   2.4713703e-02   1.6653093e-02
   2.0951667e+03   3.6673526e-02   2.4698035e-02   1.6629973e-02
   2.0952500e+03   3.6677532e-02   2.4682166e-02   1.6606787e-02
   2.0953333e+03   3.6678396e-02   2.4664787e-02   1.6583009e-02
   2.0954167e+03   3.6669918e-02   2.4642936e-02   1.6557460e-02
   2.0955000e+03   3.6656424e-02   2.4618693e-02   1.6530975e-02
   2.0955833e+03   3.6636293e-02   2.4591290e-02   1.6503252e-02
   2.0956667e+03   3.6611028e-02   2.4561451e-02   1.6474583e-02
   2.0957500e+03   3.6588399e-02   2.4532886e-02   1.6446446e-02
   2.0958333e+03   3.6578242e-02   2.4510276e-02   1.6420697e-02
   2.0959167e+03   3.6577711e-02   2.4492251e-02   1.6396784e-02
   2.0960000e+03   3.6581190e-02   2.4476131e-02   1.6373641e-02
   2.0960833e+03   3.6585576e-02   2.4460437e-02   1.6350680e-02
   2.0961667e+03   3.6589963e-02   2.4444738e-02   1.6327731e-02
   2.0962500e+03   3.6593902e-02   2.4428821e-02   1.6304710e-02
   2.0963333e+03   3.6594595e-02   2.4411363e-02   1.6281097e-02
   2.0964167e+03   3.6585805e-02   2.4389420e-02   1.6255739e-02
   2.0965000e+03   3.6571946e-02   2.4365091e-02   1.6229464e-02
   2.0965833e+03   3.6551393e-02   2.4337612e-02   1.6201979e-02
   2.0966667e+03   3.6525667e-02   2.4307710e-02   1.6173569e-02
   2.0967500e+03   3.6502598e-02   2.4279076e-02   1.6145681e-02
   2.0968333e+03   3.6492112e-02   2.4256379e-02   1.6120131e-02
   2.0969167e+03   3.6491382e-02   2.4238274e-02   1.6096390e-02
   2.0970000e+03   3.6494766e-02   2.4222100e-02   1.6073415e-02
   2.0970833e+03   3.6499123e-02   2.4206378e-02   1.6050630e-02
   2.0971667e+03   3.6503482e-02   2.4190652e-02   1.6027858e-02
   2.0972500e+03   3.6507349e-02   2.4174690e-02   1.6005009e-02
   2.0973333e+03   3.6507868e-02   2.4157159e-02   1.5981567e-02
   2.0974167e+03   3.6498763e-02   2.4135132e-02   1.5956409e-02
   2.0975000e+03   3.6484539e-02   2.4110723e-02   1.5930352e-02
   2.0975833e+03   3.6463563e-02   2.4083177e-02   1.5903112e-02
   2.0976667e+03   3.6437375e-02   2.4053220e-02   1.5874969e-02
   2.0977500e+03   3.6413864e-02   2.4024527e-02   1.5847337e-02
   2.0978333e+03   3.6403047e-02   2.4001749e-02   1.5821996e-02
   2.0979167e+03   3.6402115e-02   2.3983570e-02   1.5798433e-02
   2.0980000e+03   3.6405401e-02   2.3967346e-02   1.5775633e-02
   2.0980833e+03   3.6409725e-02   2.3951600e-02   1.5753030e-02
   2.0981667e+03   3.6414051e-02   2.3935849e-02   1.5730440e-02
   2.0982500e+03   3.6417844e-02   2.3919847e-02   1.5707769e-02
   2.0983333e+03   3.6418185e-02   2.3902247e-02   1.5684507e-02
   2.0984167e+03   3.6408763e-02   2.3880143e-02   1.5659554e-02
   2.0985000e+03   3.6394172e-02   2.3855662e-02   1.5633724e-02
   2.0985833e+03   3.6372772e-02   2.3828058e-02   1.5606736e-02
   2.0986667e+03   3.6346123e-02   2.3798055e-02   1.5578868e-02
   2.0987500e+03   3.6322170e-02   2.3769309e-02   1.5551500e-02
   2.0988333e+03   3.6311019e-02   2.3746459e-02   1.5526374e-02
   2.0989167e+03   3.6309882e-02   2.3728210e-02   1.5502996e-02
   2.0990000e+03   3.6313067e-02   2.3711942e-02   1.5480378e-02
   2.0990833e+03   3.6317354e-02   2.3696174e-02   1.5457962e-02
   2.0991667e+03   3.6321643e-02   2.3680402e-02   1.5435560e-02
   2.0992500e+03   3.6325357e-02   2.3664364e-02   1.5413073e-02
   2.0993333e+03   3.6325517e-02   2.3646701e-02   1.5389997e-02
   2.0994167e+03   3.6315777e-02   2.3624526e-02   1.5365259e-02
   2.0995000e+03   3.6300816e-02   2.3599981e-02   1.5339661e-02
   2.0995833e+03   3.6278992e-02   2.3572326e-02   1.5312933e-02
   2.0996667e+03   3.6251881e-02   2.3542286e-02   1.5285346e-02
   2.0997500e+03   3.6227486e-02   2.3513497e-02   1.5258249e-02
   2.0998333e+03   3.6215999e-02   2.3490581e-02   1.5233345e-02
   2.0999167e+03   3.6214655e-02   2.3472268e-02   1.5210160e-02
   2.1000000e+03   3.6217735e-02   2.3455958e-02   1.5187729e-02
   2.1000833e+03   3.6221981e-02   2.3440173e-02   1.5165506e-02
   2.1001667e+03   3.6226229e-02   2.3424384e-02   1.5143298e-02
   2.1002500e+03   3.6229861e-02   2.3408314e-02   1.5121001e-02
   2.1003333e+03   3.6229837e-02   2.3390592e-02   1.5098116e-02
   2.1004167e+03   3.6219776e-02   2.3368353e-02   1.5073599e-02
   2.1005000e+03   3.6204445e-02   2.3343752e-02   1.5048242e-02
   2.1005833e+03   3.6182196e-02   2.3316055e-02   1.5021781e-02
   2.1006667e+03   3.6154623e-02   2.3285985e-02   1.4994482e-02
   2.1007500e+03   3.6129785e-02   2.3257162e-02   1.4967662e-02
   2.1008333e+03   3.6117962e-02   2.3234187e-02   1.4942988e-02
   2.1009167e+03   3.6116407e-02   2.3215816e-02   1.4920001e-02
