   2.0000000e+03   1.0000000e+00   1.0000000e+00   1.0000000e+00
   2.0000833e+03   1.0000000e+00   1.0000000e+00   1.0000000e+00
   2.0001667e+03   1.0000000e+00   1.0000000e+00   1.0000000e+00
   2.0002500e+03   1.0000000e+00   1.0000000e+00   1.0000000e+00
   2.0003333e+03   1.0000000e+00   1.0000000e+00   1.0000000e+00
   2.0004167e+03   1.0000000e+00   1.0000000e+00   1.0000000e+00
   2.0005000e+03   1.0000000e+00   1.0000000e+00   1.0000000e+00
   2.0005833e+03   1.0000000e+00   1.0000000e+00   1.0000000e+00
   2.0006667e+03   1.0000000e+00   1.0000000e+00   1.0000000e+00
   2.0007500e+03   1.0000000e+00   1.0000000e+00   1.0000000e+00
   2.0008333e+03   1.0000000e+00   1.0000000e+00   1.0000000e+00
   2.0009167e+03   1.0000000e+00   1.0000000e+00   1.0000000e+00
   2.0010000e+03   9.9995713e-01   9.9995659e-01   9.9995606e-01
   2.0010833e+03   9.9984840e-01   9.9984681e-01   9.9984523e-01
   2.0011667e+03   9.9973534e-01   9.9973219e-01   9.9972904e-01
   2.0012500e+03   9.9966441e-01   9.9965913e-01   9.9965385e-01
   2.0013333e+03   9.9968430e-01   9.9967626e-01   9.9966823e-01
   2.0014167e+03   9.9975269e-01   9.9974128e-01   9.9972986e-01
   2.0015000e+03   9.9982228e-01   9.9980692e-01   9.9979156e-01
   2.0015833e+03   9.9986690e-01   9.9984708e-01   9.9982726e-01
   2.0016667e+03   5.9992916e-01   5.9991429e-01   5.9989942e-01
   2.0017500e+03   5.9994373e-01   5.9992554e-01   5.9990735e-01
   2.0018333e+03   5.9998493e-01   5.9996302e-01   5.9994111e-01
   2.0019167e+03   6.0000763e-01   5.9998170e-01   5.9995577e-01
   2.0020000e+03   5.9998386e-01   5.9995372e-01   5.9992358e-01
   2.0020833e+03   5.9992105e-01   5.9988649e-01   5.9985194e-01
   2.0021667e+03   5.9985567e-01   5.9981640e-01   5.9977712e-01
   2.0022500e+03   5.9981529e-01   5.9977088e-01   5.9972648e-01
   2.0023333e+03   5.9982854e-01   5.9977849e-01   5.9972843e-01
   2.0024167e+03   5.9986987e-01   5.9981372e-01   5.9975756e-01
   2.0025000e+03   5.9991138e-01   5.9984878e-01   5.9978618e-01
   2.0025833e+03   5.9993714e-01   5.9986782e-01   5.9979852e-01
   2.0026667e+03   5.9994467e-01   5.9986839e-01   5.9979213e-01
   2.0027500e+03   5.9995789e-01   5.9987429e-01   5.9979070e-01
   2.0028333e+03   5.9999878e-01   5.9990737e-01   5.9981597e-01
   2.0029167e+03   6.0002254e-01   5.9992308e-01   5.9982363e-01
   2.0030000e+03   6.0000070e-01   5.9989310e-01   5.9978552e-01
   2.0030833e+03   5.9994029e-01   5.9982446e-01   5.9970865e-01
   2.0031667e+03   5.9987735e-01   5.9975298e-01   5.9962864e-01
   2.0032500e+03   5.9983911e-01   5.9970573e-01   5.9957238e-01
   2.0033333e+03   5.9985366e-01   5.9971059e-01   5.9956757e-01
   2.0034167e+03   5.9989525e-01   5.9974199e-01   5.9958876e-01
   2.0035000e+03   5.9993648e-01   5.9977267e-01   5.9960890e-01
   2.0035833e+03   5.9996119e-01   5.9978661e-01   5.9961208e-01
   2.0036667e+03   5.9996721e-01   5.9978166e-01   5.9959617e-01
   2.0037500e+03   5.9997905e-01   5.9978215e-01   5.9958532e-01
   2.0038333e+03   6.0001959e-01   5.9981078e-01   5.9960204e-01
   2.0039167e+03   6.0004439e-01   5.9982345e-01   5.9960258e-01
   2.0040000e+03   6.0002445e-01   5.9979142e-01   5.9955847e-01
   2.0040833e+03   5.9996642e-01   5.9972130e-01   5.9947629e-01
   2.0041667e+03   5.9990588e-01   5.9964839e-01   5.9939100e-01
   2.0042500e+03   5.9986976e-01   5.9959934e-01   5.9932904e-01
   2.0043333e+03   5.9988557e-01   5.9960141e-01   5.9931737e-01
   2.0044167e+03   5.9992740e-01   5.9962890e-01   5.9933055e-01
   2.0045000e+03   5.9996832e-01   5.9965515e-01   5.9934213e-01
   2.0045833e+03   5.9999196e-01   5.9966394e-01   5.9933609e-01
   2.0046667e+03   5.9999643e-01   5.9965342e-01   5.9931061e-01
   2.0047500e+03   6.0000685e-01   5.9964846e-01   5.9929028e-01
   2.0048333e+03   6.0004702e-01   5.9967258e-01   5.9929837e-01
   2.0049167e+03   6.0007283e-01   5.9968215e-01   5.9929172e-01
   2.0050000e+03   6.0005475e-01   5.9964800e-01   5.9924152e-01
   2.0050833e+03   5.9999908e-01   5.9957636e-01   5.9915394e-01
   2.0051667e+03   5.9994092e-01   5.9950195e-01   5.9906329e-01
   2.0052500e+03   5.9990688e-01   5.9945104e-01   5.9899554e-01
   2.0053333e+03   5.9992393e-01   5.9945025e-01   5.9897694e-01
   2.0054167e+03   5.9996597e-01   5.9947380e-01   5.9898202e-01
   2.0055000e+03   6.0000655e-01   5.9949555e-01   5.9898498e-01
   2.0055833e+03   6.0002908e-01   5.9949914e-01   5.9896966e-01
   2.0056667e+03   6.0003196e-01   5.9948302e-01   5.9893456e-01
   2.0057500e+03   6.0004093e-01   5.9947255e-01   5.9890469e-01
   2.0058333e+03   6.0008070e-01   5.9949210e-01   5.9890408e-01
   2.0059167e+03   6.0010749e-01   5.9949852e-01   5.9889016e-01
   2.0060000e+03   6.0009126e-01   5.9946220e-01   5.9883379e-01
   2.0060833e+03   6.0003791e-01   5.9938898e-01   5.9874073e-01
   2.0061667e+03   5.9998210e-01   5.9931301e-01   5.9864465e-01
   2.0062500e+03   5.9995013e-01   5.9926019e-01   5.9857103e-01
   2.0063333e+03   5.9996838e-01   5.9925649e-01   5.9854542e-01
   2.0064167e+03   6.0001060e-01   5.9927602e-01   5.9854232e-01
   2.0065000e+03   6.0005082e-01   5.9929323e-01   5.9853659e-01
   2.0065833e+03   6.0007219e-01   5.9929157e-01   5.9851194e-01
   2.0066667e+03   6.0007347e-01   5.9926979e-01   5.9846716e-01
   2.0067500e+03   6.0008095e-01   5.9925377e-01   5.9842771e-01
   2.0068333e+03   6.0012028e-01   5.9926871e-01   5.9841833e-01
   2.0069167e+03   6.0014803e-01   5.9927192e-01   5.9839707e-01
   2.0070000e+03   6.0013362e-01   5.9923337e-01   5.9833445e-01
   2.0070833e+03   6.0008256e-01   5.9915850e-01   5.9823584e-01
   2.0071667e+03   6.0002908e-01   5.9908092e-01   5.9813424e-01
   2.0072500e+03   5.9999914e-01   5.9902613e-01   5.9805467e-01
   2.0073333e+03   6.0001858e-01   5.9901946e-01   5.9802197e-01
   2.0074167e+03   6.0006095e-01   5.9903493e-01   5.9801064e-01
   2.0075000e+03   6.0010076e-01   5.9904754e-01   5.9799615e-01
   2.0075833e+03   6.0012096e-01   5.9904058e-01   5.9796211e-01
   2.0076667e+03   6.0012059e-01   5.9901310e-01   5.9790763e-01
   2.0077500e+03   6.0012655e-01   5.9899149e-01   5.9785855e-01
   2.0078333e+03   6.0016542e-01   5.9900177e-01   5.9784034e-01
   2.0079167e+03   6.0019409e-01   5.9900171e-01   5.9781166e-01
   2.0080000e+03   6.0018147e-01   5.9896087e-01   5.9774272e-01
   2.0080833e+03   6.0013268e-01   5.9888430e-01   5.9763848e-01
   2.0081667e+03   6.0008149e-01   5.9880506e-01   5.9753130e-01
   2.0082500e+03   6.0005356e-01   5.9874824e-01   5.9744571e-01
   2.0083333e+03   6.0007415e-01   5.9873854e-01   5.9740585e-01
   2.0084167e+03   6.0011664e-01   5.9874990e-01   5.9738621e-01
   2.0085000e+03   6.0015602e-01   5.9875786e-01   5.9736291e-01
   2.0085833e+03   6.0017502e-01   5.9874555e-01   5.9731944e-01
   2.0086667e+03   6.0017296e-01   5.9871233e-01   5.9725521e-01
   2.0087500e+03   6.0017738e-01   5.9868509e-01   5.9719646e-01
   2.0088333e+03   6.0021575e-01   5.9869066e-01   5.9716938e-01
   2.0089167e+03   6.0024532e-01   5.9868727e-01   5.9713321e-01
   2.0090000e+03   6.0023445e-01   5.9864409e-01   5.9705788e-01
   2.0090833e+03   6.0018791e-01   5.9856576e-01   5.9694794e-01
   2.0091667e+03   6.0013900e-01   5.9848480e-01   5.9683510e-01
   2.0092500e+03   6.0011305e-01   5.9842590e-01   5.9674342e-01
   2.0093333e+03   6.0013476e-01   5.9841311e-01   5.9669633e-01
   2.0094167e+03   6.0017734e-01   5.9842030e-01   5.9666833e-01
   2.0095000e+03   6.0021626e-01   5.9842357e-01   5.9663616e-01
   2.0095833e+03   6.0023401e-01   5.9840587e-01   5.9658322e-01
   2.0096667e+03   3.0011512e-01   2.9918344e-01   2.9825461e-01
   2.0097500e+03   3.0011654e-01   2.9916698e-01   2.9822039e-01
   2.0098333e+03   3.0013546e-01   2.9916738e-01   2.9820238e-01
   2.0099167e+03   3.0015068e-01   2.9916400e-01   2.9818052e-01
   2.0100000e+03   3.0014611e-01   2.9914121e-01   2.9813962e-01
   2.0100833e+03   3.0012395e-01   2.9910114e-01   2.9808177e-01
   2.0101667e+03   3.0010062e-01   2.9905977e-01   2.9802249e-01
   2.0102500e+03   3.0008862e-01   2.9902925e-01   2.9797357e-01
   2.0103333e+03   3.0010002e-01   2.9902128e-01   2.9794638e-01
   2.0104167e+03   3.0012134e-01   2.9902277e-01   2.9792817e-01
   2.0105000e+03   3.0014055e-01   2.9902203e-01   2.9790763e-01
   2.0105833e+03   3.0014879e-01   2.9901047e-01   2.9787641e-01
   2.0106667e+03   3.0014604e-01   2.9898806e-01   2.9783450e-01
   2.0107500e+03   3.0014665e-01   2.9896875e-01   2.9779542e-01
   2.0108333e+03   3.0016529e-01   2.9896674e-01   2.9777293e-01
   2.0109167e+03   3.0018092e-01   2.9896164e-01   2.9774726e-01
   2.0110000e+03   3.0017721e-01   2.9893762e-01   2.9770310e-01
   2.0110833e+03   3.0015614e-01   2.9889663e-01   2.9764233e-01
   2.0111667e+03   3.0013392e-01   2.9885434e-01   2.9758016e-01
   2.0112500e+03   3.0012289e-01   2.9882272e-01   2.9752813e-01
   2.0113333e+03   3.0013482e-01   2.9881316e-01   2.9749726e-01
   2.0114167e+03   3.0015616e-01   2.9881251e-01   2.9747482e-01
   2.0115000e+03   3.0017511e-01   2.9880938e-01   2.9744980e-01
   2.0115833e+03   3.0018269e-01   2.9879508e-01   2.9741381e-01
   2.0116667e+03   3.0017905e-01   2.9876975e-01   2.9736700e-01
   2.0117500e+03   3.0017883e-01   2.9874756e-01   2.9732304e-01
   2.0118333e+03   3.0019718e-01   2.9874312e-01   2.9729604e-01
   2.0119167e+03   3.0021322e-01   2.9873628e-01   2.9726654e-01
   2.0120000e+03   3.0021035e-01   2.9871101e-01   2.9721909e-01
   2.0120833e+03   3.0019036e-01   2.9866905e-01   2.9715538e-01
   2.0121667e+03   3.0016923e-01   2.9862583e-01   2.9709028e-01
   2.0122500e+03   3.0015915e-01   2.9859309e-01   2.9703512e-01
   2.0123333e+03   3.0017160e-01   2.9858190e-01   2.9700054e-01
   2.0124167e+03   3.0019294e-01   2.9857909e-01   2.9697384e-01
   2.0125000e+03   3.0021161e-01   2.9857354e-01   2.9694432e-01
   2.0125833e+03   3.0021853e-01   2.9855649e-01   2.9690356e-01
   2.0126667e+03   3.0021397e-01   2.9852821e-01   2.9685182e-01
   2.0127500e+03   3.0021291e-01   2.9850313e-01   2.9680299e-01
   2.0128333e+03   3.0023095e-01   2.9849624e-01   2.9677147e-01
   2.0129167e+03   3.0024738e-01   2.9848763e-01   2.9673810e-01
   2.0130000e+03   3.0024534e-01   2.9846108e-01   2.9668733e-01
   2.0130833e+03   3.0022642e-01   2.9841814e-01   2.9662065e-01
   2.0131667e+03   3.0020637e-01   2.9837395e-01   2.9655260e-01
   2.0132500e+03   3.0019723e-01   2.9834006e-01   2.9649427e-01
   2.0133333e+03   3.0021019e-01   2.9832722e-01   2.9645596e-01
   2.0134167e+03   3.0023150e-01   2.9832223e-01   2.9642499e-01
   2.0135000e+03   3.0024988e-01   2.9831423e-01   2.9639095e-01
   2.0135833e+03   3.0025612e-01   2.9829441e-01   2.9634541e-01
   2.0136667e+03   3.0025064e-01   2.9826317e-01   2.9628875e-01
   2.0137500e+03   3.0024872e-01   2.9823518e-01   2.9623503e-01
   2.0138333e+03   3.0026643e-01   2.9822582e-01   2.9619897e-01
   2.0139167e+03   3.0028324e-01   2.9821542e-01   2.9616173e-01
   2.0140000e+03   3.0028200e-01   2.9818756e-01   2.9610761e-01
   2.0140833e+03   3.0026414e-01   2.9814361e-01   2.9603793e-01
   2.0141667e+03   3.0024516e-01   2.9809842e-01   2.9596690e-01
   2.0142500e+03   3.0023694e-01   2.9806336e-01   2.9590538e-01
   2.0143333e+03   3.0025039e-01   2.9804885e-01   2.9586332e-01
   2.0144167e+03   3.0027168e-01   2.9804165e-01   2.9582805e-01
   2.0145000e+03   3.0028975e-01   2.9803119e-01   2.9578949e-01
   2.0145833e+03   3.0029528e-01   2.9800858e-01   2.9573915e-01
   2.0146667e+03   3.0028886e-01   2.9797437e-01   2.9567757e-01
   2.0147500e+03   3.0028607e-01   2.9794345e-01   2.9561897e-01
   2.0148333e+03   3.0030343e-01   2.9793160e-01   2.9557835e-01
   2.0149167e+03   3.0032060e-01   2.9791938e-01   2.9553721e-01
   2.0150000e+03   3.0032017e-01   2.9789019e-01   2.9547972e-01
   2.0150833e+03   3.0030335e-01   2.9784520e-01   2.9540702e-01
   2.0151667e+03   3.0028543e-01   2.9779900e-01   2.9533299e-01
   2.0152500e+03   3.0027811e-01   2.9776273e-01   2.9526825e-01
   2.0153333e+03   3.0029204e-01   2.9774652e-01   2.9522241e-01
   2.0154167e+03   3.0031328e-01   2.9773709e-01   2.9518283e-01
   2.0155000e+03   3.0033103e-01   2.9772415e-01   2.9513974e-01
   2.0155833e+03   3.0033584e-01   2.9769873e-01   2.9508460e-01
   2.0156667e+03   3.0032846e-01   2.9766153e-01   2.9501811e-01
   2.0157500e+03   3.0032478e-01   2.9762768e-01   2.9495462e-01
   2.0158333e+03   3.0034178e-01   2.9761331e-01   2.9490944e-01
   2.0159167e+03   3.0035930e-01   2.9759925e-01   2.9486437e-01
   2.0160000e+03   3.0035965e-01   2.9756870e-01   2.9480349e-01
   2.0160833e+03   3.0034386e-01   2.9752265e-01   2.9472775e-01
   2.0161667e+03   3.0032698e-01   2.9747540e-01   2.9465070e-01
   2.0162500e+03   3.0032056e-01   2.9743791e-01   2.9458273e-01
   2.0163333e+03   3.0033496e-01   2.9741998e-01   2.9453309e-01
   2.0164167e+03   3.0035613e-01   2.9740830e-01   2.9448919e-01
   2.0165000e+03   3.0037354e-01   2.9739286e-01   2.9444155e-01
   2.0165833e+03   3.0037762e-01   2.9736461e-01   2.9438162e-01
   2.0166667e+03   3.0036926e-01   2.9732441e-01   2.9431021e-01
   2.0167500e+03   3.0036467e-01   2.9728761e-01   2.9424184e-01
   2.0168333e+03   3.0038130e-01   2.9727071e-01   2.9419210e-01
   2.0169167e+03   3.0039915e-01   2.9725478e-01   2.9414309e-01
   2.0170000e+03   3.0040027e-01   2.9722285e-01   2.9407880e-01
   2.0170833e+03   3.0038550e-01   2.9717571e-01   2.9400000e-01
   2.0171667e+03   3.0036965e-01   2.9712740e-01   2.9391991e-01
   2.0172500e+03   3.0036411e-01   2.9708865e-01   2.9384867e-01
   2.0173333e+03   3.0037895e-01   2.9706898e-01   2.9379523e-01
   2.0174167e+03   3.0040005e-01   2.9705502e-01   2.9374699e-01
   2.0175000e+03   3.0041710e-01   2.9703706e-01   2.9369480e-01
   2.0175833e+03   3.0042043e-01   2.9700598e-01   2.9363008e-01
   2.0176667e+03   3.0041108e-01   2.9696277e-01   2.9355377e-01
   2.0177500e+03   3.0040556e-01   2.9692299e-01   2.9348053e-01
   2.0178333e+03   3.0042180e-01   2.9690354e-01   2.9342622e-01
   2.0179167e+03   3.0043997e-01   2.9688573e-01   2.9337326e-01
   2.0180000e+03   3.0044185e-01   2.9685239e-01   2.9330554e-01
   2.0180833e+03   3.0042808e-01   2.9680415e-01   2.9322365e-01
   2.0181667e+03   3.0041324e-01   2.9675474e-01   2.9314050e-01
   2.0182500e+03   3.0040858e-01   2.9671472e-01   2.9306599e-01
   2.0183333e+03   3.0042385e-01   2.9669327e-01   2.9300872e-01
   2.0184167e+03   3.0044486e-01   2.9667703e-01   2.9295615e-01
   2.0185000e+03   3.0046154e-01   2.9665653e-01   2.9289941e-01
   2.0185833e+03   3.0046409e-01   2.9662259e-01   2.9282990e-01
   2.0186667e+03   3.0045374e-01   2.9657636e-01   2.9274870e-01
   2.0187500e+03   3.0044728e-01   2.9653360e-01   2.9267059e-01
   2.0188333e+03   3.0046311e-01   2.9651159e-01   2.9261171e-01
   2.0189167e+03   3.0048159e-01   2.9649186e-01   2.9255479e-01
   2.0190000e+03   3.0048421e-01   2.9645710e-01   2.9248363e-01
   2.0190833e+03   3.0047142e-01   2.9640772e-01   2.9239864e-01
   2.0191667e+03   3.0045759e-01   2.9635719e-01   2.9231242e-01
   2.0192500e+03   3.0045378e-01   2.9631588e-01   2.9223462e-01
   2.0193333e+03   3.0046947e-01   2.9629264e-01   2.9217352e-01
   2.0194167e+03   3.0049037e-01   2.9627408e-01   2.9211660e-01
   2.0195000e+03   3.0050666e-01   2.9625103e-01   2.9205531e-01
   2.0195833e+03   3.0050843e-01   2.9621423e-01   2.9198102e-01
   2.0196667e+03   1.5024852e-01   1.4808248e-01   1.4594747e-01
   2.0197500e+03   1.5024481e-01   1.4805961e-01   1.4590600e-01
   2.0198333e+03   1.5025252e-01   1.4804731e-01   1.4587427e-01
   2.0199167e+03   1.5026190e-01   1.4803648e-01   1.4584382e-01
   2.0200000e+03   1.5026358e-01   1.4801837e-01   1.4580652e-01
   2.0200833e+03   1.5025767e-01   1.4799310e-01   1.4576247e-01
   2.0201667e+03   1.5025125e-01   1.4796727e-01   1.4571781e-01
   2.0202500e+03   1.5024977e-01   1.4794595e-01   1.4567726e-01
   2.0203333e+03   1.5025782e-01   1.4793343e-01   1.4564479e-01
   2.0204167e+03   1.5026821e-01   1.4792298e-01   1.4561416e-01
   2.0205000e+03   1.5027615e-01   1.4791017e-01   1.4558124e-01
   2.0205833e+03   1.5027663e-01   1.4789033e-01   1.4554171e-01
   2.0206667e+03   1.5027042e-01   1.4786417e-01   1.4549624e-01
   2.0207500e+03   1.5026622e-01   1.4783980e-01   1.4545235e-01
   2.0208333e+03   1.5027371e-01   1.4782621e-01   1.4541835e-01
   2.0209167e+03   1.5028323e-01   1.4781440e-01   1.4538591e-01
   2.0210000e+03   1.5028526e-01   1.4779556e-01   1.4534687e-01
   2.0210833e+03   1.5027984e-01   1.4776970e-01   1.4530126e-01
   2.0211667e+03   1.5027390e-01   1.4774329e-01   1.4525505e-01
   2.0212500e+03   1.5027283e-01   1.4772129e-01   1.4521285e-01
   2.0213333e+03   1.5028108e-01   1.4770785e-01   1.4517845e-01
   2.0214167e+03   1.5029140e-01   1.4769624e-01   1.4514565e-01
   2.0215000e+03   1.5029913e-01   1.4768213e-01   1.4511046e-01
   2.0215833e+03   1.5029920e-01   1.4766085e-01   1.4506856e-01
   2.0216667e+03   1.5029246e-01   1.4763316e-01   1.4502067e-01
   2.0217500e+03   1.5028776e-01   1.4760729e-01   1.4497437e-01
   2.0218333e+03   1.5029503e-01   1.4759239e-01   1.4493809e-01
   2.0219167e+03   1.5030467e-01   1.4757960e-01   1.4490367e-01
   2.0220000e+03   1.5030706e-01   1.4756000e-01   1.4486289e-01
   2.0220833e+03   1.5030211e-01   1.4753354e-01   1.4481571e-01
   2.0221667e+03   1.5029666e-01   1.4750654e-01   1.4476795e-01
   2.0222500e+03   1.5029599e-01   1.4748386e-01   1.4472408e-01
   2.0223333e+03   1.5030442e-01   1.4746949e-01   1.4468776e-01
   2.0224167e+03   1.5031467e-01   1.4745670e-01   1.4465279e-01
   2.0225000e+03   1.5032218e-01   1.4744129e-01   1.4461533e-01
   2.0225833e+03   1.5032184e-01   1.4741856e-01   1.4457107e-01
   2.0226667e+03   1.5031455e-01   1.4738935e-01   1.4452078e-01
   2.0227500e+03   1.5030936e-01   1.4736197e-01   1.4447208e-01
   2.0228333e+03   1.5031638e-01   1.4734575e-01   1.4443353e-01
   2.0229167e+03   1.5032615e-01   1.4733196e-01   1.4439711e-01
   2.0230000e+03   1.5032888e-01   1.4731161e-01   1.4435460e-01
   2.0230833e+03   1.5032440e-01   1.4728454e-01   1.4430585e-01
   2.0231667e+03   1.5031942e-01   1.4725693e-01   1.4425653e-01
   2.0232500e+03   1.5031916e-01   1.4723357e-01   1.4421100e-01
   2.0233333e+03   1.5032777e-01   1.4721826e-01   1.4417275e-01
   2.0234167e+03   1.5033793e-01   1.4720427e-01   1.4413562e-01
   2.0235000e+03   1.5034521e-01   1.4718756e-01   1.4409590e-01
   2.0235833e+03   1.5034445e-01   1.4716337e-01   1.4404928e-01
   2.0236667e+03   1.5033662e-01   1.4713263e-01   1.4399660e-01
   2.0237500e+03   1.5033090e-01   1.4710374e-01   1.4394552e-01
   2.0238333e+03   1.5033768e-01   1.4708620e-01   1.4390471e-01
   2.0239167e+03   1.5034757e-01   1.4707141e-01   1.4386630e-01
   2.0240000e+03   1.5035063e-01   1.4705029e-01   1.4382205e-01
   2.0240833e+03   1.5034661e-01   1.4702260e-01   1.4377173e-01
   2.0241667e+03   1.5034210e-01   1.4699438e-01   1.4372085e-01
   2.0242500e+03   1.5034223e-01   1.4697031e-01   1.4367365e-01
   2.0243333e+03   1.5035102e-01   1.4695405e-01   1.4363347e-01
   2.0244167e+03   1.5036108e-01   1.4693887e-01   1.4359418e-01
   2.0245000e+03   1.5036814e-01   1.4692085e-01   1.4355222e-01
   2.0245833e+03   1.5036694e-01   1.4689520e-01   1.4350326e-01
   2.0246667e+03   1.5035855e-01   1.4686292e-01   1.4344819e-01
   2.0247500e+03   1.5035231e-01   1.4683252e-01   1.4339475e-01
   2.0248333e+03   1.5035884e-01   1.4681366e-01   1.4335168e-01
   2.0249167e+03   1.5036883e-01   1.4679785e-01   1.4331129e-01
   2.0250000e+03   1.5037223e-01   1.4677595e-01   1.4326529e-01
   2.0250833e+03   1.5036867e-01   1.4674764e-01   1.4321341e-01
   2.0251667e+03   1.5036465e-01   1.4671882e-01   1.4316099e-01
   2.0252500e+03   1.5036520e-01   1.4669406e-01   1.4311215e-01
   2.0253333e+03   1.5037417e-01   1.4667687e-01   1.4307006e-01
   2.0254167e+03   1.5038412e-01   1.4666047e-01   1.4302860e-01
   2.0255000e+03   1.5039089e-01   1.4664109e-01   1.4298437e-01
   2.0255833e+03   1.5038916e-01   1.4661391e-01   1.4293301e-01
   2.0256667e+03   1.5038009e-01   1.4657999e-01   1.4287549e-01
   2.0257500e+03   1.5037320e-01   1.4654795e-01   1.4281959e-01
   2.0258333e+03   1.5037940e-01   1.4652769e-01   1.4277421e-01
   2.0259167e+03   1.5038952e-01   1.4651089e-01   1.4273185e-01
   2.0260000e+03   1.5039334e-01   1.4648829e-01   1.4268419e-01
   2.0260833e+03   1.5039037e-01   1.4645946e-01   1.4263084e-01
   2.0261667e+03   1.5038694e-01   1.4643012e-01   1.4257696e-01
   2.0262500e+03   1.5038798e-01   1.4640474e-01   1.4252655e-01
   2.0263333e+03   1.5039715e-01   1.4638662e-01   1.4248256e-01
   2.0264167e+03   1.5040696e-01   1.4636897e-01   1.4243892e-01
   2.0265000e+03   1.5041340e-01   1.4634818e-01   1.4239237e-01
   2.0265833e+03   1.5041108e-01   1.4631941e-01   1.4233857e-01
   2.0266667e+03   1.5040125e-01   1.4628377e-01   1.4227854e-01
   2.0267500e+03   1.5039364e-01   1.4625006e-01   1.4222016e-01
   2.0268333e+03   1.5039949e-01   1.4622838e-01   1.4217246e-01
   2.0269167e+03   1.5040973e-01   1.4621056e-01   1.4212813e-01
   2.0270000e+03   1.5041395e-01   1.4618723e-01   1.4207879e-01
   2.0270833e+03   1.5041156e-01   1.4615786e-01   1.4202395e-01
   2.0271667e+03   1.5040871e-01   1.4612799e-01   1.4196859e-01
   2.0272500e+03   1.5041024e-01   1.4610197e-01   1.4191659e-01
   2.0273333e+03   1.5041960e-01   1.4608289e-01   1.4187069e-01
   2.0274167e+03   1.5042925e-01   1.4606397e-01   1.4182485e-01
   2.0275000e+03   1.5043534e-01   1.4604177e-01   1.4177599e-01
   2.0275833e+03   1.5043241e-01   1.4601138e-01   1.4171975e-01
   2.0276667e+03   1.5042181e-01   1.4597403e-01   1.4165723e-01
   2.0277500e+03   1.5041348e-01   1.4593863e-01   1.4159636e-01
   2.0278333e+03   1.5041896e-01   1.4591551e-01   1.4154634e-01
   2.0279167e+03   1.5042930e-01   1.4589665e-01   1.4150002e-01
   2.0280000e+03   1.5043392e-01   1.4587258e-01   1.4144899e-01
   2.0280833e+03   1.5043209e-01   1.4584264e-01   1.4139265e-01
   2.0281667e+03   1.5042981e-01   1.4581222e-01   1.4133580e-01
   2.0282500e+03   1.5043181e-01   1.4578553e-01   1.4128218e-01
   2.0283333e+03   1.5044136e-01   1.4576549e-01   1.4123437e-01
   2.0284167e+03   1.5045083e-01   1.4574529e-01   1.4118633e-01
   2.0285000e+03   1.5045656e-01   1.4572165e-01   1.4113516e-01
   2.0285833e+03   1.5045301e-01   1.4568964e-01   1.4107648e-01
   2.0286667e+03   7.5220810e-02   7.2825278e-02   7.0505735e-02
   2.0287500e+03   7.5216274e-02   7.2806726e-02   7.0474065e-02
   2.0288333e+03   7.5218820e-02   7.2794440e-02   7.0447895e-02
   2.0289167e+03   7.5224035e-02   7.2784482e-02   7.0423738e-02
   2.0290000e+03   7.5226540e-02   7.2772066e-02   7.0397364e-02
   2.0290833e+03   7.5225898e-02   7.2756804e-02   7.0368437e-02
   2.0291667e+03   7.5225040e-02   7.2741305e-02   7.0339260e-02
   2.0292500e+03   7.5226270e-02   7.2727617e-02   7.0311638e-02
   2.0293333e+03   7.5231127e-02   7.2717103e-02   7.0286769e-02
   2.0294167e+03   7.5235770e-02   7.2706351e-02   7.0261646e-02
   2.0295000e+03   7.5238449e-02   7.2693810e-02   7.0234904e-02
   2.0295833e+03   7.5236351e-02   7.2676985e-02   7.0204352e-02
   2.0296667e+03   7.5230258e-02   7.2656576e-02   7.0170609e-02
   2.0297500e+03   7.5225343e-02   7.2637170e-02   7.0137708e-02
   2.0298333e+03   7.5227691e-02   7.2624151e-02   7.0110377e-02
   2.0299167e+03   7.5232944e-02   7.2613656e-02   7.0085219e-02
   2.0300000e+03   7.5235636e-02   7.2600848e-02   7.0057986e-02
   2.0300833e+03   7.5235267e-02   7.2585286e-02   7.0028297e-02
   2.0301667e+03   7.5234691e-02   7.2569497e-02   6.9998367e-02
   2.0302500e+03   7.5236155e-02   7.2555464e-02   6.9969934e-02
   2.0303333e+03   7.5241093e-02   7.2544452e-02   6.9944102e-02
   2.0304167e+03   7.5245628e-02   7.2533036e-02   6.9917872e-02
   2.0305000e+03   7.5248096e-02   7.2519749e-02   6.9889963e-02
   2.0305833e+03   7.5245636e-02   7.2502073e-02   6.9858177e-02
   2.0306667e+03   7.5239087e-02   7.2480751e-02   6.9823168e-02
   2.0307500e+03   7.5233734e-02   7.2460442e-02   6.9789007e-02
   2.0308333e+03   7.5235845e-02   7.2446658e-02   6.9760498e-02
   2.0309167e+03   7.5241136e-02   7.2435625e-02   6.9734344e-02
   2.0310000e+03   7.5244039e-02   7.2422445e-02   6.9706276e-02
   2.0310833e+03   7.5243979e-02   7.2406614e-02   6.9675858e-02
   2.0311667e+03   7.5243717e-02   7.2390562e-02   6.9645206e-02
   2.0312500e+03   7.5245437e-02   7.2376203e-02   6.9615987e-02
   2.0313333e+03   7.5250457e-02   7.2364695e-02   6.9589203e-02
   2.0314167e+03   7.5254865e-02   7.2352601e-02   6.9561867e-02
   2.0315000e+03   7.5257094e-02   7.2338550e-02   6.9532789e-02
   2.0315833e+03   7.5254240e-02   7.2320000e-02   6.9499765e-02
   2.0316667e+03   7.5247200e-02   7.2297743e-02   6.9463489e-02
   2.0317500e+03   7.5241383e-02   7.2276517e-02   6.9428069e-02
   2.0318333e+03   7.5243241e-02   7.2261961e-02   6.9398391e-02
   2.0319167e+03   7.5248560e-02   7.2250384e-02   6.9371249e-02
   2.0320000e+03   7.5251666e-02   7.2236827e-02   6.9342351e-02
   2.0320833e+03   7.5251907e-02   7.2220720e-02   6.9311207e-02
   2.0321667e+03   7.5251952e-02   7.2204398e-02   6.9279836e-02
   2.0322500e+03   7.5253918e-02   7.2189707e-02   6.9249835e-02
   2.0323333e+03   7.5259011e-02   7.2177697e-02   6.9222105e-02
   2.0324167e+03   7.5263283e-02   7.2164922e-02   6.9193673e-02
   2.0325000e+03   7.5265264e-02   7.2150106e-02   6.9163439e-02
   2.0325833e+03   7.5262004e-02   7.2130681e-02   6.9129195e-02
   2.0326667e+03   7.5254463e-02   7.2107491e-02   6.9091669e-02
   2.0327500e+03   7.5248172e-02   7.2085347e-02   6.9055009e-02
   2.0328333e+03   7.5249768e-02   7.2070017e-02   6.9024174e-02
   2.0329167e+03   7.5255105e-02   7.2057892e-02   6.8996054e-02
   2.0330000e+03   7.5258406e-02   7.2043951e-02   6.8966330e-02
   2.0330833e+03   7.5258939e-02   7.2027562e-02   6.8934464e-02
   2.0331667e+03   7.5259282e-02   7.2010964e-02   6.8902378e-02
   2.0332500e+03   7.5261487e-02   7.1995935e-02   6.8871599e-02
   2.0333333e+03   7.5266644e-02   7.1983417e-02   6.8842932e-02
   2.0334167e+03   7.5270769e-02   7.1969959e-02   6.8813416e-02
   2.0335000e+03   7.5272492e-02   7.1954375e-02   6.8782039e-02
   2.0335833e+03   7.5268817e-02   7.1934076e-02   6.8746590e-02
   2.0336667e+03   7.5260766e-02   7.1909953e-02   6.8707835e-02
   2.0337500e+03   7.5253990e-02   7.1886893e-02   6.8669954e-02
   2.0338333e+03   7.5255313e-02   7.1870787e-02   6.8637977e-02
   2.0339167e+03   7.5260661e-02   7.1858110e-02   6.8608886e-02
   2.0340000e+03   7.5264147e-02   7.1843780e-02   6.8578344e-02
   2.0340833e+03   7.5264965e-02   7.1827102e-02   6.8545760e-02
   2.0341667e+03   7.5265597e-02   7.1810221e-02   6.8512963e-02
   2.0342500e+03   7.5268033e-02   7.1794848e-02   6.8481412e-02
   2.0343333e+03   7.5273244e-02   7.1781819e-02   6.8451815e-02
   2.0344167e+03   7.5277214e-02   7.1767674e-02   6.8421227e-02
   2.0345000e+03   7.5278669e-02   7.1751320e-02   6.8388723e-02
   2.0345833e+03   7.5274569e-02   7.1730148e-02   6.8352088e-02
   2.0346667e+03   7.5265996e-02   7.1705093e-02   6.8312123e-02
   2.0347500e+03   7.5258725e-02   7.1681118e-02   6.8273041e-02
   2.0348333e+03   7.5259766e-02   7.1664236e-02   6.8239937e-02
   2.0349167e+03   7.5265114e-02   7.1651003e-02   6.8209885e-02
   2.0350000e+03   7.5268778e-02   7.1636278e-02   6.8178530e-02
   2.0350833e+03   7.5269871e-02   7.1619306e-02   6.8145234e-02
   2.0351667e+03   7.5270785e-02   7.1602135e-02   6.8111732e-02
   2.0352500e+03   7.5273442e-02   7.1586412e-02   6.8079414e-02
   2.0353333e+03   7.5278699e-02   7.1572868e-02   6.8048898e-02
   2.0354167e+03   7.5282503e-02   7.1558034e-02   6.8017252e-02
   2.0355000e+03   7.5283681e-02   7.1540910e-02   6.7983635e-02
   2.0355833e+03   7.5279145e-02   7.1518865e-02   6.7945833e-02
   2.0356667e+03   3.7635020e-02   3.5746441e-02   3.3952339e-02
   2.0357500e+03   3.7631132e-02   3.5733996e-02   3.3932208e-02
   2.0358333e+03   3.7631507e-02   3.5725166e-02   3.3915100e-02
   2.0359167e+03   3.7634177e-02   3.5718270e-02   3.3899600e-02
   2.0360000e+03   3.7636093e-02   3.5710708e-02   3.3883520e-02
   2.0360833e+03   3.7636773e-02   3.5702071e-02   3.3866518e-02
   2.0361667e+03   3.7637366e-02   3.5693339e-02   3.3849417e-02
   2.0362500e+03   3.7638801e-02   3.5685300e-02   3.3832879e-02
   2.0363333e+03   3.7641449e-02   3.5678268e-02   3.3817166e-02
   2.0364167e+03   3.7643263e-02   3.5670505e-02   3.3800821e-02
   2.0365000e+03   3.7643708e-02   3.5661558e-02   3.3783465e-02
   2.0365833e+03   3.7641217e-02   3.5650099e-02   3.3763990e-02
   2.0366667e+03   3.7636394e-02   3.5636644e-02   3.3742829e-02
   2.0367500e+03   3.7632249e-02   3.5623745e-02   3.3722118e-02
   2.0368333e+03   3.7632472e-02   3.5614526e-02   3.3704464e-02
   2.0369167e+03   3.7635133e-02   3.5607347e-02   3.3688494e-02
   2.0370000e+03   3.7637129e-02   3.5599583e-02   3.3672016e-02
   2.0370833e+03   3.7637939e-02   3.5590794e-02   3.3654664e-02
   2.0371667e+03   3.7638664e-02   3.5581911e-02   3.3637217e-02
   2.0372500e+03   3.7640201e-02   3.5573692e-02   3.3620303e-02
   2.0373333e+03   3.7642862e-02   3.5566398e-02   3.3604140e-02
   2.0374167e+03   3.7644584e-02   3.5558289e-02   3.3587280e-02
   2.0375000e+03   3.7644881e-02   3.5548957e-02   3.3569385e-02
   2.0375833e+03   3.7642162e-02   3.5537063e-02   3.3549346e-02
   2.0376667e+03   3.7637063e-02   3.5523146e-02   3.3527613e-02
   2.0377500e+03   3.7632655e-02   3.5509792e-02   3.3506334e-02
   2.0378333e+03   3.7632723e-02   3.5500184e-02   3.3488141e-02
   2.0379167e+03   3.7635370e-02   3.5492723e-02   3.3471708e-02
   2.0380000e+03   3.7637441e-02   3.5484754e-02   3.3454836e-02
   2.0380833e+03   3.7638376e-02   3.5475809e-02   3.3437138e-02
   2.0381667e+03   3.7639230e-02   3.5466774e-02   3.3419348e-02
   2.0382500e+03   3.7640865e-02   3.5458372e-02   3.3402062e-02
   2.0383333e+03   3.7643535e-02   3.5450815e-02   3.3385455e-02
   2.0384167e+03   3.7645160e-02   3.5442359e-02   3.3368089e-02
   2.0385000e+03   3.7645303e-02   3.5432641e-02   3.3349663e-02
   2.0385833e+03   3.7642351e-02   3.5420314e-02   3.3329072e-02
   2.0386667e+03   3.7636971e-02   3.5405936e-02   3.3306779e-02
   2.0387500e+03   3.7632295e-02   3.5392130e-02   3.3284942e-02
   2.0388333e+03   3.7632202e-02   3.5382133e-02   3.3266221e-02
   2.0389167e+03   3.7634831e-02   3.5374387e-02   3.3249331e-02
   2.0390000e+03   3.7636973e-02   3.5366212e-02   3.3232071e-02
   2.0390833e+03   3.7638029e-02   3.5357109e-02   3.3214030e-02
   2.0391667e+03   3.7639006e-02   3.5347918e-02   3.3195901e-02
   2.0392500e+03   3.7640735e-02   3.5339331e-02   3.3178248e-02
   2.0393333e+03   3.7643410e-02   3.5331510e-02   3.3161204e-02
   2.0394167e+03   3.7644933e-02   3.5322707e-02   3.3143338e-02
   2.0395000e+03   3.7644917e-02   3.5312604e-02   3.3124392e-02
   2.0395833e+03   3.7641728e-02   3.5299843e-02   3.3103259e-02
   2.0396667e+03   3.7636061e-02   3.5285008e-02   3.3080419e-02
   2.0397500e+03   3.7631112e-02   3.5270751e-02   3.3058036e-02
   2.0398333e+03   3.7630853e-02   3.5260366e-02   3.3038796e-02
   2.0399167e+03   3.7633460e-02   3.5252334e-02   3.3021457e-02
   2.0400000e+03   3.7635669e-02   3.5243951e-02   3.3003812e-02
   2.0400833e+03   3.7636841e-02   3.5234687e-02   3.2985434e-02
   2.0401667e+03   3.7637938e-02   3.5225338e-02   3.2966970e-02
   2.0402500e+03   3.7639755e-02   3.5216565e-02   3.2948955e-02
   2.0403333e+03   3.7642430e-02   3.5208477e-02   3.2931479e-02
   2.0404167e+03   3.7643846e-02   3.5199327e-02   3.2913124e-02
   2.0405000e+03   3.7643667e-02   3.5188839e-02   3.2893667e-02
   2.0405833e+03   3.7640235e-02   3.5175647e-02   3.2872004e-02
   2.0406667e+03   3.7634277e-02   3.5160356e-02   3.2848628e-02
   2.0407500e+03   3.7629050e-02   3.5145651e-02   3.2825712e-02
   2.0408333e+03   3.7628620e-02   3.5134877e-02   3.2805963e-02
   2.0409167e+03   3.7631200e-02   3.5126559e-02   3.2788181e-02
   2.0410000e+03   3.7633470e-02   3.5117965e-02   3.2770159e-02
   2.0410833e+03   3.7634755e-02   3.5108539e-02   3.2751447e-02
   2.0411667e+03   3.7635967e-02   3.5099030e-02   3.2732653e-02
   2.0412500e+03   3.7637869e-02   3.5090068e-02   3.2714281e-02
   2.0413333e+03   3.7640540e-02   3.5081712e-02   3.2696381e-02
   2.0414167e+03   3.7641844e-02   3.5072215e-02   3.2677545e-02
   2.0415000e+03   3.7641497e-02   3.5061343e-02   3.2657588e-02
   2.0415833e+03   3.7637816e-02   3.5047722e-02   3.2635406e-02
   2.0416667e+03   3.7631562e-02   3.5031978e-02   3.2611507e-02
   2.0417500e+03   3.7626052e-02   3.5016825e-02   3.2588072e-02
   2.0418333e+03   3.7625447e-02   3.5005665e-02   3.2567824e-02
   2.0419167e+03   3.7627994e-02   3.4997060e-02   3.2549607e-02
   2.0420000e+03   3.7630322e-02   3.4988254e-02   3.2531212e-02
   2.0420833e+03   3.7631715e-02   3.4978662e-02   3.2512172e-02
   2.0421667e+03   3.7633038e-02   3.4968992e-02   3.2493053e-02
   2.0422500e+03   3.7635021e-02   3.4959838e-02   3.2474330e-02
   2.0423333e+03   3.7637681e-02   3.4951215e-02   3.2456013e-02
   2.0424167e+03   3.7638869e-02   3.4941371e-02   3.2436706e-02
   2.0425000e+03   3.7638349e-02   3.4930116e-02   3.2416258e-02
   2.0425833e+03   3.7634415e-02   3.4916067e-02   3.2393571e-02
   2.0426667e+03   3.7627860e-02   3.4899872e-02   3.2369162e-02
   2.0427500e+03   3.7622062e-02   3.4884275e-02   3.2345220e-02
   2.0428333e+03   3.7621276e-02   3.4872730e-02   3.2324484e-02
   2.0429167e+03   3.7623786e-02   3.4863836e-02   3.2305840e-02
   2.0430000e+03   3.7626168e-02   3.4854817e-02   3.2287080e-02
   2.0430833e+03   3.7627664e-02   3.4845058e-02   3.2267717e-02
   2.0431667e+03   3.7629093e-02   3.4835224e-02   3.2248278e-02
   2.0432500e+03   3.7631152e-02   3.4825878e-02   3.2229209e-02
   2.0433333e+03   3.7633799e-02   3.4816985e-02   3.2210483e-02
   2.0434167e+03   3.7634865e-02   3.4806794e-02   3.2190714e-02
   2.0435000e+03   3.7634167e-02   3.4795157e-02   3.2169787e-02
   2.0435833e+03   3.7629975e-02   3.4780683e-02   3.2146606e-02
   2.0436667e+03   3.7623113e-02   3.4764040e-02   3.2121702e-02
   2.0437500e+03   3.7617022e-02   3.4748003e-02   3.2097266e-02
   2.0438333e+03   3.7616051e-02   3.4736072e-02   3.2076054e-02
   2.0439167e+03   3.7618520e-02   3.4726890e-02   3.2056992e-02
   2.0440000e+03   3.7620950e-02   3.4717656e-02   3.2037872e-02
   2.0440833e+03   3.7622545e-02   3.4707729e-02   3.2018191e-02
   2.0441667e+03   3.7624077e-02   3.4697729e-02   3.1998438e-02
   2.0442500e+03   3.7626207e-02   3.4688189e-02   3.1979030e-02
   2.0443333e+03   3.7628835e-02   3.4679026e-02   3.1959903e-02
   2.0444167e+03   3.7629775e-02   3.4668489e-02   3.1939682e-02
   2.0445000e+03   3.7628893e-02   3.4656472e-02   3.1918288e-02
   2.0445833e+03   3.7624439e-02   3.4641575e-02   3.1894626e-02
   2.0446667e+03   3.7617266e-02   3.4624487e-02   3.1869241e-02
   2.0447500e+03   3.7610877e-02   3.4608011e-02   3.1844324e-02
   2.0448333e+03   3.7609715e-02   3.4595697e-02   3.1822647e-02
   2.0449167e+03   3.7612137e-02   3.4586227e-02   3.1803175e-02
   2.0450000e+03   3.7614612e-02   3.4576776e-02   3.1783703e-02
   2.0450833e+03   3.7616302e-02   3.4566679e-02   3.1763711e-02
   2.0451667e+03   3.7617931e-02   3.4556512e-02   3.1743650e-02
   2.0452500e+03   3.7620128e-02   3.4546776e-02   3.1723909e-02
   2.0453333e+03   3.7622733e-02   3.4537343e-02   3.1704389e-02
   2.0454167e+03   3.7623543e-02   3.4526461e-02   3.1683727e-02
   2.0455000e+03   3.7622473e-02   3.4514064e-02   3.1661876e-02
   2.0455833e+03   3.7617750e-02   3.4498747e-02   3.1637748e-02
   2.0456667e+03   3.7610261e-02   3.4481218e-02   3.1611895e-02
   2.0457500e+03   3.7603569e-02   3.4464307e-02   3.1586512e-02
   2.0458333e+03   3.7602212e-02   3.4451612e-02   3.1564382e-02
   2.0459167e+03   3.7604583e-02   3.4441852e-02   3.1544509e-02
   2.0460000e+03   3.7607097e-02   3.4432185e-02   3.1524691e-02
   2.0460833e+03   3.7608878e-02   3.4421916e-02   3.1504395e-02
   2.0461667e+03   3.7610600e-02   3.4411579e-02   3.1484032e-02
   2.0462500e+03   3.7612860e-02   3.4401647e-02   3.1463965e-02
   2.0463333e+03   3.7615437e-02   3.4391944e-02   3.1444061e-02
   2.0464167e+03   3.7616110e-02   3.4380717e-02   3.1422968e-02
   2.0465000e+03   3.7614847e-02   3.4367943e-02   3.1400673e-02
   2.0465833e+03   3.7609852e-02   3.4352209e-02   3.1376092e-02
   2.0466667e+03   3.7602042e-02   3.4334241e-02   3.1349786e-02
   2.0467500e+03   3.7595042e-02   3.4316898e-02   3.1323951e-02
   2.0468333e+03   3.7593485e-02   3.4303824e-02   3.1301380e-02
   2.0469167e+03   3.7595800e-02   3.4293776e-02   3.1281116e-02
   2.0470000e+03   3.7598349e-02   3.4283891e-02   3.1260961e-02
   2.0470833e+03   3.7600216e-02   3.4273449e-02   3.1240365e-02
   2.0471667e+03   3.7602027e-02   3.4262942e-02   3.1219707e-02
   2.0472500e+03   3.7604345e-02   3.4252812e-02   3.1199322e-02
   2.0473333e+03   3.7606889e-02   3.4242838e-02   3.1179042e-02
   2.0474167e+03   3.7607422e-02   3.4231268e-02   3.1157530e-02
   2.0475000e+03   3.7605961e-02   3.4218118e-02   3.1134803e-02
   2.0475833e+03   3.7600688e-02   3.4201970e-02   3.1109782e-02
   2.0476667e+03   3.7592551e-02   3.4183568e-02   3.1083038e-02
   2.0477500e+03   3.7585239e-02   3.4165798e-02   3.1056767e-02
   2.0478333e+03   3.7583477e-02   3.4152346e-02   3.1033768e-02
   2.0479167e+03   3.7585731e-02   3.4142010e-02   3.1013121e-02
   2.0480000e+03   3.7588311e-02   3.4131905e-02   3.0992636e-02
   2.0480833e+03   3.7590259e-02   3.4121289e-02   3.0971750e-02
   2.0481667e+03   3.7592155e-02   3.4110611e-02   3.0950802e-02
   2.0482500e+03   3.7594526e-02   3.4100282e-02   3.0930106e-02
   2.0483333e+03   3.7597033e-02   3.4090038e-02   3.0909460e-02
   2.0484167e+03   3.7597420e-02   3.4078126e-02   3.0887541e-02
   2.0485000e+03   3.7595757e-02   3.4064603e-02   3.0864394e-02
   2.0485833e+03   3.7590201e-02   3.4048044e-02   3.0838948e-02
   2.0486667e+03   3.7581733e-02   3.4029212e-02   3.0811782e-02
   2.0487500e+03   3.7574103e-02   3.4011017e-02   3.0785088e-02
   2.0488333e+03   3.7572131e-02   3.3997191e-02   3.0761673e-02
   2.0489167e+03   3.7574321e-02   3.3986567e-02   3.0740654e-02
   2.0490000e+03   3.7576926e-02   3.3976243e-02   3.0719848e-02
   2.0490833e+03   3.7578952e-02   3.3965451e-02   3.0698677e-02
   2.0491667e+03   3.7580927e-02   3.3954600e-02   3.0677448e-02
   2.0492500e+03   3.7583347e-02   3.3944072e-02   3.0656449e-02
   2.0493333e+03   3.7585812e-02   3.3933558e-02   3.0635446e-02
   2.0494167e+03   3.7586049e-02   3.3921306e-02   3.0613131e-02
   2.0495000e+03   3.7584178e-02   3.3907412e-02   3.0589578e-02
   2.0495833e+03   3.7578335e-02   3.3890445e-02   3.0563720e-02
   2.0496667e+03   3.7569531e-02   3.3871188e-02   3.0536147e-02
   2.0497500e+03   3.7561579e-02   3.3852573e-02   3.0509046e-02
   2.0498333e+03   3.7559392e-02   3.3838374e-02   3.0485229e-02
   2.0499167e+03   3.7561512e-02   3.3827463e-02   3.0463848e-02
   2.0500000e+03   3.7564138e-02   3.3816920e-02   3.0442729e-02
   2.0500833e+03   3.7566236e-02   3.3805952e-02   3.0421281e-02
   2.0501667e+03   3.7568287e-02   3.3794927e-02   3.0399778e-02
   2.0502500e+03   3.7570751e-02   3.3784198e-02   3.0378483e-02
   2.0503333e+03   3.7573170e-02   3.3773415e-02   3.0357134e-02
   2.0504167e+03   3.7573253e-02   3.3760826e-02   3.0334436e-02
   2.0505000e+03   3.7571174e-02   3.3746568e-02   3.0310493e-02
   2.0505833e+03   3.7565046e-02   3.3729203e-02   3.0284243e-02
   2.0506667e+03   3.7555911e-02   3.3709532e-02   3.0256284e-02
   2.0507500e+03   3.7547641e-02   3.3690510e-02   3.0228798e-02
   2.0508333e+03   3.7545243e-02   3.3675947e-02   3.0204596e-02
   2.0509167e+03   3.7547290e-02   3.3664752e-02   3.0182867e-02
   2.0510000e+03   3.7549933e-02   3.3653989e-02   3.0161444e-02
   2.0510833e+03   3.7552096e-02   3.3642842e-02   3.0139726e-02
   2.0511667e+03   3.7554215e-02   3.3631642e-02   3.0117957e-02
   2.0512500e+03   3.7556718e-02   3.3620713e-02   3.0096375e-02
   2.0513333e+03   3.7559087e-02   3.3609662e-02   3.0074693e-02
   2.0514167e+03   3.7559017e-02   3.3596744e-02   3.0051629e-02
   2.0515000e+03   3.7556730e-02   3.3582128e-02   3.0027312e-02
   2.0515833e+03   3.7550317e-02   3.3564374e-02   3.0000690e-02
   2.0516667e+03   3.7540851e-02   3.3544299e-02   2.9972365e-02
   2.0517500e+03   3.7532263e-02   3.3524876e-02   2.9944513e-02
   2.0518333e+03   3.7529650e-02   3.3509955e-02   2.9919943e-02
   2.0519167e+03   3.7531621e-02   3.3498479e-02   2.9897878e-02
   2.0520000e+03   3.7534275e-02   3.3487498e-02   2.9876162e-02
   2.0520833e+03   3.7536500e-02   3.3476174e-02   2.9854185e-02
   2.0521667e+03   3.7538683e-02   3.3464798e-02   2.9832159e-02
   2.0522500e+03   3.7541220e-02   3.3453669e-02   2.9810302e-02
   2.0523333e+03   3.7543535e-02   3.3442355e-02   2.9788298e-02
   2.0524167e+03   3.7543308e-02   3.3429109e-02   2.9764882e-02
   2.0525000e+03   3.7540808e-02   3.3414140e-02   2.9740208e-02
   2.0525833e+03   3.7534106e-02   3.3396002e-02   2.9713230e-02
   2.0526667e+03   3.7524305e-02   3.3375528e-02   2.9684557e-02
   2.0527500e+03   3.7515395e-02   3.3355712e-02   2.9656356e-02
   2.0528333e+03   3.7512561e-02   3.3340437e-02   2.9631434e-02
   2.0529167e+03   3.7514453e-02   3.3328682e-02   2.9609045e-02
   2.0530000e+03   3.7517114e-02   3.3317484e-02   2.9587048e-02
   2.0530833e+03   3.7519396e-02   3.3305983e-02   2.9564822e-02
   2.0531667e+03   3.7521639e-02   3.3294434e-02   2.9542551e-02
   2.0532500e+03   3.7524205e-02   3.3283106e-02   2.9520428e-02
   2.0533333e+03   3.7526463e-02   3.3271529e-02   2.9498116e-02
   2.0534167e+03   3.7526073e-02   3.3257961e-02   2.9474362e-02
   2.0535000e+03   3.7523356e-02   3.3242643e-02   2.9449346e-02
   2.0535833e+03   3.7516360e-02   3.3224126e-02   2.9422029e-02
   2.0536667e+03   3.7506220e-02   3.3203260e-02   2.9393025e-02
   2.0537500e+03   3.7496983e-02   3.3183056e-02   2.9364493e-02
   2.0538333e+03   3.7493926e-02   3.3167432e-02   2.9339234e-02
   2.0539167e+03   3.7495733e-02   3.3155401e-02   2.9316535e-02
   2.0540000e+03   3.7498397e-02   3.3143987e-02   2.9294269e-02
   2.0540833e+03   3.7500732e-02   3.3132311e-02   2.9271804e-02
   2.0541667e+03   3.7503031e-02   3.3120589e-02   2.9249296e-02
   2.0542500e+03   3.7505623e-02   3.3109064e-02   2.9226920e-02
   2.0543333e+03   3.7507818e-02   3.3097227e-02   2.9204312e-02
   2.0544167e+03   3.7507261e-02   3.3083339e-02   2.9180236e-02
   2.0545000e+03   3.7504323e-02   3.3067676e-02   2.9154892e-02
   2.0545833e+03   3.7497030e-02   3.3048787e-02   2.9127254e-02
   2.0546667e+03   3.7486546e-02   3.3027535e-02   2.9097937e-02
   2.0547500e+03   3.7476978e-02   3.3006950e-02   2.9069092e-02
   2.0548333e+03   3.7473693e-02   3.2990980e-02   2.9043511e-02
   2.0549167e+03   3.7475410e-02   3.2978676e-02   2.9020516e-02
   2.0550000e+03   3.7478074e-02   3.2967049e-02   2.8997991e-02
   2.0550833e+03   3.7480457e-02   3.2955198e-02   2.8975298e-02
   2.0551667e+03   3.7482808e-02   3.2943304e-02   2.8952565e-02
   2.0552500e+03   3.7485421e-02   3.2931584e-02   2.8929946e-02
   2.0553333e+03   3.7487549e-02   3.2919490e-02   2.8907055e-02
   2.0554167e+03   3.7486821e-02   3.2905286e-02   2.8882671e-02
   2.0555000e+03   3.7483657e-02   3.2889284e-02   2.8857016e-02
   2.0555833e+03   3.7476062e-02   3.2870027e-02   2.8829073e-02
   2.0556667e+03   3.7465231e-02   3.2848396e-02   2.8799461e-02
   2.0557500e+03   3.7455328e-02   3.2827436e-02   2.8770319e-02
   2.0558333e+03   3.7451811e-02   3.2811126e-02   2.8744433e-02
   2.0559167e+03   3.7453434e-02   3.2798551e-02   2.8721155e-02
   2.0560000e+03   3.7456092e-02   3.2786713e-02   2.8698383e-02
   2.0560833e+03   3.7458521e-02   3.2774689e-02   2.8675473e-02
   2.0561667e+03   3.7460918e-02   3.2762624e-02   2.8652526e-02
   2.0562500e+03   3.7463548e-02   3.2750710e-02   2.8629675e-02
   2.0563333e+03   3.7465605e-02   3.2738361e-02   2.8606514e-02
   2.0564167e+03   3.7464702e-02   3.2723846e-02   2.8581836e-02
   2.0565000e+03   3.7461308e-02   3.2707508e-02   2.8555887e-02
   2.0565833e+03   3.7453407e-02   3.2687891e-02   2.8527655e-02
   2.0566667e+03   3.7442224e-02   3.2665888e-02   2.8497767e-02
   2.0567500e+03   3.7431982e-02   3.2644558e-02   2.8468346e-02
   2.0568333e+03   3.7428228e-02   3.2627914e-02   2.8442171e-02
   2.0569167e+03   3.7429754e-02   3.2615072e-02   2.8418623e-02
   2.0570000e+03   3.7432402e-02   3.2603023e-02   2.8395616e-02
   2.0570833e+03   3.7434871e-02   3.2590828e-02   2.8372499e-02
   2.0571667e+03   3.7437311e-02   3.2578593e-02   2.8349348e-02
   2.0572500e+03   3.7439954e-02   3.2566487e-02   2.8326278e-02
   2.0573333e+03   3.7441936e-02   3.2553887e-02   2.8302859e-02
   2.0574167e+03   3.7440853e-02   3.2539064e-02   2.8277903e-02
   2.0575000e+03   3.7437225e-02   3.2522397e-02   2.8251675e-02
   2.0575833e+03   3.7429013e-02   3.2502425e-02   2.8223172e-02
   2.0576667e+03   3.7417475e-02   3.2480055e-02   2.8193025e-02
   2.0577500e+03   3.7406890e-02   3.2458364e-02   2.8163343e-02
   2.0578333e+03   3.7402895e-02   3.2441390e-02   2.8136894e-02
   2.0579167e+03   3.7404318e-02   3.2428284e-02   2.8113090e-02
   2.0580000e+03   3.7406952e-02   3.2416028e-02   2.8089860e-02
   2.0580833e+03   3.7409457e-02   3.2403662e-02   2.8066548e-02
   2.0581667e+03   3.7411936e-02   3.2391260e-02   2.8043204e-02
   2.0582500e+03   3.7414587e-02   3.2378963e-02   2.8019924e-02
   2.0583333e+03   3.7416489e-02   3.2366114e-02   2.7996261e-02
   2.0584167e+03   3.7415223e-02   3.2350989e-02   2.7971043e-02
   2.0585000e+03   3.7411356e-02   3.2333997e-02   2.7944551e-02
   2.0585833e+03   3.7402830e-02   3.2313676e-02   2.7915795e-02
   2.0586667e+03   3.7390932e-02   3.2290948e-02   2.7885405e-02
   2.0587500e+03   3.7380000e-02   3.2268901e-02   2.7855481e-02
   2.0588333e+03   3.7375760e-02   3.2251602e-02   2.7828774e-02
   2.0589167e+03   3.7377077e-02   3.2238236e-02   2.7804727e-02
   2.0590000e+03   3.7379693e-02   3.2225775e-02   2.7781286e-02
   2.0590833e+03   3.7382229e-02   3.2213240e-02   2.7757789e-02
   2.0591667e+03   3.7384743e-02   3.2200672e-02   2.7734263e-02
   2.0592500e+03   3.7387398e-02   3.2188187e-02   2.7710787e-02
   2.0593333e+03   3.7389216e-02   3.2175092e-02   2.7686893e-02
   2.0594167e+03   3.7387761e-02   3.2159669e-02   2.7661426e-02
   2.0595000e+03   3.7383652e-02   3.2142357e-02   2.7634686e-02
   2.0595833e+03   3.7374808e-02   3.2121695e-02   2.7605694e-02
   2.0596667e+03   3.7362546e-02   3.2098615e-02   2.7575081e-02
   2.0597500e+03   3.7351264e-02   3.2076220e-02   2.7544930e-02
   2.0598333e+03   3.7346775e-02   3.2058602e-02   2.7517982e-02
   2.0599167e+03   3.7347980e-02   3.2044979e-02   2.7493706e-02
   2.0600000e+03   3.7350573e-02   3.2032315e-02   2.7470067e-02
   2.0600833e+03   3.7353137e-02   3.2019613e-02   2.7446396e-02
   2.0601667e+03   3.7355681e-02   3.2006881e-02   2.7422699e-02
   2.0602500e+03   3.7358337e-02   3.1994209e-02   2.7399037e-02
   2.0603333e+03   3.7360066e-02   3.1980872e-02   2.7374925e-02
   2.0604167e+03   3.7358418e-02   3.1965155e-02   2.7349225e-02
   2.0605000e+03   3.7354062e-02   3.1947530e-02   2.7322254e-02
   2.0605833e+03   3.7344897e-02   3.1926532e-02   2.7293042e-02
   2.0606667e+03   3.7332267e-02   3.1903108e-02   2.7262223e-02
   2.0607500e+03   3.7320630e-02   3.1880372e-02   2.7231864e-02
   2.0608333e+03   3.7315888e-02   3.1862440e-02   2.7204691e-02
   2.0609167e+03   3.7316978e-02   3.1848564e-02   2.7180199e-02
   2.0610000e+03   3.7319544e-02   3.1835699e-02   2.7156373e-02
   2.0610833e+03   3.7322131e-02   3.1822833e-02   2.7132540e-02
   2.0611667e+03   3.7324702e-02   3.1809938e-02   2.7108683e-02
   2.0612500e+03   3.7327352e-02   3.1797083e-02   2.7084847e-02
   2.0613333e+03   3.7328989e-02   3.1783507e-02   2.7060531e-02
   2.0614167e+03   3.7327144e-02   3.1767500e-02   2.7034613e-02
   2.0615000e+03   3.7322537e-02   3.1749567e-02   2.7007426e-02
   2.0615833e+03   3.7313046e-02   3.1728240e-02   2.6978012e-02
   2.0616667e+03   3.7300046e-02   3.1704479e-02   2.6947004e-02
   2.0617500e+03   3.7288050e-02   3.1681410e-02   2.6916454e-02
   2.0618333e+03   3.7283050e-02   3.1663170e-02   2.6889071e-02
   2.0619167e+03   3.7284021e-02   3.1649044e-02   2.6864378e-02
   2.0620000e+03   3.7286556e-02   3.1635982e-02   2.6840377e-02
   2.0620833e+03   3.7289162e-02   3.1622953e-02   2.6816393e-02
   2.0621667e+03   3.7291754e-02   3.1609898e-02   2.6792387e-02
   2.0622500e+03   3.7294396e-02   3.1596861e-02   2.6768389e-02
   2.0623333e+03   3.7295935e-02   3.1583049e-02   2.6743882e-02
   2.0624167e+03   3.7293890e-02   3.1566759e-02   2.6717761e-02
   2.0625000e+03   3.7289028e-02   3.1548523e-02   2.6690375e-02
   2.0625833e+03   3.7279207e-02   3.1526875e-02   2.6660775e-02
   2.0626667e+03   3.7265832e-02   3.1502785e-02   2.6629596e-02
   2.0627500e+03   3.7253474e-02   3.1479388e-02   2.6598873e-02
   2.0628333e+03   3.7248214e-02   3.1460847e-02   2.6571296e-02
   2.0629167e+03   3.7249061e-02   3.1446476e-02   2.6546415e-02
   2.0630000e+03   3.7251560e-02   3.1433218e-02   2.6522251e-02
   2.0630833e+03   3.7254180e-02   3.1420028e-02   2.6498127e-02
   2.0631667e+03   3.7256790e-02   3.1406815e-02   2.6473984e-02
   2.0632500e+03   3.7259419e-02   3.1393599e-02   2.6449835e-02
   2.0633333e+03   3.7260856e-02   3.1379556e-02   2.6425151e-02
   2.0634167e+03   3.7258606e-02   3.1362987e-02   2.6398841e-02
   2.0635000e+03   3.7253486e-02   3.1344454e-02   2.6371271e-02
   2.0635833e+03   3.7243331e-02   3.1322491e-02   2.6341503e-02
   2.0636667e+03   3.7229578e-02   3.1298080e-02   2.6310171e-02
   2.0637500e+03   3.7216854e-02   3.1274365e-02   2.6279291e-02
   2.0638333e+03   3.7211328e-02   3.1255528e-02   2.6251537e-02
   2.0639167e+03   3.7212048e-02   3.1240914e-02   2.6226482e-02
   2.0640000e+03   3.7214507e-02   3.1227465e-02   2.6202167e-02
   2.0640833e+03   3.7217137e-02   3.1214117e-02   2.6177914e-02
   2.0641667e+03   3.7219760e-02   3.1200747e-02   2.6153645e-02
   2.0642500e+03   3.7222372e-02   3.1187355e-02   2.6129358e-02
   2.0643333e+03   3.7223704e-02   3.1173083e-02   2.6104509e-02
   2.0644167e+03   3.7221244e-02   3.1156241e-02   2.6078026e-02
   2.0645000e+03   3.7215861e-02   3.1137418e-02   2.6050288e-02
   2.0645833e+03   3.7205369e-02   3.1115147e-02   2.6020367e-02
   2.0646667e+03   3.7191235e-02   3.1090422e-02   2.5988899e-02
   2.0647500e+03   3.7178142e-02   3.1066396e-02   2.5957881e-02
   2.0648333e+03   3.7172347e-02   3.1047270e-02   2.5929964e-02
   2.0649167e+03   3.7172934e-02   3.1032419e-02   2.5904749e-02
   2.0650000e+03   3.7175348e-02   3.1018780e-02   2.5880296e-02
   2.0650833e+03   3.7177985e-02   3.1005276e-02   2.5855926e-02
   2.0651667e+03   3.7180617e-02   3.0991753e-02   2.5831541e-02
   2.0652500e+03   3.7183207e-02   3.0978186e-02   2.5807127e-02
   2.0653333e+03   3.7184429e-02   3.0963691e-02   2.5782127e-02
   2.0654167e+03   3.7181756e-02   3.0946581e-02   2.5755486e-02
   2.0655000e+03   3.7176106e-02   3.0927473e-02   2.5727595e-02
   2.0655833e+03   3.7165273e-02   3.0904902e-02   2.5697540e-02
   2.0656667e+03   3.7150754e-02   3.0879871e-02   2.5665953e-02
   2.0657500e+03   3.7137289e-02   3.0855542e-02   2.5634812e-02
   2.0658333e+03   3.7131221e-02   3.0836132e-02   2.5606750e-02
   2.0659167e+03   3.7131671e-02   3.0821048e-02   2.5581387e-02
   2.0660000e+03   3.7134038e-02   3.0807224e-02   2.5556809e-02
   2.0660833e+03   3.7136676e-02   3.0793566e-02   2.5532332e-02
   2.0661667e+03   3.7139312e-02   3.0779891e-02   2.5507843e-02
   2.0662500e+03   3.7141876e-02   3.0766154e-02   2.5483314e-02
   2.0663333e+03   3.7142984e-02   3.0751439e-02   2.5458177e-02
   2.0664167e+03   3.7140094e-02   3.0734066e-02   2.5431392e-02
   2.0665000e+03   3.7134174e-02   3.0714680e-02   2.5403364e-02
   2.0665833e+03   3.7122997e-02   3.0691816e-02   2.5373190e-02
   2.0666667e+03   3.7108089e-02   3.0666488e-02   2.5341501e-02
   2.0667500e+03   3.7094248e-02   3.0641863e-02   2.5310256e-02
   2.0668333e+03   3.7087904e-02   3.0622177e-02   2.5282062e-02
   2.0669167e+03   3.7088214e-02   3.0606864e-02   2.5256567e-02
   2.0670000e+03   3.7090527e-02   3.0592857e-02   2.5231874e-02
   2.0670833e+03   3.7093163e-02   3.0579048e-02   2.5207303e-02
   2.0671667e+03   3.7095799e-02   3.0565225e-02   2.5182721e-02
   2.0672500e+03   3.7098333e-02   3.0551320e-02   2.5158089e-02
   2.0673333e+03   3.7099322e-02   3.0536389e-02   2.5132827e-02
   2.0674167e+03   3.7096211e-02   3.0518759e-02   2.5105914e-02
   2.0675000e+03   3.7090017e-02   3.0499101e-02   2.5077764e-02
   2.0675833e+03   3.7078492e-02   3.0475952e-02   2.5047488e-02
   2.0676667e+03   3.7063193e-02   3.0450335e-02   2.5015714e-02
   2.0677500e+03   3.7048973e-02   3.0425423e-02   2.4984380e-02
   2.0678333e+03   3.7042348e-02   3.0405465e-02   2.4956071e-02
   2.0679167e+03   3.7042513e-02   3.0389929e-02   2.4930456e-02
   2.0680000e+03   3.7044769e-02   3.0375743e-02   2.4905662e-02
   2.0680833e+03   3.7047399e-02   3.0361785e-02   2.4881007e-02
   2.0681667e+03   3.7050031e-02   3.0347816e-02   2.4856343e-02
   2.0682500e+03   3.7052530e-02   3.0333746e-02   2.4831619e-02
   2.0683333e+03   3.7053397e-02   3.0318603e-02   2.4806246e-02
   2.0684167e+03   3.7050061e-02   3.0300722e-02   2.4779219e-02
   2.0685000e+03   3.7043588e-02   3.0280799e-02   2.4750963e-02
   2.0685833e+03   3.7031712e-02   3.0257372e-02   2.4720601e-02
   2.0686667e+03   3.7016019e-02   3.0231474e-02   2.4688758e-02
   2.0687500e+03   3.7001417e-02   3.0206283e-02   2.4657352e-02
   2.0688333e+03   3.6994508e-02   3.0186062e-02   2.4628944e-02
   2.0689167e+03   3.6994524e-02   3.0170306e-02   2.4603223e-02
   2.0690000e+03   3.6996719e-02   3.0155944e-02   2.4578339e-02
   2.0690833e+03   3.6999337e-02   3.0141841e-02   2.4553611e-02
   2.0691667e+03   3.7001961e-02   3.0127729e-02   2.4528877e-02
   2.0692500e+03   3.7004421e-02   3.0113497e-02   2.4504073e-02
   2.0693333e+03   3.7005161e-02   3.0098147e-02   2.4478601e-02
   2.0694167e+03   3.7001597e-02   3.0080020e-02   2.4451475e-02
   2.0695000e+03   3.6994842e-02   3.0059839e-02   2.4423128e-02
   2.0695833e+03   3.6982612e-02   3.0036142e-02   2.4392696e-02
   2.0696667e+03   3.6966522e-02   3.0009972e-02   2.4360802e-02
   2.0697500e+03   3.6951535e-02   2.9984510e-02   2.4329340e-02
   2.0698333e+03   3.6944338e-02   2.9964032e-02   2.4300847e-02
   2.0699167e+03   3.6944201e-02   2.9948061e-02   2.4275033e-02
   2.0700000e+03   3.6946330e-02   2.9933527e-02   2.4250071e-02
   2.0700833e+03   3.6948933e-02   2.9919281e-02   2.4225282e-02
   2.0701667e+03   3.6951544e-02   2.9905029e-02   2.4200489e-02
   2.0702500e+03   3.6953961e-02   2.9890639e-02   2.4175616e-02
   2.0703333e+03   3.6954570e-02   2.9875086e-02   2.4150059e-02
   2.0704167e+03   3.6950773e-02   2.9856719e-02   2.4122847e-02
   2.0705000e+03   3.6943733e-02   2.9836286e-02   2.4094425e-02
   2.0705833e+03   3.6931146e-02   2.9812328e-02   2.4063938e-02
   2.0706667e+03   3.6914656e-02   2.9785893e-02   2.4032009e-02
   2.0707500e+03   3.6899280e-02   2.9760169e-02   2.4000508e-02
   2.0708333e+03   3.6891792e-02   2.9739441e-02   2.3971945e-02
   2.0709167e+03   3.6891499e-02   2.9723260e-02   2.3946052e-02
   2.0710000e+03   3.6893558e-02   2.9708557e-02   2.3921024e-02
   2.0710833e+03   3.6896141e-02   2.9694172e-02   2.3896185e-02
   2.0711667e+03   3.6898735e-02   2.9679782e-02   2.3871343e-02
   2.0712500e+03   3.6901105e-02   2.9665237e-02   2.3846414e-02
   2.0713333e+03   3.6901579e-02   2.9649486e-02   2.3820784e-02
   2.0714167e+03   3.6897545e-02   2.9630886e-02   2.3793501e-02
   2.0715000e+03   3.6890217e-02   2.9610208e-02   2.3765018e-02
   2.0715833e+03   3.6877270e-02   2.9585996e-02   2.3734493e-02
   2.0716667e+03   3.6860376e-02   2.9559306e-02   2.3702544e-02
   2.0717500e+03   3.6844610e-02   2.9533327e-02   2.3671019e-02
   2.0718333e+03   3.6836827e-02   2.9512356e-02   2.3642402e-02
   2.0719167e+03   3.6836373e-02   2.9495971e-02   2.3616442e-02
   2.0720000e+03   3.6838358e-02   2.9481103e-02   2.3591361e-02
   2.0720833e+03   3.6840917e-02   2.9466582e-02   2.3566482e-02
   2.0721667e+03   3.6843490e-02   2.9452057e-02   2.3541603e-02
   2.0722500e+03   3.6845808e-02   2.9437361e-02   2.3516628e-02
   2.0723333e+03   3.6846144e-02   2.9421416e-02   2.3490938e-02
   2.0724167e+03   3.6841870e-02   2.9402589e-02   2.3463599e-02
   2.0725000e+03   3.6834249e-02   2.9381673e-02   2.3435070e-02
   2.0725833e+03   3.6820939e-02   2.9357215e-02   2.3404521e-02
   2.0726667e+03   3.6803640e-02   2.9330279e-02   2.3372569e-02
   2.0727500e+03   3.6787480e-02   2.9304054e-02   2.3341036e-02
   2.0728333e+03   3.6779399e-02   2.9282847e-02   2.3312379e-02
   2.0729167e+03   3.6778780e-02   2.9266262e-02   2.3286365e-02
   2.0730000e+03   3.6780687e-02   2.9251233e-02   2.3261242e-02
   2.0730833e+03   3.6783217e-02   2.9236579e-02   2.3236334e-02
   2.0731667e+03   3.6785765e-02   2.9221923e-02   2.3211429e-02
   2.0732500e+03   3.6788027e-02   2.9207079e-02   2.3186420e-02
   2.0733333e+03   3.6788220e-02   2.9190945e-02   2.3160683e-02
   2.0734167e+03   3.6783702e-02   2.9171898e-02   2.3133301e-02
   2.0735000e+03   3.6775786e-02   2.9150751e-02   2.3104740e-02
   2.0735833e+03   3.6762109e-02   2.9126054e-02   2.3074184e-02
   2.0736667e+03   3.6744402e-02   2.9098880e-02   2.3042243e-02
   2.0737500e+03   3.6727846e-02   2.9072419e-02   2.3010718e-02
   2.0738333e+03   3.6719465e-02   2.9050983e-02   2.2982036e-02
   2.0739167e+03   3.6718677e-02   2.9034204e-02   2.2955981e-02
   2.0740000e+03   3.6720501e-02   2.9019018e-02   2.2930827e-02
   2.0740833e+03   3.6722999e-02   2.9004234e-02   2.2905902e-02
   2.0741667e+03   3.6725517e-02   2.8989450e-02   2.2880981e-02
   2.0742500e+03   3.6727720e-02   2.8974461e-02   2.2855949e-02
   2.0743333e+03   3.6727765e-02   2.8958144e-02   2.2830177e-02
   2.0744167e+03   3.6723000e-02   2.8938882e-02   2.2802767e-02
   2.0745000e+03   3.6714786e-02   2.8917511e-02   2.2774188e-02
   2.0745833e+03   3.6700740e-02   2.8892584e-02   2.2743639e-02
   2.0746667e+03   3.6682623e-02   2.8865182e-02   2.2711725e-02
   2.0747500e+03   3.6665668e-02   2.8838493e-02   2.2680223e-02
   2.0748333e+03   3.6656982e-02   2.8816834e-02   2.2651529e-02
   2.0749167e+03   3.6656021e-02   2.8799866e-02   2.2625447e-02
   2.0750000e+03   3.6657759e-02   2.8784528e-02   2.2600274e-02
   2.0750833e+03   3.6660221e-02   2.8769617e-02   2.2575342e-02
   2.0751667e+03   3.6662705e-02   2.8754709e-02   2.2550416e-02
   2.0752500e+03   3.6664844e-02   2.8739581e-02   2.2525372e-02
   2.0753333e+03   3.6664742e-02   2.8723086e-02   2.2499579e-02
   2.0754167e+03   3.6659734e-02   2.8703620e-02   2.2472156e-02
   2.0755000e+03   3.6651228e-02   2.8682039e-02   2.2443578e-02
   2.0755833e+03   3.6636827e-02   2.8656901e-02   2.2413056e-02
   2.0756667e+03   3.6618317e-02   2.8629291e-02   2.2381190e-02
   2.0757500e+03   3.6600983e-02   2.8602395e-02   2.2349733e-02
   2.0758333e+03   3.6592008e-02   2.8580533e-02   2.2321048e-02
   2.0759167e+03   3.6590882e-02   2.8563388e-02   2.2294954e-02
   2.0760000e+03   3.6592535e-02   2.8547904e-02   2.2269775e-02
   2.0760833e+03   3.6594958e-02   2.8532872e-02   2.2244848e-02
   2.0761667e+03   3.6597407e-02   2.8517844e-02   2.2219928e-02
   2.0762500e+03   3.6599482e-02   2.8502582e-02   2.2194884e-02
   2.0763333e+03   3.6599235e-02   2.8485920e-02   2.2169085e-02
   2.0764167e+03   3.6593991e-02   2.8466263e-02   2.2141665e-02
   2.0765000e+03   3.6585203e-02   2.8444485e-02   2.2113105e-02
   2.0765833e+03   3.6570454e-02   2.8419150e-02   2.2082627e-02
   2.0766667e+03   3.6551560e-02   2.8391347e-02   2.2050829e-02
   2.0767500e+03   3.6533852e-02   2.8364258e-02   2.2019433e-02
   2.0768333e+03   3.6524589e-02   2.8342202e-02   2.1990772e-02
   2.0769167e+03   3.6523295e-02   2.8324886e-02   2.1964679e-02
   2.0770000e+03   3.6524861e-02   2.8309261e-02   2.1939505e-02
   2.0770833e+03   3.6527242e-02   2.8294111e-02   2.1914592e-02
   2.0771667e+03   3.6529651e-02   2.8278968e-02   2.1889689e-02
   2.0772500e+03   3.6531659e-02   2.8263576e-02   2.1864657e-02
   2.0773333e+03   3.6531265e-02   2.8246752e-02   2.1838863e-02
   2.0774167e+03   3.6525781e-02   2.8226910e-02   2.1811460e-02
   2.0775000e+03   3.6516708e-02   2.8204943e-02   2.1782930e-02
   2.0775833e+03   3.6501610e-02   2.8179420e-02   2.1752511e-02
   2.0776667e+03   3.6482330e-02   2.8151433e-02   2.1720793e-02
   2.0777500e+03   3.6464247e-02   2.8124159e-02   2.1689473e-02
   2.0778333e+03   3.6454693e-02   2.8101917e-02   2.1660848e-02
   2.0779167e+03   3.6453229e-02   2.8084435e-02   2.1634769e-02
   2.0780000e+03   3.6454703e-02   2.8068674e-02   2.1609611e-02
   2.0780833e+03   3.6457038e-02   2.8053410e-02   2.1584724e-02
   2.0781667e+03   3.6459404e-02   2.8038154e-02   2.1559847e-02
   2.0782500e+03   3.6461341e-02   2.8022637e-02   2.1534838e-02
   2.0783333e+03   3.6460796e-02   2.8005656e-02   2.1509061e-02
   2.0784167e+03   3.6455071e-02   2.7985637e-02   2.1481687e-02
   2.0785000e+03   3.6445709e-02   2.7963488e-02   2.1453201e-02
   2.0785833e+03   3.6430261e-02   2.7937784e-02   2.1422855e-02
   2.0786667e+03   3.6410593e-02   2.7909622e-02   2.1391231e-02
   2.0787500e+03   3.6392134e-02   2.7882173e-02   2.1359999e-02
   2.0788333e+03   3.6382288e-02   2.7859751e-02   2.1331425e-02
   2.0789167e+03   3.6380649e-02   2.7842110e-02   2.1305370e-02
   2.0790000e+03   3.6382028e-02   2.7826217e-02   2.1280240e-02
   2.0790833e+03   3.6384314e-02   2.7810843e-02   2.1255389e-02
   2.0791667e+03   3.6386633e-02   2.7795479e-02   2.1230549e-02
   2.0792500e+03   3.6388495e-02   2.7779840e-02   2.1205572e-02
   2.0793333e+03   3.6387796e-02   2.7762708e-02   2.1179824e-02
   2.0794167e+03   3.6381827e-02   2.7742517e-02   2.1152492e-02
   2.0795000e+03   3.6372175e-02   2.7720194e-02   2.1124063e-02
   2.0795833e+03   3.6356375e-02   2.7694318e-02   2.1093802e-02
   2.0796667e+03   3.6336318e-02   2.7665990e-02   2.1062285e-02
   2.0797500e+03   3.6317480e-02   2.7638374e-02   2.1031156e-02
   2.0798333e+03   3.6307339e-02   2.7615781e-02   2.1002645e-02
   2.0799167e+03   3.6305524e-02   2.7597985e-02   2.0976627e-02
   2.0800000e+03   3.6306804e-02   2.7581966e-02   2.0951535e-02
   2.0800833e+03   3.6309037e-02   2.7566486e-02   2.0926728e-02
   2.0801667e+03   3.6311306e-02   2.7551017e-02   2.0901935e-02
   2.0802500e+03   3.6313090e-02   2.7535261e-02   2.0877002e-02
   2.0803333e+03   3.6312234e-02   2.7517983e-02   2.0851293e-02
   2.0804167e+03   3.6306017e-02   2.7497628e-02   2.0824016e-02
   2.0805000e+03   3.6296073e-02   2.7475138e-02   2.0795656e-02
   2.0805833e+03   3.6279919e-02   2.7449099e-02   2.0765493e-02
   2.0806667e+03   3.6259473e-02   2.7420614e-02   2.0734098e-02
   2.0807500e+03   3.6240255e-02   2.7392840e-02   2.0703084e-02
   2.0808333e+03   3.6229817e-02   2.7370082e-02   2.0674648e-02
   2.0809167e+03   3.6227822e-02   2.7352138e-02   2.0648678e-02
   2.0810000e+03   3.6229000e-02   2.7335996e-02   2.0623634e-02
   2.0810833e+03   3.6231176e-02   2.7320414e-02   2.0598884e-02
   2.0811667e+03   3.6233392e-02   2.7304845e-02   2.0574147e-02
   2.0812500e+03   3.6235094e-02   2.7288977e-02   2.0549267e-02
   2.0813333e+03   3.6234077e-02   2.7271558e-02   2.0523610e-02
   2.0814167e+03   3.6227612e-02   2.7251046e-02   2.0496398e-02
   2.0815000e+03   3.6217373e-02   2.7228396e-02   2.0468120e-02
   2.0815833e+03   3.6200863e-02   2.7202202e-02   2.0438069e-02
   2.0816667e+03   3.6180026e-02   2.7173568e-02   2.0406806e-02
   2.0817500e+03   3.6160428e-02   2.7145645e-02   2.0375921e-02
   2.0818333e+03   3.6149691e-02   2.7122731e-02   2.0347572e-02
   2.0819167e+03   3.6147513e-02   2.7104645e-02   2.0321661e-02
   2.0820000e+03   3.6148585e-02   2.7088385e-02   2.0296676e-02
   2.0820833e+03   3.6150702e-02   2.7072705e-02   2.0271991e-02
   2.0821667e+03   3.6152859e-02   2.7057040e-02   2.0247321e-02
   2.0822500e+03   3.6154477e-02   2.7041063e-02   2.0222504e-02
   2.0823333e+03   3.6153297e-02   2.7023509e-02   2.0196909e-02
   2.0824167e+03   3.6146579e-02   2.7002846e-02   2.0169775e-02
   2.0825000e+03   3.6136044e-02   2.6980045e-02   2.0141590e-02
   2.0825833e+03   3.6119178e-02   2.6953704e-02   2.0111662e-02
   2.0826667e+03   3.6097949e-02   2.6924932e-02   2.0080546e-02
   2.0827500e+03   3.6077969e-02   2.6896868e-02   2.0049800e-02
   2.0828333e+03   3.6066931e-02   2.6873805e-02   2.0021551e-02
   2.0829167e+03   3.6064566e-02   2.6855582e-02   1.9995710e-02
   2.0830000e+03   3.6065530e-02   2.6839209e-02   1.9970795e-02
   2.0830833e+03   3.6067583e-02   2.6823435e-02   1.9946184e-02
   2.0831667e+03   3.6069680e-02   2.6807678e-02   1.9921590e-02
   2.0832500e+03   3.6071209e-02   2.6791598e-02   1.9896846e-02
   2.0833333e+03   3.6069863e-02   2.6773914e-02   1.9871323e-02
   2.0834167e+03   3.6062891e-02   2.6753107e-02   1.9844279e-02
   2.0835000e+03   3.6052057e-02   2.6730162e-02   1.9816200e-02
   2.0835833e+03   3.6034833e-02   2.6703682e-02   1.9786407e-02
   2.0836667e+03   3.6013211e-02   2.6674780e-02   1.9755448e-02
   2.0837500e+03   3.5992849e-02   2.6646585e-02   1.9724855e-02
   2.0838333e+03   3.5981508e-02   2.6623381e-02   1.9696717e-02
   2.0839167e+03   3.5978955e-02   2.6605027e-02   1.9670957e-02
   2.0840000e+03   3.5979807e-02   2.6588546e-02   1.9646120e-02
   2.0840833e+03   3.5981793e-02   2.6572683e-02   1.9621593e-02
   2.0841667e+03   3.5983825e-02   2.6556837e-02   1.9597084e-02
   2.0842500e+03   3.5985262e-02   2.6540658e-02   1.9572423e-02
   2.0843333e+03   3.5983746e-02   2.6522851e-02   1.9546983e-02
   2.0844167e+03   3.5976518e-02   2.6501907e-02   1.9520039e-02
   2.0845000e+03   3.5965384e-02   2.6478824e-02   1.9492077e-02
   2.0845833e+03   3.5947801e-02   2.6452215e-02   1.9462431e-02
   2.0846667e+03   3.5925786e-02   2.6423192e-02   1.9431642e-02
   2.0847500e+03   3.5905040e-02   2.6394874e-02   1.9401213e-02
   2.0848333e+03   3.5893394e-02   2.6371536e-02   1.9373197e-02
   2.0849167e+03   3.5890650e-02   2.6353058e-02   1.9347529e-02
   2.0850000e+03   3.5891387e-02   2.6336473e-02   1.9322780e-02
   2.0850833e+03   3.5893302e-02   2.6320525e-02   1.9298346e-02
   2.0851667e+03   3.5895266e-02   2.6304595e-02   1.9273932e-02
   2.0852500e+03   3.5896608e-02   2.6288321e-02   1.9249362e-02
   2.0853333e+03   3.5894920e-02   2.6270396e-02   1.9224016e-02
   2.0854167e+03   3.5887433e-02   2.6249322e-02   1.9197183e-02
   2.0855000e+03   3.5875998e-02   2.6226110e-02   1.9169349e-02
   2.0855833e+03   3.5858054e-02   2.6199380e-02   1.9139861e-02
   2.0856667e+03   3.5835645e-02   2.6170245e-02   1.9109253e-02
   2.0857500e+03   3.5814515e-02   2.6141813e-02   1.9078999e-02
   2.0858333e+03   3.5802564e-02   2.6118349e-02   1.9051116e-02
   2.0859167e+03   3.5799626e-02   2.6099752e-02   1.9025550e-02
   2.0860000e+03   3.5800244e-02   2.6083069e-02   1.9000899e-02
   2.0860833e+03   3.5802085e-02   2.6067039e-02   1.8976567e-02
   2.0861667e+03   3.5803978e-02   2.6051030e-02   1.8952256e-02
   2.0862500e+03   3.5805221e-02   2.6034666e-02   1.8927787e-02
   2.0863333e+03   3.5803358e-02   2.6016628e-02   1.8902544e-02
   2.0864167e+03   3.5795610e-02   2.5995431e-02   1.8875833e-02
   2.0865000e+03   3.5783871e-02   2.5972098e-02   1.8848138e-02
   2.0865833e+03   3.5765566e-02   2.5945255e-02   1.8818819e-02
   2.0866667e+03   3.5742764e-02   2.5916017e-02   1.8788403e-02
   2.0867500e+03   3.5721249e-02   2.5887480e-02   1.8758335e-02
   2.0868333e+03   3.5708990e-02   2.5863898e-02   1.8730596e-02
   2.0869167e+03   3.5705855e-02   2.5845188e-02   1.8705142e-02
   2.0870000e+03   3.5706352e-02   2.5828411e-02   1.8680598e-02
   2.0870833e+03   3.5708115e-02   2.5812305e-02   1.8656377e-02
   2.0871667e+03   3.5709933e-02   2.5796220e-02   1.8632177e-02
   2.0872500e+03   3.5711075e-02   2.5779770e-02   1.8607818e-02
   2.0873333e+03   3.5709034e-02   2.5761626e-02   1.8582688e-02
   2.0874167e+03   3.5701023e-02   2.5740313e-02   1.8556109e-02
   2.0875000e+03   3.5688979e-02   2.5716866e-02   1.8528563e-02
   2.0875833e+03   3.5670313e-02   2.5689919e-02   1.8499424e-02
   2.0876667e+03   3.5647116e-02   2.5660586e-02   1.8469210e-02
   2.0877500e+03   3.5625217e-02   2.5631953e-02   1.8439339e-02
   2.0878333e+03   3.5612649e-02   2.5608260e-02   1.8411755e-02
   2.0879167e+03   3.5609314e-02   2.5589444e-02   1.8386422e-02
   2.0880000e+03   3.5609686e-02   2.5572579e-02   1.8361994e-02
   2.0880833e+03   3.5611369e-02   2.5556399e-02   1.8337892e-02
   2.0881667e+03   3.5613109e-02   2.5540244e-02   1.8313811e-02
   2.0882500e+03   3.5614145e-02   2.5523713e-02   1.8289572e-02
   2.0883333e+03   3.5611924e-02   2.5505468e-02   1.8264564e-02
   2.0884167e+03   3.5603648e-02   2.5484046e-02   1.8238128e-02
   2.0885000e+03   3.5591298e-02   2.5460492e-02   1.8210741e-02
   2.0885833e+03   3.5572269e-02   2.5433449e-02   1.8181792e-02
   2.0886667e+03   3.5548678e-02   2.5404032e-02   1.8151790e-02
   2.0887500e+03   3.5526394e-02   2.5375312e-02   1.8122126e-02
   2.0888333e+03   3.5513515e-02   2.5351515e-02   1.8094707e-02
   2.0889167e+03   3.5509979e-02   2.5332598e-02   1.8069504e-02
   2.0890000e+03   3.5510223e-02   2.5315649e-02   1.8045201e-02
   2.0890833e+03   3.5511822e-02   2.5299402e-02   1.8021226e-02
   2.0891667e+03   3.5513480e-02   2.5283180e-02   1.7997274e-02
   2.0892500e+03   3.5514408e-02   2.5266573e-02   1.7973161e-02
   2.0893333e+03   3.5512004e-02   2.5248232e-02   1.7948285e-02
   2.0894167e+03   3.5503462e-02   2.5226708e-02   1.7922000e-02
   2.0895000e+03   3.5490804e-02   2.5203055e-02   1.7894783e-02
   2.0895833e+03   3.5471413e-02   2.5175925e-02   1.7866034e-02
   2.0896667e+03   3.5447427e-02   2.5146432e-02   1.7836255e-02
   2.0897500e+03   3.5424758e-02   2.5117633e-02   1.7806808e-02
   2.0898333e+03   3.5411568e-02   2.5093741e-02   1.7779562e-02
   2.0899167e+03   3.5407828e-02   2.5074729e-02   1.7754499e-02
   2.0900000e+03   3.5407941e-02   2.5057702e-02   1.7730330e-02
   2.0900833e+03   3.5409452e-02   2.5041391e-02   1.7706490e-02
   2.0901667e+03   3.5411026e-02   2.5025106e-02   1.7682674e-02
   2.0902500e+03   3.5411842e-02   2.5008428e-02   1.7658697e-02
   2.0903333e+03   3.5409252e-02   2.4989998e-02   1.7633961e-02
   2.0904167e+03   3.5400442e-02   2.4968379e-02   1.7607837e-02
   2.0905000e+03   3.5387475e-02   2.4944635e-02   1.7580798e-02
   2.0905833e+03   3.5367721e-02   2.4917426e-02   1.7552259e-02
   2.0906667e+03   3.5343342e-02   2.4887865e-02   1.7522712e-02
   2.0907500e+03   3.5320287e-02   2.4858996e-02   1.7493491e-02
   2.0908333e+03   3.5306785e-02   2.4835016e-02   1.7466429e-02
   2.0909167e+03   3.5302838e-02   2.4815916e-02   1.7441515e-02
   2.0910000e+03   3.5302817e-02   2.4798815e-02   1.7417487e-02
   2.0910833e+03   3.5304238e-02   2.4782444e-02   1.7393790e-02
   2.0911667e+03   3.5305723e-02   2.4766102e-02   1.7370117e-02
   2.0912500e+03   3.5306425e-02   2.4749357e-02   1.7346284e-02
   2.0913333e+03   3.5303647e-02   2.4730843e-02   1.7321697e-02
   2.0914167e+03   3.5294567e-02   2.4709136e-02   1.7295744e-02
   2.0915000e+03   3.5281291e-02   2.4685308e-02   1.7268892e-02
   2.0915833e+03   3.5261173e-02   2.4658029e-02   1.7240572e-02
   2.0916667e+03   3.5236400e-02   2.4628409e-02   1.7211265e-02
   2.0917500e+03   3.5212961e-02   2.4599480e-02   1.7182280e-02
   2.0918333e+03   3.5199145e-02   2.4575420e-02   1.7155411e-02
   2.0919167e+03   3.5194990e-02   2.4556237e-02   1.7130654e-02
   2.0920000e+03   3.5194832e-02   2.4539067e-02   1.7106775e-02
   2.0920833e+03   3.5196160e-02   2.4522642e-02   1.7083228e-02
   2.0921667e+03   3.5197553e-02   2.4506245e-02   1.7059708e-02
   2.0922500e+03   3.5198138e-02   2.4489439e-02   1.7036025e-02
   2.0923333e+03   3.5195169e-02   2.4470847e-02   1.7011595e-02
   2.0924167e+03   3.5185818e-02   2.4449058e-02   1.6985821e-02
   2.0925000e+03   3.5172230e-02   2.4425155e-02   1.6959166e-02
   2.0925833e+03   3.5151750e-02   2.4397813e-02   1.6931073e-02
   2.0926667e+03   3.5126584e-02   2.4368144e-02   1.6902017e-02
   2.0927500e+03   3.5102760e-02   2.4339162e-02   1.6873276e-02
   2.0928333e+03   3.5088630e-02   2.4315029e-02   1.6846608e-02
   2.0929167e+03   3.5084264e-02   2.4295770e-02   1.6822016e-02
   2.0930000e+03   3.5083967e-02   2.4278537e-02   1.6798295e-02
   2.0930833e+03   3.5085197e-02   2.4262061e-02   1.6774906e-02
   2.0931667e+03   3.5086497e-02   2.4245615e-02   1.6751544e-02
   2.0932500e+03   3.5086960e-02   2.4228751e-02   1.6728019e-02
   2.0933333e+03   3.5083798e-02   2.4210087e-02   1.6703755e-02
   2.0934167e+03   3.5074175e-02   2.4188225e-02   1.6678168e-02
   2.0935000e+03   3.5060276e-02   2.4164252e-02   1.6651719e-02
   2.0935833e+03   3.5039432e-02   2.4136857e-02   1.6623862e-02
   2.0936667e+03   3.5013874e-02   2.4107147e-02   1.6595063e-02
   2.0937500e+03   3.4989667e-02   2.4078121e-02   1.6566575e-02
   2.0938333e+03   3.4975222e-02   2.4053924e-02   1.6540116e-02
   2.0939167e+03   3.4970643e-02   2.4034594e-02   1.6515698e-02
   2.0940000e+03   3.4970203e-02   2.4017302e-02   1.6492141e-02
   2.0940833e+03   3.4971333e-02   2.4000780e-02   1.6468917e-02
   2.0941667e+03   3.4972535e-02   2.3984290e-02   1.6445721e-02
   2.0942500e+03   3.4972875e-02   2.3967373e-02   1.6422362e-02
   2.0943333e+03   3.4969518e-02   2.3948643e-02   1.6398271e-02
   2.0944167e+03   3.4959621e-02   2.3926713e-02   1.6372880e-02
   2.0945000e+03   3.4945410e-02   2.3902680e-02   1.6346644e-02
   2.0945833e+03   3.4924203e-02   2.3875238e-02   1.6319030e-02
   2.0946667e+03   3.4898253e-02   2.3845497e-02   1.6290498e-02
   2.0947500e+03   3.4873663e-02   2.3816436e-02   1.6262270e-02
   2.0948333e+03   3.4858903e-02   2.3792181e-02   1.6236029e-02
   2.0949167e+03   3.4854109e-02   2.3772786e-02   1.6211792e-02
   2.0950000e+03   3.4853525e-02   2.3755441e-02   1.6188407e-02
   2.0950833e+03   3.4854552e-02   2.3738877e-02   1.6165355e-02
   2.0951667e+03   3.4855653e-02   2.3722347e-02   1.6142331e-02
   2.0952500e+03   3.4855867e-02   2.3705383e-02   1.6119145e-02
   2.0953333e+03   3.4852312e-02   2.3686592e-02   1.6095234e-02
   2.0954167e+03   3.4842140e-02   2.3664602e-02   1.6070046e-02
   2.0955000e+03   3.4827616e-02   2.3640515e-02   1.6044031e-02
   2.0955833e+03   3.4806047e-02   2.3613036e-02   1.6016670e-02
   2.0956667e+03   3.4779707e-02   2.3583271e-02   1.5988412e-02
   2.0957500e+03   3.4754735e-02   2.3554183e-02   1.5960451e-02
   2.0958333e+03   3.4739658e-02   2.3529878e-02   1.5934436e-02
   2.0959167e+03   3.4734647e-02   2.3510425e-02   1.5910388e-02
   2.0960000e+03   3.4733915e-02   2.3493032e-02   1.5887181e-02
   2.0960833e+03   3.4734836e-02   2.3476431e-02   1.5864307e-02
   2.0961667e+03   3.4735834e-02   2.3459864e-02   1.5841461e-02
   2.0962500e+03   3.4735918e-02   2.3442857e-02   1.5818455e-02
   2.0963333e+03   3.4732164e-02   2.3424012e-02   1.5794732e-02
   2.0964167e+03   3.4721716e-02   2.3401968e-02   1.5769755e-02
   2.0965000e+03   3.4706879e-02   2.3377835e-02   1.5743969e-02
   2.0965833e+03   3.4684948e-02   2.3350327e-02   1.5716866e-02
   2.0966667e+03   3.4658219e-02   2.3320547e-02   1.5688889e-02
   2.0967500e+03   3.4632866e-02   2.3291441e-02   1.5661204e-02
   2.0968333e+03   3.4617473e-02   2.3267093e-02   1.5635421e-02
   2.0969167e+03   3.4612244e-02   2.3247588e-02   1.5611569e-02
   2.0970000e+03   3.4611362e-02   2.3230152e-02   1.5588548e-02
   2.0970833e+03   3.4612173e-02   2.3213518e-02   1.5565858e-02
   2.0971667e+03   3.4613064e-02   2.3196919e-02   1.5543198e-02
   2.0972500e+03   3.4613017e-02   2.3179875e-02   1.5520377e-02
   2.0973333e+03   3.4609061e-02   2.3160980e-02   1.5496849e-02
   2.0974167e+03   3.4598336e-02   2.3138890e-02   1.5472090e-02
   2.0975000e+03   3.4583186e-02   2.3114718e-02   1.5446539e-02
   2.0975833e+03   3.4560894e-02   2.3087189e-02   1.5419703e-02
   2.0976667e+03   3.4533777e-02   2.3057402e-02   1.5392013e-02
   2.0977500e+03   3.4508044e-02   2.3028287e-02   1.5364610e-02
   2.0978333e+03   3.4492335e-02   2.3003904e-02   1.5339068e-02
   2.0979167e+03   3.4486885e-02   2.2984353e-02   1.5315418e-02
   2.0980000e+03   3.4485851e-02   2.2966877e-02   1.5292589e-02
   2.0980833e+03   3.4486550e-02   2.2950215e-02   1.5270089e-02
   2.0981667e+03   3.4487331e-02   2.2933590e-02   1.5247620e-02
   2.0982500e+03   3.4487150e-02   2.2916512e-02   1.5224991e-02
   2.0983333e+03   3.4482991e-02   2.2897574e-02   1.5201664e-02
   2.0984167e+03   3.4471988e-02   2.2875444e-02   1.5177130e-02
   2.0985000e+03   3.4456524e-02   2.2851240e-02   1.5151822e-02
   2.0985833e+03   3.4433872e-02   2.2823698e-02   1.5125259e-02
   2.0986667e+03   3.4406368e-02   2.2793914e-02   1.5097863e-02
   2.0987500e+03   3.4380257e-02   2.2764797e-02   1.5070749e-02
   2.0988333e+03   3.4364232e-02   2.2740386e-02   1.5045453e-02
   2.0989167e+03   3.4358560e-02   2.2720795e-02   1.5022012e-02
   2.0990000e+03   3.4357371e-02   2.2703286e-02   1.4999381e-02
   2.0990833e+03   3.4357956e-02   2.2686600e-02   1.4977078e-02
   2.0991667e+03   3.4358624e-02   2.2669952e-02   1.4954805e-02
   2.0992500e+03   3.4358305e-02   2.2652846e-02   1.4932374e-02
   2.0993333e+03   3.4353941e-02   2.2633871e-02   1.4909255e-02
   2.0994167e+03   3.4342660e-02   2.2611707e-02   1.4884952e-02
   2.0995000e+03   3.4326882e-02   2.2587479e-02   1.4859893e-02
   2.0995833e+03   3.4303871e-02   2.2559932e-02   1.4833609e-02
   2.0996667e+03   3.4275983e-02   2.2530158e-02   1.4806514e-02
   2.0997500e+03   3.4249495e-02   2.2501048e-02   1.4779694e-02
   2.0998333e+03   3.4233154e-02   2.2476617e-02   1.4754651e-02
   2.0999167e+03   3.4227259e-02   2.2456991e-02   1.4731425e-02
   2.1000000e+03   3.4225912e-02   2.2439454e-02   1.4708998e-02
   2.1000833e+03   3.4226379e-02   2.2422749e-02   1.4686897e-02
   2.1001667e+03   3.4226932e-02   2.2406083e-02   1.4664826e-02
   2.1002500e+03   3.4226474e-02   2.2388953e-02   1.4642599e-02
   2.1003333e+03   3.4221902e-02   2.2369946e-02   1.4619693e-02
   2.1004167e+03   3.4210343e-02   2.2347756e-02   1.4595628e-02
   2.1005000e+03   3.4194252e-02   2.2323511e-02   1.4570824e-02
   2.1005833e+03   3.4170882e-02   2.2295967e-02   1.4544825e-02
   2.1006667e+03   3.4142612e-02   2.2266212e-02   1.4518036e-02
   2.1007500e+03   3.4115749e-02   2.2237116e-02   1.4491517e-02
   2.1008333e+03   3.4099092e-02   2.2212671e-02   1.4466732e-02
   2.1009167e+03   3.4092972e-02   2.2193017e-02   1.4443728e-02
