   2.0000000e+03   1.0000000e+00   1.0000000e+00   1.0000000e+00
   2.0000833e+03   1.0000000e+00   1.0000000e+00   1.0000000e+00
   2.0001667e+03   1.0000000e+00   1.0000000e+00   1.0000000e+00
   2.0002500e+03   1.0000000e+00   1.0000000e+00   1.0000000e+00
   2.0003333e+03   1.0000000e+00   1.0000000e+00   1.0000000e+00
   2.0004167e+03   1.0000000e+00   1.0000000e+00   1.0000000e+00
   2.0005000e+03   1.0000000e+00   1.0000000e+00   1.0000000e+00
   2.0005833e+03   1.0000000e+00   1.0000000e+00   1.0000000e+00
   2.0006667e+03   1.0000000e+00   1.0000000e+00   1.0000000e+00
   2.0007500e+03   1.0000000e+00   1.0000000e+00   1.0000000e+00
   2.0008333e+03   1.0000000e+00   1.0000000e+00   1.0000000e+00
   2.0009167e+03   1.0000000e+00   1.0000000e+00   1.0000000e+00
   2.0010000e+03   9.9954639e-01   9.9954602e-01   9.9954565e-01
   2.0010833e+03   9.9900340e-01   9.9900232e-01   9.9900124e-01
   2.0011667e+03   9.9856810e-01   9.9856590e-01   9.9856371e-01
   2.0012500e+03   9.9841998e-01   9.9841609e-01   9.9841219e-01
   2.0013333e+03   9.9859282e-01   9.9858651e-01   9.9858021e-01
   2.0014167e+03   9.9889950e-01   9.9889016e-01   9.9888082e-01
   2.0015000e+03   9.9918508e-01   9.9917223e-01   9.9915938e-01
   2.0015833e+03   5.9966050e-01   5.9965041e-01   5.9964033e-01
   2.0016667e+03   5.9982146e-01   5.9980869e-01   5.9979591e-01
   2.0017500e+03   6.0000681e-01   5.9999101e-01   5.9997520e-01
   2.0018333e+03   6.0011206e-01   6.0009308e-01   6.0007411e-01
   2.0019167e+03   6.0001883e-01   5.9999684e-01   5.9997484e-01
   2.0020000e+03   5.9975055e-01   5.9972570e-01   5.9970085e-01
   2.0020833e+03   5.9942877e-01   5.9940098e-01   5.9937319e-01
   2.0021667e+03   5.9917144e-01   5.9914034e-01   5.9910924e-01
   2.0022500e+03   5.9908582e-01   5.9905068e-01   5.9901555e-01
   2.0023333e+03   5.9919147e-01   5.9915147e-01   5.9911148e-01
   2.0024167e+03   5.9937578e-01   5.9933038e-01   5.9928498e-01
   2.0025000e+03   5.9954620e-01   5.9949514e-01   5.9944409e-01
   2.0025833e+03   5.9969414e-01   5.9963722e-01   5.9958031e-01
   2.0026667e+03   5.9985387e-01   5.9979075e-01   5.9972764e-01
   2.0027500e+03   6.0003939e-01   5.9996968e-01   5.9989998e-01
   2.0028333e+03   6.0014658e-01   6.0007031e-01   5.9999405e-01
   2.0029167e+03   6.0005662e-01   5.9997438e-01   5.9989214e-01
   2.0030000e+03   5.9979221e-01   5.9970454e-01   5.9961688e-01
   2.0030833e+03   5.9947442e-01   5.9938137e-01   5.9928833e-01
   2.0031667e+03   5.9922092e-01   5.9912198e-01   5.9902306e-01
   2.0032500e+03   5.9913852e-01   5.9903262e-01   5.9892673e-01
   2.0033333e+03   5.9924611e-01   5.9913199e-01   5.9901790e-01
   2.0034167e+03   5.9943070e-01   5.9930767e-01   5.9918467e-01
   2.0035000e+03   5.9960017e-01   5.9946802e-01   5.9933591e-01
   2.0035833e+03   5.9974658e-01   5.9960517e-01   5.9946379e-01
   2.0036667e+03   5.9990504e-01   5.9975401e-01   5.9960301e-01
   2.0037500e+03   6.0009071e-01   5.9992960e-01   5.9976854e-01
   2.0038333e+03   6.0019982e-01   6.0002884e-01   5.9985790e-01
   2.0039167e+03   6.0011312e-01   5.9993327e-01   5.9975347e-01
   2.0040000e+03   5.9985255e-01   5.9966478e-01   5.9947707e-01
   2.0040833e+03   5.9953874e-01   5.9934321e-01   5.9914775e-01
   2.0041667e+03   5.9928905e-01   5.9908513e-01   5.9888127e-01
   2.0042500e+03   5.9920987e-01   5.9899610e-01   5.9878241e-01
   2.0043333e+03   5.9931937e-01   5.9909412e-01   5.9886895e-01
   2.0044167e+03   5.9950422e-01   5.9926664e-01   5.9902914e-01
   2.0045000e+03   5.9967270e-01   5.9942263e-01   5.9917265e-01
   2.0045833e+03   5.9981755e-01   5.9955489e-01   5.9929235e-01
   2.0046667e+03   5.9997473e-01   5.9969911e-01   5.9942362e-01
   2.0047500e+03   6.0016052e-01   5.9987143e-01   5.9958247e-01
   2.0048333e+03   6.0027154e-01   5.9996933e-01   5.9966726e-01
   2.0049167e+03   6.0018807e-01   5.9987418e-01   5.9956044e-01
   2.0050000e+03   5.9993134e-01   5.9960709e-01   5.9928301e-01
   2.0050833e+03   5.9962148e-01   5.9928716e-01   5.9895303e-01
   2.0051667e+03   5.9937559e-01   5.9903044e-01   5.9868548e-01
   2.0052500e+03   5.9929960e-01   5.9894180e-01   5.9858421e-01
   2.0053333e+03   5.9941101e-01   5.9903852e-01   5.9866626e-01
   2.0054167e+03   5.9959609e-01   5.9920793e-01   5.9882001e-01
   2.0055000e+03   5.9976356e-01   5.9935962e-01   5.9895594e-01
   2.0055833e+03   5.9990682e-01   5.9948707e-01   5.9906761e-01
   2.0056667e+03   6.0006268e-01   5.9962672e-01   5.9919107e-01
   2.0057500e+03   6.0024858e-01   5.9979583e-01   5.9934340e-01
   2.0058333e+03   6.0036149e-01   5.9989244e-01   5.9942375e-01
   2.0059167e+03   6.0028124e-01   5.9979776e-01   5.9931467e-01
   2.0060000e+03   6.0002832e-01   5.9953212e-01   5.9903632e-01
   2.0060833e+03   5.9972239e-01   5.9921389e-01   5.9870581e-01
   2.0061667e+03   5.9948028e-01   5.9895857e-01   5.9843729e-01
   2.0062500e+03   5.9940747e-01   5.9887037e-01   5.9833374e-01
   2.0063333e+03   5.9952076e-01   5.9896585e-01   5.9841144e-01
   2.0064167e+03   5.9970606e-01   5.9913221e-01   5.9855890e-01
   2.0065000e+03   5.9987250e-01   5.9927966e-01   5.9868740e-01
   2.0065833e+03   6.0001414e-01   5.9940236e-01   5.9879119e-01
   2.0066667e+03   6.0016865e-01   5.9953751e-01   5.9890701e-01
   2.0067500e+03   6.0035464e-01   5.9970346e-01   5.9905296e-01
   2.0068333e+03   6.0046941e-01   5.9979885e-01   5.9912901e-01
   2.0069167e+03   6.0039237e-01   5.9970469e-01   5.9901779e-01
   2.0070000e+03   6.0014324e-01   5.9944054e-01   5.9873865e-01
   2.0070833e+03   5.9984124e-01   5.9912406e-01   5.9840772e-01
   2.0071667e+03   5.9960289e-01   5.9887019e-01   5.9813836e-01
   2.0072500e+03   5.9953324e-01   5.9878249e-01   5.9803266e-01
   2.0073333e+03   5.9964840e-01   5.9887678e-01   5.9810614e-01
   2.0074167e+03   5.9983389e-01   5.9904015e-01   5.9824745e-01
   2.0075000e+03   5.9999927e-01   5.9918343e-01   5.9836869e-01
   2.0075833e+03   6.0013926e-01   5.9930143e-01   5.9846476e-01
   2.0076667e+03   6.0029240e-01   5.9943214e-01   5.9857308e-01
   2.0077500e+03   6.0047845e-01   5.9959499e-01   5.9871281e-01
   2.0078333e+03   6.0059508e-01   5.9968921e-01   5.9878470e-01
   2.0079167e+03   6.0052121e-01   5.9959563e-01   5.9867146e-01
   2.0080000e+03   6.0027587e-01   5.9933303e-01   5.9839165e-01
   2.0080833e+03   5.9997777e-01   5.9901834e-01   5.9806042e-01
   2.0081667e+03   5.9974317e-01   5.9876597e-01   5.9779035e-01
   2.0082500e+03   5.9967667e-01   5.9867883e-01   5.9768262e-01
   2.0083333e+03   5.9979367e-01   5.9877199e-01   5.9775202e-01
   2.0084167e+03   5.9997934e-01   5.9893243e-01   5.9788733e-01
   2.0085000e+03   6.0014362e-01   5.9907160e-01   5.9800145e-01
   2.0085833e+03   6.0028194e-01   5.9918497e-01   5.9808997e-01
   2.0086667e+03   6.0043368e-01   5.9931128e-01   5.9819096e-01
   2.0087500e+03   6.0061976e-01   5.9947111e-01   5.9832461e-01
   2.0088333e+03   6.0073823e-01   5.9956422e-01   5.9839248e-01
   2.0089167e+03   6.0066754e-01   5.9947127e-01   5.9827735e-01
   2.0090000e+03   6.0042595e-01   5.9921026e-01   5.9799700e-01
   2.0090833e+03   6.0013175e-01   5.9889742e-01   5.9766559e-01
   2.0091667e+03   5.9990087e-01   5.9864660e-01   5.9739492e-01
   2.0092500e+03   5.9983750e-01   5.9856006e-01   5.9728530e-01
   2.0093333e+03   5.9995634e-01   5.9865215e-01   5.9735076e-01
   2.0094167e+03   6.0014215e-01   5.9880973e-01   5.9748022e-01
   2.0095000e+03   6.0030532e-01   5.9894483e-01   5.9758739e-01
   2.0095833e+03   6.0044193e-01   5.9905363e-01   5.9766851e-01
   2.0096667e+03   6.0059224e-01   5.9917563e-01   5.9776232e-01
   2.0097500e+03   6.0077834e-01   5.9933248e-01   5.9789006e-01
   2.0098333e+03   6.0089862e-01   5.9942455e-01   5.9795404e-01
   2.0099167e+03   6.0083108e-01   5.9933228e-01   5.9783716e-01
   2.0100000e+03   6.0059325e-01   5.9907292e-01   5.9755639e-01
   2.0100833e+03   6.0030292e-01   5.9876196e-01   5.9722491e-01
   2.0101667e+03   6.0007576e-01   5.9851275e-01   5.9695377e-01
   2.0102500e+03   6.0001550e-01   5.9842686e-01   5.9684238e-01
   2.0103333e+03   6.0013615e-01   5.9851794e-01   5.9690404e-01
   2.0104167e+03   6.0032209e-01   5.9867271e-01   5.9702782e-01
   2.0105000e+03   6.0048412e-01   5.9880383e-01   5.9712819e-01
   2.0105833e+03   3.0030949e-01   2.9945406e-01   2.9860104e-01
   2.0106667e+03   3.0038392e-01   2.9951293e-01   2.9864444e-01
   2.0107500e+03   3.0047697e-01   2.9958990e-01   2.9870542e-01
   2.0108333e+03   3.0053801e-01   2.9963544e-01   2.9873554e-01
   2.0109167e+03   3.0050581e-01   2.9958967e-01   2.9867629e-01
   2.0110000e+03   3.0038876e-01   2.9946084e-01   2.9853576e-01
   2.0110833e+03   3.0024552e-01   2.9930633e-01   2.9837005e-01
   2.0111667e+03   3.0013379e-01   2.9918255e-01   2.9823430e-01
   2.0112500e+03   3.0010521e-01   2.9913996e-01   2.9817779e-01
   2.0113333e+03   3.0016643e-01   2.9918503e-01   2.9820679e-01
   2.0114167e+03   3.0025945e-01   2.9926104e-01   2.9826591e-01
   2.0115000e+03   3.0033988e-01   2.9932463e-01   2.9831278e-01
   2.0115833e+03   3.0040643e-01   2.9937456e-01   2.9834619e-01
   2.0116667e+03   3.0048011e-01   2.9943133e-01   2.9838616e-01
   2.0117500e+03   3.0057315e-01   2.9950687e-01   2.9844434e-01
   2.0118333e+03   3.0063508e-01   2.9955194e-01   2.9847267e-01
   2.0119167e+03   3.0060444e-01   2.9950657e-01   2.9841267e-01
   2.0120000e+03   3.0048925e-01   2.9937861e-01   2.9827204e-01
   2.0120833e+03   3.0034793e-01   2.9922510e-01   2.9810643e-01
   2.0121667e+03   3.0023804e-01   2.9910217e-01   2.9797056e-01
   2.0122500e+03   3.0021101e-01   2.9905997e-01   2.9791330e-01
   2.0123333e+03   3.0027312e-01   2.9910458e-01   2.9794055e-01
   2.0124167e+03   3.0036618e-01   2.9917926e-01   2.9799698e-01
   2.0125000e+03   3.0044601e-01   2.9924092e-01   2.9804061e-01
   2.0125833e+03   3.0051166e-01   2.9928865e-01   2.9807057e-01
   2.0126667e+03   3.0058458e-01   2.9934335e-01   2.9810720e-01
   2.0127500e+03   3.0067759e-01   2.9941750e-01   2.9816265e-01
   2.0128333e+03   3.0074041e-01   2.9946214e-01   2.9818925e-01
   2.0129167e+03   3.0071132e-01   2.9941719e-01   2.9812857e-01
   2.0130000e+03   3.0059798e-01   2.9929013e-01   2.9798792e-01
   2.0130833e+03   3.0045858e-01   2.9913764e-01   2.9782245e-01
   2.0131667e+03   3.0035052e-01   2.9901559e-01   2.9768654e-01
   2.0132500e+03   3.0032502e-01   2.9897379e-01   2.9762859e-01
   2.0133333e+03   3.0038801e-01   2.9901799e-01   2.9765416e-01
   2.0134167e+03   3.0048111e-01   2.9909136e-01   2.9770798e-01
   2.0135000e+03   3.0056032e-01   2.9915111e-01   2.9774846e-01
   2.0135833e+03   3.0062506e-01   2.9919668e-01   2.9777504e-01
   2.0136667e+03   3.0069721e-01   2.9924935e-01   2.9780841e-01
   2.0137500e+03   3.0079017e-01   2.9932214e-01   2.9786121e-01
   2.0138333e+03   3.0085386e-01   2.9936637e-01   2.9788617e-01
   2.0139167e+03   3.0082633e-01   2.9932187e-01   2.9782487e-01
   2.0140000e+03   3.0071483e-01   2.9919574e-01   2.9768425e-01
   2.0140833e+03   3.0057733e-01   2.9904429e-01   2.9751900e-01
   2.0141667e+03   3.0047110e-01   2.9892314e-01   2.9738309e-01
   2.0142500e+03   3.0044713e-01   2.9888178e-01   2.9732452e-01
   2.0143333e+03   3.0051099e-01   2.9892559e-01   2.9734849e-01
   2.0144167e+03   3.0060410e-01   2.9899768e-01   2.9739978e-01
   2.0145000e+03   3.0068269e-01   2.9905557e-01   2.9743718e-01
   2.0145833e+03   3.0074650e-01   2.9909901e-01   2.9746047e-01
   2.0146667e+03   3.0081786e-01   2.9914967e-01   2.9749066e-01
   2.0147500e+03   3.0091077e-01   2.9922113e-01   2.9754090e-01
   2.0148333e+03   3.0097533e-01   2.9926498e-01   2.9756428e-01
   2.0149167e+03   3.0094933e-01   2.9922096e-01   2.9750244e-01
   2.0150000e+03   3.0083967e-01   2.9909578e-01   2.9736192e-01
   2.0150833e+03   3.0070407e-01   2.9894540e-01   2.9719693e-01
   2.0151667e+03   3.0059966e-01   2.9882518e-01   2.9706109e-01
   2.0152500e+03   3.0057720e-01   2.9878428e-01   2.9700198e-01
   2.0153333e+03   3.0064193e-01   2.9882774e-01   2.9702441e-01
   2.0154167e+03   3.0073505e-01   2.9889858e-01   2.9707324e-01
   2.0155000e+03   3.0081300e-01   2.9895463e-01   2.9710766e-01
   2.0155833e+03   3.0087586e-01   2.9899597e-01   2.9712774e-01
   2.0156667e+03   3.0094641e-01   2.9904466e-01   2.9715483e-01
   2.0157500e+03   3.0103927e-01   2.9911482e-01   2.9720259e-01
   2.0158333e+03   3.0110468e-01   2.9915833e-01   2.9722447e-01
   2.0159167e+03   3.0108022e-01   2.9911481e-01   2.9716215e-01
   2.0160000e+03   3.0097238e-01   2.9899060e-01   2.9702178e-01
   2.0160833e+03   3.0083867e-01   2.9884131e-01   2.9685712e-01
   2.0161667e+03   3.0073607e-01   2.9872205e-01   2.9672142e-01
   2.0162500e+03   3.0071513e-01   2.9868165e-01   2.9666182e-01
   2.0163333e+03   3.0078072e-01   2.9872478e-01   2.9668280e-01
   2.0164167e+03   3.0087383e-01   2.9879441e-01   2.9672926e-01
   2.0165000e+03   3.0095112e-01   2.9884865e-01   2.9676076e-01
   2.0165833e+03   3.0101301e-01   2.9888792e-01   2.9677772e-01
   2.0166667e+03   3.0108275e-01   2.9893467e-01   2.9680180e-01
   2.0167500e+03   3.0117553e-01   2.9900356e-01   2.9684715e-01
   2.0168333e+03   3.0124179e-01   2.9904676e-01   2.9686761e-01
   2.0169167e+03   3.0121885e-01   2.9900377e-01   2.9680487e-01
   2.0170000e+03   3.0111284e-01   2.9888056e-01   2.9666472e-01
   2.0170833e+03   3.0098102e-01   2.9873239e-01   2.9650046e-01
   2.0171667e+03   3.0088022e-01   2.9861411e-01   2.9636495e-01
   2.0172500e+03   3.0086079e-01   2.9857423e-01   2.9630493e-01
   2.0173333e+03   3.0092722e-01   2.9861706e-01   2.9632453e-01
   2.0174167e+03   3.0102031e-01   2.9868551e-01   2.9636870e-01
   2.0175000e+03   3.0109693e-01   2.9873797e-01   2.9639737e-01
   2.0175833e+03   3.0115785e-01   2.9877521e-01   2.9641130e-01
   2.0176667e+03   3.0122675e-01   2.9882005e-01   2.9643244e-01
   2.0177500e+03   3.0131945e-01   2.9888771e-01   2.9647547e-01
   2.0178333e+03   3.0138655e-01   2.9893062e-01   2.9649457e-01
   2.0179167e+03   3.0136513e-01   2.9888820e-01   2.9643150e-01
   2.0180000e+03   3.0126093e-01   2.9876601e-01   2.9629163e-01
   2.0180833e+03   3.0113098e-01   2.9861898e-01   2.9612781e-01
   2.0181667e+03   3.0103199e-01   2.9850170e-01   2.9599256e-01
   2.0182500e+03   3.0101405e-01   2.9846237e-01   2.9593219e-01
   2.0183333e+03   3.0108132e-01   2.9850494e-01   2.9595048e-01
   2.0184167e+03   3.0117438e-01   2.9857224e-01   2.9599244e-01
   2.0185000e+03   3.0125031e-01   2.9862295e-01   2.9601837e-01
   2.0185833e+03   3.0131024e-01   2.9865819e-01   2.9602934e-01
   2.0186667e+03   3.0137829e-01   2.9870115e-01   2.9604764e-01
   2.0187500e+03   3.0147088e-01   2.9876760e-01   2.9608842e-01
   2.0188333e+03   3.0153881e-01   2.9881026e-01   2.9610625e-01
   2.0189167e+03   3.0151890e-01   2.9876843e-01   2.9604290e-01
   2.0190000e+03   3.0141652e-01   2.9864730e-01   2.9590337e-01
   2.0190833e+03   3.0128844e-01   2.9850144e-01   2.9574006e-01
   2.0191667e+03   3.0119124e-01   2.9838519e-01   2.9560513e-01
   2.0192500e+03   3.0117479e-01   2.9834644e-01   2.9554448e-01
   2.0193333e+03   3.0124289e-01   2.9838877e-01   2.9556154e-01
   2.0194167e+03   3.0133591e-01   2.9845495e-01   2.9560137e-01
   2.0195000e+03   3.0141114e-01   2.9850395e-01   2.9562464e-01
   2.0195833e+03   3.0147005e-01   2.9853721e-01   2.9563274e-01
   2.0196667e+03   3.0153724e-01   2.9857832e-01   2.9564827e-01
   2.0197500e+03   3.0162972e-01   2.9864361e-01   2.9568689e-01
   2.0198333e+03   3.0169848e-01   2.9868604e-01   2.9570352e-01
   2.0199167e+03   3.0168007e-01   2.9864483e-01   2.9563996e-01
   2.0200000e+03   3.0157949e-01   2.9852477e-01   2.9550083e-01
   2.0200833e+03   3.0145327e-01   2.9838011e-01   2.9533810e-01
   2.0201667e+03   3.0135785e-01   2.9826492e-01   2.9520355e-01
   2.0202500e+03   3.0134290e-01   2.9822677e-01   2.9514269e-01
   2.0203333e+03   3.0141181e-01   2.9826890e-01   2.9515859e-01
   2.0204167e+03   3.0150478e-01   2.9833399e-01   2.9519637e-01
   2.0205000e+03   3.0157929e-01   2.9838131e-01   2.9521706e-01
   2.0205833e+03   3.0163718e-01   2.9841263e-01   2.9522236e-01
   2.0206667e+03   3.0170348e-01   2.9845192e-01   2.9523522e-01
   2.0207500e+03   3.0179584e-01   2.9851607e-01   2.9527176e-01
   2.0208333e+03   3.0186540e-01   2.9855832e-01   2.9528727e-01
   2.0209167e+03   3.0184850e-01   2.9851775e-01   2.9522356e-01
   2.0210000e+03   3.0174971e-01   2.9839880e-01   2.9508490e-01
   2.0210833e+03   3.0162535e-01   2.9825535e-01   2.9492280e-01
   2.0211667e+03   3.0153171e-01   2.9814124e-01   2.9478869e-01
   2.0212500e+03   3.0151823e-01   2.9810373e-01   2.9472768e-01
   2.0213333e+03   3.0158796e-01   2.9814569e-01   2.9474250e-01
   2.0214167e+03   3.0168086e-01   2.9820972e-01   2.9477831e-01
   2.0215000e+03   3.0175464e-01   2.9825539e-01   2.9479651e-01
   2.0215833e+03   1.5090574e-01   1.4914240e-01   1.4739956e-01
   2.0216667e+03   1.5093844e-01   1.4916115e-01   1.4740468e-01
   2.0217500e+03   1.5098456e-01   1.4919268e-01   1.4742195e-01
   2.0218333e+03   1.5101974e-01   1.4921372e-01   1.4742919e-01
   2.0219167e+03   1.5101203e-01   1.4919377e-01   1.4739729e-01
   2.0220000e+03   1.5096353e-01   1.4913486e-01   1.4732823e-01
   2.0220833e+03   1.5090228e-01   1.4906376e-01   1.4724752e-01
   2.0221667e+03   1.5085635e-01   1.4900726e-01   1.4718072e-01
   2.0222500e+03   1.5085034e-01   1.4898883e-01   1.4715018e-01
   2.0223333e+03   1.5088561e-01   1.4900974e-01   1.4715709e-01
   2.0224167e+03   1.5093202e-01   1.4904125e-01   1.4717405e-01
   2.0225000e+03   1.5096853e-01   1.4906327e-01   1.4718194e-01
   2.0225833e+03   1.5099642e-01   1.4907704e-01   1.4718193e-01
   2.0226667e+03   1.5102867e-01   1.4909491e-01   1.4718580e-01
   2.0227500e+03   1.5107471e-01   1.4912590e-01   1.4720211e-01
   2.0228333e+03   1.5111029e-01   1.4914688e-01   1.4720886e-01
   2.0229167e+03   1.5110332e-01   1.4912728e-01   1.4717696e-01
   2.0230000e+03   1.5105571e-01   1.4906895e-01   1.4710819e-01
   2.0230833e+03   1.5099538e-01   1.4899848e-01   1.4702786e-01
   2.0231667e+03   1.5095033e-01   1.4894255e-01   1.4696134e-01
   2.0232500e+03   1.5094506e-01   1.4892447e-01   1.4693079e-01
   2.0233333e+03   1.5098072e-01   1.4894532e-01   1.4693724e-01
   2.0234167e+03   1.5102709e-01   1.4897633e-01   1.4695330e-01
   2.0235000e+03   1.5106322e-01   1.4899757e-01   1.4696003e-01
   2.0235833e+03   1.5109057e-01   1.4901040e-01   1.4695874e-01
   2.0236667e+03   1.5112235e-01   1.4902742e-01   1.4696139e-01
   2.0237500e+03   1.5116831e-01   1.4905788e-01   1.4697679e-01
   2.0238333e+03   1.5120428e-01   1.4907881e-01   1.4698309e-01
   2.0239167e+03   1.5119805e-01   1.4905958e-01   1.4695122e-01
   2.0240000e+03   1.5115133e-01   1.4900184e-01   1.4688278e-01
   2.0240833e+03   1.5109192e-01   1.4893202e-01   1.4680285e-01
   2.0241667e+03   1.5104775e-01   1.4887667e-01   1.4673664e-01
   2.0242500e+03   1.5104321e-01   1.4885895e-01   1.4670613e-01
   2.0243333e+03   1.5107926e-01   1.4887977e-01   1.4671215e-01
   2.0244167e+03   1.5112558e-01   1.4891030e-01   1.4672734e-01
   2.0245000e+03   1.5116132e-01   1.4893075e-01   1.4673295e-01
   2.0245833e+03   1.5118812e-01   1.4894268e-01   1.4673043e-01
   2.0246667e+03   1.5121943e-01   1.4895885e-01   1.4673191e-01
   2.0247500e+03   1.5126530e-01   1.4898881e-01   1.4674643e-01
   2.0248333e+03   1.5130166e-01   1.4900971e-01   1.4675232e-01
   2.0249167e+03   1.5129617e-01   1.4899086e-01   1.4672052e-01
   2.0250000e+03   1.5125033e-01   1.4893372e-01   1.4665243e-01
   2.0250833e+03   1.5119184e-01   1.4886455e-01   1.4657293e-01
   2.0251667e+03   1.5114854e-01   1.4880979e-01   1.4650707e-01
   2.0252500e+03   1.5114472e-01   1.4879244e-01   1.4647661e-01
   2.0253333e+03   1.5118115e-01   1.4881323e-01   1.4648225e-01
   2.0254167e+03   1.5122741e-01   1.4884331e-01   1.4649664e-01
   2.0255000e+03   1.5126276e-01   1.4886302e-01   1.4650118e-01
   2.0255833e+03   1.5128902e-01   1.4887407e-01   1.4649751e-01
   2.0256667e+03   1.5131986e-01   1.4888944e-01   1.4649789e-01
   2.0257500e+03   1.5136564e-01   1.4891893e-01   1.4651161e-01
   2.0258333e+03   1.5140237e-01   1.4893982e-01   1.4651716e-01
   2.0259167e+03   1.5139758e-01   1.4892136e-01   1.4648548e-01
   2.0260000e+03   1.5135259e-01   1.4886483e-01   1.4641779e-01
   2.0260833e+03   1.5129497e-01   1.4879632e-01   1.4633877e-01
   2.0261667e+03   1.5125251e-01   1.4874216e-01   1.4627331e-01
   2.0262500e+03   1.5124938e-01   1.4872521e-01   1.4624300e-01
   2.0263333e+03   1.5128618e-01   1.4874604e-01   1.4624837e-01
   2.0264167e+03   1.5133238e-01   1.4877572e-01   1.4626208e-01
   2.0265000e+03   1.5136735e-01   1.4879476e-01   1.4626571e-01
   2.0265833e+03   1.5139307e-01   1.4880502e-01   1.4626103e-01
   2.0266667e+03   1.5142343e-01   1.4881965e-01   1.4626046e-01
   2.0267500e+03   1.5146912e-01   1.4884875e-01   1.4627353e-01
   2.0268333e+03   1.5150622e-01   1.4886970e-01   1.4627889e-01
   2.0269167e+03   1.5150212e-01   1.4885170e-01   1.4624745e-01
   2.0270000e+03   1.5145798e-01   1.4879582e-01   1.4618027e-01
   2.0270833e+03   1.5140123e-01   1.4872803e-01   1.4610185e-01
   2.0271667e+03   1.5135961e-01   1.4867454e-01   1.4603691e-01
   2.0272500e+03   1.5135716e-01   1.4865805e-01   1.4600688e-01
   2.0273333e+03   1.5139433e-01   1.4867897e-01   1.4601212e-01
   2.0274167e+03   1.5144047e-01   1.4870834e-01   1.4602532e-01
   2.0275000e+03   1.5147504e-01   1.4872677e-01   1.4602818e-01
   2.0275833e+03   1.5150020e-01   1.4873630e-01   1.4602263e-01
   2.0276667e+03   1.5153009e-01   1.4875028e-01   1.4602126e-01
   2.0277500e+03   1.5157567e-01   1.4877905e-01   1.4603382e-01
   2.0278333e+03   1.5161313e-01   1.4880014e-01   1.4603913e-01
   2.0279167e+03   1.5160974e-01   1.4878265e-01   1.4600807e-01
   2.0280000e+03   1.5156643e-01   1.4872749e-01   1.4594152e-01
   2.0280833e+03   1.5151056e-01   1.4866047e-01   1.4586380e-01
   2.0281667e+03   1.5146976e-01   1.4860769e-01   1.4579950e-01
   2.0282500e+03   1.5146801e-01   1.4859174e-01   1.4576988e-01
   2.0283333e+03   1.5150554e-01   1.4861283e-01   1.4577515e-01
   2.0284167e+03   1.5155160e-01   1.4864195e-01   1.4578797e-01
   2.0285000e+03   1.5158577e-01   1.4865985e-01   1.4579020e-01
   2.0285833e+03   1.5161037e-01   1.4866872e-01   1.4578393e-01
   2.0286667e+03   1.5163978e-01   1.4868210e-01   1.4578190e-01
   2.0287500e+03   1.5168525e-01   1.4871063e-01   1.4579412e-01
   2.0288333e+03   1.5172307e-01   1.4873192e-01   1.4579951e-01
   2.0289167e+03   1.5172036e-01   1.4871501e-01   1.4576897e-01
   2.0290000e+03   1.5167790e-01   1.4866063e-01   1.4570316e-01
   2.0290833e+03   1.5162289e-01   1.4859444e-01   1.4562626e-01
   2.0291667e+03   1.5158293e-01   1.4854243e-01   1.4556271e-01
   2.0292500e+03   1.5158185e-01   1.4852707e-01   1.4553363e-01
   2.0293333e+03   1.5161974e-01   1.4854840e-01   1.4553906e-01
   2.0294167e+03   1.5166572e-01   1.4857736e-01   1.4555165e-01
   2.0295000e+03   1.5169948e-01   1.4859479e-01   1.4555341e-01
   2.0295833e+03   1.5172352e-01   1.4860306e-01   1.4554656e-01
   2.0296667e+03   1.5175243e-01   1.4861592e-01   1.4554401e-01
   2.0297500e+03   1.5179779e-01   1.4864427e-01   1.4555602e-01
   2.0298333e+03   1.5183596e-01   1.4866583e-01   1.4556166e-01
   2.0299167e+03   1.5183395e-01   1.4864957e-01   1.4553175e-01
   2.0300000e+03   1.5179231e-01   1.4859603e-01   1.4546681e-01
   2.0300833e+03   1.5173815e-01   1.4853070e-01   1.4539081e-01
   2.0301667e+03   1.5169898e-01   1.4847949e-01   1.4532809e-01
   2.0302500e+03   1.5169855e-01   1.4846474e-01   1.4529964e-01
   2.0303333e+03   1.5173676e-01   1.4848636e-01   1.4530535e-01
   2.0304167e+03   1.5178267e-01   1.4851522e-01   1.4531786e-01
   2.0305000e+03   1.5181606e-01   1.4853230e-01   1.4531931e-01
   2.0305833e+03   1.5183961e-01   1.4854011e-01   1.4531207e-01
   2.0306667e+03   1.5186811e-01   1.4855258e-01   1.4530919e-01
   2.0307500e+03   1.5191338e-01   1.4858083e-01   1.4532113e-01
   2.0308333e+03   1.5195183e-01   1.4860265e-01   1.4532703e-01
   2.0309167e+03   1.5195035e-01   1.4858692e-01   1.4529769e-01
   2.0310000e+03   1.5190933e-01   1.4853403e-01   1.4523347e-01
   2.0310833e+03   1.5185580e-01   1.4846939e-01   1.4515824e-01
   2.0311667e+03   1.5181724e-01   1.4841883e-01   1.4509623e-01
   2.0312500e+03   1.5181731e-01   1.4840459e-01   1.4506833e-01
   2.0313333e+03   1.5185579e-01   1.4842645e-01   1.4507430e-01
   2.0314167e+03   1.5190164e-01   1.4845524e-01   1.4508678e-01
   2.0315000e+03   1.5193473e-01   1.4847203e-01   1.4508799e-01
   2.0315833e+03   1.5195785e-01   1.4847946e-01   1.4508042e-01
   2.0316667e+03   1.5198598e-01   1.4849158e-01   1.4507726e-01
   2.0317500e+03   1.5203116e-01   1.4851973e-01   1.4508914e-01
   2.0318333e+03   1.5206988e-01   1.4854180e-01   1.4509531e-01
   2.0319167e+03   1.5206890e-01   1.4852659e-01   1.4506653e-01
   2.0320000e+03   1.5202850e-01   1.4847436e-01   1.4500303e-01
   2.0320833e+03   1.5197560e-01   1.4841040e-01   1.4492856e-01
   2.0321667e+03   1.5193765e-01   1.4836049e-01   1.4486728e-01
   2.0322500e+03   1.5193823e-01   1.4834677e-01   1.4483992e-01
   2.0323333e+03   1.5197697e-01   1.4836887e-01   1.4484616e-01
   2.0324167e+03   1.5202276e-01   1.4839760e-01   1.4485861e-01
   2.0325000e+03   1.5205553e-01   1.4841410e-01   1.4485959e-01
   2.0325833e+03   1.5207822e-01   1.4842113e-01   1.4485170e-01
   2.0326667e+03   1.5210597e-01   1.4843291e-01   1.4484827e-01
   2.0327500e+03   1.5215107e-01   1.4846098e-01   1.4486010e-01
   2.0328333e+03   1.5219005e-01   1.4848329e-01   1.4486654e-01
   2.0329167e+03   1.5218958e-01   1.4846860e-01   1.4483831e-01
   2.0330000e+03   1.5214979e-01   1.4841702e-01   1.4477554e-01
   2.0330833e+03   1.5209752e-01   1.4835375e-01   1.4470185e-01
   2.0331667e+03   1.5206018e-01   1.4830449e-01   1.4464128e-01
   2.0332500e+03   1.5206126e-01   1.4829128e-01   1.4461448e-01
   2.0333333e+03   1.5210027e-01   1.4831364e-01   1.4462099e-01
   2.0334167e+03   1.5214599e-01   1.4834230e-01   1.4463341e-01
   2.0335000e+03   1.5217845e-01   1.4835851e-01   1.4463416e-01
   2.0335833e+03   7.6100346e-02   7.4182574e-02   7.2312982e-02
   2.0336667e+03   7.6114028e-02   7.4188293e-02   7.2311131e-02
   2.0337500e+03   7.6136533e-02   7.4202282e-02   7.2317020e-02
   2.0338333e+03   7.6156154e-02   7.4213565e-02   7.2320377e-02
   2.0339167e+03   7.6156175e-02   7.4206480e-02   7.2306548e-02
   2.0340000e+03   7.6136584e-02   7.4181018e-02   7.2275530e-02
   2.0340833e+03   7.6110767e-02   7.4149729e-02   7.2239066e-02
   2.0341667e+03   7.6092397e-02   7.4125423e-02   7.2209142e-02
   2.0342500e+03   7.6093189e-02   7.4119075e-02   7.2196023e-02
   2.0343333e+03   7.6112822e-02   7.4130380e-02   7.2199419e-02
   2.0344167e+03   7.6135652e-02   7.4144678e-02   7.2205614e-02
   2.0345000e+03   7.6151717e-02   7.4152638e-02   7.2205882e-02
   2.0345833e+03   7.6162618e-02   7.4155762e-02   7.2201630e-02
   2.0346667e+03   7.6176106e-02   7.4161309e-02   7.2199645e-02
   2.0347500e+03   7.6198564e-02   7.4175255e-02   7.2205514e-02
   2.0348333e+03   7.6218314e-02   7.4186664e-02   7.2209012e-02
   2.0349167e+03   7.6218588e-02   7.4179841e-02   7.2195467e-02
   2.0350000e+03   7.6199302e-02   7.4154708e-02   7.2164815e-02
   2.0350833e+03   7.6173800e-02   7.4123763e-02   7.2128738e-02
   2.0351667e+03   7.6155732e-02   7.4099782e-02   7.2099176e-02
   2.0352500e+03   7.6156774e-02   7.4093693e-02   7.2086338e-02
   2.0353333e+03   7.6176537e-02   7.4105124e-02   7.2089876e-02
   2.0354167e+03   7.6199331e-02   7.4119391e-02   7.2096063e-02
   2.0355000e+03   7.6215232e-02   7.4127207e-02   7.2096223e-02
   2.0355833e+03   7.6225908e-02   7.4130135e-02   7.2091819e-02
   2.0356667e+03   7.6239200e-02   7.4135511e-02   7.2089704e-02
   2.0357500e+03   7.6261609e-02   7.4149415e-02   7.2095556e-02
   2.0358333e+03   7.6281487e-02   7.4160951e-02   7.2099196e-02
   2.0359167e+03   7.6282015e-02   7.4154389e-02   7.2085939e-02
   2.0360000e+03   7.6263033e-02   7.4129586e-02   7.2055654e-02
   2.0360833e+03   7.6237845e-02   7.4098986e-02   7.2019964e-02
   2.0361667e+03   7.6220078e-02   7.4075331e-02   7.1990765e-02
   2.0362500e+03   7.6221371e-02   7.4069500e-02   7.1978212e-02
   2.0363333e+03   7.6241262e-02   7.4081059e-02   7.1981893e-02
   2.0364167e+03   7.6264019e-02   7.4095296e-02   7.1988075e-02
   2.0365000e+03   7.6279753e-02   7.4102968e-02   7.1988130e-02
   2.0365833e+03   7.6290201e-02   7.4105700e-02   7.1983577e-02
   2.0366667e+03   7.6303295e-02   7.4110905e-02   7.1981335e-02
   2.0367500e+03   7.6325653e-02   7.4124768e-02   7.1987171e-02
   2.0368333e+03   7.6345659e-02   7.4136431e-02   7.1990957e-02
   2.0369167e+03   7.6346438e-02   7.4130132e-02   7.1977988e-02
   2.0370000e+03   7.6327760e-02   7.4105658e-02   7.1948072e-02
   2.0370833e+03   7.6302886e-02   7.4075403e-02   7.1912771e-02
   2.0371667e+03   7.6285420e-02   7.4052075e-02   7.1883937e-02
   2.0372500e+03   7.6286961e-02   7.4046504e-02   7.1871669e-02
   2.0373333e+03   7.6306980e-02   7.4058191e-02   7.1875497e-02
   2.0374167e+03   7.6329698e-02   7.4072399e-02   7.1881676e-02
   2.0375000e+03   7.6345263e-02   7.4079927e-02   7.1881629e-02
   2.0375833e+03   7.6355482e-02   7.4082463e-02   7.1876930e-02
   2.0376667e+03   7.6368374e-02   7.4087497e-02   7.1874561e-02
   2.0377500e+03   7.6390680e-02   7.4101319e-02   7.1880386e-02
   2.0378333e+03   7.6410812e-02   7.4113111e-02   7.1884319e-02
   2.0379167e+03   7.6411843e-02   7.4107075e-02   7.1871642e-02
   2.0380000e+03   7.6393467e-02   7.4082932e-02   7.1842095e-02
   2.0380833e+03   7.6368906e-02   7.4053023e-02   7.1807184e-02
   2.0381667e+03   7.6351741e-02   7.4030021e-02   7.1778716e-02
   2.0382500e+03   7.6353531e-02   7.4024711e-02   7.1766736e-02
   2.0383333e+03   7.6373676e-02   7.4036527e-02   7.1770713e-02
   2.0384167e+03   7.6396352e-02   7.4050706e-02   7.1776892e-02
   2.0385000e+03   7.6411747e-02   7.4058091e-02   7.1776745e-02
   2.0385833e+03   7.6421733e-02   7.4060431e-02   7.1771902e-02
   2.0386667e+03   7.6434422e-02   7.4065294e-02   7.1769411e-02
   2.0387500e+03   7.6456673e-02   7.4079076e-02   7.1775226e-02
   2.0388333e+03   7.6476930e-02   7.4090997e-02   7.1779310e-02
   2.0389167e+03   7.6478212e-02   7.4085226e-02   7.1766925e-02
   2.0390000e+03   7.6460139e-02   7.4061413e-02   7.1737750e-02
   2.0390833e+03   7.6435890e-02   7.4031850e-02   7.1703230e-02
   2.0391667e+03   7.6419025e-02   7.4009176e-02   7.1675129e-02
   2.0392500e+03   7.6421062e-02   7.4004127e-02   7.1663438e-02
   2.0393333e+03   7.6441332e-02   7.4016074e-02   7.1667568e-02
   2.0394167e+03   7.6463966e-02   7.4030224e-02   7.1673750e-02
   2.0395000e+03   7.6479188e-02   7.4037466e-02   7.1673504e-02
   2.0395833e+03   7.6488938e-02   7.4039611e-02   7.1668520e-02
   2.0396667e+03   7.6501421e-02   7.4044303e-02   7.1665908e-02
   2.0397500e+03   7.6523617e-02   7.4058045e-02   7.1671716e-02
   2.0398333e+03   7.6543997e-02   7.4070096e-02   7.1675953e-02
   2.0399167e+03   7.6545529e-02   7.4064590e-02   7.1663863e-02
   2.0400000e+03   7.6527758e-02   7.4041109e-02   7.1635061e-02
   2.0400833e+03   7.6503822e-02   7.4011893e-02   7.1600933e-02
   2.0401667e+03   7.6487256e-02   7.3989547e-02   7.1573201e-02
   2.0402500e+03   7.6489540e-02   7.3984759e-02   7.1561801e-02
   2.0403333e+03   7.6509934e-02   7.3996837e-02   7.1566086e-02
   2.0404167e+03   7.6532523e-02   7.4010960e-02   7.1572273e-02
   2.0405000e+03   7.6547569e-02   7.4018059e-02   7.1571933e-02
   2.0405833e+03   7.6557082e-02   7.4020008e-02   7.1566809e-02
   2.0406667e+03   7.6569356e-02   7.4024530e-02   7.1564078e-02
   2.0407500e+03   7.6591494e-02   7.4038233e-02   7.1569883e-02
   2.0408333e+03   7.6611997e-02   7.4050415e-02   7.1574276e-02
   2.0409167e+03   7.6613778e-02   7.4045175e-02   7.1562483e-02
   2.0410000e+03   7.6596308e-02   7.4022026e-02   7.1534054e-02
   2.0410833e+03   7.6572684e-02   7.3993157e-02   7.1500319e-02
   2.0411667e+03   7.6556416e-02   7.3971139e-02   7.1472957e-02
   2.0412500e+03   7.6558947e-02   7.3966615e-02   7.1461852e-02
   2.0413333e+03   7.6579463e-02   7.3978825e-02   7.1466294e-02
   2.0414167e+03   7.6602007e-02   7.3992920e-02   7.1472489e-02
   2.0415000e+03   7.6616875e-02   7.3999877e-02   7.1472056e-02
   2.0415833e+03   7.6626147e-02   7.4001630e-02   7.1466794e-02
   2.0416667e+03   7.6638210e-02   7.4005982e-02   7.1463948e-02
   2.0417500e+03   7.6660288e-02   7.4019646e-02   7.1469752e-02
   2.0418333e+03   7.6680913e-02   7.4031961e-02   7.1474303e-02
   2.0419167e+03   7.6682942e-02   7.4026987e-02   7.1462808e-02
   2.0420000e+03   7.6665773e-02   7.4004170e-02   7.1434756e-02
   2.0420833e+03   7.6642460e-02   7.3975649e-02   7.1401415e-02
   2.0421667e+03   7.6626491e-02   7.3953960e-02   7.1374424e-02
   2.0422500e+03   7.6629267e-02   7.3949699e-02   7.1363615e-02
   2.0423333e+03   7.6649905e-02   7.3962042e-02   7.1368217e-02
   2.0424167e+03   7.6672401e-02   7.3976111e-02   7.1374423e-02
   2.0425000e+03   7.6687088e-02   7.3982925e-02   7.1373899e-02
   2.0425833e+03   7.6696117e-02   7.3984483e-02   7.1368502e-02
   2.0426667e+03   7.6707967e-02   7.3988665e-02   7.1365542e-02
   2.0427500e+03   7.6729983e-02   7.4002292e-02   7.1371347e-02
   2.0428333e+03   7.6750728e-02   7.4014739e-02   7.1376060e-02
   2.0429167e+03   7.6753006e-02   7.4010033e-02   7.1364866e-02
   2.0430000e+03   7.6736137e-02   7.3987549e-02   7.1337190e-02
   2.0430833e+03   7.6713134e-02   7.3959375e-02   7.1304245e-02
   2.0431667e+03   7.6697463e-02   7.3938016e-02   7.1277627e-02
   2.0432500e+03   7.6700484e-02   7.3934020e-02   7.1267115e-02
   2.0433333e+03   7.6721242e-02   7.3946497e-02   7.1271881e-02
   2.0434167e+03   7.6743688e-02   7.3960540e-02   7.1278100e-02
   2.0435000e+03   7.6758192e-02   7.3967212e-02   7.1277488e-02
   2.0435833e+03   7.6766975e-02   7.3968575e-02   7.1271958e-02
   2.0436667e+03   7.6778609e-02   7.3972586e-02   7.1268886e-02
   2.0437500e+03   7.6800561e-02   7.3986175e-02   7.1274695e-02
   2.0438333e+03   7.6821426e-02   7.3998756e-02   7.1279571e-02
   2.0439167e+03   7.6823951e-02   7.3994319e-02   7.1268681e-02
   2.0440000e+03   7.6807382e-02   7.3972169e-02   7.1241383e-02
   2.0440833e+03   7.6784690e-02   7.3944343e-02   7.1208834e-02
   2.0441667e+03   7.6769315e-02   7.3923315e-02   7.1182591e-02
   2.0442500e+03   7.6772580e-02   7.3919584e-02   7.1172379e-02
   2.0443333e+03   7.6793458e-02   7.3932196e-02   7.1177310e-02
   2.0444167e+03   7.6815852e-02   7.3946214e-02   7.1183545e-02
   2.0445000e+03   7.6830171e-02   7.3952744e-02   7.1182848e-02
   2.0445833e+03   7.6838706e-02   7.3953910e-02   7.1177186e-02
   2.0446667e+03   7.6850121e-02   7.3957751e-02   7.1174005e-02
   2.0447500e+03   7.6872007e-02   7.3971304e-02   7.1179821e-02
   2.0448333e+03   7.6892990e-02   7.3984020e-02   7.1184864e-02
   2.0449167e+03   7.6895761e-02   7.3979852e-02   7.1174278e-02
   2.0450000e+03   7.6879492e-02   7.3958036e-02   7.1147359e-02
   2.0450833e+03   7.6857109e-02   7.3930559e-02   7.1115209e-02
   2.0451667e+03   7.6842031e-02   7.3909862e-02   7.1089341e-02
   2.0452500e+03   7.6845540e-02   7.3906397e-02   7.1079431e-02
   2.0453333e+03   7.6866536e-02   7.3919145e-02   7.1084530e-02
   2.0454167e+03   7.6888876e-02   7.3933138e-02   7.1090784e-02
   2.0455000e+03   7.6903008e-02   7.3939526e-02   7.1090003e-02
   2.0455833e+03   7.6911291e-02   7.3940497e-02   7.1084213e-02
   2.0456667e+03   7.6922485e-02   7.3944168e-02   7.1080925e-02
   2.0457500e+03   7.6944304e-02   7.3957684e-02   7.1086750e-02
   2.0458333e+03   7.6965403e-02   7.3970536e-02   7.1091961e-02
   2.0459167e+03   7.6968420e-02   7.3966638e-02   7.1081682e-02
   2.0460000e+03   7.6952449e-02   7.3945157e-02   7.1055145e-02
   2.0460833e+03   7.6930376e-02   7.3918030e-02   7.1023394e-02
   2.0461667e+03   7.6915595e-02   7.3897664e-02   7.0997903e-02
   2.0462500e+03   7.6919346e-02   7.3894467e-02   7.0988298e-02
   2.0463333e+03   7.6940459e-02   7.3907352e-02   7.0993567e-02
   2.0464167e+03   7.6962743e-02   7.3921321e-02   7.0999843e-02
   2.0465000e+03   7.6976685e-02   7.3927567e-02   7.0998980e-02
   2.0465833e+03   7.6984714e-02   7.3928342e-02   7.0993063e-02
   2.0466667e+03   7.6995684e-02   7.3931843e-02   7.0989670e-02
   2.0467500e+03   7.7017433e-02   7.3945324e-02   7.0995506e-02
   2.0468333e+03   7.7038649e-02   7.3958312e-02   7.1000890e-02
   2.0469167e+03   7.7041911e-02   7.3954685e-02   7.0990920e-02
   2.0470000e+03   7.7026238e-02   7.3933539e-02   7.0964765e-02
   2.0470833e+03   7.7004474e-02   7.3906763e-02   7.0933414e-02
   2.0471667e+03   7.6989988e-02   7.3886729e-02   7.0908303e-02
   2.0472500e+03   7.6993981e-02   7.3883800e-02   7.0899003e-02
   2.0473333e+03   7.7015211e-02   7.3896822e-02   7.0904446e-02
   2.0474167e+03   7.7037437e-02   7.3910768e-02   7.0910746e-02
   2.0475000e+03   7.7051186e-02   7.3916873e-02   7.0909804e-02
   2.0475833e+03   7.7058958e-02   7.3917452e-02   7.0903761e-02
   2.0476667e+03   7.7069702e-02   7.3920782e-02   7.0900265e-02
   2.0477500e+03   7.7091379e-02   7.3934228e-02   7.0906116e-02
   2.0478333e+03   7.7112710e-02   7.3947354e-02   7.0911674e-02
   2.0479167e+03   7.7116216e-02   7.3943999e-02   7.0902015e-02
   2.0480000e+03   7.7100841e-02   7.3923190e-02   7.0876244e-02
   2.0480833e+03   7.7079385e-02   7.3896764e-02   7.0845295e-02
   2.0481667e+03   7.7065195e-02   7.3877064e-02   7.0820564e-02
   2.0482500e+03   7.7069429e-02   7.3874404e-02   7.0811573e-02
   2.0483333e+03   7.7090773e-02   7.3887564e-02   7.0817192e-02
   2.0484167e+03   7.7112940e-02   7.3901487e-02   7.0823518e-02
   2.0485000e+03   7.7126494e-02   7.3907450e-02   7.0822499e-02
   2.0485833e+03   3.8567003e-02   3.6953916e-02   3.5408167e-02
   2.0486667e+03   3.8572260e-02   3.6955496e-02   3.5406368e-02
   2.0487500e+03   3.8583062e-02   3.6962202e-02   3.5409302e-02
   2.0488333e+03   3.8593784e-02   3.6968834e-02   3.5412170e-02
   2.0489167e+03   3.8595659e-02   3.6967294e-02   3.5407497e-02
   2.0490000e+03   3.8588121e-02   3.6957057e-02   3.5394804e-02
   2.0490833e+03   3.8577547e-02   3.6944020e-02   3.5379531e-02
   2.0491667e+03   3.8570599e-02   3.6934337e-02   3.5367356e-02
   2.0492500e+03   3.8572836e-02   3.6933142e-02   3.5363016e-02
   2.0493333e+03   3.8583565e-02   3.6939792e-02   3.5365915e-02
   2.0494167e+03   3.8594618e-02   3.6946742e-02   3.5369093e-02
   2.0495000e+03   3.8601296e-02   3.6949653e-02   3.5368546e-02
   2.0495833e+03   3.8604921e-02   3.6949746e-02   3.5365402e-02
   2.0496667e+03   3.8610062e-02   3.6951241e-02   3.5363554e-02
   2.0497500e+03   3.8620826e-02   3.6957930e-02   3.5366498e-02
   2.0498333e+03   3.8631604e-02   3.6964632e-02   3.5369455e-02
   2.0499167e+03   3.8633601e-02   3.6963228e-02   3.5364940e-02
   2.0500000e+03   3.8626210e-02   3.6953160e-02   3.5352441e-02
   2.0500833e+03   3.8615782e-02   3.6940292e-02   3.5337363e-02
   2.0501667e+03   3.8608966e-02   3.6930761e-02   3.5325367e-02
   2.0502500e+03   3.8611306e-02   3.6929685e-02   3.5321168e-02
   2.0503333e+03   3.8622081e-02   3.6936397e-02   3.5324149e-02
   2.0504167e+03   3.8633113e-02   3.6943347e-02   3.5327351e-02
   2.0505000e+03   3.8639723e-02   3.6946216e-02   3.5326795e-02
   2.0505833e+03   3.8643264e-02   3.6946255e-02   3.5323631e-02
   2.0506667e+03   3.8648337e-02   3.6947709e-02   3.5321775e-02
   2.0507500e+03   3.8659085e-02   3.6954401e-02   3.5324748e-02
   2.0508333e+03   3.8669895e-02   3.6961152e-02   3.5327775e-02
   2.0509167e+03   3.8671948e-02   3.6959824e-02   3.5323361e-02
   2.0510000e+03   3.8664612e-02   3.6949838e-02   3.5310974e-02
   2.0510833e+03   3.8654239e-02   3.6937053e-02   3.5296013e-02
   2.0511667e+03   3.8647477e-02   3.6927604e-02   3.5284128e-02
   2.0512500e+03   3.8649866e-02   3.6926597e-02   3.5280023e-02
   2.0513333e+03   3.8660670e-02   3.6933353e-02   3.5283070e-02
   2.0514167e+03   3.8671696e-02   3.6940313e-02   3.5286306e-02
   2.0515000e+03   3.8678270e-02   3.6943170e-02   3.5285765e-02
   2.0515833e+03   3.8681759e-02   3.6943184e-02   3.5282608e-02
   2.0516667e+03   3.8686789e-02   3.6944619e-02   3.5280762e-02
   2.0517500e+03   3.8697527e-02   3.6951319e-02   3.5283766e-02
   2.0518333e+03   3.8708367e-02   3.6958113e-02   3.5286857e-02
   2.0519167e+03   3.8710468e-02   3.6956853e-02   3.5282536e-02
   2.0520000e+03   3.8703188e-02   3.6946948e-02   3.5270259e-02
   2.0520833e+03   3.8692869e-02   3.6934246e-02   3.5255412e-02
   2.0521667e+03   3.8686162e-02   3.6924876e-02   3.5243635e-02
   2.0522500e+03   3.8688600e-02   3.6923937e-02   3.5239621e-02
   2.0523333e+03   3.8699433e-02   3.6930735e-02   3.5242729e-02
   2.0524167e+03   3.8710453e-02   3.6937706e-02   3.5245998e-02
   2.0525000e+03   3.8716990e-02   3.6940547e-02   3.5245469e-02
   2.0525833e+03   3.8720428e-02   3.6940535e-02   3.5242315e-02
   2.0526667e+03   3.8725413e-02   3.6941949e-02   3.5240477e-02
   2.0527500e+03   3.8736143e-02   3.6948657e-02   3.5243509e-02
   2.0528333e+03   3.8747011e-02   3.6955492e-02   3.5246661e-02
   2.0529167e+03   3.8749162e-02   3.6954300e-02   3.5242430e-02
   2.0530000e+03   3.8741936e-02   3.6944473e-02   3.5230259e-02
   2.0530833e+03   3.8731672e-02   3.6931853e-02   3.5215523e-02
   2.0531667e+03   3.8725020e-02   3.6922561e-02   3.5203851e-02
   2.0532500e+03   3.8727507e-02   3.6921688e-02   3.5199925e-02
   2.0533333e+03   3.8738369e-02   3.6928527e-02   3.5203093e-02
   2.0534167e+03   3.8749382e-02   3.6935505e-02   3.5206391e-02
   2.0535000e+03   3.8755882e-02   3.6938331e-02   3.5205870e-02
   2.0535833e+03   3.8759269e-02   3.6938291e-02   3.5202718e-02
   2.0536667e+03   3.8764210e-02   3.6939683e-02   3.5200883e-02
   2.0537500e+03   3.8774930e-02   3.6946395e-02   3.5203942e-02
   2.0538333e+03   3.8785826e-02   3.6953270e-02   3.5207151e-02
   2.0539167e+03   3.8788027e-02   3.6952144e-02   3.5203007e-02
   2.0540000e+03   3.8780855e-02   3.6942395e-02   3.5190940e-02
   2.0540833e+03   3.8770647e-02   3.6929855e-02   3.5176312e-02
   2.0541667e+03   3.8764049e-02   3.6920639e-02   3.5164743e-02
   2.0542500e+03   3.8766586e-02   3.6919831e-02   3.5160902e-02
   2.0543333e+03   3.8777476e-02   3.6926709e-02   3.5164126e-02
   2.0544167e+03   3.8788482e-02   3.6933694e-02   3.5167449e-02
   2.0545000e+03   3.8794946e-02   3.6936502e-02   3.5166935e-02
   2.0545833e+03   3.8798281e-02   3.6936432e-02   3.5163780e-02
   2.0546667e+03   3.8803177e-02   3.6937800e-02   3.5161947e-02
   2.0547500e+03   3.8813887e-02   3.6944517e-02   3.5165028e-02
   2.0548333e+03   3.8824812e-02   3.6951430e-02   3.5168292e-02
   2.0549167e+03   3.8827062e-02   3.6950368e-02   3.5164231e-02
   2.0550000e+03   3.8819946e-02   3.6940695e-02   3.5152266e-02
   2.0550833e+03   3.8809792e-02   3.6928234e-02   3.5137743e-02
   2.0551667e+03   3.8803249e-02   3.6919093e-02   3.5126274e-02
   2.0552500e+03   3.8805835e-02   3.6918348e-02   3.5122515e-02
   2.0553333e+03   3.8816753e-02   3.6925264e-02   3.5125792e-02
   2.0554167e+03   3.8827753e-02   3.6932255e-02   3.5129138e-02
   2.0555000e+03   3.8834179e-02   3.6935043e-02   3.5128628e-02
   2.0555833e+03   3.8837462e-02   3.6934942e-02   3.5125467e-02
   2.0556667e+03   3.8842313e-02   3.6936285e-02   3.5123633e-02
   2.0557500e+03   3.8853014e-02   3.6943003e-02   3.5126734e-02
   2.0558333e+03   3.8863967e-02   3.6949953e-02   3.5130048e-02
   2.0559167e+03   3.8866267e-02   3.6948954e-02   3.5126069e-02
   2.0560000e+03   3.8859205e-02   3.6939356e-02   3.5114203e-02
   2.0560833e+03   3.8849107e-02   3.6926972e-02   3.5099783e-02
   2.0561667e+03   3.8842618e-02   3.6917905e-02   3.5088410e-02
   2.0562500e+03   3.8845253e-02   3.6917222e-02   3.5084731e-02
   2.0563333e+03   3.8856200e-02   3.6924174e-02   3.5088057e-02
   2.0564167e+03   3.8867192e-02   3.6931168e-02   3.5091423e-02
   2.0565000e+03   3.8873582e-02   3.6933935e-02   3.5090913e-02
   2.0565833e+03   3.8876812e-02   3.6933802e-02   3.5087745e-02
   2.0566667e+03   3.8881618e-02   3.6935117e-02   3.5085906e-02
   2.0567500e+03   3.8892309e-02   3.6941836e-02   3.5089024e-02
   2.0568333e+03   3.8903290e-02   3.6948822e-02   3.5092387e-02
   2.0569167e+03   3.8905640e-02   3.6947884e-02   3.5088486e-02
   2.0570000e+03   3.8898633e-02   3.6938359e-02   3.5076715e-02
   2.0570833e+03   3.8888590e-02   3.6926051e-02   3.5062394e-02
   2.0571667e+03   3.8882155e-02   3.6917057e-02   3.5051116e-02
   2.0572500e+03   3.8884839e-02   3.6916434e-02   3.5047514e-02
   2.0573333e+03   3.8895815e-02   3.6923421e-02   3.5050887e-02
   2.0574167e+03   3.8906800e-02   3.6930416e-02   3.5054270e-02
   2.0575000e+03   3.8913152e-02   3.6933161e-02   3.5053757e-02
   2.0575833e+03   3.8916330e-02   3.6932994e-02   3.5050577e-02
   2.0576667e+03   3.8921090e-02   3.6934280e-02   3.5048731e-02
   2.0577500e+03   3.8931771e-02   3.6940998e-02   3.5051863e-02
   2.0578333e+03   3.8942780e-02   3.6948017e-02   3.5055271e-02
   2.0579167e+03   3.8945179e-02   3.6947140e-02   3.5051446e-02
   2.0580000e+03   3.8938227e-02   3.6937687e-02   3.5039768e-02
   2.0580833e+03   3.8928239e-02   3.6925453e-02   3.5025545e-02
   2.0581667e+03   3.8921860e-02   3.6916530e-02   3.5014358e-02
   2.0582500e+03   3.8924593e-02   3.6915966e-02   3.5010829e-02
   2.0583333e+03   3.8935597e-02   3.6922986e-02   3.5014246e-02
   2.0584167e+03   3.8946575e-02   3.6929982e-02   3.5017643e-02
   2.0585000e+03   3.8952889e-02   3.6932702e-02   3.5017125e-02
   2.0585833e+03   3.8956013e-02   3.6932499e-02   3.5013931e-02
   2.0586667e+03   3.8960728e-02   3.6933755e-02   3.5012075e-02
   2.0587500e+03   3.8971399e-02   3.6940471e-02   3.5015217e-02
   2.0588333e+03   3.8982436e-02   3.6947522e-02   3.5018668e-02
   2.0589167e+03   3.8984885e-02   3.6946703e-02   3.5014915e-02
   2.0590000e+03   3.8977988e-02   3.6937321e-02   3.5003327e-02
   2.0590833e+03   3.8968055e-02   3.6925160e-02   3.4989199e-02
   2.0591667e+03   3.8961730e-02   3.6916307e-02   3.4978101e-02
   2.0592500e+03   3.8964513e-02   3.6915800e-02   3.4974643e-02
   2.0593333e+03   3.8975545e-02   3.6922851e-02   3.4978101e-02
   2.0594167e+03   3.8986515e-02   3.6929846e-02   3.4981508e-02
   2.0595000e+03   3.8992791e-02   3.6932541e-02   3.4980982e-02
   2.0595833e+03   3.8995862e-02   3.6932301e-02   3.4977772e-02
   2.0596667e+03   3.9000531e-02   3.6933525e-02   3.4975902e-02
   2.0597500e+03   3.9011191e-02   3.6940236e-02   3.4979053e-02
   2.0598333e+03   3.9022257e-02   3.6947318e-02   3.4982543e-02
   2.0599167e+03   3.9024755e-02   3.6946555e-02   3.4978860e-02
   2.0600000e+03   3.9017913e-02   3.6937242e-02   3.4967359e-02
   2.0600833e+03   3.9008035e-02   3.6925154e-02   3.4953323e-02
   2.0601667e+03   3.9001765e-02   3.6916369e-02   3.4942311e-02
   2.0602500e+03   3.9004597e-02   3.6915918e-02   3.4938920e-02
   2.0603333e+03   3.9015657e-02   3.6922999e-02   3.4942417e-02
   2.0604167e+03   3.9026620e-02   3.6929991e-02   3.4945832e-02
   2.0605000e+03   3.9032858e-02   3.6932658e-02   3.4945294e-02
   2.0605833e+03   3.9035875e-02   3.6932380e-02   3.4942065e-02
   2.0606667e+03   3.9040498e-02   3.6933570e-02   3.4940179e-02
   2.0607500e+03   3.9051148e-02   3.6940275e-02   3.4943335e-02
   2.0608333e+03   3.9062242e-02   3.6947386e-02   3.4946861e-02
   2.0609167e+03   3.9064789e-02   3.6946680e-02   3.4943245e-02
   2.0610000e+03   3.9058002e-02   3.6937434e-02   3.4931829e-02
   2.0610833e+03   3.9048179e-02   3.6925416e-02   3.4917882e-02
   2.0611667e+03   3.9041964e-02   3.6916699e-02   3.4906953e-02
   2.0612500e+03   3.9044845e-02   3.6916302e-02   3.4903628e-02
   2.0613333e+03   3.9055933e-02   3.6923412e-02   3.4907159e-02
   2.0614167e+03   3.9066889e-02   3.6930399e-02   3.4910579e-02
   2.0615000e+03   3.9073088e-02   3.6933037e-02   3.4910028e-02
   2.0615833e+03   3.9076051e-02   3.6932718e-02   3.4906776e-02
   2.0616667e+03   3.9080627e-02   3.6933873e-02   3.4904872e-02
   2.0617500e+03   3.9091266e-02   3.6940571e-02   3.4908029e-02
   2.0618333e+03   3.9102388e-02   3.6947710e-02   3.4911590e-02
   2.0619167e+03   3.9104986e-02   3.6947057e-02   3.4908037e-02
   2.0620000e+03   3.9098253e-02   3.6937878e-02   3.4896703e-02
   2.0620833e+03   3.9088486e-02   3.6925929e-02   3.4882843e-02
   2.0621667e+03   3.9082325e-02   3.6917277e-02   3.4871995e-02
   2.0622500e+03   3.9085255e-02   3.6916934e-02   3.4868731e-02
   2.0623333e+03   3.9096372e-02   3.6924070e-02   3.4872295e-02
   2.0624167e+03   3.9107319e-02   3.6931052e-02   3.4875717e-02
   2.0625000e+03   3.9113479e-02   3.6933659e-02   3.4875148e-02
   2.0625833e+03   3.9116389e-02   3.6933298e-02   3.4871872e-02
   2.0626667e+03   3.9120918e-02   3.6934417e-02   3.4869946e-02
   2.0627500e+03   3.9131546e-02   3.6941105e-02   3.4873103e-02
   2.0628333e+03   3.9142696e-02   3.6948270e-02   3.4876693e-02
   2.0629167e+03   3.9145343e-02   3.6947670e-02   3.4873202e-02
   2.0630000e+03   3.9138665e-02   3.6938556e-02   3.4861947e-02
   2.0630833e+03   3.9128953e-02   3.6926675e-02   3.4848171e-02
   2.0631667e+03   3.9122847e-02   3.6918087e-02   3.4837401e-02
   2.0632500e+03   3.9125827e-02   3.6917796e-02   3.4834197e-02
   2.0633333e+03   3.9136971e-02   3.6924957e-02   3.4837789e-02
   2.0634167e+03   3.9147911e-02   3.6931931e-02   3.4841211e-02
   2.0635000e+03   3.9154032e-02   3.6934506e-02   3.4840622e-02
   2.0635833e+03   3.9156887e-02   3.6934102e-02   3.4837318e-02
   2.0636667e+03   3.9161369e-02   3.6935182e-02   3.4835368e-02
   2.0637500e+03   3.9171986e-02   3.6941860e-02   3.4838521e-02
   2.0638333e+03   3.9183164e-02   3.6949049e-02   3.4842139e-02
   2.0639167e+03   3.9185861e-02   3.6948500e-02   3.4838706e-02
   2.0640000e+03   3.9179238e-02   3.6939450e-02   3.4827528e-02
   2.0640833e+03   3.9169581e-02   3.6927635e-02   3.4813833e-02
   2.0641667e+03   3.9163530e-02   3.6919111e-02   3.4803138e-02
   2.0642500e+03   3.9166559e-02   3.6918869e-02   3.4799991e-02
   2.0643333e+03   3.9177731e-02   3.6926054e-02   3.4803610e-02
   2.0644167e+03   3.9188663e-02   3.6933019e-02   3.4807027e-02
   2.0645000e+03   3.9194744e-02   3.6935560e-02   3.4806416e-02
   2.0645833e+03   3.9197545e-02   3.6935110e-02   3.4803081e-02
   2.0646667e+03   3.9201979e-02   3.6936150e-02   3.4801104e-02
   2.0647500e+03   3.9212585e-02   3.6942816e-02   3.4804250e-02
   2.0648333e+03   3.9223791e-02   3.6950028e-02   3.4807893e-02
   2.0649167e+03   3.9226537e-02   3.6949529e-02   3.4804515e-02
   2.0650000e+03   3.9219969e-02   3.6940542e-02   3.4793411e-02
   2.0650833e+03   3.9210368e-02   3.6928792e-02   3.4779795e-02
   2.0651667e+03   3.9204371e-02   3.6920329e-02   3.4769173e-02
   2.0652500e+03   3.9207449e-02   3.6920136e-02   3.4766079e-02
   2.0653333e+03   3.9218650e-02   3.6927343e-02   3.4769721e-02
   2.0654167e+03   3.9229573e-02   3.6934297e-02   3.4773132e-02
   2.0655000e+03   3.9235615e-02   3.6936803e-02   3.4772496e-02
   2.0655833e+03   3.9238360e-02   3.6936306e-02   3.4769128e-02
   2.0656667e+03   3.9242747e-02   3.6937305e-02   3.4767120e-02
   2.0657500e+03   3.9253342e-02   3.6943957e-02   3.4770257e-02
   2.0658333e+03   3.9264575e-02   3.6951190e-02   3.4773921e-02
   2.0659167e+03   3.9267371e-02   3.6950739e-02   3.4770596e-02
   2.0660000e+03   3.9260858e-02   3.6941813e-02   3.4759564e-02
   2.0660833e+03   3.9251312e-02   3.6930127e-02   3.4746024e-02
   2.0661667e+03   3.9245370e-02   3.6921724e-02   3.4735472e-02
   2.0662500e+03   3.9248498e-02   3.6921578e-02   3.4732429e-02
   2.0663333e+03   3.9259726e-02   3.6928806e-02   3.4736092e-02
   2.0664167e+03   3.9270641e-02   3.6935747e-02   3.4739493e-02
   2.0665000e+03   3.9276643e-02   3.6938216e-02   3.4738828e-02
   2.0665833e+03   3.9279333e-02   3.6937671e-02   3.4735424e-02
   2.0666667e+03   3.9283672e-02   3.6938627e-02   3.4733384e-02
   2.0667500e+03   3.9294255e-02   3.6945264e-02   3.4736508e-02
   2.0668333e+03   3.9305516e-02   3.6952516e-02   3.4740191e-02
   2.0669167e+03   3.9308362e-02   3.6952112e-02   3.4736916e-02
   2.0670000e+03   3.9301904e-02   3.6943245e-02   3.4725953e-02
   2.0670833e+03   3.9292413e-02   3.6931622e-02   3.4712487e-02
   2.0671667e+03   3.9286526e-02   3.6923278e-02   3.4702002e-02
   2.0672500e+03   3.9289703e-02   3.6923178e-02   3.4699007e-02
   2.0673333e+03   3.9300959e-02   3.6930424e-02   3.4702687e-02
   2.0674167e+03   3.9311865e-02   3.6937351e-02   3.4706075e-02
   2.0675000e+03   3.9317827e-02   3.6939782e-02   3.4705380e-02
   2.0675833e+03   3.9320461e-02   3.6939188e-02   3.4701937e-02
   2.0676667e+03   3.9324752e-02   3.6940098e-02   3.4699862e-02
   2.0677500e+03   3.9335323e-02   3.6946718e-02   3.4702970e-02
   2.0678333e+03   3.9346612e-02   3.6953989e-02   3.4706669e-02
   2.0679167e+03   3.9349507e-02   3.6953630e-02   3.4703441e-02
   2.0680000e+03   3.9343104e-02   3.6944822e-02   3.4692544e-02
   2.0680833e+03   3.9333669e-02   3.6933259e-02   3.4679149e-02
   2.0681667e+03   3.9327837e-02   3.6924973e-02   3.4668729e-02
   2.0682500e+03   3.9331063e-02   3.6924916e-02   3.4665780e-02
   2.0683333e+03   3.9342348e-02   3.6932181e-02   3.4669474e-02
   2.0684167e+03   3.9353244e-02   3.6939092e-02   3.4672847e-02
   2.0685000e+03   3.9359166e-02   3.6941483e-02   3.4672118e-02
   2.0685833e+03   3.9361744e-02   3.6940837e-02   3.4668633e-02
   2.0686667e+03   3.9365987e-02   3.6941701e-02   3.4666520e-02
   2.0687500e+03   3.9376546e-02   3.6948302e-02   3.4669610e-02
   2.0688333e+03   3.9387862e-02   3.6955589e-02   3.4673322e-02
   2.0689167e+03   3.9390807e-02   3.6955274e-02   3.4670138e-02
   2.0690000e+03   3.9384459e-02   3.6946523e-02   3.4659305e-02
   2.0690833e+03   3.9375080e-02   3.6935021e-02   3.4645979e-02
   2.0691667e+03   3.9369303e-02   3.6926790e-02   3.4635621e-02
   2.0692500e+03   3.9372578e-02   3.6926777e-02   3.4632714e-02
   2.0693333e+03   3.9383890e-02   3.6934057e-02   3.4636420e-02
   2.0694167e+03   3.9394778e-02   3.6940950e-02   3.4639774e-02
   2.0695000e+03   3.9400659e-02   3.6943299e-02   3.4639008e-02
   2.0695833e+03   3.9403181e-02   3.6942600e-02   3.4635480e-02
   2.0696667e+03   3.9407374e-02   3.6943417e-02   3.4633326e-02
   2.0697500e+03   3.9417921e-02   3.6949998e-02   3.4636395e-02
   2.0698333e+03   3.9429265e-02   3.6957300e-02   3.4640116e-02
   2.0699167e+03   3.9432260e-02   3.6957027e-02   3.4636974e-02
   2.0700000e+03   3.9425967e-02   3.6948332e-02   3.4626202e-02
   2.0700833e+03   3.9416643e-02   3.6936888e-02   3.4612943e-02
   2.0701667e+03   3.9410921e-02   3.6928712e-02   3.4602644e-02
   2.0702500e+03   3.9414245e-02   3.6928740e-02   3.4599778e-02
   2.0703333e+03   3.9425585e-02   3.6936034e-02   3.4603491e-02
   2.0704167e+03   3.9436464e-02   3.6942909e-02   3.4606824e-02
   2.0705000e+03   3.9442304e-02   3.6945214e-02   3.4606019e-02
   2.0705833e+03   3.9444769e-02   3.6944461e-02   3.4602445e-02
   2.0706667e+03   3.9448914e-02   3.6945228e-02   3.4600247e-02
   2.0707500e+03   3.9459448e-02   3.6951787e-02   3.4603291e-02
   2.0708333e+03   3.9470820e-02   3.6959102e-02   3.4607020e-02
   2.0709167e+03   3.9473865e-02   3.6958871e-02   3.4603917e-02
   2.0710000e+03   3.9467627e-02   3.6950229e-02   3.4593203e-02
   2.0710833e+03   3.9458358e-02   3.6938843e-02   3.4580007e-02
   2.0711667e+03   3.9452691e-02   3.6930720e-02   3.4569766e-02
   2.0712500e+03   3.9456065e-02   3.6930788e-02   3.4566936e-02
   2.0713333e+03   3.9467432e-02   3.6938095e-02   3.4570656e-02
   2.0714167e+03   3.9478301e-02   3.6944949e-02   3.4573965e-02
   2.0715000e+03   3.9484100e-02   3.6947210e-02   3.4573118e-02
   2.0715833e+03   3.9486509e-02   3.6946400e-02   3.4569493e-02
   2.0716667e+03   3.9490604e-02   3.6947117e-02   3.4567249e-02
   2.0717500e+03   3.9501126e-02   3.6953651e-02   3.4570267e-02
   2.0718333e+03   3.9512525e-02   3.6960978e-02   3.4573999e-02
   2.0719167e+03   3.9515619e-02   3.6960786e-02   3.4570932e-02
   2.0720000e+03   3.9509437e-02   3.6952198e-02   3.4560275e-02
   2.0720833e+03   3.9500224e-02   3.6940867e-02   3.4547140e-02
   2.0721667e+03   3.9494611e-02   3.6932797e-02   3.4536954e-02
   2.0722500e+03   3.9498034e-02   3.6932903e-02   3.4534158e-02
   2.0723333e+03   3.9509429e-02   3.6940220e-02   3.4537880e-02
   2.0724167e+03   3.9520289e-02   3.6947052e-02   3.4541162e-02
   2.0725000e+03   3.9526047e-02   3.6949267e-02   3.4540270e-02
   2.0725833e+03   3.9528398e-02   3.6948399e-02   3.4536594e-02
   2.0726667e+03   3.9532443e-02   3.6949063e-02   3.4534301e-02
   2.0727500e+03   3.9542953e-02   3.6955573e-02   3.4537289e-02
   2.0728333e+03   3.9554380e-02   3.6962910e-02   3.4541022e-02
   2.0729167e+03   3.9557523e-02   3.6962756e-02   3.4537989e-02
   2.0730000e+03   3.9551396e-02   3.6954219e-02   3.4527385e-02
   2.0730833e+03   3.9542238e-02   3.6942943e-02   3.4514309e-02
   2.0731667e+03   3.9536681e-02   3.6934924e-02   3.4504174e-02
   2.0732500e+03   3.9540153e-02   3.6935066e-02   3.4501410e-02
   2.0733333e+03   3.9551576e-02   3.6942393e-02   3.4505132e-02
   2.0734167e+03   3.9562426e-02   3.6949201e-02   3.4508384e-02
   2.0735000e+03   3.9568142e-02   3.6951367e-02   3.4507445e-02
   2.0735833e+03   3.9570436e-02   3.6950441e-02   3.4503714e-02
   2.0736667e+03   3.9574431e-02   3.6951051e-02   3.4501370e-02
   2.0737500e+03   3.9584928e-02   3.6957534e-02   3.4504324e-02
   2.0738333e+03   3.9596382e-02   3.6964879e-02   3.4508056e-02
   2.0739167e+03   3.9599575e-02   3.6964761e-02   3.4505053e-02
   2.0740000e+03   3.9593503e-02   3.6956275e-02   3.4494500e-02
   2.0740833e+03   3.9584401e-02   3.6945053e-02   3.4481481e-02
   2.0741667e+03   3.9578899e-02   3.6937082e-02   3.4471396e-02
   2.0742500e+03   3.9582421e-02   3.6937260e-02   3.4468660e-02
   2.0743333e+03   3.9593870e-02   3.6944595e-02   3.4472379e-02
   2.0744167e+03   3.9604711e-02   3.6951377e-02   3.4475598e-02
   2.0745000e+03   3.9610384e-02   3.6953494e-02   3.4474609e-02
   2.0745833e+03   3.9612620e-02   3.6952507e-02   3.4470821e-02
   2.0746667e+03   3.9616565e-02   3.6953061e-02   3.4468422e-02
   2.0747500e+03   3.9627049e-02   3.6959515e-02   3.4471341e-02
   2.0748333e+03   3.9638531e-02   3.6966867e-02   3.4475068e-02
   2.0749167e+03   3.9641774e-02   3.6966785e-02   3.4472093e-02
   2.0750000e+03   3.9635757e-02   3.6958347e-02   3.4461589e-02
   2.0750833e+03   3.9626709e-02   3.6947175e-02   3.4448622e-02
   2.0751667e+03   3.9621258e-02   3.6939250e-02   3.4438581e-02
   2.0752500e+03   3.9624826e-02   3.6939458e-02   3.4435869e-02
   2.0753333e+03   3.9636301e-02   3.6946798e-02   3.4439580e-02
   2.0754167e+03   3.9647134e-02   3.6953556e-02   3.4442766e-02
   2.0755000e+03   3.9652774e-02   3.6955628e-02   3.4441730e-02
   2.0755833e+03   3.9654963e-02   3.6954589e-02   3.4437892e-02
   2.0756667e+03   3.9658870e-02   3.6955097e-02   3.4435446e-02
   2.0757500e+03   3.9669346e-02   3.6961527e-02   3.4438331e-02
   2.0758333e+03   3.9680851e-02   3.6968880e-02   3.4442047e-02
   2.0759167e+03   3.9684130e-02   3.6968819e-02   3.4439086e-02
   2.0760000e+03   3.9678148e-02   3.6960410e-02   3.4428611e-02
   2.0760833e+03   3.9669134e-02   3.6949270e-02   3.4415679e-02
   2.0761667e+03   3.9663719e-02   3.6941373e-02   3.4405666e-02
   2.0762500e+03   3.9667321e-02   3.6941601e-02   3.4402965e-02
   2.0763333e+03   3.9678819e-02   3.6948940e-02   3.4406664e-02
   2.0764167e+03   3.9689649e-02   3.6955676e-02   3.4409817e-02
   2.0765000e+03   3.9695262e-02   3.6957710e-02   3.4408738e-02
   2.0765833e+03   3.9697413e-02   3.6956625e-02   3.4404854e-02
   2.0766667e+03   3.9701286e-02   3.6957090e-02   3.4402363e-02
   2.0767500e+03   3.9711758e-02   3.6963495e-02   3.4405214e-02
   2.0768333e+03   3.9723284e-02   3.6970848e-02   3.4408915e-02
   2.0769167e+03   3.9726598e-02   3.6970805e-02   3.4405964e-02
   2.0770000e+03   3.9720651e-02   3.6962425e-02   3.4395517e-02
   2.0770833e+03   3.9711672e-02   3.6951315e-02   3.4382616e-02
   2.0771667e+03   3.9706291e-02   3.6943445e-02   3.4372629e-02
   2.0772500e+03   3.9709928e-02   3.6943690e-02   3.4369937e-02
   2.0773333e+03   3.9721448e-02   3.6951028e-02   3.4373620e-02
   2.0774167e+03   3.9732275e-02   3.6957740e-02   3.4376737e-02
   2.0775000e+03   3.9737861e-02   3.6959734e-02   3.4375614e-02
   2.0775833e+03   3.9739974e-02   3.6958602e-02   3.4371680e-02
   2.0776667e+03   3.9743814e-02   3.6959023e-02   3.4369142e-02
   2.0777500e+03   3.9754281e-02   3.6965402e-02   3.4371955e-02
   2.0778333e+03   3.9765830e-02   3.6972753e-02   3.4375640e-02
   2.0779167e+03   3.9769178e-02   3.6972726e-02   3.4372696e-02
   2.0780000e+03   3.9763266e-02   3.6964373e-02   3.4362274e-02
   2.0780833e+03   3.9754321e-02   3.6953292e-02   3.4349402e-02
   2.0781667e+03   3.9748976e-02   3.6945449e-02   3.4339439e-02
   2.0782500e+03   3.9752647e-02   3.6945710e-02   3.4336753e-02
   2.0783333e+03   3.9764190e-02   3.6953045e-02   3.4340417e-02
   2.0784167e+03   3.9775014e-02   3.6959731e-02   3.4343496e-02
   2.0785000e+03   3.9780573e-02   3.6961683e-02   3.4342325e-02
   2.0785833e+03   3.9782646e-02   3.6960502e-02   3.4338340e-02
   2.0786667e+03   3.9786454e-02   3.6960878e-02   3.4335752e-02
   2.0787500e+03   3.9796915e-02   3.6967230e-02   3.4338525e-02
   2.0788333e+03   3.9808486e-02   3.6974576e-02   3.4342189e-02
   2.0789167e+03   3.9811869e-02   3.6974565e-02   3.4339251e-02
   2.0790000e+03   3.9805993e-02   3.6966238e-02   3.4328851e-02
   2.0790833e+03   3.9797081e-02   3.6955185e-02   3.4316007e-02
   2.0791667e+03   3.9791772e-02   3.6947366e-02   3.4306065e-02
   2.0792500e+03   3.9795477e-02   3.6947641e-02   3.4303382e-02
   2.0793333e+03   3.9807043e-02   3.6954972e-02   3.4307024e-02
   2.0794167e+03   3.9817863e-02   3.6961631e-02   3.4310062e-02
   2.0795000e+03   3.9823395e-02   3.6963541e-02   3.4308841e-02
   2.0795833e+03   3.9825430e-02   3.6962309e-02   3.4304803e-02
   2.0796667e+03   3.9829204e-02   3.6962638e-02   3.4302162e-02
   2.0797500e+03   3.9839659e-02   3.6968961e-02   3.4304892e-02
   2.0798333e+03   3.9851253e-02   3.6976302e-02   3.4308533e-02
   2.0799167e+03   3.9854671e-02   3.6976305e-02   3.4305597e-02
   2.0800000e+03   3.9848830e-02   3.6968001e-02   3.4295217e-02
   2.0800833e+03   3.9839953e-02   3.6956975e-02   3.4282398e-02
   2.0801667e+03   3.9834679e-02   3.6949180e-02   3.4272475e-02
   2.0802500e+03   3.9838418e-02   3.6949468e-02   3.4269793e-02
   2.0803333e+03   3.9850006e-02   3.6956793e-02   3.4273411e-02
   2.0804167e+03   3.9860823e-02   3.6963423e-02   3.4276405e-02
   2.0805000e+03   3.9866328e-02   3.6965288e-02   3.4275131e-02
   2.0805833e+03   3.9868324e-02   3.6964005e-02   3.4271036e-02
   2.0806667e+03   3.9872065e-02   3.6964286e-02   3.4268341e-02
   2.0807500e+03   3.9882514e-02   3.6970577e-02   3.4271025e-02
   2.0808333e+03   3.9894130e-02   3.6977911e-02   3.4274640e-02
   2.0809167e+03   3.9897583e-02   3.6977927e-02   3.4271703e-02
   2.0810000e+03   3.9891777e-02   3.6969647e-02   3.4261341e-02
   2.0810833e+03   3.9882934e-02   3.6958646e-02   3.4248545e-02
   2.0811667e+03   3.9877695e-02   3.6950873e-02   3.4238638e-02
   2.0812500e+03   3.9881470e-02   3.6951173e-02   3.4235954e-02
   2.0813333e+03   3.9893080e-02   3.6958489e-02   3.4239545e-02
   2.0814167e+03   3.9903894e-02   3.6965090e-02   3.4242493e-02
   2.0815000e+03   3.9909372e-02   3.6966909e-02   3.4241163e-02
   2.0815833e+03   3.9911328e-02   3.6965573e-02   3.4237010e-02
   2.0816667e+03   3.9915035e-02   3.6965804e-02   3.4234257e-02
   2.0817500e+03   3.9925479e-02   3.6972063e-02   3.4236893e-02
   2.0818333e+03   3.9937117e-02   3.6979388e-02   3.4240479e-02
   2.0819167e+03   3.9940604e-02   3.6979415e-02   3.4237540e-02
   2.0820000e+03   3.9934834e-02   3.6971156e-02   3.4227193e-02
   2.0820833e+03   3.9926026e-02   3.6960179e-02   3.4214418e-02
   2.0821667e+03   3.9920822e-02   3.6952427e-02   3.4204525e-02
   2.0822500e+03   3.9924631e-02   3.6952738e-02   3.4201836e-02
   2.0823333e+03   3.9936264e-02   3.6960045e-02   3.4205397e-02
   2.0824167e+03   3.9947074e-02   3.6966613e-02   3.4208296e-02
   2.0825000e+03   3.9952525e-02   3.6968385e-02   3.4206908e-02
   2.0825833e+03   3.9954441e-02   3.6966995e-02   3.4202694e-02
   2.0826667e+03   3.9958115e-02   3.6967174e-02   3.4199881e-02
   2.0827500e+03   3.9968553e-02   3.6973399e-02   3.4202465e-02
   2.0828333e+03   3.9980213e-02   3.6980714e-02   3.4206020e-02
   2.0829167e+03   3.9983735e-02   3.6980751e-02   3.4203076e-02
   2.0830000e+03   3.9978000e-02   3.6972513e-02   3.4192742e-02
   2.0830833e+03   3.9969227e-02   3.6961559e-02   3.4179985e-02
   2.0831667e+03   3.9964058e-02   3.6953826e-02   3.4170104e-02
   2.0832500e+03   3.9967902e-02   3.6954146e-02   3.4167408e-02
   2.0833333e+03   3.9979557e-02   3.6961442e-02   3.4170936e-02
   2.0834167e+03   3.9990364e-02   3.6967977e-02   3.4173783e-02
   2.0835000e+03   3.9995787e-02   3.6969700e-02   3.4172334e-02
   2.0835833e+03   3.9997663e-02   3.6968253e-02   3.4168057e-02
   2.0836667e+03   4.0001303e-02   3.6968380e-02   3.4165181e-02
   2.0837500e+03   4.0011735e-02   3.6974569e-02   3.4167712e-02
   2.0838333e+03   4.0023418e-02   3.6981873e-02   3.4171233e-02
   2.0839167e+03   4.0026975e-02   3.6981918e-02   3.4168280e-02
   2.0840000e+03   4.0021275e-02   3.6973698e-02   3.4157957e-02
   2.0840833e+03   4.0012536e-02   3.6962766e-02   3.4145216e-02
   2.0841667e+03   4.0007403e-02   3.6955052e-02   3.4135345e-02
   2.0842500e+03   4.0011282e-02   3.6955379e-02   3.4132639e-02
   2.0843333e+03   4.0022959e-02   3.6962662e-02   3.4136132e-02
   2.0844167e+03   4.0033762e-02   3.6969162e-02   3.4138924e-02
   2.0845000e+03   4.0039157e-02   3.6970835e-02   3.4137412e-02
   2.0845833e+03   4.0040994e-02   3.6969331e-02   3.4133069e-02
   2.0846667e+03   4.0044600e-02   3.6969403e-02   3.4130128e-02
   2.0847500e+03   4.0055026e-02   3.6975556e-02   3.4132602e-02
   2.0848333e+03   4.0066731e-02   3.6982846e-02   3.4136086e-02
   2.0849167e+03   4.0070323e-02   3.6982898e-02   3.4133122e-02
   2.0850000e+03   4.0064658e-02   3.6974696e-02   3.4122808e-02
   2.0850833e+03   4.0055954e-02   3.6963784e-02   3.4110081e-02
   2.0851667e+03   4.0050857e-02   3.6956087e-02   3.4100216e-02
   2.0852500e+03   4.0054770e-02   3.6956420e-02   3.4097499e-02
   2.0853333e+03   4.0066470e-02   3.6963689e-02   3.4100953e-02
   2.0854167e+03   4.0077269e-02   3.6970153e-02   3.4103687e-02
   2.0855000e+03   4.0082636e-02   3.6971773e-02   3.4102110e-02
   2.0855833e+03   4.0084433e-02   3.6970211e-02   3.4097699e-02
   2.0856667e+03   4.0088005e-02   3.6970227e-02   3.4094691e-02
   2.0857500e+03   4.0098425e-02   3.6976341e-02   3.4097105e-02
   2.0858333e+03   4.0110152e-02   3.6983616e-02   3.4100549e-02
   2.0859167e+03   4.0113779e-02   3.6983673e-02   3.4097573e-02
   2.0860000e+03   4.0108150e-02   3.6975488e-02   3.4087265e-02
   2.0860833e+03   4.0099480e-02   3.6964596e-02   3.4074549e-02
   2.0861667e+03   4.0094418e-02   3.6956915e-02   3.4064690e-02
   2.0862500e+03   4.0098366e-02   3.6957252e-02   3.4061957e-02
   2.0863333e+03   4.0110088e-02   3.6964505e-02   3.4065370e-02
   2.0864167e+03   4.0120883e-02   3.6970931e-02   3.4068044e-02
   2.0865000e+03   4.0126223e-02   3.6972498e-02   3.4066399e-02
   2.0865833e+03   4.0127979e-02   3.6970875e-02   3.4061917e-02
   2.0866667e+03   4.0131516e-02   3.6970834e-02   3.4058840e-02
   2.0867500e+03   4.0141931e-02   3.6976908e-02   3.4061192e-02
   2.0868333e+03   4.0153680e-02   3.6984166e-02   3.4064593e-02
   2.0869167e+03   4.0157342e-02   3.6984227e-02   3.4061601e-02
   2.0870000e+03   4.0151748e-02   3.6976058e-02   3.4051297e-02
   2.0870833e+03   4.0143113e-02   3.6965183e-02   3.4038591e-02
   2.0871667e+03   4.0138087e-02   3.6957517e-02   3.4028734e-02
   2.0872500e+03   4.0142069e-02   3.6957857e-02   3.4025984e-02
   2.0873333e+03   4.0153814e-02   3.6965093e-02   3.4029353e-02
   2.0874167e+03   4.0164605e-02   3.6971478e-02   3.4031964e-02
   2.0875000e+03   4.0169916e-02   3.6972991e-02   3.4030248e-02
   2.0875833e+03   4.0171632e-02   3.6971306e-02   3.4025693e-02
   2.0876667e+03   4.0175135e-02   3.6971207e-02   3.4022544e-02
   2.0877500e+03   4.0185543e-02   3.6977239e-02   3.4024831e-02
   2.0878333e+03   4.0197315e-02   3.6984478e-02   3.4028187e-02
   2.0879167e+03   4.0201011e-02   3.6984543e-02   3.4025176e-02
   2.0880000e+03   4.0195453e-02   3.6976387e-02   3.4014874e-02
   2.0880833e+03   4.0186853e-02   3.6965529e-02   3.4002176e-02
   2.0881667e+03   4.0181862e-02   3.6957876e-02   3.3992319e-02
   2.0882500e+03   4.0185880e-02   3.6958217e-02   3.3989549e-02
   2.0883333e+03   4.0197646e-02   3.6965435e-02   3.3992872e-02
   2.0884167e+03   4.0208434e-02   3.6971779e-02   3.3995417e-02
   2.0885000e+03   4.0213717e-02   3.6973235e-02   3.3993628e-02
   2.0885833e+03   4.0215392e-02   3.6971487e-02   3.3988998e-02
   2.0886667e+03   4.0218860e-02   3.6971328e-02   3.3985774e-02
   2.0887500e+03   4.0229262e-02   3.6977316e-02   3.3987994e-02
   2.0888333e+03   4.0241056e-02   3.6984536e-02   3.3991302e-02
   2.0889167e+03   4.0244787e-02   3.6984601e-02   3.3988270e-02
   2.0890000e+03   4.0239265e-02   3.6976458e-02   3.3977967e-02
   2.0890833e+03   4.0230699e-02   3.6965616e-02   3.3965275e-02
   2.0891667e+03   4.0225744e-02   3.6957975e-02   3.3955415e-02
   2.0892500e+03   4.0229796e-02   3.6958316e-02   3.3952623e-02
   2.0893333e+03   4.0241585e-02   3.6965513e-02   3.3955896e-02
   2.0894167e+03   4.0252369e-02   3.6971814e-02   3.3958373e-02
   2.0895000e+03   4.0257623e-02   3.6973212e-02   3.3956509e-02
   2.0895833e+03   4.0259258e-02   3.6971400e-02   3.3951801e-02
   2.0896667e+03   4.0262691e-02   3.6971179e-02   3.3948500e-02
   2.0897500e+03   4.0273086e-02   3.6977123e-02   3.3950650e-02
   2.0898333e+03   4.0284903e-02   3.6984321e-02   3.3953907e-02
   2.0899167e+03   4.0288669e-02   3.6984386e-02   3.3950852e-02
   2.0900000e+03   4.0283182e-02   3.6976254e-02   3.3940547e-02
   2.0900833e+03   4.0274651e-02   3.6965427e-02   3.3927857e-02
   2.0901667e+03   4.0269732e-02   3.6957796e-02   3.3917994e-02
   2.0902500e+03   4.0273819e-02   3.6958136e-02   3.3915176e-02
   2.0903333e+03   4.0285630e-02   3.6965311e-02   3.3918397e-02
   2.0904167e+03   4.0296409e-02   3.6971567e-02   3.3920803e-02
   2.0905000e+03   4.0301635e-02   3.6972906e-02   3.3918861e-02
   2.0905833e+03   4.0303229e-02   3.6971028e-02   3.3914074e-02
   2.0906667e+03   4.0306627e-02   3.6970744e-02   3.3910693e-02
   2.0907500e+03   4.0317016e-02   3.6976641e-02   3.3912771e-02
   2.0908333e+03   4.0328855e-02   3.6983816e-02   3.3915974e-02
   2.0909167e+03   4.0332656e-02   3.6983879e-02   3.3912892e-02
   2.0910000e+03   4.0327204e-02   3.6975758e-02   3.3902582e-02
   2.0910833e+03   4.0318708e-02   3.6964943e-02   3.3889894e-02
   2.0911667e+03   4.0313825e-02   3.6957322e-02   3.3880024e-02
   2.0912500e+03   4.0317947e-02   3.6957660e-02   3.3877179e-02
   2.0913333e+03   4.0329780e-02   3.6964810e-02   3.3880345e-02
   2.0914167e+03   4.0340555e-02   3.6971021e-02   3.3882677e-02
   2.0915000e+03   4.0345752e-02   3.6972299e-02   3.3880654e-02
   2.0915833e+03   4.0347305e-02   3.6970353e-02   3.3875785e-02
   2.0916667e+03   4.0350668e-02   3.6970005e-02   3.3872323e-02
   2.0917500e+03   4.0361050e-02   3.6975854e-02   3.3874325e-02
   2.0918333e+03   4.0372911e-02   3.6983004e-02   3.3877472e-02
   2.0919167e+03   4.0376748e-02   3.6983064e-02   3.3874362e-02
   2.0920000e+03   4.0371332e-02   3.6974951e-02   3.3864045e-02
   2.0920833e+03   4.0362871e-02   3.6964149e-02   3.3851355e-02
   2.0921667e+03   4.0358023e-02   3.6956536e-02   3.3841477e-02
   2.0922500e+03   4.0362180e-02   3.6956869e-02   3.3838602e-02
   2.0923333e+03   4.0374035e-02   3.6963994e-02   3.3841710e-02
   2.0924167e+03   4.0384806e-02   3.6970157e-02   3.3843966e-02
   2.0925000e+03   4.0389974e-02   3.6971372e-02   3.3841861e-02
   2.0925833e+03   4.0391485e-02   3.6969358e-02   3.3836907e-02
   2.0926667e+03   4.0394813e-02   3.6968944e-02   3.3833361e-02
   2.0927500e+03   4.0405189e-02   3.6974743e-02   3.3835285e-02
   2.0928333e+03   4.0417072e-02   3.6981867e-02   3.3838372e-02
   2.0929167e+03   4.0420943e-02   3.6981922e-02   3.3835232e-02
   2.0930000e+03   4.0415563e-02   3.6973818e-02   3.3824905e-02
   2.0930833e+03   4.0407137e-02   3.6963026e-02   3.3812213e-02
   2.0931667e+03   4.0402325e-02   3.6955420e-02   3.3802323e-02
   2.0932500e+03   4.0406517e-02   3.6955747e-02   3.3799416e-02
   2.0933333e+03   4.0418395e-02   3.6962845e-02   3.3802463e-02
   2.0934167e+03   4.0429161e-02   3.6968959e-02   3.3804641e-02
   2.0935000e+03   4.0434300e-02   3.6970110e-02   3.3802450e-02
   2.0935833e+03   4.0435770e-02   3.6968026e-02   3.3797410e-02
   2.0936667e+03   4.0439062e-02   3.6967545e-02   3.3793778e-02
   2.0937500e+03   4.0449431e-02   3.6973293e-02   3.3795621e-02
   2.0938333e+03   4.0461336e-02   3.6980388e-02   3.3798647e-02
   2.0939167e+03   4.0465243e-02   3.6980437e-02   3.3795473e-02
   2.0940000e+03   4.0459898e-02   3.6972339e-02   3.3785135e-02
   2.0940833e+03   4.0451507e-02   3.6961557e-02   3.3772437e-02
   2.0941667e+03   4.0446731e-02   3.6953956e-02   3.3762535e-02
   2.0942500e+03   4.0450958e-02   3.6954277e-02   3.3759592e-02
   2.0943333e+03   4.0462858e-02   3.6961346e-02   3.3762576e-02
   2.0944167e+03   4.0473619e-02   3.6967409e-02   3.3764672e-02
   2.0945000e+03   4.0478730e-02   3.6968495e-02   3.3762394e-02
   2.0945833e+03   4.0480158e-02   3.6966339e-02   3.3757266e-02
   2.0946667e+03   4.0483414e-02   3.6965789e-02   3.3753545e-02
   2.0947500e+03   4.0493776e-02   3.6971484e-02   3.3755305e-02
   2.0948333e+03   4.0505704e-02   3.6978550e-02   3.3758266e-02
   2.0949167e+03   4.0509645e-02   3.6978591e-02   3.3755056e-02
   2.0950000e+03   4.0504337e-02   3.6970498e-02   3.3744704e-02
   2.0950833e+03   4.0495980e-02   3.6959725e-02   3.3731999e-02
   2.0951667e+03   4.0491240e-02   3.6952128e-02   3.3722082e-02
   2.0952500e+03   4.0495502e-02   3.6952440e-02   3.3719101e-02
   2.0953333e+03   4.0507424e-02   3.6959479e-02   3.3722020e-02
   2.0954167e+03   4.0518181e-02   3.6965489e-02   3.3724032e-02
   2.0955000e+03   4.0523262e-02   3.6966509e-02   3.3721664e-02
   2.0955833e+03   4.0524648e-02   3.6964280e-02   3.3716444e-02
   2.0956667e+03   4.0527869e-02   3.6963660e-02   3.3712633e-02
   2.0957500e+03   4.0538224e-02   3.6969300e-02   3.3714307e-02
   2.0958333e+03   4.0550174e-02   3.6976335e-02   3.3717200e-02
   2.0959167e+03   4.0554150e-02   3.6976367e-02   3.3713952e-02
   2.0960000e+03   4.0548878e-02   3.6968278e-02   3.3703585e-02
   2.0960833e+03   4.0540556e-02   3.6957512e-02   3.3690871e-02
   2.0961667e+03   4.0535852e-02   3.6949919e-02   3.3680936e-02
   2.0962500e+03   4.0540149e-02   3.6950220e-02   3.3677916e-02
   2.0963333e+03   4.0552093e-02   3.6957227e-02   3.3680765e-02
   2.0964167e+03   4.0562846e-02   3.6963183e-02   3.3682691e-02
   2.0965000e+03   4.0567897e-02   3.6964134e-02   3.3680230e-02
   2.0965833e+03   4.0569241e-02   3.6961832e-02   3.3674918e-02
   2.0966667e+03   4.0572426e-02   3.6961140e-02   3.3671013e-02
   2.0967500e+03   4.0582774e-02   3.6966724e-02   3.3672600e-02
   2.0968333e+03   4.0594746e-02   3.6973726e-02   3.3675423e-02
   2.0969167e+03   4.0598758e-02   3.6973747e-02   3.3672134e-02
   2.0970000e+03   4.0593521e-02   3.6965661e-02   3.3661749e-02
   2.0970833e+03   4.0585235e-02   3.6954901e-02   3.3649023e-02
   2.0971667e+03   4.0580566e-02   3.6947309e-02   3.3639069e-02
   2.0972500e+03   4.0584898e-02   3.6947599e-02   3.3636006e-02
   2.0973333e+03   4.0596865e-02   3.6954572e-02   3.3638785e-02
   2.0974167e+03   4.0607612e-02   3.6960473e-02   3.3640621e-02
   2.0975000e+03   4.0612634e-02   3.6961354e-02   3.3638066e-02
   2.0975833e+03   4.0613936e-02   3.6958976e-02   3.3632658e-02
   2.0976667e+03   4.0617085e-02   3.6958211e-02   3.3628659e-02
   2.0977500e+03   4.0627426e-02   3.6963737e-02   3.3630154e-02
   2.0978333e+03   4.0639419e-02   3.6970705e-02   3.3632904e-02
   2.0979167e+03   4.0643466e-02   3.6970714e-02   3.3629572e-02
   2.0980000e+03   4.0638266e-02   3.6962629e-02   3.3619167e-02
   2.0980833e+03   4.0630014e-02   3.6951874e-02   3.3606429e-02
   2.0981667e+03   4.0625382e-02   3.6944283e-02   3.3596452e-02
   2.0982500e+03   4.0629749e-02   3.6944560e-02   3.3593345e-02
   2.0983333e+03   4.0641738e-02   3.6951498e-02   3.3596049e-02
   2.0984167e+03   4.0652481e-02   3.6957341e-02   3.3597793e-02
   2.0985000e+03   4.0657472e-02   3.6958152e-02   3.3595142e-02
   2.0985833e+03   4.0658732e-02   3.6955696e-02   3.3589637e-02
   2.0986667e+03   4.0661844e-02   3.6954857e-02   3.3585540e-02
   2.0987500e+03   4.0672178e-02   3.6960324e-02   3.3586942e-02
   2.0988333e+03   4.0684194e-02   3.6967255e-02   3.3589616e-02
   2.0989167e+03   4.0688276e-02   3.6967251e-02   3.3586239e-02
   2.0990000e+03   4.0683111e-02   3.6959166e-02   3.3575811e-02
   2.0990833e+03   4.0674895e-02   3.6948415e-02   3.3563058e-02
   2.0991667e+03   4.0670299e-02   3.6940823e-02   3.3553058e-02
   2.0992500e+03   4.0674701e-02   3.6941086e-02   3.3549903e-02
   2.0993333e+03   4.0686712e-02   3.6947987e-02   3.3552531e-02
   2.0994167e+03   4.0697450e-02   3.6953771e-02   3.3554181e-02
   2.0995000e+03   4.0702412e-02   3.6954509e-02   3.3551430e-02
   2.0995833e+03   4.0703629e-02   3.6951975e-02   3.3545826e-02
   2.0996667e+03   4.0706704e-02   3.6951060e-02   3.3541629e-02
   2.0997500e+03   4.0717031e-02   3.6956466e-02   3.3542935e-02
   2.0998333e+03   4.0729068e-02   3.6963359e-02   3.3545532e-02
   2.0999167e+03   4.0733186e-02   3.6963340e-02   3.3542106e-02
   2.1000000e+03   4.0728057e-02   3.6955255e-02   3.3531655e-02
   2.1000833e+03   4.0719877e-02   3.6944506e-02   3.3518884e-02
   2.1001667e+03   4.0715316e-02   3.6936912e-02   3.3508859e-02
   2.1002500e+03   4.0719754e-02   3.6937158e-02   3.3505654e-02
   2.1003333e+03   4.0731787e-02   3.6944021e-02   3.3508202e-02
   2.1004167e+03   4.0742519e-02   3.6949744e-02   3.3509755e-02
   2.1005000e+03   4.0747451e-02   3.6950408e-02   3.3506903e-02
   2.1005833e+03   4.0748626e-02   3.6947795e-02   3.3501198e-02
   2.1006667e+03   4.0751665e-02   3.6946802e-02   3.3496900e-02
   2.1007500e+03   4.0761984e-02   3.6952146e-02   3.3498107e-02
   2.1008333e+03   4.0774043e-02   3.6959000e-02   3.3500623e-02
   2.1009167e+03   4.0778197e-02   3.6958965e-02   3.3497146e-02
