   2.0000000e+03   1.0000000e+00   1.0000000e+00   1.0000000e+00
   2.0000833e+03   1.0000000e+00   1.0000000e+00   1.0000000e+00
   2.0001667e+03   1.0000000e+00   1.0000000e+00   1.0000000e+00
   2.0002500e+03   1.0000000e+00   1.0000000e+00   1.0000000e+00
   2.0003333e+03   1.0000000e+00   1.0000000e+00   1.0000000e+00
   2.0004167e+03   1.0000000e+00   1.0000000e+00   1.0000000e+00
   2.0005000e+03   1.0000000e+00   1.0000000e+00   1.0000000e+00
   2.0005833e+03   1.0000000e+00   1.0000000e+00   1.0000000e+00
   2.0006667e+03   1.0000000e+00   1.0000000e+00   1.0000000e+00
   2.0007500e+03   1.0000000e+00   1.0000000e+00   1.0000000e+00
   2.0008333e+03   1.0000000e+00   1.0000000e+00   1.0000000e+00
   2.0009167e+03   1.0000000e+00   1.0000000e+00   1.0000000e+00
   2.0010000e+03   9.9999791e-01   9.9999737e-01   9.9999683e-01
   2.0010833e+03   9.9994597e-01   9.9994436e-01   9.9994275e-01
   2.0011667e+03   9.9988207e-01   9.9987887e-01   9.9987567e-01
   2.0012500e+03   9.9984792e-01   9.9984257e-01   9.9983722e-01
   2.0013333e+03   9.9987043e-01   9.9986234e-01   9.9985424e-01
   2.0014167e+03   9.9991864e-01   9.9990721e-01   9.9989578e-01
   2.0015000e+03   9.9996214e-01   9.9994683e-01   9.9993152e-01
   2.0015833e+03   9.9997247e-01   9.9995279e-01   9.9993310e-01
   2.0016667e+03   9.9994892e-01   9.9992438e-01   9.9989984e-01
   2.0017500e+03   9.9993010e-01   9.9990014e-01   9.9987019e-01
   2.0018333e+03   9.9996439e-01   9.9992835e-01   9.9989232e-01
   2.0019167e+03   1.0000051e+00   9.9996242e-01   9.9991973e-01
   2.0020000e+03   1.0000052e+00   9.9995544e-01   9.9990566e-01
   2.0020833e+03   9.9995637e-01   9.9989910e-01   9.9984182e-01
   2.0021667e+03   9.9989573e-01   9.9983047e-01   9.9976521e-01
   2.0022500e+03   9.9986439e-01   9.9979050e-01   9.9971661e-01
   2.0023333e+03   9.9988848e-01   9.9980522e-01   9.9972196e-01
   2.0024167e+03   9.9993690e-01   9.9984360e-01   9.9975032e-01
   2.0025000e+03   9.9997964e-01   9.9987578e-01   9.9977193e-01
   2.0025833e+03   9.9998795e-01   9.9987312e-01   9.9975831e-01
   2.0026667e+03   9.9996162e-01   9.9983543e-01   9.9970926e-01
   2.0027500e+03   9.9994010e-01   9.9980199e-01   9.9966389e-01
   2.0028333e+03   9.9997315e-01   9.9982228e-01   9.9967144e-01
   2.0029167e+03   1.0000147e+00   9.9985051e-01   9.9968632e-01
   2.0030000e+03   1.0000170e+00   9.9983909e-01   9.9966120e-01
   2.0030833e+03   9.9997120e-01   9.9977931e-01   9.9958746e-01
   2.0031667e+03   9.9991377e-01   9.9970745e-01   9.9950117e-01
   2.0032500e+03   9.9988518e-01   9.9966371e-01   9.9944228e-01
   2.0033333e+03   9.9991082e-01   9.9967329e-01   9.9943581e-01
   2.0034167e+03   9.9995939e-01   9.9970509e-01   9.9945085e-01
   2.0035000e+03   1.0000013e+00   9.9972973e-01   9.9945822e-01
   2.0035833e+03   1.0000076e+00   9.9971838e-01   9.9942928e-01
   2.0036667e+03   9.9997838e-01   9.9967133e-01   9.9936436e-01
   2.0037500e+03   9.9995412e-01   9.9962860e-01   9.9930319e-01
   2.0038333e+03   9.9998587e-01   9.9964090e-01   9.9929604e-01
   2.0039167e+03   1.0000283e+00   9.9966320e-01   9.9929824e-01
   2.0040000e+03   1.0000327e+00   9.9964723e-01   9.9926194e-01
   2.0040833e+03   9.9998984e-01   9.9958392e-01   9.9917815e-01
   2.0041667e+03   9.9993559e-01   9.9950873e-01   9.9908205e-01
   2.0042500e+03   9.9990971e-01   9.9946112e-01   9.9901272e-01
   2.0043333e+03   9.9993683e-01   9.9946545e-01   9.9899429e-01
   2.0044167e+03   9.9998551e-01   9.9949058e-01   9.9899589e-01
   2.0045000e+03   1.0000266e+00   9.9950761e-01   9.9898889e-01
   2.0045833e+03   1.0000307e+00   9.9948747e-01   9.9894455e-01
   2.0046667e+03   9.9999862e-01   9.9943099e-01   9.9886368e-01
   2.0047500e+03   9.9997156e-01   9.9937892e-01   9.9878661e-01
   2.0048333e+03   1.0000020e+00   9.9938312e-01   9.9876466e-01
   2.0049167e+03   1.0000451e+00   9.9939940e-01   9.9875407e-01
   2.0050000e+03   1.0000516e+00   9.9937879e-01   9.9870644e-01
   2.0050833e+03   1.0000117e+00   9.9931185e-01   9.9861247e-01
   2.0051667e+03   9.9996058e-01   9.9923324e-01   9.9850641e-01
   2.0052500e+03   9.9993736e-01   9.9918166e-01   9.9842651e-01
   2.0053333e+03   9.9996592e-01   9.9918066e-01   9.9839600e-01
   2.0054167e+03   1.0000147e+00   9.9919902e-01   9.9838403e-01
   2.0055000e+03   1.0000548e+00   9.9920834e-01   9.9836256e-01
   2.0055833e+03   1.0000567e+00   9.9917935e-01   9.9830272e-01
   2.0056667e+03   5.0001086e-01   4.9955669e-01   4.9910291e-01
   2.0057500e+03   4.9999591e-01   4.9952594e-01   4.9905640e-01
   2.0058333e+03   5.0001041e-01   4.9952396e-01   4.9903797e-01
   2.0059167e+03   5.0003236e-01   4.9952904e-01   4.9902622e-01
   2.0060000e+03   5.0003659e-01   4.9951637e-01   4.9899668e-01
   2.0060833e+03   5.0001810e-01   4.9948103e-01   4.9894453e-01
   2.0061667e+03   4.9999407e-01   4.9943997e-01   4.9888646e-01
   2.0062500e+03   4.9998377e-01   4.9941215e-01   4.9884116e-01
   2.0063333e+03   4.9999874e-01   4.9940893e-01   4.9881980e-01
   2.0064167e+03   5.0002312e-01   4.9941468e-01   4.9880697e-01
   2.0065000e+03   5.0004272e-01   4.9941545e-01   4.9878895e-01
   2.0065833e+03   5.0004256e-01   4.9939649e-01   4.9875125e-01
   2.0066667e+03   5.0002355e-01   4.9935872e-01   4.9869476e-01
   2.0067500e+03   5.0000714e-01   4.9932323e-01   4.9864023e-01
   2.0068333e+03   5.0002092e-01   4.9931713e-01   4.9861431e-01
   2.0069167e+03   5.0004321e-01   4.9931910e-01   4.9859603e-01
   2.0070000e+03   5.0004841e-01   4.9930401e-01   4.9856070e-01
   2.0070833e+03   5.0003135e-01   4.9926677e-01   4.9850334e-01
   2.0071667e+03   5.0000883e-01   4.9922390e-01   4.9844017e-01
   2.0072500e+03   4.9999982e-01   4.9919400e-01   4.9838946e-01
   2.0073333e+03   5.0001546e-01   4.9918802e-01   4.9836193e-01
   2.0074167e+03   5.0003982e-01   4.9919030e-01   4.9834221e-01
   2.0075000e+03   5.0005891e-01   4.9918714e-01   4.9831686e-01
   2.0075833e+03   5.0005760e-01   4.9916368e-01   4.9827133e-01
   2.0076667e+03   5.0003707e-01   4.9912110e-01   4.9820677e-01
   2.0077500e+03   5.0001918e-01   4.9908083e-01   4.9814420e-01
   2.0078333e+03   5.0003220e-01   4.9907056e-01   4.9811074e-01
   2.0079167e+03   5.0005480e-01   4.9906939e-01   4.9808589e-01
   2.0080000e+03   5.0006097e-01   4.9905184e-01   4.9804472e-01
   2.0080833e+03   5.0004531e-01   4.9901264e-01   4.9798208e-01
   2.0081667e+03   5.0002428e-01   4.9896791e-01   4.9791374e-01
   2.0082500e+03   5.0001653e-01   4.9893590e-01   4.9785756e-01
   2.0083333e+03   5.0003282e-01   4.9892711e-01   4.9782381e-01
   2.0084167e+03   5.0005712e-01   4.9892588e-01   4.9779715e-01
   2.0085000e+03   5.0007569e-01   4.9891874e-01   4.9776443e-01
   2.0085833e+03   5.0007321e-01   4.9889075e-01   4.9771104e-01
   2.0086667e+03   5.0005112e-01   4.9884332e-01   4.9763839e-01
   2.0087500e+03   5.0003173e-01   4.9879824e-01   4.9756776e-01
   2.0088333e+03   5.0004397e-01   4.9878378e-01   4.9752672e-01
   2.0089167e+03   5.0006685e-01   4.9877942e-01   4.9749525e-01
   2.0090000e+03   5.0007395e-01   4.9875936e-01   4.9744818e-01
   2.0090833e+03   5.0005967e-01   4.9871816e-01   4.9738020e-01
   2.0091667e+03   5.0004011e-01   4.9867153e-01   4.9730665e-01
   2.0092500e+03   5.0003360e-01   4.9863735e-01   4.9724494e-01
   2.0093333e+03   5.0005051e-01   4.9862571e-01   4.9720492e-01
   2.0094167e+03   5.0007474e-01   4.9862092e-01   4.9717127e-01
   2.0095000e+03   5.0009274e-01   4.9860977e-01   4.9713114e-01
   2.0095833e+03   5.0008907e-01   4.9857722e-01   4.9706988e-01
   2.0096667e+03   5.0006540e-01   4.9852491e-01   4.9698911e-01
   2.0097500e+03   5.0004447e-01   4.9847500e-01   4.9691040e-01
   2.0098333e+03   5.0005591e-01   4.9845631e-01   4.9686176e-01
   2.0099167e+03   5.0007905e-01   4.9844871e-01   4.9682362e-01
   2.0100000e+03   5.0008706e-01   4.9842610e-01   4.9677059e-01
   2.0100833e+03   5.0007414e-01   4.9838285e-01   4.9669722e-01
   2.0101667e+03   5.0005602e-01   4.9833428e-01   4.9661840e-01
   2.0102500e+03   5.0005072e-01   4.9829788e-01   4.9655112e-01
   2.0103333e+03   5.0006822e-01   4.9828335e-01   4.9650477e-01
   2.0104167e+03   5.0009236e-01   4.9827497e-01   4.9646410e-01
   2.0105000e+03   5.0010978e-01   4.9825977e-01   4.9641652e-01
   2.0105833e+03   5.0010488e-01   4.9822262e-01   4.9634736e-01
   2.0106667e+03   5.0007960e-01   4.9816542e-01   4.9625847e-01
   2.0107500e+03   5.0005711e-01   4.9811064e-01   4.9617166e-01
   2.0108333e+03   5.0006772e-01   4.9808768e-01   4.9611539e-01
   2.0109167e+03   5.0009110e-01   4.9807681e-01   4.9607054e-01
   2.0110000e+03   5.0009999e-01   4.9805160e-01   4.9601151e-01
   2.0110833e+03   5.0008840e-01   4.9800626e-01   4.9593270e-01
   2.0111667e+03   5.0007170e-01   4.9795571e-01   4.9584856e-01
   2.0112500e+03   5.0006759e-01   4.9791705e-01   4.9577565e-01
   2.0113333e+03   5.0008567e-01   4.9789958e-01   4.9572294e-01
   2.0114167e+03   5.0010968e-01   4.9788756e-01   4.9567520e-01
   2.0115000e+03   5.0012649e-01   4.9786827e-01   4.9562015e-01
   2.0115833e+03   5.0012034e-01   4.9782650e-01   4.9554307e-01
   2.0116667e+03   5.0009343e-01   4.9776437e-01   4.9544606e-01
   2.0117500e+03   5.0006935e-01   4.9770471e-01   4.9535114e-01
   2.0118333e+03   5.0007909e-01   4.9767745e-01   4.9528721e-01
   2.0119167e+03   5.0010269e-01   4.9766326e-01   4.9523561e-01
   2.0120000e+03   5.0011244e-01   4.9763542e-01   4.9517054e-01
   2.0120833e+03   5.0010216e-01   4.9758795e-01   4.9508625e-01
   2.0121667e+03   5.0008686e-01   4.9753536e-01   4.9499674e-01
   2.0122500e+03   5.0008391e-01   4.9749439e-01   4.9491815e-01
   2.0123333e+03   5.0010254e-01   4.9747395e-01   4.9485904e-01
   2.0124167e+03   5.0012640e-01   4.9745826e-01   4.9480421e-01
   2.0125000e+03   5.0014257e-01   4.9743485e-01   4.9474165e-01
   2.0125833e+03   5.0013514e-01   4.9738842e-01   4.9465665e-01
   2.0126667e+03   5.0010657e-01   4.9732135e-01   4.9455150e-01
   2.0127500e+03   5.0008087e-01   4.9725678e-01   4.9444848e-01
   2.0128333e+03   5.0008974e-01   4.9722518e-01   4.9437688e-01
   2.0129167e+03   5.0011352e-01   4.9720764e-01   4.9431849e-01
   2.0130000e+03   5.0012411e-01   4.9717711e-01   4.9424733e-01
   2.0130833e+03   5.0011511e-01   4.9712747e-01   4.9415751e-01
   2.0131667e+03   5.0010118e-01   4.9707280e-01   4.9406260e-01
   2.0132500e+03   5.0009938e-01   4.9702950e-01   4.9397830e-01
   2.0133333e+03   5.0011853e-01   4.9700603e-01   4.9391274e-01
   2.0134167e+03   5.0014222e-01   4.9698663e-01   4.9385078e-01
   2.0135000e+03   5.0015773e-01   4.9695908e-01   4.9378071e-01
   2.0135833e+03   5.0014899e-01   4.9690797e-01   4.9368777e-01
   2.0136667e+03   5.0011872e-01   4.9683593e-01   4.9357450e-01
   2.0137500e+03   5.0009139e-01   4.9676642e-01   4.9346337e-01
   2.0138333e+03   5.0009934e-01   4.9673046e-01   4.9338407e-01
   2.0139167e+03   5.0012328e-01   4.9670952e-01   4.9331887e-01
   2.0140000e+03   5.0013469e-01   4.9667628e-01   4.9324159e-01
   2.0140833e+03   5.0012695e-01   4.9662442e-01   4.9314621e-01
   2.0141667e+03   5.0011437e-01   4.9656763e-01   4.9304584e-01
   2.0142500e+03   5.0011368e-01   4.9652195e-01   4.9295579e-01
   2.0143333e+03   5.0013333e-01   4.9649542e-01   4.9288376e-01
   2.0144167e+03   5.0015683e-01   4.9647228e-01   4.9281465e-01
   2.0145000e+03   5.0017164e-01   4.9644054e-01   4.9273705e-01
   2.0145833e+03   5.0016157e-01   4.9638473e-01   4.9263617e-01
   2.0146667e+03   5.0012959e-01   4.9630770e-01   4.9251478e-01
   2.0147500e+03   5.0010058e-01   4.9623323e-01   4.9239555e-01
   2.0148333e+03   5.0010760e-01   4.9619288e-01   4.9230856e-01
   2.0149167e+03   5.0013168e-01   4.9616852e-01   4.9223651e-01
   2.0150000e+03   5.0014387e-01   4.9613251e-01   4.9215307e-01
   2.0150833e+03   5.0013737e-01   4.9607839e-01   4.9205209e-01
   2.0151667e+03   5.0012612e-01   4.9601945e-01   4.9194624e-01
   2.0152500e+03   5.0012652e-01   4.9597134e-01   4.9185040e-01
   2.0153333e+03   5.0014665e-01   4.9594172e-01   4.9177187e-01
   2.0154167e+03   5.0016992e-01   4.9591479e-01   4.9169560e-01
   2.0155000e+03   5.0018402e-01   4.9587885e-01   4.9161045e-01
   2.0155833e+03   5.0017259e-01   4.9581831e-01   4.9150164e-01
   2.0156667e+03   2.5006943e-01   2.4786813e-01   2.4568607e-01
   2.0157500e+03   2.5005408e-01   2.4782841e-01   2.4562241e-01
   2.0158333e+03   2.5005711e-01   2.4780603e-01   2.4557506e-01
   2.0159167e+03   2.5006920e-01   2.4779211e-01   2.4553561e-01
   2.0160000e+03   2.5007568e-01   2.4777271e-01   2.4549080e-01
   2.0160833e+03   2.5007303e-01   2.4774450e-01   2.4543749e-01
   2.0161667e+03   2.5006806e-01   2.4771393e-01   2.4538181e-01
   2.0162500e+03   2.5006880e-01   2.4768864e-01   2.4533098e-01
   2.0163333e+03   2.5007908e-01   2.4767227e-01   2.4528845e-01
   2.0164167e+03   2.5009059e-01   2.4765690e-01   2.4524672e-01
   2.0165000e+03   2.5009727e-01   2.4763681e-01   2.4520037e-01
   2.0165833e+03   2.5009087e-01   2.4760416e-01   2.4514201e-01
   2.0166667e+03   2.5007312e-01   2.4756063e-01   2.4507321e-01
   2.0167500e+03   2.5005690e-01   2.4751842e-01   2.4500552e-01
   2.0168333e+03   2.5005944e-01   2.4749381e-01   2.4495432e-01
   2.0169167e+03   2.5007157e-01   2.4747814e-01   2.4491142e-01
   2.0170000e+03   2.5007842e-01   2.4745732e-01   2.4486351e-01
   2.0170833e+03   2.5007637e-01   2.4742794e-01   2.4480737e-01
   2.0171667e+03   2.5007204e-01   2.4739626e-01   2.4474892e-01
   2.0172500e+03   2.5007330e-01   2.4736972e-01   2.4469517e-01
   2.0173333e+03   2.5008380e-01   2.4735176e-01   2.4464936e-01
   2.0174167e+03   2.5009517e-01   2.4733447e-01   2.4460404e-01
   2.0175000e+03   2.5010146e-01   2.4731224e-01   2.4455392e-01
   2.0175833e+03   2.5009435e-01   2.4727721e-01   2.4449160e-01
   2.0176667e+03   2.5007570e-01   2.4723116e-01   2.4441876e-01
   2.0177500e+03   2.5005861e-01   2.4718644e-01   2.4434704e-01
   2.0178333e+03   2.5006064e-01   2.4715960e-01   2.4429200e-01
   2.0179167e+03   2.5007281e-01   2.4714217e-01   2.4424566e-01
   2.0180000e+03   2.5008001e-01   2.4711991e-01   2.4419463e-01
   2.0180833e+03   2.5007854e-01   2.4708935e-01   2.4413565e-01
   2.0181667e+03   2.5007484e-01   2.4705652e-01   2.4407441e-01
   2.0182500e+03   2.5007661e-01   2.4702871e-01   2.4401773e-01
   2.0183333e+03   2.5008730e-01   2.4700915e-01   2.4396864e-01
   2.0184167e+03   2.5009852e-01   2.4698993e-01   2.4391972e-01
   2.0185000e+03   2.5010442e-01   2.4696555e-01   2.4386583e-01
   2.0185833e+03   2.5009659e-01   2.4692813e-01   2.4379956e-01
   2.0186667e+03   2.5007703e-01   2.4687955e-01   2.4372270e-01
   2.0187500e+03   2.5005905e-01   2.4683232e-01   2.4364698e-01
   2.0188333e+03   2.5006056e-01   2.4680324e-01   2.4358809e-01
   2.0189167e+03   2.5007274e-01   2.4678403e-01   2.4353830e-01
   2.0190000e+03   2.5008029e-01   2.4676032e-01   2.4348415e-01
   2.0190833e+03   2.5007939e-01   2.4672854e-01   2.4342231e-01
   2.0191667e+03   2.5007630e-01   2.4669456e-01   2.4335828e-01
   2.0192500e+03   2.5007857e-01   2.4666546e-01   2.4329866e-01
   2.0193333e+03   2.5008946e-01   2.4664428e-01   2.4324628e-01
   2.0194167e+03   2.5010051e-01   2.4662311e-01   2.4319376e-01
   2.0195000e+03   2.5010600e-01   2.4659658e-01   2.4313610e-01
   2.0195833e+03   2.5009744e-01   2.4655675e-01   2.4306590e-01
   2.0196667e+03   2.5007695e-01   2.4650564e-01   2.4298504e-01
   2.0197500e+03   2.5005807e-01   2.4645590e-01   2.4290532e-01
   2.0198333e+03   2.5005904e-01   2.4642456e-01   2.4284260e-01
   2.0199167e+03   2.5007123e-01   2.4640355e-01   2.4278935e-01
   2.0200000e+03   2.5007911e-01   2.4637837e-01   2.4273208e-01
   2.0200833e+03   2.5007877e-01   2.4634537e-01   2.4266738e-01
   2.0201667e+03   2.5007629e-01   2.4631022e-01   2.4260054e-01
   2.0202500e+03   2.5007904e-01   2.4627981e-01   2.4253797e-01
   2.0203333e+03   2.5009010e-01   2.4625699e-01   2.4248230e-01
   2.0204167e+03   2.5010098e-01   2.4623386e-01   2.4242619e-01
   2.0205000e+03   2.5010605e-01   2.4620516e-01   2.4236477e-01
   2.0205833e+03   2.5009674e-01   2.4616293e-01   2.4229064e-01
   2.0206667e+03   2.5007531e-01   2.4610928e-01   2.4220580e-01
   2.0207500e+03   2.5005551e-01   2.4605702e-01   2.4212211e-01
   2.0208333e+03   2.5005593e-01   2.4602342e-01   2.4205557e-01
   2.0209167e+03   2.5006812e-01   2.4600059e-01   2.4199887e-01
   2.0210000e+03   2.5007632e-01   2.4597392e-01   2.4193846e-01
   2.0210833e+03   2.5007653e-01   2.4593968e-01   2.4187089e-01
   2.0211667e+03   2.5007463e-01   2.4590334e-01   2.4180125e-01
   2.0212500e+03   2.5007787e-01   2.4587161e-01   2.4173572e-01
   2.0213333e+03   2.5008909e-01   2.4584714e-01   2.4167676e-01
   2.0214167e+03   2.5009978e-01   2.4582203e-01   2.4161706e-01
   2.0215000e+03   2.5010441e-01   2.4579115e-01   2.4155188e-01
   2.0215833e+03   2.5009433e-01   2.4574650e-01   2.4147386e-01
   2.0216667e+03   2.5007195e-01   2.4569032e-01   2.4138505e-01
   2.0217500e+03   2.5005123e-01   2.4563553e-01   2.4129741e-01
   2.0218333e+03   2.5005109e-01   2.4559966e-01   2.4122706e-01
   2.0219167e+03   2.5006325e-01   2.4557501e-01   2.4116691e-01
   2.0220000e+03   2.5007176e-01   2.4554684e-01   2.4110336e-01
   2.0220833e+03   2.5007251e-01   2.4551134e-01   2.4103293e-01
   2.0221667e+03   2.5007119e-01   2.4547379e-01   2.4096047e-01
   2.0222500e+03   2.5007488e-01   2.4544072e-01   2.4089198e-01
   2.0223333e+03   2.5008625e-01   2.4541458e-01   2.4082973e-01
   2.0224167e+03   2.5009674e-01   2.4538748e-01   2.4076645e-01
   2.0225000e+03   2.5010092e-01   2.4535442e-01   2.4069753e-01
   2.0225833e+03   2.5009008e-01   2.4530735e-01   2.4061562e-01
   2.0226667e+03   2.5006673e-01   2.4524862e-01   2.4052288e-01
   2.0227500e+03   2.5004506e-01   2.4519131e-01   2.4043131e-01
   2.0228333e+03   2.5004435e-01   2.4515316e-01   2.4035716e-01
   2.0229167e+03   2.5005648e-01   2.4512667e-01   2.4029357e-01
   2.0230000e+03   2.5006528e-01   2.4509698e-01   2.4022689e-01
   2.0230833e+03   2.5006655e-01   2.4506020e-01   2.4015359e-01
   2.0231667e+03   2.5006580e-01   2.4502143e-01   2.4007831e-01
   2.0232500e+03   2.5006995e-01   2.4498700e-01   2.4000687e-01
   2.0233333e+03   2.5008145e-01   2.4495919e-01   2.3994133e-01
   2.0234167e+03   2.5009173e-01   2.4493009e-01   2.3987447e-01
   2.0235000e+03   2.5009544e-01   2.4489483e-01   2.3980183e-01
   2.0235833e+03   2.5008381e-01   2.4484534e-01   2.3971606e-01
   2.0236667e+03   2.5005948e-01   2.4478407e-01   2.3961941e-01
   2.0237500e+03   2.5003686e-01   2.4472423e-01   2.3952393e-01
   2.0238333e+03   2.5003556e-01   2.4468378e-01   2.3944601e-01
   2.0239167e+03   2.5004764e-01   2.4465545e-01   2.3937898e-01
   2.0240000e+03   2.5005673e-01   2.4462422e-01   2.3930918e-01
   2.0240833e+03   2.5005851e-01   2.4458616e-01   2.3923300e-01
   2.0241667e+03   2.5005831e-01   2.4454614e-01   2.3915490e-01
   2.0242500e+03   2.5006290e-01   2.4451035e-01   2.3908051e-01
   2.0243333e+03   2.5007453e-01   2.4448084e-01   2.3901168e-01
   2.0244167e+03   2.5008458e-01   2.4444973e-01   2.3894126e-01
   2.0245000e+03   2.5008782e-01   2.4441227e-01   2.3886492e-01
   2.0245833e+03   2.5007538e-01   2.4436035e-01   2.3877531e-01
   2.0246667e+03   2.5005006e-01   2.4429653e-01   2.3867478e-01
   2.0247500e+03   2.5002647e-01   2.4423416e-01   2.3857543e-01
   2.0248333e+03   2.5002457e-01   2.4419143e-01   2.3849376e-01
   2.0249167e+03   2.5003659e-01   2.4416123e-01   2.3842330e-01
   2.0250000e+03   2.5004595e-01   2.4412846e-01   2.3835037e-01
   2.0250833e+03   2.5004824e-01   2.4408910e-01   2.3827133e-01
   2.0251667e+03   2.5004862e-01   2.4404785e-01   2.3819044e-01
   2.0252500e+03   2.5005366e-01   2.4401070e-01   2.3811312e-01
   2.0253333e+03   2.5006542e-01   2.4397950e-01   2.3804103e-01
   2.0254167e+03   2.5007519e-01   2.4394635e-01   2.3796704e-01
   2.0255000e+03   2.5007786e-01   2.4390659e-01   2.3788694e-01
   2.0255833e+03   2.5006446e-01   2.4385210e-01   2.3779339e-01
   2.0256667e+03   2.5003792e-01   2.4378555e-01   2.3768884e-01
   2.0257500e+03   2.5001310e-01   2.4372043e-01   2.3758545e-01
   2.0258333e+03   2.5001042e-01   2.4367525e-01   2.3749990e-01
   2.0259167e+03   2.5002235e-01   2.4364315e-01   2.3742601e-01
   2.0260000e+03   2.5003205e-01   2.4360889e-01   2.3735001e-01
   2.0260833e+03   2.5003498e-01   2.4356834e-01   2.3726821e-01
   2.0261667e+03   2.5003606e-01   2.4352596e-01   2.3718464e-01
   2.0262500e+03   2.5004164e-01   2.4348752e-01   2.3710446e-01
   2.0263333e+03   2.5005352e-01   2.4345462e-01   2.3702911e-01
   2.0264167e+03   2.5006295e-01   2.4341935e-01   2.3695150e-01
   2.0265000e+03   2.5006496e-01   2.4337722e-01   2.3686758e-01
   2.0265833e+03   2.5005046e-01   2.4332005e-01   2.3677002e-01
   2.0266667e+03   1.2501128e-01   1.2162532e-01   1.1833068e-01
   2.0267500e+03   1.2499821e-01   1.2159135e-01   1.1827695e-01
   2.0268333e+03   1.2499646e-01   1.2156751e-01   1.1823222e-01
   2.0269167e+03   1.2500236e-01   1.2155050e-01   1.1819355e-01
   2.0270000e+03   1.2500737e-01   1.2153260e-01   1.1815401e-01
   2.0270833e+03   1.2500914e-01   1.2151171e-01   1.1811172e-01
   2.0271667e+03   1.2501002e-01   1.2148995e-01   1.1806858e-01
   2.0272500e+03   1.2501307e-01   1.2147006e-01   1.1802705e-01
   2.0273333e+03   1.2501907e-01   1.2145275e-01   1.1798774e-01
   2.0274167e+03   1.2502360e-01   1.2143404e-01   1.1794712e-01
   2.0275000e+03   1.2502426e-01   1.2141178e-01   1.1790326e-01
   2.0275833e+03   1.2501645e-01   1.2138185e-01   1.1785248e-01
   2.0276667e+03   1.2500181e-01   1.2134571e-01   1.1779611e-01
   2.0277500e+03   1.2498807e-01   1.2131032e-01   1.1774034e-01
   2.0278333e+03   1.2498589e-01   1.2128521e-01   1.1769367e-01
   2.0279167e+03   1.2499172e-01   1.2126723e-01   1.1765326e-01
   2.0280000e+03   1.2499688e-01   1.2124855e-01   1.1761218e-01
   2.0280833e+03   1.2499895e-01   1.2122704e-01   1.1756849e-01
   2.0281667e+03   1.2500015e-01   1.2120468e-01   1.1752398e-01
   2.0282500e+03   1.2500346e-01   1.2118412e-01   1.1748101e-01
   2.0283333e+03   1.2500949e-01   1.2116592e-01   1.1744006e-01
   2.0284167e+03   1.2501383e-01   1.2114614e-01   1.1739762e-01
   2.0285000e+03   1.2501413e-01   1.2112266e-01   1.1735185e-01
   2.0285833e+03   1.2500575e-01   1.2109137e-01   1.1729908e-01
   2.0286667e+03   1.2499042e-01   1.2105380e-01   1.1724068e-01
   2.0287500e+03   1.2497599e-01   1.2101698e-01   1.1718289e-01
   2.0288333e+03   1.2497337e-01   1.2099061e-01   1.1713428e-01
   2.0289167e+03   1.2497912e-01   1.2097163e-01   1.1709214e-01
   2.0290000e+03   1.2498441e-01   1.2095216e-01   1.1704950e-01
   2.0290833e+03   1.2498677e-01   1.2093001e-01   1.1700441e-01
   2.0291667e+03   1.2498829e-01   1.2090703e-01   1.1695853e-01
   2.0292500e+03   1.2499183e-01   1.2088578e-01   1.1691409e-01
   2.0293333e+03   1.2499790e-01   1.2086669e-01   1.1687150e-01
   2.0294167e+03   1.2500204e-01   1.2084581e-01   1.1682725e-01
   2.0295000e+03   1.2500197e-01   1.2082112e-01   1.1677958e-01
   2.0295833e+03   1.2499301e-01   1.2078847e-01   1.1672482e-01
   2.0296667e+03   1.2497696e-01   1.2074945e-01   1.1666441e-01
   2.0297500e+03   1.2496184e-01   1.2071120e-01   1.1660460e-01
   2.0298333e+03   1.2495876e-01   1.2068355e-01   1.1655406e-01
   2.0299167e+03   1.2496442e-01   1.2066357e-01   1.1651019e-01
   2.0300000e+03   1.2496984e-01   1.2064330e-01   1.1646599e-01
   2.0300833e+03   1.2497248e-01   1.2062049e-01   1.1641949e-01
   2.0301667e+03   1.2497432e-01   1.2059690e-01   1.1637224e-01
   2.0302500e+03   1.2497810e-01   1.2057495e-01   1.1632635e-01
   2.0303333e+03   1.2498418e-01   1.2055495e-01   1.1628211e-01
   2.0304167e+03   1.2498809e-01   1.2053296e-01   1.1623604e-01
   2.0305000e+03   1.2498760e-01   1.2050701e-01   1.1618645e-01
   2.0305833e+03   1.2497798e-01   1.2047293e-01   1.1612967e-01
   2.0306667e+03   1.2496112e-01   1.2043239e-01   1.1606719e-01
   2.0307500e+03   1.2494519e-01   1.2039261e-01   1.1600532e-01
   2.0308333e+03   1.2494158e-01   1.2036362e-01   1.1595280e-01
   2.0309167e+03   1.2494711e-01   1.2034262e-01   1.1590719e-01
   2.0310000e+03   1.2495266e-01   1.2032155e-01   1.1586145e-01
   2.0310833e+03   1.2495562e-01   1.2029811e-01   1.1581358e-01
   2.0311667e+03   1.2495781e-01   1.2027393e-01   1.1576499e-01
   2.0312500e+03   1.2496185e-01   1.2025130e-01   1.1571768e-01
   2.0313333e+03   1.2496794e-01   1.2023039e-01   1.1567181e-01
   2.0314167e+03   1.2497157e-01   1.2020725e-01   1.1562392e-01
   2.0315000e+03   1.2497062e-01   1.2018001e-01   1.1557240e-01
   2.0315833e+03   1.2496027e-01   1.2014446e-01   1.1551359e-01
   2.0316667e+03   1.2494253e-01   1.2010236e-01   1.1544904e-01
   2.0317500e+03   1.2492575e-01   1.2006104e-01   1.1538510e-01
   2.0318333e+03   1.2492156e-01   1.2003068e-01   1.1533062e-01
   2.0319167e+03   1.2492696e-01   1.2000864e-01   1.1528328e-01
   2.0320000e+03   1.2493263e-01   1.1998677e-01   1.1523602e-01
   2.0320833e+03   1.2493589e-01   1.1996270e-01   1.1518679e-01
   2.0321667e+03   1.2493841e-01   1.1993792e-01   1.1513687e-01
   2.0322500e+03   1.2494269e-01   1.1991460e-01   1.1508815e-01
   2.0323333e+03   1.2494878e-01   1.1989278e-01   1.1504066e-01
   2.0324167e+03   1.2495212e-01   1.1986848e-01   1.1499096e-01
   2.0325000e+03   1.2495069e-01   1.1983995e-01   1.1493754e-01
   2.0325833e+03   1.2493960e-01   1.1980293e-01   1.1487673e-01
   2.0326667e+03   1.2492097e-01   1.1975927e-01   1.1481014e-01
   2.0327500e+03   1.2490330e-01   1.1971640e-01   1.1474416e-01
   2.0328333e+03   1.2489854e-01   1.1968469e-01   1.1468775e-01
   2.0329167e+03   1.2490378e-01   1.1966161e-01   1.1463871e-01
   2.0330000e+03   1.2490955e-01   1.1963892e-01   1.1458993e-01
   2.0330833e+03   1.2491309e-01   1.1961421e-01   1.1453935e-01
   2.0331667e+03   1.2491594e-01   1.1958882e-01   1.1448812e-01
   2.0332500e+03   1.2492045e-01   1.1956480e-01   1.1443799e-01
   2.0333333e+03   1.2492651e-01   1.1954205e-01   1.1438889e-01
   2.0334167e+03   1.2492955e-01   1.1951661e-01   1.1433742e-01
   2.0335000e+03   1.2492761e-01   1.1948678e-01   1.1428211e-01
   2.0335833e+03   1.2491577e-01   1.1944829e-01   1.1421933e-01
   2.0336667e+03   6.2448112e-02   5.9701539e-02   5.7075367e-02
   2.0337500e+03   6.2438836e-02   5.9679331e-02   5.7041383e-02
   2.0338333e+03   6.2436152e-02   5.9662794e-02   5.7012223e-02
   2.0339167e+03   6.2438686e-02   5.9650731e-02   5.6986856e-02
   2.0340000e+03   6.2441619e-02   5.9638976e-02   5.6961718e-02
   2.0340833e+03   6.2443524e-02   5.9626296e-02   5.6935757e-02
   2.0341667e+03   6.2445099e-02   5.9613292e-02   5.6909488e-02
   2.0342500e+03   6.2447458e-02   5.9600928e-02   5.6883731e-02
   2.0343333e+03   6.2450469e-02   5.9589088e-02   5.6858388e-02
   2.0344167e+03   6.2451829e-02   5.9575788e-02   5.6831768e-02
   2.0345000e+03   6.2450604e-02   5.9560224e-02   5.6803190e-02
   2.0345833e+03   6.2444295e-02   5.9540251e-02   5.6770831e-02
   2.0346667e+03   6.2434061e-02   5.9516869e-02   5.6735548e-02
   2.0347500e+03   6.2424330e-02   5.9493892e-02   5.6700582e-02
   2.0348333e+03   6.2421339e-02   5.9476675e-02   5.6670483e-02
   2.0349167e+03   6.2423778e-02   5.9464088e-02   5.6644282e-02
   2.0350000e+03   6.2426748e-02   5.9451919e-02   5.6618403e-02
   2.0350833e+03   6.2428781e-02   5.9438908e-02   5.6591777e-02
   2.0351667e+03   6.2430501e-02   5.9425591e-02   5.6564861e-02
   2.0352500e+03   6.2432957e-02   5.9412869e-02   5.6538416e-02
   2.0353333e+03   6.2435940e-02   5.9400560e-02   5.6512288e-02
   2.0354167e+03   6.2437133e-02   5.9386681e-02   5.6484800e-02
   2.0355000e+03   6.2435641e-02   5.9370469e-02   5.6455309e-02
   2.0355833e+03   6.2428938e-02   5.9349767e-02   5.6421998e-02
   2.0356667e+03   6.2418232e-02   5.9325613e-02   5.6385749e-02
   2.0357500e+03   6.2408040e-02   5.9301869e-02   5.6349822e-02
   2.0358333e+03   6.2404732e-02   5.9283973e-02   5.6318798e-02
   2.0359167e+03   6.2407070e-02   5.9270859e-02   5.6291774e-02
   2.0360000e+03   6.2410068e-02   5.9258273e-02   5.6265161e-02
   2.0360833e+03   6.2412221e-02   5.9244928e-02   5.6237878e-02
   2.0361667e+03   6.2414078e-02   5.9231294e-02   5.6210321e-02
   2.0362500e+03   6.2416625e-02   5.9218211e-02   5.6183195e-02
   2.0363333e+03   6.2419573e-02   5.9205431e-02   5.6156292e-02
   2.0364167e+03   6.2420590e-02   5.9190971e-02   5.6127948e-02
   2.0365000e+03   6.2418824e-02   5.9174111e-02   5.6097561e-02
   2.0365833e+03   6.2411718e-02   5.9152681e-02   5.6063315e-02
   2.0366667e+03   6.2400533e-02   5.9127758e-02   5.6026120e-02
   2.0367500e+03   6.2389871e-02   5.9103251e-02   5.5989249e-02
   2.0368333e+03   6.2386239e-02   5.9084677e-02   5.5957317e-02
   2.0369167e+03   6.2388466e-02   5.9071036e-02   5.5929482e-02
   2.0370000e+03   6.2391486e-02   5.9058029e-02   5.5902145e-02
   2.0370833e+03   6.2393750e-02   5.9044346e-02   5.5874212e-02
   2.0371667e+03   6.2395738e-02   5.9030391e-02   5.5846021e-02
   2.0372500e+03   6.2398367e-02   5.9016943e-02   5.5818222e-02
   2.0373333e+03   6.2401271e-02   5.9003690e-02   5.5790554e-02
   2.0374167e+03   6.2402104e-02   5.8988650e-02   5.5761368e-02
   2.0375000e+03   6.2400056e-02   5.8971142e-02   5.5730099e-02
   2.0375833e+03   6.2392540e-02   5.8948987e-02   5.5694937e-02
   2.0376667e+03   6.2380868e-02   5.8923299e-02   5.5656815e-02
   2.0377500e+03   6.2369728e-02   5.8898032e-02   5.5619022e-02
   2.0378333e+03   6.2365764e-02   5.8878781e-02   5.5586199e-02
   2.0379167e+03   6.2367873e-02   5.8864611e-02   5.5557564e-02
   2.0380000e+03   6.2370906e-02   5.8851182e-02   5.5529512e-02
   2.0380833e+03   6.2373275e-02   5.8837157e-02   5.5500937e-02
   2.0381667e+03   6.2375384e-02   5.8822877e-02   5.5472120e-02
   2.0382500e+03   6.2378088e-02   5.8809061e-02   5.5443657e-02
   2.0383333e+03   6.2380941e-02   5.8795333e-02   5.5415236e-02
   2.0384167e+03   6.2381582e-02   5.8779712e-02   5.5385221e-02
   2.0385000e+03   6.2379244e-02   5.8761558e-02   5.5353086e-02
   2.0385833e+03   6.2371309e-02   5.8738681e-02   5.5317028e-02
   2.0386667e+03   6.2359142e-02   5.8712232e-02   5.5278000e-02
   2.0387500e+03   6.2347517e-02   5.8686209e-02   5.5239304e-02
   2.0388333e+03   6.2343212e-02   5.8666283e-02   5.5205607e-02
   2.0389167e+03   6.2345195e-02   5.8651583e-02   5.5176186e-02
   2.0390000e+03   6.2348234e-02   5.8637729e-02   5.5147430e-02
   2.0390833e+03   6.2350699e-02   5.8623360e-02   5.5118221e-02
   2.0391667e+03   6.2352923e-02   5.8608752e-02   5.5088787e-02
   2.0392500e+03   6.2355694e-02   5.8594565e-02   5.5059668e-02
   2.0393333e+03   6.2358488e-02   5.8580360e-02   5.5030506e-02
   2.0394167e+03   6.2358929e-02   5.8564159e-02   5.4999677e-02
   2.0395000e+03   6.2356292e-02   5.8545360e-02   5.4966693e-02
   2.0395833e+03   6.2347931e-02   5.8521764e-02   5.4929758e-02
   2.0396667e+03   6.2335261e-02   5.8494558e-02   5.4889846e-02
   2.0397500e+03   6.2323143e-02   5.8467783e-02   5.4850269e-02
   2.0398333e+03   6.2318490e-02   5.8447185e-02   5.4815716e-02
   2.0399167e+03   6.2320339e-02   5.8431955e-02   5.4785522e-02
   2.0400000e+03   6.2323375e-02   5.8417674e-02   5.4756073e-02
   2.0400833e+03   6.2325929e-02   5.8402957e-02   5.4726239e-02
   2.0401667e+03   6.2328260e-02   5.8388018e-02   5.4696196e-02
   2.0402500e+03   6.2331091e-02   5.8373458e-02   5.4666433e-02
   2.0403333e+03   6.2333817e-02   5.8358775e-02   5.4636541e-02
   2.0404167e+03   6.2334050e-02   5.8341993e-02   5.4604914e-02
   2.0405000e+03   6.2331107e-02   5.8322551e-02   5.4571098e-02
   2.0405833e+03   6.2322311e-02   5.8298241e-02   5.4533306e-02
   2.0406667e+03   6.2309132e-02   5.8270282e-02   5.4492532e-02
   2.0407500e+03   6.2296512e-02   5.8242761e-02   5.4452096e-02
   2.0408333e+03   6.2291502e-02   5.8221493e-02   5.4416707e-02
   2.0409167e+03   6.2293210e-02   5.8205732e-02   5.4385753e-02
   2.0410000e+03   6.2296236e-02   5.8191023e-02   5.4355623e-02
   2.0410833e+03   6.2298871e-02   5.8175955e-02   5.4325174e-02
   2.0411667e+03   6.2301301e-02   5.8160682e-02   5.4294532e-02
   2.0412500e+03   6.2304183e-02   5.8145746e-02   5.4264134e-02
   2.0413333e+03   6.2306835e-02   5.8130585e-02   5.4233526e-02
   2.0414167e+03   6.2306852e-02   5.8113223e-02   5.4201116e-02
   2.0415000e+03   6.2303595e-02   5.8093140e-02   5.4166487e-02
   2.0415833e+03   6.2294357e-02   5.8068119e-02   5.4127859e-02
   2.0416667e+03   6.2280659e-02   5.8039414e-02   5.4086246e-02
   2.0417500e+03   6.2267530e-02   5.8011151e-02   5.4044973e-02
   2.0418333e+03   6.2262157e-02   5.7989216e-02   5.4008766e-02
   2.0419167e+03   6.2263715e-02   5.7972925e-02   5.3977068e-02
   2.0420000e+03   6.2266723e-02   5.7957785e-02   5.3946269e-02
   2.0420833e+03   6.2269431e-02   5.7942365e-02   5.3915216e-02
   2.0421667e+03   6.2271952e-02   5.7926756e-02   5.3883985e-02
   2.0422500e+03   6.2274878e-02   5.7911442e-02   5.3852963e-02
   2.0423333e+03   6.2277447e-02   5.7895801e-02   5.3821652e-02
   2.0424167e+03   6.2277240e-02   5.7877861e-02   5.3788476e-02
   2.0425000e+03   6.2273660e-02   5.7857140e-02   5.3753053e-02
   2.0425833e+03   6.2263973e-02   5.7831413e-02   5.3713610e-02
   2.0426667e+03   6.2249749e-02   5.7801966e-02   5.3671181e-02
   2.0427500e+03   6.2236104e-02   5.7772968e-02   5.3629094e-02
   2.0428333e+03   6.2230359e-02   5.7750370e-02   5.3592089e-02
   2.0429167e+03   6.2231759e-02   5.7733548e-02   5.3559664e-02
   2.0430000e+03   6.2234741e-02   5.7717978e-02   5.3528207e-02
   2.0430833e+03   6.2237515e-02   5.7702202e-02   5.3496561e-02
   2.0431667e+03   6.2240119e-02   5.7686254e-02   5.3464751e-02
   2.0432500e+03   6.2243081e-02   5.7670561e-02   5.3433117e-02
   2.0433333e+03   6.2245559e-02   5.7654440e-02   5.3401118e-02
   2.0434167e+03   6.2245121e-02   5.7635924e-02   5.3367193e-02
   2.0435000e+03   6.2241211e-02   5.7614567e-02   5.3330994e-02
   2.0435833e+03   6.2231066e-02   5.7588138e-02   5.3290759e-02
   2.0436667e+03   6.2216309e-02   5.7557957e-02   5.3247539e-02
   2.0437500e+03   6.2202140e-02   5.7528229e-02   5.3204661e-02
   2.0438333e+03   6.2196015e-02   5.7504971e-02   5.3166880e-02
   2.0439167e+03   6.2197250e-02   5.7487620e-02   5.3133741e-02
   2.0440000e+03   6.2200198e-02   5.7471617e-02   5.3101641e-02
   2.0440833e+03   6.2203030e-02   5.7455486e-02   5.3069413e-02
   2.0441667e+03   6.2205710e-02   5.7439197e-02   5.3037036e-02
   2.0442500e+03   6.2208699e-02   5.7423122e-02   5.3004802e-02
   2.0443333e+03   6.2211079e-02   5.7406522e-02   5.2972129e-02
   2.0444167e+03   6.2210401e-02   5.7387431e-02   5.2937474e-02
   2.0445000e+03   6.2206154e-02   5.7365442e-02   5.2900519e-02
   2.0445833e+03   6.2195544e-02   5.7338317e-02   5.2859514e-02
   2.0446667e+03   6.2180246e-02   5.7307408e-02   5.2815526e-02
   2.0447500e+03   6.2165545e-02   5.7276956e-02   5.2771883e-02
   2.0448333e+03   6.2159033e-02   5.7253042e-02   5.2733345e-02
   2.0449167e+03   6.2160094e-02   5.7235164e-02   5.2699511e-02
   2.0450000e+03   6.2163001e-02   5.7218728e-02   5.2666781e-02
   2.0450833e+03   6.2165882e-02   5.7202239e-02   5.2633984e-02
   2.0451667e+03   6.2168630e-02   5.7185607e-02   5.2601051e-02
   2.0452500e+03   6.2171640e-02   5.7169151e-02   5.2568230e-02
   2.0453333e+03   6.2173913e-02   5.7152071e-02   5.2534899e-02
   2.0454167e+03   6.2172988e-02   5.7132408e-02   5.2499530e-02
   2.0455000e+03   6.2168395e-02   5.7109790e-02   5.2461841e-02
   2.0455833e+03   6.2157312e-02   5.7081974e-02   5.2420089e-02
   2.0456667e+03   6.2141467e-02   5.7050344e-02   5.2375358e-02
   2.0457500e+03   6.2126227e-02   5.7019175e-02   5.2330974e-02
   2.0458333e+03   6.2119320e-02   5.6994610e-02   5.2291702e-02
   2.0459167e+03   6.2120200e-02   5.6976205e-02   5.2257189e-02
   2.0460000e+03   6.2123057e-02   5.6959338e-02   5.2223844e-02
   2.0460833e+03   6.2125981e-02   5.6942488e-02   5.2190489e-02
   2.0461667e+03   6.2128789e-02   5.6925513e-02   5.2157013e-02
   2.0462500e+03   6.2131811e-02   5.6908673e-02   5.2123618e-02
   2.0463333e+03   6.2133969e-02   5.6891116e-02   5.2089644e-02
   2.0464167e+03   6.2132788e-02   5.6870882e-02   5.2053582e-02
   2.0465000e+03   6.2127843e-02   5.6847640e-02   5.2015178e-02
   2.0465833e+03   6.2116280e-02   5.6819140e-02   5.1972704e-02
   2.0466667e+03   6.2099879e-02   5.6786795e-02   5.1927256e-02
   2.0467500e+03   6.2084094e-02   5.6754917e-02   5.1882155e-02
   2.0468333e+03   6.2076784e-02   5.6729706e-02   5.1842171e-02
   2.0469167e+03   6.2077475e-02   5.6710776e-02   5.1806996e-02
   2.0470000e+03   6.2080274e-02   5.6693476e-02   5.1773051e-02
   2.0470833e+03   6.2083232e-02   5.6676267e-02   5.1739152e-02
   2.0471667e+03   6.2086093e-02   5.6658946e-02   5.1705146e-02
   2.0472500e+03   6.2089119e-02   5.6641723e-02   5.1671191e-02
   2.0473333e+03   6.2091155e-02   5.6623688e-02   5.1636591e-02
   2.0474167e+03   6.2089711e-02   5.6602887e-02   5.1599854e-02
   2.0475000e+03   6.2084405e-02   5.6579025e-02   5.1560758e-02
   2.0475833e+03   6.2072355e-02   5.6549847e-02   5.1517585e-02
   2.0476667e+03   6.2055391e-02   5.6516796e-02   5.1471445e-02
   2.0477500e+03   6.2039053e-02   5.6484216e-02   5.1425654e-02
   2.0478333e+03   6.2031333e-02   5.6458364e-02   5.1384980e-02
   2.0479167e+03   6.2031827e-02   5.6438912e-02   5.1349162e-02
   2.0480000e+03   6.2034561e-02   5.6421180e-02   5.1314632e-02
   2.0480833e+03   6.2037545e-02   5.6403609e-02   5.1280203e-02
   2.0481667e+03   6.2040450e-02   5.6385943e-02   5.1245680e-02
   2.0482500e+03   6.2043473e-02   5.6368336e-02   5.1211178e-02
   2.0483333e+03   6.2045379e-02   5.6349824e-02   5.1175969e-02
   2.0484167e+03   6.2043665e-02   5.6328460e-02   5.1138578e-02
   2.0485000e+03   6.2037990e-02   5.6303983e-02   5.1098811e-02
   2.0485833e+03   6.2025445e-02   5.6274133e-02   5.1054964e-02
   2.0486667e+03   6.2007912e-02   5.6240384e-02   5.1008158e-02
   2.0487500e+03   6.1991013e-02   5.6207111e-02   5.0961704e-02
   2.0488333e+03   6.1982876e-02   5.6180624e-02   5.0920362e-02
   2.0489167e+03   6.1983165e-02   5.6160651e-02   5.0883920e-02
   2.0490000e+03   6.1985826e-02   5.6142488e-02   5.0848821e-02
   2.0490833e+03   6.1988829e-02   5.6124556e-02   5.0813876e-02
   2.0491667e+03   6.1991771e-02   5.6106544e-02   5.0778849e-02
   2.0492500e+03   6.1994782e-02   5.6088552e-02   5.0743817e-02
   2.0493333e+03   6.1996550e-02   5.6069566e-02   5.0708016e-02
   2.0494167e+03   6.1994557e-02   5.6047642e-02   5.0669990e-02
   2.0495000e+03   6.1988507e-02   5.6022555e-02   5.0629574e-02
   2.0495833e+03   6.1975460e-02   5.5992041e-02   5.0585078e-02
   2.0496667e+03   6.1957351e-02   5.5957603e-02   5.0537634e-02
   2.0497500e+03   6.1939885e-02   5.5923644e-02   5.0490541e-02
   2.0498333e+03   6.1931323e-02   5.5896528e-02   5.0448557e-02
   2.0499167e+03   6.1931399e-02   5.5876038e-02   5.0411509e-02
   2.0500000e+03   6.1933979e-02   5.5857444e-02   5.0375858e-02
   2.0500833e+03   6.1936993e-02   5.5839151e-02   5.0340411e-02
   2.0501667e+03   6.1939963e-02   5.5820792e-02   5.0304895e-02
   2.0502500e+03   6.1942956e-02   5.5802417e-02   5.0269347e-02
   2.0503333e+03   6.1944580e-02   5.5782961e-02   5.0232973e-02
   2.0504167e+03   6.1942307e-02   5.5760485e-02   5.0194337e-02
   2.0505000e+03   6.1935883e-02   5.5734800e-02   5.0153302e-02
   2.0505833e+03   6.1922342e-02   5.5703642e-02   5.0108192e-02
   2.0506667e+03   6.1903669e-02   5.5668539e-02   5.0060147e-02
   2.0507500e+03   6.1885650e-02   5.5633920e-02   5.0012456e-02
   2.0508333e+03   6.1876674e-02   5.5606195e-02   4.9969863e-02
   2.0509167e+03   6.1876540e-02   5.5585199e-02   4.9932237e-02
   2.0510000e+03   6.1879035e-02   5.5566181e-02   4.9896054e-02
   2.0510833e+03   6.1882051e-02   5.5547528e-02   4.9860122e-02
   2.0511667e+03   6.1885042e-02   5.5528822e-02   4.9824133e-02
   2.0512500e+03   6.1888009e-02   5.5510068e-02   4.9788088e-02
   2.0513333e+03   6.1889487e-02   5.5490148e-02   4.9751166e-02
   2.0514167e+03   6.1886935e-02   5.5467133e-02   4.9711948e-02
   2.0515000e+03   6.1880140e-02   5.5440866e-02   4.9670324e-02
   2.0515833e+03   6.1866108e-02   5.5409081e-02   4.9624634e-02
   2.0516667e+03   6.1846875e-02   5.5373330e-02   4.9576024e-02
   2.0517500e+03   6.1828304e-02   5.5338068e-02   4.9527769e-02
   2.0518333e+03   6.1818911e-02   5.5309746e-02   4.9484597e-02
   2.0519167e+03   6.1818560e-02   5.5288251e-02   4.9446415e-02
   2.0520000e+03   6.1820964e-02   5.5268811e-02   4.9409721e-02
   2.0520833e+03   6.1823976e-02   5.5249801e-02   4.9373324e-02
   2.0521667e+03   6.1826979e-02   5.5230752e-02   4.9336880e-02
   2.0522500e+03   6.1829913e-02   5.5211620e-02   4.9300358e-02
   2.0523333e+03   6.1831239e-02   5.5191242e-02   4.9262909e-02
   2.0524167e+03   6.1828401e-02   5.5167695e-02   4.9223134e-02
   2.0525000e+03   6.1821228e-02   5.5140854e-02   4.9180948e-02
   2.0525833e+03   6.1806700e-02   5.5108452e-02   4.9134705e-02
   2.0526667e+03   6.1786900e-02   5.5072065e-02   4.9085560e-02
   2.0527500e+03   6.1767772e-02   5.5036170e-02   4.9036770e-02
   2.0528333e+03   6.1757955e-02   5.5007260e-02   4.8993046e-02
   2.0529167e+03   6.1757381e-02   5.4985271e-02   4.8954332e-02
   2.0530000e+03   6.1759686e-02   5.4965415e-02   4.8917149e-02
   2.0530833e+03   6.1762687e-02   5.4946051e-02   4.8880305e-02
   2.0531667e+03   6.1765695e-02   5.4926661e-02   4.8843426e-02
   2.0532500e+03   6.1768590e-02   5.4907155e-02   4.8806446e-02
   2.0533333e+03   6.1769755e-02   5.4886325e-02   4.8768492e-02
   2.0534167e+03   6.1766624e-02   5.4862252e-02   4.8728185e-02
   2.0535000e+03   6.1759067e-02   5.4834846e-02   4.8685463e-02
   2.0535833e+03   6.1744037e-02   5.4801837e-02   4.8638697e-02
   2.0536667e+03   6.1723665e-02   5.4764825e-02   4.8589047e-02
   2.0537500e+03   6.1703974e-02   5.4728310e-02   4.8539752e-02
   2.0538333e+03   6.1693727e-02   5.4698820e-02   4.8495504e-02
   2.0539167e+03   6.1692923e-02   5.4676344e-02   4.8456281e-02
   2.0540000e+03   6.1695122e-02   5.4656076e-02   4.8418629e-02
   2.0540833e+03   6.1698104e-02   5.4636360e-02   4.8381358e-02
   2.0541667e+03   6.1701112e-02   5.4616633e-02   4.8344062e-02
   2.0542500e+03   6.1703959e-02   5.4596757e-02   4.8306645e-02
   2.0543333e+03   6.1704958e-02   5.4575479e-02   4.8268209e-02
   2.0544167e+03   6.1701527e-02   5.4550888e-02   4.8227395e-02
   2.0545000e+03   6.1693579e-02   5.4522925e-02   4.8184163e-02
   2.0545833e+03   6.1678041e-02   5.4489320e-02   4.8136903e-02
   2.0546667e+03   6.1657092e-02   5.4451696e-02   4.8086778e-02
   2.0547500e+03   6.1636831e-02   5.4414571e-02   4.8037008e-02
   2.0548333e+03   6.1626148e-02   5.4384512e-02   4.7992262e-02
   2.0549167e+03   6.1625107e-02   5.4361555e-02   4.7952555e-02
   2.0550000e+03   6.1627194e-02   5.4340879e-02   4.7914456e-02
   2.0550833e+03   6.1630150e-02   5.4320816e-02   4.7876776e-02
   2.0551667e+03   6.1633149e-02   5.4300755e-02   4.7839084e-02
   2.0552500e+03   6.1635943e-02   5.4280513e-02   4.7801249e-02
   2.0553333e+03   6.1636767e-02   5.4258792e-02   4.7762354e-02
   2.0554167e+03   6.1633031e-02   5.4233691e-02   4.7721057e-02
   2.0555000e+03   6.1624686e-02   5.4205180e-02   4.7677343e-02
   2.0555833e+03   6.1608634e-02   5.4170990e-02   4.7629617e-02
   2.0556667e+03   6.1587101e-02   5.4132765e-02   4.7579047e-02
   2.0557500e+03   6.1566267e-02   5.4095043e-02   4.7528832e-02
   2.0558333e+03   6.1555141e-02   5.4064425e-02   4.7483617e-02
   2.0559167e+03   6.1553857e-02   5.4040993e-02   4.7443449e-02
   2.0560000e+03   6.1555823e-02   5.4019915e-02   4.7404924e-02
   2.0560833e+03   6.1558747e-02   5.3999508e-02   4.7366857e-02
   2.0561667e+03   6.1561731e-02   5.3979117e-02   4.7328786e-02
   2.0562500e+03   6.1564463e-02   5.3958512e-02   4.7290554e-02
   2.0563333e+03   6.1565107e-02   5.3936355e-02   4.7251222e-02
   2.0564167e+03   6.1561058e-02   5.3910751e-02   4.7209468e-02
   2.0565000e+03   6.1552310e-02   5.3881701e-02   4.7165299e-02
   2.0565833e+03   6.1535738e-02   5.3846937e-02   4.7117136e-02
   2.0566667e+03   6.1513617e-02   5.3808125e-02   4.7066151e-02
   2.0567500e+03   6.1492203e-02   5.3769818e-02   4.7015521e-02
   2.0568333e+03   6.1480629e-02   5.3738650e-02   4.6969863e-02
   2.0569167e+03   6.1479094e-02   5.3714751e-02   4.6929259e-02
   2.0570000e+03   6.1480934e-02   5.3693275e-02   4.6890330e-02
   2.0570833e+03   6.1483818e-02   5.3672529e-02   4.6851894e-02
   2.0571667e+03   6.1486779e-02   5.3651810e-02   4.6813466e-02
   2.0572500e+03   6.1489444e-02   5.3630848e-02   4.6774857e-02
   2.0573333e+03   6.1489900e-02   5.3608261e-02   4.6735111e-02
   2.0574167e+03   6.1485532e-02   5.3582162e-02   4.6692925e-02
   2.0575000e+03   6.1476375e-02   5.3552583e-02   4.6648327e-02
   2.0575833e+03   6.1459277e-02   5.3517257e-02   4.6599757e-02
   2.0576667e+03   6.1436563e-02   5.3477869e-02   4.6548386e-02
   2.0577500e+03   6.1414564e-02   5.3438990e-02   4.6497371e-02
   2.0578333e+03   6.1402536e-02   5.3407282e-02   4.6451299e-02
   2.0579167e+03   6.1400744e-02   5.3382923e-02   4.6410283e-02
   2.0580000e+03   6.1402451e-02   5.3361056e-02   4.6370970e-02
   2.0580833e+03   6.1405288e-02   5.3339974e-02   4.6332187e-02
   2.0581667e+03   6.1408219e-02   5.3318932e-02   4.6293421e-02
   2.0582500e+03   6.1410808e-02   5.3297617e-02   4.6254456e-02
   2.0583333e+03   6.1411070e-02   5.3274605e-02   4.6214318e-02
   2.0584167e+03   6.1406377e-02   5.3248020e-02   4.6171726e-02
   2.0585000e+03   6.1396804e-02   5.3217922e-02   4.6126726e-02
   2.0585833e+03   6.1379176e-02   5.3182045e-02   4.6077777e-02
   2.0586667e+03   6.1355863e-02   5.3142095e-02   4.6026052e-02
   2.0587500e+03   6.1333275e-02   5.3102656e-02   4.5974681e-02
   2.0588333e+03   6.1320787e-02   5.3070419e-02   4.5928222e-02
   2.0589167e+03   6.1318731e-02   5.3045608e-02   4.5886817e-02
   2.0590000e+03   6.1320297e-02   5.3023354e-02   4.5847144e-02
   2.0590833e+03   6.1323080e-02   5.3001941e-02   4.5808033e-02
   2.0591667e+03   6.1325975e-02   5.2980580e-02   4.5768948e-02
   2.0592500e+03   6.1328482e-02   5.2958917e-02   4.5729648e-02
   2.0593333e+03   6.1328542e-02   5.2935488e-02   4.5689142e-02
   2.0594167e+03   6.1323518e-02   5.2908425e-02   4.5646169e-02
   2.0595000e+03   6.1313524e-02   5.2877817e-02   4.5600794e-02
   2.0595833e+03   6.1295359e-02   5.2841401e-02   4.5551495e-02
   2.0596667e+03   6.1271444e-02   5.2800902e-02   4.5499444e-02
   2.0597500e+03   6.1248261e-02   5.2760917e-02   4.5447747e-02
   2.0598333e+03   6.1235308e-02   5.2728162e-02   4.5400929e-02
   2.0599167e+03   6.1232982e-02   5.2702905e-02   4.5359160e-02
   2.0600000e+03   6.1234400e-02   5.2680271e-02   4.5319149e-02
   2.0600833e+03   6.1237122e-02   5.2658532e-02   4.5279731e-02
   2.0601667e+03   6.1239973e-02   5.2636856e-02   4.5240347e-02
   2.0602500e+03   6.1242391e-02   5.2614850e-02   4.5200732e-02
   2.0603333e+03   6.1242243e-02   5.2591011e-02   4.5159881e-02
   2.0604167e+03   6.1236881e-02   5.2563479e-02   4.5116552e-02
   2.0605000e+03   6.1226460e-02   5.2532372e-02   4.5070830e-02
   2.0605833e+03   6.1207754e-02   5.2495429e-02   4.5021209e-02
   2.0606667e+03   6.1183231e-02   5.2454394e-02   4.4968862e-02
   2.0607500e+03   6.1159449e-02   5.2413875e-02   4.4916869e-02
   2.0608333e+03   6.1146025e-02   5.2380614e-02   4.4869719e-02
   2.0609167e+03   6.1143422e-02   5.2354920e-02   4.4827610e-02
   2.0610000e+03   6.1144686e-02   5.2331911e-02   4.4787282e-02
   2.0610833e+03   6.1147341e-02   5.2309850e-02   4.4747577e-02
   2.0611667e+03   6.1150140e-02   5.2287865e-02   4.4707915e-02
   2.0612500e+03   6.1152463e-02   5.2265521e-02   4.4668007e-02
   2.0613333e+03   6.1152100e-02   5.2241278e-02   4.4626834e-02
   2.0614167e+03   6.1146394e-02   5.2213286e-02   4.4583174e-02
   2.0615000e+03   6.1135540e-02   5.2181690e-02   4.4537130e-02
   2.0615833e+03   6.1116289e-02   5.2144234e-02   4.4487216e-02
   2.0616667e+03   6.1091153e-02   5.2102677e-02   4.4434604e-02
   2.0617500e+03   6.1066766e-02   5.2061638e-02   4.4382343e-02
   2.0618333e+03   6.1052866e-02   5.2027880e-02   4.4334889e-02
   2.0619167e+03   6.1049981e-02   5.2001758e-02   4.4292464e-02
   2.0620000e+03   6.1051084e-02   5.1978381e-02   4.4251842e-02
   2.0620833e+03   6.1053663e-02   5.1956003e-02   4.4211870e-02
   2.0621667e+03   6.1056405e-02   5.1933713e-02   4.4171949e-02
   2.0622500e+03   6.1058625e-02   5.1911037e-02   4.4131768e-02
   2.0623333e+03   6.1058041e-02   5.1886397e-02   4.4090296e-02
   2.0624167e+03   6.1051985e-02   5.1857955e-02   4.4046332e-02
   2.0625000e+03   6.1040693e-02   5.1825881e-02   4.3999993e-02
   2.0625833e+03   6.1020890e-02   5.1787923e-02   4.3949815e-02
   2.0626667e+03   6.0995138e-02   5.1745857e-02   4.3896965e-02
   2.0627500e+03   6.0970143e-02   5.1704312e-02   4.3844467e-02
   2.0628333e+03   6.0955762e-02   5.1670071e-02   4.3796736e-02
   2.0629167e+03   6.0952587e-02   5.1643527e-02   4.3754019e-02
   2.0630000e+03   6.0953523e-02   5.1619789e-02   4.3713124e-02
   2.0630833e+03   6.0956020e-02   5.1597100e-02   4.3672906e-02
   2.0631667e+03   6.0958697e-02   5.1574510e-02   4.3632747e-02
   2.0632500e+03   6.0960807e-02   5.1551507e-02   4.3592314e-02
   2.0633333e+03   6.0959995e-02   5.1526478e-02   4.3550566e-02
   2.0634167e+03   6.0953583e-02   5.1497594e-02   4.3506321e-02
   2.0635000e+03   6.0941848e-02   5.1465053e-02   4.3459715e-02
   2.0635833e+03   6.0921489e-02   5.1426607e-02   4.3409300e-02
   2.0636667e+03   6.0895116e-02   5.1384047e-02   4.3356243e-02
   2.0637500e+03   6.0869509e-02   5.1342010e-02   4.3303535e-02
   2.0638333e+03   6.0854641e-02   5.1307296e-02   4.3255555e-02
   2.0639167e+03   6.0851171e-02   5.1280340e-02   4.3212570e-02
   2.0640000e+03   6.0851932e-02   5.1256247e-02   4.3171424e-02
   2.0640833e+03   6.0854341e-02   5.1233252e-02   4.3130980e-02
   2.0641667e+03   6.0856946e-02   5.1210368e-02   4.3090603e-02
   2.0642500e+03   6.0858939e-02   5.1187043e-02   4.3049940e-02
   2.0643333e+03   6.0857894e-02   5.1161634e-02   4.3007938e-02
   2.0644167e+03   6.0851120e-02   5.1132318e-02   4.2963439e-02
   2.0645000e+03   6.0838935e-02   5.1099321e-02   4.2916590e-02
   2.0645833e+03   6.0818017e-02   5.1060399e-02   4.2865968e-02
   2.0646667e+03   6.0791019e-02   5.1017359e-02   4.2812731e-02
   2.0647500e+03   6.0764796e-02   5.0974844e-02   4.2759844e-02
   2.0648333e+03   6.0749436e-02   5.0939669e-02   4.2711640e-02
   2.0649167e+03   6.0745665e-02   5.0912310e-02   4.2668412e-02
   2.0650000e+03   6.0746245e-02   5.0887869e-02   4.2627037e-02
   2.0650833e+03   6.0748558e-02   5.0864574e-02   4.2586388e-02
   2.0651667e+03   6.0751085e-02   5.0841401e-02   4.2545812e-02
   2.0652500e+03   6.0752954e-02   5.0817761e-02   4.2504939e-02
   2.0653333e+03   6.0751668e-02   5.0791978e-02   4.2462707e-02
   2.0654167e+03   6.0744526e-02   5.0762241e-02   4.2417978e-02
   2.0655000e+03   6.0731888e-02   5.0728799e-02   4.2370914e-02
   2.0655833e+03   6.0710405e-02   5.0689415e-02   4.2320110e-02
   2.0656667e+03   6.0682779e-02   5.0645910e-02   4.2266724e-02
   2.0657500e+03   6.0655935e-02   5.0602930e-02   4.2213684e-02
   2.0658333e+03   6.0640079e-02   5.0567307e-02   4.2165284e-02
   2.0659167e+03   6.0636001e-02   5.0539554e-02   4.2121836e-02
   2.0660000e+03   6.0636393e-02   5.0514772e-02   4.2080255e-02
   2.0660833e+03   6.0638604e-02   5.0491183e-02   4.2039420e-02
   2.0661667e+03   6.0641045e-02   5.0467725e-02   4.1998666e-02
   2.0662500e+03   6.0642784e-02   5.0443778e-02   4.1957604e-02
   2.0663333e+03   6.0641252e-02   5.0417629e-02   4.1915165e-02
   2.0664167e+03   6.0633737e-02   5.0387480e-02   4.1870230e-02
   2.0665000e+03   6.0620639e-02   5.0353605e-02   4.1822977e-02
   2.0665833e+03   6.0598588e-02   5.0313772e-02   4.1772020e-02
   2.0666667e+03   6.0570330e-02   5.0269816e-02   4.1718511e-02
   2.0667500e+03   6.0542862e-02   5.0226387e-02   4.1665348e-02
   2.0668333e+03   6.0526505e-02   5.0190327e-02   4.1616778e-02
   2.0669167e+03   6.0522113e-02   5.0162189e-02   4.1573135e-02
   2.0670000e+03   6.0522312e-02   5.0137073e-02   4.1531368e-02
   2.0670833e+03   6.0524413e-02   5.0113196e-02   4.1490368e-02
   2.0671667e+03   6.0526762e-02   5.0089461e-02   4.1449456e-02
   2.0672500e+03   6.0528364e-02   5.0065211e-02   4.1408225e-02
   2.0673333e+03   6.0526579e-02   5.0038706e-02   4.1365601e-02
   2.0674167e+03   6.0518685e-02   5.0008155e-02   4.1320486e-02
   2.0675000e+03   6.0505123e-02   4.9973859e-02   4.1273069e-02
   2.0675833e+03   6.0482500e-02   4.9933590e-02   4.1221986e-02
   2.0676667e+03   6.0453606e-02   4.9889198e-02   4.1168383e-02
   2.0677500e+03   6.0425511e-02   4.9845335e-02   4.1115124e-02
   2.0678333e+03   6.0408648e-02   4.9808851e-02   4.1066411e-02
   2.0679167e+03   6.0403938e-02   4.9780337e-02   4.1022594e-02
   2.0680000e+03   6.0403936e-02   4.9754895e-02   4.0980664e-02
   2.0680833e+03   6.0405921e-02   4.9730736e-02   4.0939519e-02
   2.0681667e+03   6.0408171e-02   4.9706729e-02   4.0898469e-02
   2.0682500e+03   6.0409630e-02   4.9682184e-02   4.0857090e-02
   2.0683333e+03   6.0407585e-02   4.9655329e-02   4.0814304e-02
   2.0684167e+03   6.0399307e-02   4.9624388e-02   4.0769032e-02
   2.0685000e+03   6.0385277e-02   4.9589682e-02   4.0721477e-02
   2.0685833e+03   6.0362077e-02   4.9548992e-02   4.0670296e-02
   2.0686667e+03   6.0332545e-02   4.9504178e-02   4.0616626e-02
   2.0687500e+03   6.0303820e-02   4.9459895e-02   4.0563298e-02
   2.0688333e+03   6.0286447e-02   4.9423000e-02   4.0514467e-02
   2.0689167e+03   6.0281411e-02   4.9394119e-02   4.0470502e-02
   2.0690000e+03   6.0281203e-02   4.9368359e-02   4.0428429e-02
   2.0690833e+03   6.0283066e-02   4.9343925e-02   4.0387160e-02
   2.0691667e+03   6.0285210e-02   4.9319652e-02   4.0345990e-02
   2.0692500e+03   6.0286518e-02   4.9294818e-02   4.0304484e-02
   2.0693333e+03   6.0284209e-02   4.9267624e-02   4.0261558e-02
   2.0694167e+03   6.0275542e-02   4.9236302e-02   4.0216154e-02
   2.0695000e+03   6.0261038e-02   4.9201198e-02   4.0168486e-02
   2.0695833e+03   6.0237258e-02   4.9160101e-02   4.0117232e-02
   2.0696667e+03   6.0207085e-02   4.9114881e-02   4.0063523e-02
   2.0697500e+03   6.0177726e-02   4.9070193e-02   4.0010154e-02
   2.0698333e+03   6.0159839e-02   4.9032899e-02   3.9961231e-02
   2.0699167e+03   6.0154473e-02   4.9003662e-02   3.9917140e-02
   2.0700000e+03   6.0154052e-02   4.8977591e-02   3.9874946e-02
   2.0700833e+03   6.0155785e-02   4.8952888e-02   3.9833572e-02
   2.0701667e+03   6.0157817e-02   4.8928356e-02   3.9792303e-02
   2.0702500e+03   6.0158969e-02   4.8903241e-02   3.9750690e-02
   2.0703333e+03   6.0156388e-02   4.8875715e-02   3.9707646e-02
   2.0704167e+03   6.0147327e-02   4.8844023e-02   3.9662134e-02
   2.0705000e+03   6.0132345e-02   4.8808534e-02   3.9614378e-02
   2.0705833e+03   6.0107982e-02   4.8767043e-02   3.9563078e-02
   2.0706667e+03   6.0077165e-02   4.8721432e-02   3.9509356e-02
   2.0707500e+03   6.0047170e-02   4.8676354e-02   3.9455972e-02
   2.0708333e+03   6.0028765e-02   4.8638675e-02   3.9406983e-02
   2.0709167e+03   6.0023063e-02   4.8609091e-02   3.9362788e-02
   2.0710000e+03   6.0022423e-02   4.8582718e-02   3.9320494e-02
   2.0710833e+03   6.0024020e-02   4.8557752e-02   3.9279035e-02
   2.0711667e+03   6.0025932e-02   4.8532967e-02   3.9237687e-02
   2.0712500e+03   6.0026921e-02   4.8507578e-02   3.9195987e-02
   2.0713333e+03   6.0024064e-02   4.8479729e-02   3.9152847e-02
   2.0714167e+03   6.0014603e-02   4.8447679e-02   3.9107250e-02
   2.0715000e+03   5.9999140e-02   4.8411817e-02   3.9059431e-02
   2.0715833e+03   5.9974190e-02   4.8369947e-02   3.9008110e-02
   2.0716667e+03   5.9942726e-02   4.8323960e-02   3.8954402e-02
   2.0717500e+03   5.9912093e-02   4.8278507e-02   3.8901029e-02
   2.0718333e+03   5.9893166e-02   4.8240456e-02   3.8851998e-02
   2.0719167e+03   5.9887123e-02   4.8210535e-02   3.8807723e-02
   2.0720000e+03   5.9886257e-02   4.8183868e-02   3.8765351e-02
   2.0720833e+03   5.9887713e-02   4.8158646e-02   3.8723826e-02
   2.0721667e+03   5.9889499e-02   4.8133615e-02   3.8682417e-02
   2.0722500e+03   5.9890318e-02   4.8107959e-02   3.8640650e-02
   2.0723333e+03   5.9887178e-02   4.8079797e-02   3.8597436e-02
   2.0724167e+03   5.9877313e-02   4.8047399e-02   3.8551778e-02
   2.0725000e+03   5.9861364e-02   4.8011177e-02   3.8503920e-02
   2.0725833e+03   5.9835825e-02   4.7968942e-02   3.8452604e-02
   2.0726667e+03   5.9803712e-02   4.7922595e-02   3.8398935e-02
   2.0727500e+03   5.9772438e-02   4.7876782e-02   3.8345599e-02
   2.0728333e+03   5.9752986e-02   4.7838372e-02   3.8296551e-02
   2.0729167e+03   5.9746596e-02   4.7808124e-02   3.8252217e-02
   2.0730000e+03   5.9745499e-02   4.7781171e-02   3.8209787e-02
   2.0730833e+03   5.9746806e-02   4.7755701e-02   3.8168216e-02
   2.0731667e+03   5.9748460e-02   4.7730431e-02   3.8126766e-02
   2.0732500e+03   5.9749104e-02   4.7704514e-02   3.8084952e-02
   2.0733333e+03   5.9745675e-02   4.7676048e-02   3.8041685e-02
   2.0734167e+03   5.9735401e-02   4.7643314e-02   3.7995989e-02
   2.0735000e+03   5.9718962e-02   4.7606744e-02   3.7948116e-02
   2.0735833e+03   5.9692831e-02   4.7564159e-02   3.7896829e-02
   2.0736667e+03   5.9660067e-02   4.7517467e-02   3.7843225e-02
   2.0737500e+03   5.9628150e-02   4.7471310e-02   3.7789952e-02
   2.0738333e+03   5.9608169e-02   4.7432554e-02   3.7740911e-02
   2.0739167e+03   5.9601428e-02   4.7401990e-02   3.7696541e-02
   2.0740000e+03   5.9600094e-02   4.7374759e-02   3.7654073e-02
   2.0740833e+03   5.9601245e-02   4.7349048e-02   3.7612475e-02
   2.0741667e+03   5.9602760e-02   4.7323545e-02   3.7571003e-02
   2.0742500e+03   5.9603222e-02   4.7297377e-02   3.7529160e-02
   2.0743333e+03   5.9599500e-02   4.7268616e-02   3.7485862e-02
   2.0744167e+03   5.9588813e-02   4.7235557e-02   3.7440150e-02
   2.0745000e+03   5.9571879e-02   4.7198652e-02   3.7392285e-02
   2.0745833e+03   5.9545154e-02   4.7155731e-02   3.7341053e-02
   2.0746667e+03   5.9511738e-02   4.7108710e-02   3.7287539e-02
   2.0747500e+03   5.9479176e-02   4.7062224e-02   3.7234353e-02
   2.0748333e+03   5.9458663e-02   4.7023136e-02   3.7185343e-02
   2.0749167e+03   5.9451565e-02   4.6992266e-02   3.7140959e-02
   2.0750000e+03   5.9449988e-02   4.6964766e-02   3.7098474e-02
   2.0750833e+03   5.9450979e-02   4.6938822e-02   3.7056868e-02
   2.0751667e+03   5.9452351e-02   4.6913095e-02   3.7015392e-02
   2.0752500e+03   5.9452628e-02   4.6886684e-02   3.6973542e-02
   2.0753333e+03   5.9448615e-02   4.6857643e-02   3.6930236e-02
   2.0754167e+03   5.9437524e-02   4.6824279e-02   3.6884535e-02
   2.0755000e+03   5.9420113e-02   4.6787064e-02   3.6836709e-02
   2.0755833e+03   5.9392819e-02   4.6743839e-02   3.6785565e-02
   2.0756667e+03   5.9358787e-02   4.6696527e-02   3.6732178e-02
   2.0757500e+03   5.9325619e-02   4.6649754e-02   3.6679117e-02
   2.0758333e+03   5.9304608e-02   4.6610369e-02   3.6630174e-02
   2.0759167e+03   5.9297175e-02   4.6579219e-02   3.6585805e-02
   2.0760000e+03   5.9295368e-02   4.6551470e-02   3.6543328e-02
   2.0760833e+03   5.9296204e-02   4.6525307e-02   3.6501737e-02
   2.0761667e+03   5.9297436e-02   4.6499369e-02   3.6460279e-02
   2.0762500e+03   5.9297534e-02   4.6472731e-02   3.6418445e-02
   2.0763333e+03   5.9293240e-02   4.6443428e-02   3.6375156e-02
   2.0764167e+03   5.9281761e-02   4.6409783e-02   3.6329495e-02
   2.0765000e+03   5.9263891e-02   4.6372283e-02   3.6281737e-02
   2.0765833e+03   5.9236048e-02   4.6328781e-02   3.6230710e-02
   2.0766667e+03   5.9201416e-02   4.6281205e-02   3.6177480e-02
   2.0767500e+03   5.9167656e-02   4.6234167e-02   3.6124572e-02
   2.0768333e+03   5.9146152e-02   4.6194503e-02   3.6075720e-02
   2.0769167e+03   5.9138382e-02   4.6163086e-02   3.6031389e-02
   2.0770000e+03   5.9136341e-02   4.6135097e-02   3.5988940e-02
   2.0770833e+03   5.9137017e-02   4.6108724e-02   3.5947382e-02
   2.0771667e+03   5.9138103e-02   4.6082582e-02   3.5905960e-02
   2.0772500e+03   5.9138017e-02   4.6055724e-02   3.5864160e-02
   2.0773333e+03   5.9133438e-02   4.6026170e-02   3.5820908e-02
   2.0774167e+03   5.9121567e-02   4.5992255e-02   3.5775308e-02
   2.0775000e+03   5.9103235e-02   4.5954483e-02   3.5727639e-02
   2.0775833e+03   5.9074843e-02   4.5910719e-02   3.5676753e-02
   2.0776667e+03   5.9039611e-02   4.5862894e-02   3.5623701e-02
   2.0777500e+03   5.9005258e-02   4.5815607e-02   3.5570970e-02
   2.0778333e+03   5.8983258e-02   4.5775678e-02   3.5522231e-02
   2.0779167e+03   5.8975149e-02   4.5744004e-02   3.5477957e-02
   2.0780000e+03   5.8972869e-02   4.5715784e-02   3.5435555e-02
   2.0780833e+03   5.8973379e-02   4.5689208e-02   3.5394048e-02
   2.0781667e+03   5.8974315e-02   4.5662870e-02   3.5352681e-02
   2.0782500e+03   5.8974039e-02   4.5635802e-02   3.5310933e-02
   2.0783333e+03   5.8969171e-02   4.5606006e-02   3.5267738e-02
   2.0784167e+03   5.8956906e-02   4.5571832e-02   3.5222219e-02
   2.0785000e+03   5.8938110e-02   4.5533801e-02   3.5174661e-02
   2.0785833e+03   5.8909166e-02   4.5489790e-02   3.5123937e-02
   2.0786667e+03   5.8873335e-02   4.5441731e-02   3.5071086e-02
   2.0787500e+03   5.8838388e-02   4.5394210e-02   3.5018552e-02
   2.0788333e+03   5.8815892e-02   4.5354029e-02   3.4969948e-02
   2.0789167e+03   5.8807438e-02   4.5322110e-02   3.4925752e-02
   2.0790000e+03   5.8804915e-02   4.5293669e-02   3.4883416e-02
   2.0790833e+03   5.8805255e-02   4.5266897e-02   3.4841978e-02
   2.0791667e+03   5.8806035e-02   4.5240371e-02   3.4800681e-02
   2.0792500e+03   5.8805565e-02   4.5213100e-02   3.4759004e-02
   2.0793333e+03   5.8800404e-02   4.5183073e-02   3.4715885e-02
   2.0794167e+03   5.8787742e-02   4.5148652e-02   3.4670468e-02
   2.0795000e+03   5.8768479e-02   4.5110376e-02   3.4623042e-02
   2.0795833e+03   5.8738984e-02   4.5066131e-02   3.4572502e-02
   2.0796667e+03   5.8702552e-02   4.5017854e-02   3.4519873e-02
   2.0797500e+03   5.8667013e-02   4.4970114e-02   3.4467558e-02
   2.0798333e+03   5.8644018e-02   4.4929695e-02   3.4419109e-02
   2.0799167e+03   5.8635217e-02   4.4897541e-02   3.4375010e-02
   2.0800000e+03   5.8632446e-02   4.4868888e-02   3.4332758e-02
   2.0800833e+03   5.8632610e-02   4.4841929e-02   3.4291406e-02
   2.0801667e+03   5.8633229e-02   4.4815223e-02   3.4250199e-02
   2.0802500e+03   5.8632560e-02   4.4787758e-02   3.4208609e-02
   2.0803333e+03   5.8627102e-02   4.4757509e-02   3.4165586e-02
   2.0804167e+03   5.8614040e-02   4.4722854e-02   3.4120290e-02
   2.0805000e+03   5.8594309e-02   4.4684344e-02   3.4073015e-02
   2.0805833e+03   5.8564261e-02   4.4639881e-02   3.4022680e-02
   2.0806667e+03   5.8527230e-02   4.4591401e-02   3.3970294e-02
   2.0807500e+03   5.8491097e-02   4.4543458e-02   3.3918219e-02
   2.0808333e+03   5.8467603e-02   4.4502814e-02   3.3869946e-02
   2.0809167e+03   5.8458451e-02   4.4470436e-02   3.3825963e-02
   2.0810000e+03   5.8455428e-02   4.4441580e-02   3.3783813e-02
   2.0810833e+03   5.8455412e-02   4.4414443e-02   3.3742564e-02
   2.0811667e+03   5.8455865e-02   4.4387564e-02   3.3701462e-02
   2.0812500e+03   5.8454992e-02   4.4359914e-02   3.3659978e-02
   2.0813333e+03   5.8449233e-02   4.4329453e-02   3.3617068e-02
   2.0814167e+03   5.8435768e-02   4.4294576e-02   3.3571913e-02
   2.0815000e+03   5.8415567e-02   4.4255846e-02   3.3524810e-02
   2.0815833e+03   5.8384967e-02   4.4211179e-02   3.3474699e-02
   2.0816667e+03   5.8347337e-02   4.4162512e-02   3.3422577e-02
   2.0817500e+03   5.8310611e-02   4.4114380e-02   3.3370762e-02
   2.0818333e+03   5.8286616e-02   4.4073525e-02   3.3322684e-02
   2.0819167e+03   5.8277110e-02   4.4040934e-02   3.3278836e-02
   2.0820000e+03   5.8273831e-02   4.4011884e-02   3.3236807e-02
   2.0820833e+03   5.8273630e-02   4.3984577e-02   3.3195678e-02
   2.0821667e+03   5.8273912e-02   4.3957534e-02   3.3154698e-02
   2.0822500e+03   5.8272831e-02   4.3929707e-02   3.3113336e-02
   2.0823333e+03   5.8266767e-02   4.3899045e-02   3.3070557e-02
   2.0824167e+03   5.8252897e-02   4.3863956e-02   3.3025562e-02
   2.0825000e+03   5.8232225e-02   4.3825019e-02   3.2978650e-02
   2.0825833e+03   5.8201072e-02   4.3780163e-02   3.2928783e-02
   2.0826667e+03   5.8162843e-02   4.3731324e-02   3.2876945e-02
   2.0827500e+03   5.8125525e-02   4.3683019e-02   3.2825409e-02
   2.0828333e+03   5.8101028e-02   4.3641967e-02   3.2777546e-02
   2.0829167e+03   5.8091166e-02   4.3609174e-02   3.2733851e-02
   2.0830000e+03   5.8087626e-02   4.3579940e-02   3.2691959e-02
   2.0830833e+03   5.8087235e-02   4.3552471e-02   3.2650966e-02
   2.0831667e+03   5.8087342e-02   4.3525272e-02   3.2610124e-02
   2.0832500e+03   5.8086048e-02   4.3497276e-02   3.2568901e-02
   2.0833333e+03   5.8079676e-02   4.3466423e-02   3.2526271e-02
   2.0834167e+03   5.8065398e-02   4.3431135e-02   3.2481454e-02
   2.0835000e+03   5.8044253e-02   4.3392004e-02   3.2434752e-02
   2.0835833e+03   5.8012547e-02   4.3346973e-02   3.2385148e-02
   2.0836667e+03   5.7973721e-02   4.3297977e-02   3.2333612e-02
   2.0837500e+03   5.7935812e-02   4.3249515e-02   3.2282375e-02
   2.0838333e+03   5.7910812e-02   4.3208279e-02   3.2234746e-02
   2.0839167e+03   5.7900590e-02   4.3175295e-02   3.2191222e-02
   2.0840000e+03   5.7896786e-02   4.3145886e-02   3.2149483e-02
   2.0840833e+03   5.7896201e-02   4.3118263e-02   3.2108642e-02
   2.0841667e+03   5.7896127e-02   4.3090916e-02   3.2067954e-02
   2.0842500e+03   5.7894616e-02   4.3062761e-02   3.2026886e-02
   2.0843333e+03   5.7887932e-02   4.3031728e-02   3.1984422e-02
   2.0844167e+03   5.7873245e-02   4.2996253e-02   3.1939802e-02
   2.0845000e+03   5.7851625e-02   4.2956941e-02   3.1893328e-02
   2.0845833e+03   5.7819367e-02   4.2911749e-02   3.1844006e-02
   2.0846667e+03   5.7779945e-02   4.2862612e-02   3.1792790e-02
   2.0847500e+03   5.7741446e-02   4.2814007e-02   3.1741870e-02
   2.0848333e+03   5.7715943e-02   4.2772600e-02   3.1694493e-02
   2.0849167e+03   5.7705358e-02   4.2739437e-02   3.1651157e-02
   2.0850000e+03   5.7701286e-02   4.2709863e-02   3.1609589e-02
   2.0850833e+03   5.7700502e-02   4.2682095e-02   3.1568916e-02
   2.0851667e+03   5.7700243e-02   4.2654608e-02   3.1528397e-02
   2.0852500e+03   5.7698510e-02   4.2626302e-02   3.1487499e-02
   2.0853333e+03   5.7691512e-02   4.2595098e-02   3.1445218e-02
   2.0854167e+03   5.7676412e-02   4.2559448e-02   3.1400811e-02
   2.0855000e+03   5.7654318e-02   4.2519968e-02   3.1354583e-02
   2.0855833e+03   5.7621508e-02   4.2474630e-02   3.1305561e-02
   2.0856667e+03   5.7581491e-02   4.2425367e-02   3.1254684e-02
   2.0857500e+03   5.7542404e-02   4.2376635e-02   3.1204099e-02
   2.0858333e+03   5.7516397e-02   4.2335071e-02   3.1156991e-02
   2.0859167e+03   5.7505447e-02   4.2301739e-02   3.1113860e-02
   2.0860000e+03   5.7501103e-02   4.2272010e-02   3.1072478e-02
   2.0860833e+03   5.7500116e-02   4.2244105e-02   3.1031988e-02
   2.0861667e+03   5.7499668e-02   4.2216486e-02   3.0991653e-02
   2.0862500e+03   5.7497709e-02   4.2188039e-02   3.0950941e-02
   2.0863333e+03   5.7490392e-02   4.2156675e-02   3.0908859e-02
   2.0864167e+03   5.7474879e-02   4.2120861e-02   3.0864683e-02
   2.0865000e+03   5.7452309e-02   4.2081226e-02   3.0818717e-02
   2.0865833e+03   5.7418948e-02   4.2035756e-02   3.0770012e-02
   2.0866667e+03   5.7378338e-02   4.1986382e-02   3.0719491e-02
   2.0867500e+03   5.7338664e-02   4.1937538e-02   3.0669258e-02
   2.0868333e+03   5.7312153e-02   4.1895831e-02   3.0622437e-02
   2.0869167e+03   5.7300836e-02   4.1862341e-02   3.0579527e-02
   2.0870000e+03   5.7296216e-02   4.1832466e-02   3.0538347e-02
   2.0870833e+03   5.7295021e-02   4.1804433e-02   3.0498054e-02
   2.0871667e+03   5.7294379e-02   4.1776691e-02   3.0457918e-02
   2.0872500e+03   5.7292190e-02   4.1748110e-02   3.0417407e-02
   2.0873333e+03   5.7284553e-02   4.1716596e-02   3.0375541e-02
   2.0874167e+03   5.7268624e-02   4.1680631e-02   3.0331611e-02
   2.0875000e+03   5.7245578e-02   4.1640854e-02   3.0285925e-02
   2.0875833e+03   5.7211666e-02   4.1595267e-02   3.0237554e-02
   2.0876667e+03   5.7170466e-02   4.1545797e-02   3.0187405e-02
   2.0877500e+03   5.7130206e-02   4.1496856e-02   3.0137541e-02
   2.0878333e+03   5.7103192e-02   4.1455019e-02   3.0091022e-02
   2.0879167e+03   5.7091505e-02   4.1421382e-02   3.0048350e-02
   2.0880000e+03   5.7086607e-02   4.1391371e-02   3.0007386e-02
   2.0880833e+03   5.7085200e-02   4.1363218e-02   2.9967305e-02
   2.0881667e+03   5.7084359e-02   4.1335361e-02   2.9927382e-02
   2.0882500e+03   5.7081937e-02   4.1306656e-02   2.9887087e-02
   2.0883333e+03   5.7073975e-02   4.1275003e-02   2.9845450e-02
   2.0884167e+03   5.7057630e-02   4.1238898e-02   2.9801783e-02
   2.0885000e+03   5.7034107e-02   4.1198992e-02   2.9756393e-02
   2.0885833e+03   5.6999646e-02   4.1153302e-02   2.9708371e-02
   2.0886667e+03   5.6957857e-02   4.1103751e-02   2.9658611e-02
   2.0887500e+03   5.6917015e-02   4.1054727e-02   2.9609132e-02
   2.0888333e+03   5.6889497e-02   4.1012774e-02   2.9562932e-02
   2.0889167e+03   5.6877438e-02   4.0979002e-02   2.9520512e-02
   2.0890000e+03   5.6872258e-02   4.0948864e-02   2.9479779e-02
   2.0890833e+03   5.6870634e-02   4.0920600e-02   2.9439925e-02
   2.0891667e+03   5.6869592e-02   4.0892637e-02   2.9400229e-02
   2.0892500e+03   5.6866931e-02   4.0863816e-02   2.9360163e-02
   2.0893333e+03   5.6858643e-02   4.0832034e-02   2.9318771e-02
   2.0894167e+03   5.6841880e-02   4.0795801e-02   2.9275382e-02
   2.0895000e+03   5.6817880e-02   4.0755779e-02   2.9230303e-02
   2.0895833e+03   5.6782872e-02   4.0710000e-02   2.9182647e-02
   2.0896667e+03   5.6740496e-02   4.0660383e-02   2.9133290e-02
   2.0897500e+03   5.6699073e-02   4.0611292e-02   2.9084211e-02
   2.0898333e+03   5.6671053e-02   4.0569235e-02   2.9038345e-02
   2.0899167e+03   5.6658621e-02   4.0535340e-02   2.8996193e-02
   2.0900000e+03   5.6653154e-02   4.0505085e-02   2.8955705e-02
   2.0900833e+03   5.6651311e-02   4.0476718e-02   2.8916090e-02
   2.0901667e+03   5.6650062e-02   4.0448656e-02   2.8876634e-02
   2.0902500e+03   5.6647160e-02   4.0419729e-02   2.8836811e-02
   2.0903333e+03   5.6638543e-02   4.0387828e-02   2.8795679e-02
   2.0904167e+03   5.6621360e-02   4.0351479e-02   2.8752583e-02
   2.0905000e+03   5.6596884e-02   4.0311354e-02   2.8707830e-02
   2.0905833e+03   5.6561329e-02   4.0265500e-02   2.8660554e-02
   2.0906667e+03   5.6518371e-02   4.0215832e-02   2.8611616e-02
   2.0907500e+03   5.6476370e-02   4.0166688e-02   2.8562951e-02
   2.0908333e+03   5.6447847e-02   4.0124542e-02   2.8517435e-02
   2.0909167e+03   5.6435039e-02   4.0090533e-02   2.8475563e-02
   2.0910000e+03   5.6429284e-02   4.0060171e-02   2.8435335e-02
   2.0910833e+03   5.6427217e-02   4.0031710e-02   2.8395973e-02
   2.0911667e+03   5.6425758e-02   4.0003558e-02   2.8356769e-02
   2.0912500e+03   5.6422610e-02   3.9974533e-02   2.8317203e-02
   2.0913333e+03   5.6413661e-02   3.9942523e-02   2.8276344e-02
   2.0914167e+03   5.6396059e-02   3.9906071e-02   2.8233555e-02
   2.0915000e+03   5.6371106e-02   3.9865855e-02   2.8189142e-02
   2.0915833e+03   5.6335008e-02   3.9819940e-02   2.8142261e-02
   2.0916667e+03   5.6291469e-02   3.9770236e-02   2.8093755e-02
   2.0917500e+03   5.6248893e-02   3.9721054e-02   2.8045519e-02
   2.0918333e+03   5.6219869e-02   3.9678831e-02   2.8000366e-02
   2.0919167e+03   5.6206684e-02   3.9644720e-02   2.7958790e-02
   2.0920000e+03   5.6200638e-02   3.9614260e-02   2.7918835e-02
   2.0920833e+03   5.6198343e-02   3.9585713e-02   2.7879737e-02
   2.0921667e+03   5.6196669e-02   3.9557480e-02   2.7840799e-02
   2.0922500e+03   5.6193273e-02   3.9528367e-02   2.7801502e-02
   2.0923333e+03   5.6183990e-02   3.9496259e-02   2.7760929e-02
   2.0924167e+03   5.6165967e-02   3.9459714e-02   2.7718461e-02
   2.0925000e+03   5.6140538e-02   3.9419420e-02   2.7674403e-02
   2.0925833e+03   5.6103898e-02   3.9373459e-02   2.7627929e-02
   2.0926667e+03   5.6059782e-02   3.9323733e-02   2.7579870e-02
   2.0927500e+03   5.6016634e-02   3.9274527e-02   2.7532076e-02
   2.0928333e+03   5.5987111e-02   3.9232241e-02   2.7487300e-02
   2.0929167e+03   5.5973547e-02   3.9198038e-02   2.7446033e-02
   2.0930000e+03   5.5967207e-02   3.9167490e-02   2.7406362e-02
   2.0930833e+03   5.5964681e-02   3.9138866e-02   2.7367542e-02
   2.0931667e+03   5.5962788e-02   3.9110560e-02   2.7328881e-02
   2.0932500e+03   5.5959140e-02   3.9081367e-02   2.7289865e-02
   2.0933333e+03   5.5949521e-02   3.9049171e-02   2.7249592e-02
   2.0934167e+03   5.5931077e-02   3.9012545e-02   2.7207458e-02
   2.0935000e+03   5.5905173e-02   3.8972187e-02   2.7163767e-02
   2.0935833e+03   5.5867994e-02   3.8926192e-02   2.7117715e-02
   2.0936667e+03   5.5823304e-02   3.8876459e-02   2.7070115e-02
   2.0937500e+03   5.5779588e-02   3.8827244e-02   2.7022775e-02
   2.0938333e+03   5.5749566e-02   3.8784907e-02   2.6978389e-02
   2.0939167e+03   5.5735623e-02   3.8750625e-02   2.6937443e-02
   2.0940000e+03   5.5728985e-02   3.8719997e-02   2.6898070e-02
   2.0940833e+03   5.5726225e-02   3.8691305e-02   2.6859539e-02
   2.0941667e+03   5.5724110e-02   3.8662934e-02   2.6821168e-02
   2.0942500e+03   5.5720207e-02   3.8633670e-02   2.6782445e-02
   2.0943333e+03   5.5710250e-02   3.8601396e-02   2.6742483e-02
   2.0944167e+03   5.5691384e-02   3.8564701e-02   2.6700696e-02
   2.0945000e+03   5.5665005e-02   3.8524291e-02   2.6657386e-02
   2.0945833e+03   5.5627290e-02   3.8478276e-02   2.6611767e-02
   2.0946667e+03   5.5582030e-02   3.8428551e-02   2.6564638e-02
   2.0947500e+03   5.5537750e-02   3.8379341e-02   2.6517765e-02
   2.0948333e+03   5.5507231e-02   3.8336966e-02   2.6473781e-02
   2.0949167e+03   5.5492907e-02   3.8302615e-02   2.6433170e-02
   2.0950000e+03   5.5485970e-02   3.8271918e-02   2.6394106e-02
   2.0950833e+03   5.5482972e-02   3.8243166e-02   2.6355875e-02
   2.0951667e+03   5.5480631e-02   3.8214738e-02   2.6317803e-02
   2.0952500e+03   5.5476470e-02   3.8185413e-02   2.6279385e-02
   2.0953333e+03   5.5466173e-02   3.8153071e-02   2.6239747e-02
   2.0954167e+03   5.5446885e-02   3.8116319e-02   2.6198320e-02
   2.0955000e+03   5.5420034e-02   3.8075868e-02   2.6155401e-02
   2.0955833e+03   5.5381784e-02   3.8029848e-02   2.6110228e-02
   2.0956667e+03   5.5335960e-02   3.7980144e-02   2.6063581e-02
   2.0957500e+03   5.5291119e-02   3.7930953e-02   2.6017187e-02
   2.0958333e+03   5.5260105e-02   3.7888554e-02   2.5973617e-02
   2.0959167e+03   5.5245399e-02   3.7854144e-02   2.5933351e-02
   2.0960000e+03   5.5238161e-02   3.7823387e-02   2.5894608e-02
   2.0960833e+03   5.5234921e-02   3.7794584e-02   2.5856689e-02
   2.0961667e+03   5.5232351e-02   3.7766108e-02   2.5818928e-02
   2.0962500e+03   5.5227929e-02   3.7736729e-02   2.5780825e-02
   2.0963333e+03   5.5217291e-02   3.7704330e-02   2.5741522e-02
   2.0964167e+03   5.5197581e-02   3.7667532e-02   2.5700465e-02
   2.0965000e+03   5.5170258e-02   3.7627053e-02   2.5657950e-02
   2.0965833e+03   5.5131478e-02   3.7581041e-02   2.5613234e-02
   2.0966667e+03   5.5085093e-02   3.7531372e-02   2.5567081e-02
   2.0967500e+03   5.5039695e-02   3.7482214e-02   2.5521176e-02
   2.0968333e+03   5.5008189e-02   3.7439803e-02   2.5478031e-02
   2.0969167e+03   5.4993101e-02   3.7405345e-02   2.5438122e-02
   2.0970000e+03   5.4985558e-02   3.7374539e-02   2.5399711e-02
   2.0970833e+03   5.4982074e-02   3.7345693e-02   2.5362113e-02
   2.0971667e+03   5.4979272e-02   3.7317177e-02   2.5324673e-02
   2.0972500e+03   5.4974586e-02   3.7287753e-02   2.5286896e-02
   2.0973333e+03   5.4963605e-02   3.7255307e-02   2.5247940e-02
   2.0974167e+03   5.4943474e-02   3.7218474e-02   2.5207264e-02
   2.0975000e+03   5.4915680e-02   3.7177980e-02   2.5165164e-02
   2.0975833e+03   5.4876374e-02   3.7131989e-02   2.5120915e-02
   2.0976667e+03   5.4829432e-02   3.7082370e-02   2.5075266e-02
   2.0977500e+03   5.4783483e-02   3.7033258e-02   2.5029861e-02
   2.0978333e+03   5.4751486e-02   3.6990848e-02   2.4987152e-02
   2.0979167e+03   5.4736015e-02   3.6956353e-02   2.4947610e-02
   2.0980000e+03   5.4728167e-02   3.6925506e-02   2.4909540e-02
   2.0980833e+03   5.4724435e-02   3.6896626e-02   2.4872274e-02
   2.0981667e+03   5.4721398e-02   3.6868078e-02   2.4835165e-02
   2.0982500e+03   5.4716445e-02   3.6838619e-02   2.4797725e-02
   2.0983333e+03   5.4705119e-02   3.6806134e-02   2.4759124e-02
   2.0984167e+03   5.4684568e-02   3.6769279e-02   2.4718841e-02
   2.0985000e+03   5.4656306e-02   3.6728781e-02   2.4677166e-02
   2.0985833e+03   5.4616476e-02   3.6682825e-02   2.4633394e-02
   2.0986667e+03   5.4568983e-02   3.6633268e-02   2.4588259e-02
   2.0987500e+03   5.4522487e-02   3.6584217e-02   2.4543363e-02
   2.0988333e+03   5.4490003e-02   3.6541821e-02   2.4501101e-02
   2.0989167e+03   5.4474148e-02   3.6507299e-02   2.4461937e-02
   2.0990000e+03   5.4465992e-02   3.6476421e-02   2.4424218e-02
   2.0990833e+03   5.4462010e-02   3.6447514e-02   2.4387293e-02
   2.0991667e+03   5.4458735e-02   3.6418943e-02   2.4350525e-02
   2.0992500e+03   5.4453513e-02   3.6389457e-02   2.4313430e-02
   2.0993333e+03   5.4441842e-02   3.6356945e-02   2.4275196e-02
   2.0994167e+03   5.4420870e-02   3.6320077e-02   2.4235314e-02
   2.0995000e+03   5.4392142e-02   3.6279589e-02   2.4194074e-02
   2.0995833e+03   5.4351793e-02   3.6233679e-02   2.4150790e-02
   2.0996667e+03   5.4303754e-02   3.6184200e-02   2.4106177e-02
   2.0997500e+03   5.4256716e-02   3.6135223e-02   2.4061800e-02
   2.0998333e+03   5.4223747e-02   3.6092852e-02   2.4019992e-02
   2.0999167e+03   5.4207509e-02   3.6058314e-02   2.3981216e-02
   2.1000000e+03   5.4199043e-02   3.6027414e-02   2.3943859e-02
   2.1000833e+03   5.4194808e-02   3.5998489e-02   2.3907284e-02
   2.1001667e+03   5.4191292e-02   3.5969902e-02   2.3870865e-02
   2.1002500e+03   5.4185798e-02   3.5940398e-02   2.3834125e-02
   2.1003333e+03   5.4173781e-02   3.5907869e-02   2.3796266e-02
   2.1004167e+03   5.4152390e-02   3.5871000e-02   2.3756796e-02
   2.1005000e+03   5.4123198e-02   3.5830532e-02   2.3716001e-02
   2.1005833e+03   5.4082335e-02   3.5784683e-02   2.3673211e-02
   2.1006667e+03   5.4033755e-02   3.5735293e-02   2.3629130e-02
   2.1007500e+03   5.3986181e-02   3.5686404e-02   2.3585279e-02
   2.1008333e+03   5.3952729e-02   3.5644070e-02   2.3543937e-02
   2.1009167e+03   5.3936109e-02   3.5609528e-02   2.3505557e-02
