   2.0000000e+03   1.0000000e+00   1.0000000e+00   1.0000000e+00
   2.0000833e+03   1.0000000e+00   1.0000000e+00   1.0000000e+00
   2.0001667e+03   1.0000000e+00   1.0000000e+00   1.0000000e+00
   2.0002500e+03   1.0000000e+00   1.0000000e+00   1.0000000e+00
   2.0003333e+03   1.0000000e+00   1.0000000e+00   1.0000000e+00
   2.0004167e+03   1.0000000e+00   1.0000000e+00   1.0000000e+00
   2.0005000e+03   1.0000000e+00   1.0000000e+00   1.0000000e+00
   2.0005833e+03   1.0000000e+00   1.0000000e+00   1.0000000e+00
   2.0006667e+03   1.0000000e+00   1.0000000e+00   1.0000000e+00
   2.0007500e+03   1.0000000e+00   1.0000000e+00   1.0000000e+00
   2.0008333e+03   1.0000000e+00   1.0000000e+00   1.0000000e+00
   2.0009167e+03   1.0000000e+00   1.0000000e+00   1.0000000e+00
   2.0010000e+03   9.9942366e-01   9.9942321e-01   9.9942277e-01
   2.0010833e+03   9.9872427e-01   9.9872299e-01   9.9872170e-01
   2.0011667e+03   9.9813517e-01   9.9813255e-01   9.9812994e-01
   2.0012500e+03   9.9790943e-01   9.9790470e-01   9.9789997e-01
   2.0013333e+03   9.9812373e-01   9.9811584e-01   9.9810796e-01
   2.0014167e+03   9.9853196e-01   9.9852001e-01   9.9850806e-01
   2.0015000e+03   9.9891528e-01   9.9889863e-01   9.9888198e-01
   2.0015833e+03   9.9925980e-01   9.9923784e-01   9.9921589e-01
   2.0016667e+03   9.9963225e-01   9.9960426e-01   9.9957628e-01
   2.0017500e+03   1.0000414e+00   1.0000066e+00   9.9997187e-01
   2.0018333e+03   1.0002525e+00   1.0002107e+00   1.0001690e+00
   2.0019167e+03   1.0000387e+00   9.9999056e-01   9.9994242e-01
   2.0020000e+03   9.9946999e-01   9.9941602e-01   9.9936205e-01
   2.0020833e+03   9.9877841e-01   9.9871857e-01   9.9865874e-01
   2.0021667e+03   9.9819694e-01   9.9813043e-01   9.9806393e-01
   2.0022500e+03   9.9797791e-01   9.9790291e-01   9.9782792e-01
   2.0023333e+03   9.9819646e-01   9.9811067e-01   9.9802488e-01
   2.0024167e+03   9.9860543e-01   9.9850739e-01   9.9840936e-01
   2.0025000e+03   9.9898683e-01   9.9887597e-01   9.9876513e-01
   2.0025833e+03   5.9959702e-01   5.9952252e-01   5.9944803e-01
   2.0026667e+03   5.9981913e-01   5.9973616e-01   5.9965319e-01
   2.0027500e+03   6.0006507e-01   5.9997308e-01   5.9988110e-01
   2.0028333e+03   6.0019426e-01   6.0009349e-01   5.9999273e-01
   2.0029167e+03   6.0007001e-01   5.9996153e-01   5.9985307e-01
   2.0030000e+03   5.9973334e-01   5.9961812e-01   5.9950291e-01
   2.0030833e+03   5.9932306e-01   5.9920129e-01   5.9907953e-01
   2.0031667e+03   5.9897874e-01   5.9884974e-01   5.9872077e-01
   2.0032500e+03   5.9885133e-01   5.9871337e-01   5.9857545e-01
   2.0033333e+03   5.9898499e-01   5.9883592e-01   5.9868689e-01
   2.0034167e+03   5.9923080e-01   5.9906942e-01   5.9890808e-01
   2.0035000e+03   5.9945845e-01   5.9928448e-01   5.9911055e-01
   2.0035833e+03   5.9966156e-01   5.9947477e-01   5.9928803e-01
   2.0036667e+03   5.9988228e-01   5.9968211e-01   5.9948200e-01
   2.0037500e+03   6.0012863e-01   5.9991445e-01   5.9970036e-01
   2.0038333e+03   6.0026037e-01   6.0003276e-01   5.9980522e-01
   2.0039167e+03   6.0014011e-01   5.9990088e-01   5.9966175e-01
   2.0040000e+03   5.9980798e-01   5.9955874e-01   5.9930961e-01
   2.0040833e+03   5.9940234e-01   5.9914352e-01   5.9888480e-01
   2.0041667e+03   5.9906256e-01   5.9879327e-01   5.9852411e-01
   2.0042500e+03   5.9893913e-01   5.9865700e-01   5.9837500e-01
   2.0043333e+03   5.9907530e-01   5.9877738e-01   5.9847960e-01
   2.0044167e+03   5.9932151e-01   5.9900626e-01   5.9869117e-01
   2.0045000e+03   5.9954795e-01   5.9921516e-01   5.9888254e-01
   2.0045833e+03   5.9974921e-01   5.9939873e-01   5.9904845e-01
   2.0046667e+03   5.9996851e-01   5.9959972e-01   5.9923115e-01
   2.0047500e+03   6.0021524e-01   5.9982741e-01   5.9943983e-01
   2.0048333e+03   6.0034952e-01   5.9994354e-01   5.9953783e-01
   2.0049167e+03   6.0023323e-01   5.9981170e-01   5.9939045e-01
   2.0050000e+03   5.9990561e-01   5.9947079e-01   5.9903627e-01
   2.0050833e+03   5.9950460e-01   5.9905714e-01   5.9861001e-01
   2.0051667e+03   5.9916933e-01   5.9870816e-01   5.9824734e-01
   2.0052500e+03   5.9904988e-01   5.9857193e-01   5.9809435e-01
   2.0053333e+03   5.9918854e-01   5.9869006e-01   5.9819199e-01
   2.0054167e+03   5.9943513e-01   5.9891426e-01   5.9839384e-01
   2.0055000e+03   5.9966033e-01   5.9911693e-01   5.9857402e-01
   2.0055833e+03   5.9985971e-01   5.9929373e-01   5.9872827e-01
   2.0056667e+03   6.0007755e-01   5.9948829e-01   5.9889961e-01
   2.0057500e+03   6.0032464e-01   5.9971126e-01   5.9909849e-01
   2.0058333e+03   6.0046144e-01   5.9982515e-01   5.9918952e-01
   2.0059167e+03   6.0034910e-01   5.9969328e-01   5.9903816e-01
   2.0060000e+03   6.0002598e-01   5.9935357e-01   5.9868190e-01
   2.0060833e+03   5.9962957e-01   5.9894147e-01   5.9825414e-01
   2.0061667e+03   5.9929880e-01   5.9859372e-01   5.9788944e-01
   2.0062500e+03   5.9918330e-01   5.9845747e-01   5.9773250e-01
   2.0063333e+03   5.9932444e-01   5.9857329e-01   5.9782307e-01
   2.0064167e+03   5.9957138e-01   5.9879273e-01   5.9801508e-01
   2.0065000e+03   5.9979530e-01   5.9898911e-01   5.9818398e-01
   2.0065833e+03   5.9999277e-01   5.9915906e-01   5.9832649e-01
   2.0066667e+03   6.0020912e-01   5.9934714e-01   5.9848638e-01
   2.0067500e+03   6.0045655e-01   5.9956531e-01   5.9867537e-01
   2.0068333e+03   6.0059585e-01   5.9967689e-01   5.9875931e-01
   2.0069167e+03   6.0048744e-01   5.9954494e-01   5.9860390e-01
   2.0070000e+03   6.0016880e-01   5.9920639e-01   5.9824550e-01
   2.0070833e+03   5.9977697e-01   5.9879580e-01   5.9781620e-01
   2.0071667e+03   5.9945068e-01   5.9844924e-01   5.9744944e-01
   2.0072500e+03   5.9933912e-01   5.9831293e-01   5.9728846e-01
   2.0073333e+03   5.9948271e-01   5.9842637e-01   5.9737186e-01
   2.0074167e+03   5.9972998e-01   5.9864098e-01   5.9755393e-01
   2.0075000e+03   5.9995260e-01   5.9883100e-01   5.9771147e-01
   2.0075833e+03   6.0014812e-01   5.9899405e-01   5.9784217e-01
   2.0076667e+03   6.0036295e-01   5.9917558e-01   5.9799052e-01
   2.0077500e+03   6.0061069e-01   5.9938888e-01   5.9816952e-01
   2.0078333e+03   6.0075248e-01   5.9949808e-01   5.9824626e-01
   2.0079167e+03   6.0064799e-01   5.9936601e-01   5.9808671e-01
   2.0080000e+03   6.0033380e-01   5.9902858e-01   5.9772614e-01
   2.0080833e+03   5.9994654e-01   5.9861946e-01   5.9729528e-01
   2.0081667e+03   5.9962471e-01   5.9827406e-01   5.9692640e-01
   2.0082500e+03   5.9951706e-01   5.9813763e-01   5.9676132e-01
   2.0083333e+03   5.9966310e-01   5.9824862e-01   5.9683743e-01
   2.0084167e+03   5.9991068e-01   5.9845833e-01   5.9700945e-01
   2.0085000e+03   6.0013195e-01   5.9864193e-01   5.9715555e-01
   2.0085833e+03   6.0032549e-01   5.9879801e-01   5.9727437e-01
   2.0086667e+03   6.0053877e-01   5.9897293e-01   5.9741112e-01
   2.0087500e+03   6.0078680e-01   5.9918130e-01   5.9758002e-01
   2.0088333e+03   6.0093105e-01   5.9928805e-01   5.9764947e-01
   2.0089167e+03   6.0083046e-01   5.9915579e-01   5.9748571e-01
   2.0090000e+03   6.0052071e-01   5.9881944e-01   5.9712292e-01
   2.0090833e+03   6.0013799e-01   5.9841177e-01   5.9669045e-01
   2.0091667e+03   5.9982061e-01   5.9806749e-01   5.9631942e-01
   2.0092500e+03   5.9971686e-01   5.9793088e-01   5.9615015e-01
   2.0093333e+03   5.9986532e-01   5.9803936e-01   5.9621888e-01
   2.0094167e+03   6.0011318e-01   5.9824410e-01   5.9638077e-01
   2.0095000e+03   6.0033309e-01   5.9842121e-01   5.9651535e-01
   2.0095833e+03   6.0052460e-01   5.9857028e-01   5.9662223e-01
   2.0096667e+03   6.0073630e-01   5.9873852e-01   5.9674730e-01
   2.0097500e+03   6.0098460e-01   5.9894188e-01   5.9690601e-01
   2.0098333e+03   6.0113130e-01   5.9904611e-01   5.9696807e-01
   2.0099167e+03   6.0103459e-01   5.9891362e-01   5.9680003e-01
   2.0100000e+03   6.0072926e-01   5.9857832e-01   5.9643497e-01
   2.0100833e+03   6.0035107e-01   5.9817207e-01   5.9600087e-01
   2.0101667e+03   6.0003811e-01   5.9782886e-01   5.9562764e-01
   2.0102500e+03   5.9993825e-01   5.9769203e-01   5.9545412e-01
   2.0103333e+03   6.0008911e-01   5.9779792e-01   5.9551537e-01
   2.0104167e+03   6.0033723e-01   5.9799763e-01   5.9566704e-01
   2.0105000e+03   6.0055574e-01   5.9816819e-01   5.9579002e-01
   2.0105833e+03   6.0074519e-01   5.9831018e-01   5.9588491e-01
   2.0106667e+03   6.0095528e-01   5.9847169e-01   5.9599824e-01
   2.0107500e+03   6.0120381e-01   5.9866996e-01   5.9614667e-01
   2.0108333e+03   6.0135294e-01   5.9877162e-01   5.9620124e-01
   2.0109167e+03   6.0126010e-01   5.9863883e-01   5.9602885e-01
   2.0110000e+03   6.0095918e-01   5.9830454e-01   5.9566149e-01
   2.0110833e+03   6.0058550e-01   5.9789967e-01   5.9522572e-01
   2.0111667e+03   6.0027695e-01   5.9755751e-01   5.9485026e-01
   2.0112500e+03   6.0018095e-01   5.9742041e-01   5.9467242e-01
   2.0113333e+03   6.0033421e-01   5.9752364e-01   5.9472609e-01
   2.0114167e+03   6.0058255e-01   5.9771824e-01   5.9486744e-01
   2.0115000e+03   6.0079962e-01   5.9788219e-01   5.9497878e-01
   2.0115833e+03   6.0098699e-01   5.9801704e-01   5.9506162e-01
   2.0116667e+03   6.0119542e-01   5.9817176e-01   5.9516315e-01
   2.0117500e+03   6.0144417e-01   5.9836490e-01   5.9530122e-01
   2.0118333e+03   6.0159572e-01   5.9846389e-01   5.9534820e-01
   2.0119167e+03   6.0150673e-01   5.9833076e-01   5.9517139e-01
   2.0120000e+03   6.0121019e-01   5.9799744e-01   5.9480169e-01
   2.0120833e+03   6.0084100e-01   5.9759393e-01   5.9436423e-01
   2.0121667e+03   6.0053684e-01   5.9725278e-01   5.9398649e-01
   2.0122500e+03   6.0044470e-01   5.9711534e-01   5.9380426e-01
   2.0123333e+03   6.0060033e-01   5.9721586e-01   5.9385027e-01
   2.0124167e+03   6.0084888e-01   5.9740528e-01   5.9398122e-01
   2.0125000e+03   6.0106448e-01   5.9756257e-01   5.9408086e-01
   2.0125833e+03   3.0062486e-01   2.9884511e-01   2.9707580e-01
   2.0126667e+03   3.0072823e-01   2.9891905e-01   2.9712064e-01
   2.0127500e+03   3.0085270e-01   2.9901301e-01   2.9718445e-01
   2.0128333e+03   3.0092967e-01   2.9906115e-01   2.9720411e-01
   2.0129167e+03   3.0088710e-01   2.9899438e-01   2.9711347e-01
   2.0130000e+03   3.0074101e-01   2.9882819e-01   2.9692742e-01
   2.0130833e+03   3.0055866e-01   2.9862710e-01   2.9670783e-01
   2.0131667e+03   3.0040877e-01   2.9845701e-01   2.9651781e-01
   2.0132500e+03   3.0036461e-01   2.9838810e-01   2.9642447e-01
   2.0133333e+03   3.0044360e-01   2.9843696e-01   2.9644360e-01
   2.0134167e+03   3.0056797e-01   2.9852905e-01   2.9650384e-01
   2.0135000e+03   3.0067502e-01   2.9860433e-01   2.9654778e-01
   2.0135833e+03   3.0076656e-01   2.9866454e-01   2.9657708e-01
   2.0136667e+03   3.0086907e-01   2.9873502e-01   2.9661597e-01
   2.0137500e+03   3.0099362e-01   2.9882634e-01   2.9667453e-01
   2.0138333e+03   3.0107178e-01   2.9887309e-01   2.9669031e-01
   2.0139167e+03   3.0103111e-01   2.9880610e-01   2.9659739e-01
   2.0140000e+03   3.0088721e-01   2.9864036e-01   2.9641014e-01
   2.0140833e+03   3.0070708e-01   2.9843991e-01   2.9618968e-01
   2.0141667e+03   3.0055937e-01   2.9827028e-01   2.9599848e-01
   2.0142500e+03   3.0051713e-01   2.9820116e-01   2.9590288e-01
   2.0143333e+03   3.0059729e-01   2.9824859e-01   2.9591810e-01
   2.0144167e+03   3.0072173e-01   2.9833803e-01   2.9597307e-01
   2.0145000e+03   3.0082802e-01   2.9840992e-01   2.9601110e-01
   2.0145833e+03   3.0091845e-01   2.9846648e-01   2.9603433e-01
   2.0146667e+03   3.0102009e-01   2.9853348e-01   2.9606725e-01
   2.0147500e+03   3.0114471e-01   2.9862213e-01   2.9612052e-01
   2.0148333e+03   3.0122405e-01   2.9866746e-01   2.9613238e-01
   2.0149167e+03   3.0118528e-01   2.9860022e-01   2.9603716e-01
   2.0150000e+03   3.0104355e-01   2.9843490e-01   2.9584868e-01
   2.0150833e+03   3.0086564e-01   2.9823508e-01   2.9562734e-01
   2.0151667e+03   3.0072011e-01   2.9806591e-01   2.9543495e-01
   2.0152500e+03   3.0067977e-01   2.9799654e-01   2.9533706e-01
   2.0153333e+03   3.0076108e-01   2.9804251e-01   2.9534832e-01
   2.0154167e+03   3.0088559e-01   2.9812926e-01   2.9539799e-01
   2.0155000e+03   3.0099109e-01   2.9819774e-01   2.9543010e-01
   2.0155833e+03   3.0108041e-01   2.9825063e-01   2.9544723e-01
   2.0156667e+03   3.0118115e-01   2.9831412e-01   2.9547417e-01
   2.0157500e+03   3.0130583e-01   2.9840007e-01   2.9552211e-01
   2.0158333e+03   3.0138634e-01   2.9844393e-01   2.9553003e-01
   2.0159167e+03   3.0134947e-01   2.9837641e-01   2.9543247e-01
   2.0160000e+03   3.0120989e-01   2.9821151e-01   2.9524275e-01
   2.0160833e+03   3.0103420e-01   2.9801230e-01   2.9502051e-01
   2.0161667e+03   3.0089083e-01   2.9784356e-01   2.9482692e-01
   2.0162500e+03   3.0085239e-01   2.9777392e-01   2.9472672e-01
   2.0163333e+03   3.0093486e-01   2.9781840e-01   2.9473398e-01
   2.0164167e+03   3.0105942e-01   2.9790244e-01   2.9477832e-01
   2.0165000e+03   3.0116411e-01   2.9796746e-01   2.9480449e-01
   2.0165833e+03   3.0125229e-01   2.9801666e-01   2.9481552e-01
   2.0166667e+03   3.0135212e-01   2.9807662e-01   2.9483646e-01
   2.0167500e+03   3.0147684e-01   2.9815983e-01   2.9487905e-01
   2.0168333e+03   3.0155851e-01   2.9820220e-01   2.9488298e-01
   2.0169167e+03   3.0152353e-01   2.9813438e-01   2.9478306e-01
   2.0170000e+03   3.0138611e-01   2.9796987e-01   2.9459208e-01
   2.0170833e+03   3.0121263e-01   2.9777126e-01   2.9436894e-01
   2.0171667e+03   3.0107141e-01   2.9760293e-01   2.9417413e-01
   2.0172500e+03   3.0103486e-01   2.9753300e-01   2.9407159e-01
   2.0173333e+03   3.0111847e-01   2.9757595e-01   2.9407483e-01
   2.0174167e+03   3.0124307e-01   2.9765724e-01   2.9411380e-01
   2.0175000e+03   3.0134695e-01   2.9771879e-01   2.9413403e-01
   2.0175833e+03   3.0143396e-01   2.9776427e-01   2.9413894e-01
   2.0176667e+03   3.0153286e-01   2.9782067e-01   2.9415388e-01
   2.0177500e+03   3.0165761e-01   2.9790112e-01   2.9419109e-01
   2.0178333e+03   3.0174043e-01   2.9794196e-01   2.9419099e-01
   2.0179167e+03   3.0170733e-01   2.9787382e-01   2.9408869e-01
   2.0180000e+03   3.0157207e-01   2.9770968e-01   2.9389644e-01
   2.0180833e+03   3.0140078e-01   2.9751165e-01   2.9367238e-01
   2.0181667e+03   3.0126172e-01   2.9734372e-01   2.9347634e-01
   2.0182500e+03   3.0122705e-01   2.9727347e-01   2.9337143e-01
   2.0183333e+03   3.0131179e-01   2.9731486e-01   2.9337061e-01
   2.0184167e+03   3.0143642e-01   2.9739337e-01   2.9340420e-01
   2.0185000e+03   3.0153946e-01   2.9745143e-01   2.9341847e-01
   2.0185833e+03   3.0162529e-01   2.9749316e-01   2.9341727e-01
   2.0186667e+03   3.0172324e-01   2.9754598e-01   2.9342619e-01
   2.0187500e+03   3.0184800e-01   2.9762363e-01   2.9345800e-01
   2.0188333e+03   3.0193197e-01   2.9766292e-01   2.9345385e-01
   2.0189167e+03   3.0190075e-01   2.9759442e-01   2.9334914e-01
   2.0190000e+03   3.0176762e-01   2.9743064e-01   2.9315560e-01
   2.0190833e+03   3.0159853e-01   2.9723318e-01   2.9293062e-01
   2.0191667e+03   3.0146161e-01   2.9706562e-01   2.9273334e-01
   2.0192500e+03   3.0142882e-01   2.9699502e-01   2.9262604e-01
   2.0193333e+03   3.0151468e-01   2.9703483e-01   2.9262113e-01
   2.0194167e+03   3.0163932e-01   2.9711053e-01   2.9264932e-01
   2.0195000e+03   3.0174150e-01   2.9716507e-01   2.9265762e-01
   2.0195833e+03   3.0182614e-01   2.9720304e-01   2.9265031e-01
   2.0196667e+03   3.0192312e-01   2.9725225e-01   2.9265321e-01
   2.0197500e+03   3.0204789e-01   2.9732707e-01   2.9267960e-01
   2.0198333e+03   3.0213299e-01   2.9736478e-01   2.9267137e-01
   2.0199167e+03   3.0210363e-01   2.9729590e-01   2.9256422e-01
   2.0200000e+03   3.0197264e-01   2.9713246e-01   2.9236939e-01
   2.0200833e+03   3.0180574e-01   2.9693555e-01   2.9214349e-01
   2.0201667e+03   3.0167096e-01   2.9676835e-01   2.9194495e-01
   2.0202500e+03   3.0164004e-01   2.9669738e-01   2.9183524e-01
   2.0203333e+03   3.0172701e-01   2.9673556e-01   2.9182621e-01
   2.0204167e+03   3.0185165e-01   2.9680842e-01   2.9184897e-01
   2.0205000e+03   3.0195296e-01   2.9685942e-01   2.9185130e-01
   2.0205833e+03   3.0203638e-01   2.9689360e-01   2.9183789e-01
   2.0206667e+03   3.0213236e-01   2.9693919e-01   2.9183477e-01
   2.0207500e+03   3.0225712e-01   2.9701116e-01   2.9185573e-01
   2.0208333e+03   3.0234335e-01   2.9704725e-01   2.9184338e-01
   2.0209167e+03   3.0231585e-01   2.9697796e-01   2.9173378e-01
   2.0210000e+03   3.0218699e-01   2.9681484e-01   2.9153765e-01
   2.0210833e+03   3.0202227e-01   2.9661847e-01   2.9131081e-01
   2.0211667e+03   3.0188962e-01   2.9645161e-01   2.9111101e-01
   2.0212500e+03   3.0186056e-01   2.9638024e-01   2.9099887e-01
   2.0213333e+03   3.0194864e-01   2.9641677e-01   2.9098569e-01
   2.0214167e+03   3.0207326e-01   2.9648676e-01   2.9100301e-01
   2.0215000e+03   3.0217368e-01   2.9653419e-01   2.9099938e-01
   2.0215833e+03   3.0225586e-01   2.9656458e-01   2.9097987e-01
   2.0216667e+03   3.0235084e-01   2.9660651e-01   2.9097073e-01
   2.0217500e+03   3.0247557e-01   2.9667560e-01   2.9098624e-01
   2.0218333e+03   3.0256292e-01   2.9671004e-01   2.9096976e-01
   2.0219167e+03   3.0253728e-01   2.9664032e-01   2.9085769e-01
   2.0220000e+03   3.0241054e-01   2.9647750e-01   2.9066024e-01
   2.0220833e+03   3.0224799e-01   2.9628165e-01   2.9043246e-01
   2.0221667e+03   3.0211746e-01   2.9611511e-01   2.9023138e-01
   2.0222500e+03   3.0209026e-01   2.9604333e-01   2.9011679e-01
   2.0223333e+03   3.0217944e-01   2.9607817e-01   2.9009945e-01
   2.0224167e+03   3.0230403e-01   2.9614527e-01   2.9011133e-01
   2.0225000e+03   3.0240354e-01   2.9618911e-01   2.9010173e-01
   2.0225833e+03   1.5124223e-01   1.4810784e-01   1.4503807e-01
   2.0226667e+03   1.5128920e-01   1.4812697e-01   1.4503049e-01
   2.0227500e+03   1.5135155e-01   1.4816006e-01   1.4503552e-01
   2.0228333e+03   1.5139578e-01   1.4817644e-01   1.4502520e-01
   2.0229167e+03   1.5138388e-01   1.4814135e-01   1.4496792e-01
   2.0230000e+03   1.5132157e-01   1.4806008e-01   1.4486853e-01
   2.0230833e+03   1.5124138e-01   1.4796241e-01   1.4475417e-01
   2.0231667e+03   1.5117718e-01   1.4787930e-01   1.4465299e-01
   2.0232500e+03   1.5116450e-01   1.4784318e-01   1.4459446e-01
   2.0233333e+03   1.5120963e-01   1.4785975e-01   1.4458370e-01
   2.0234167e+03   1.5127191e-01   1.4789183e-01   1.4458691e-01
   2.0235000e+03   1.5132119e-01   1.4791195e-01   1.4457913e-01
   2.0235833e+03   1.5136101e-01   1.4792331e-01   1.4456330e-01
   2.0236667e+03   1.5140747e-01   1.4794060e-01   1.4455272e-01
   2.0237500e+03   1.5146978e-01   1.4797222e-01   1.4455502e-01
   2.0238333e+03   1.5151456e-01   1.4798774e-01   1.4454261e-01
   2.0239167e+03   1.5150359e-01   1.4795242e-01   1.4448408e-01
   2.0240000e+03   1.5144233e-01   1.4787128e-01   1.4438403e-01
   2.0240833e+03   1.5136322e-01   1.4777385e-01   1.4426919e-01
   2.0241667e+03   1.5130008e-01   1.4769088e-01   1.4416737e-01
   2.0242500e+03   1.5128832e-01   1.4765453e-01   1.4410760e-01
   2.0243333e+03   1.5133400e-01   1.4767023e-01   1.4409473e-01
   2.0244167e+03   1.5139624e-01   1.4770084e-01   1.4409521e-01
   2.0245000e+03   1.5144505e-01   1.4771914e-01   1.4408446e-01
   2.0245833e+03   1.5148422e-01   1.4772857e-01   1.4406560e-01
   2.0246667e+03   1.5153014e-01   1.4774401e-01   1.4405204e-01
   2.0247500e+03   1.5159242e-01   1.4777415e-01   1.4405159e-01
   2.0248333e+03   1.5163775e-01   1.4778880e-01   1.4403709e-01
   2.0249167e+03   1.5162769e-01   1.4775322e-01   1.4397730e-01
   2.0250000e+03   1.5156748e-01   1.4767221e-01   1.4387658e-01
   2.0250833e+03   1.5148949e-01   1.4757506e-01   1.4376130e-01
   2.0251667e+03   1.5142747e-01   1.4749229e-01   1.4365890e-01
   2.0252500e+03   1.5141673e-01   1.4745577e-01   1.4359795e-01
   2.0253333e+03   1.5146300e-01   1.4747064e-01   1.4358303e-01
   2.0254167e+03   1.5152519e-01   1.4749975e-01   1.4358076e-01
   2.0255000e+03   1.5157342e-01   1.4751613e-01   1.4356695e-01
   2.0255833e+03   1.5161176e-01   1.4752348e-01   1.4354494e-01
   2.0256667e+03   1.5165698e-01   1.4753691e-01   1.4352826e-01
   2.0257500e+03   1.5171919e-01   1.4756552e-01   1.4352505e-01
   2.0258333e+03   1.5176522e-01   1.4757943e-01   1.4350857e-01
   2.0259167e+03   1.5175641e-01   1.4754389e-01   1.4344777e-01
   2.0260000e+03   1.5169770e-01   1.4746338e-01   1.4334673e-01
   2.0260833e+03   1.5162123e-01   1.4736686e-01   1.4323133e-01
   2.0261667e+03   1.5156071e-01   1.4728460e-01   1.4312861e-01
   2.0262500e+03   1.5155125e-01   1.4724815e-01   1.4306669e-01
   2.0263333e+03   1.5159824e-01   1.4726228e-01   1.4304978e-01
   2.0264167e+03   1.5166035e-01   1.4728983e-01   1.4304472e-01
   2.0265000e+03   1.5170786e-01   1.4730417e-01   1.4302775e-01
   2.0265833e+03   1.5174523e-01   1.4730930e-01   1.4300248e-01
   2.0266667e+03   1.5178966e-01   1.4732063e-01   1.4298261e-01
   2.0267500e+03   1.5185177e-01   1.4734767e-01   1.4297659e-01
   2.0268333e+03   1.5189854e-01   1.4736084e-01   1.4295812e-01
   2.0269167e+03   1.5189100e-01   1.4732533e-01   1.4289631e-01
   2.0270000e+03   1.5183377e-01   1.4724530e-01   1.4279490e-01
   2.0270833e+03   1.5175883e-01   1.4714939e-01   1.4267936e-01
   2.0271667e+03   1.5169979e-01   1.4706763e-01   1.4257630e-01
   2.0272500e+03   1.5169161e-01   1.4703120e-01   1.4251337e-01
   2.0273333e+03   1.5173932e-01   1.4704455e-01   1.4249443e-01
   2.0274167e+03   1.5180132e-01   1.4707053e-01   1.4248655e-01
   2.0275000e+03   1.5184809e-01   1.4708279e-01   1.4246641e-01
   2.0275833e+03   1.5188449e-01   1.4708569e-01   1.4243787e-01
   2.0276667e+03   1.5192809e-01   1.4709488e-01   1.4241478e-01
   2.0277500e+03   1.5199010e-01   1.4712033e-01   1.4240593e-01
   2.0278333e+03   1.5203758e-01   1.4713272e-01   1.4238544e-01
   2.0279167e+03   1.5203131e-01   1.4709720e-01   1.4232257e-01
   2.0280000e+03   1.5197556e-01   1.4701763e-01   1.4222077e-01
   2.0280833e+03   1.5190214e-01   1.4692230e-01   1.4210505e-01
   2.0281667e+03   1.5184459e-01   1.4684100e-01   1.4200162e-01
   2.0282500e+03   1.5183767e-01   1.4680458e-01   1.4193764e-01
   2.0283333e+03   1.5188609e-01   1.4681712e-01   1.4191664e-01
   2.0284167e+03   1.5194797e-01   1.4684148e-01   1.4190591e-01
   2.0285000e+03   1.5199399e-01   1.4685164e-01   1.4188258e-01
   2.0285833e+03   1.5202938e-01   1.4685227e-01   1.4185076e-01
   2.0286667e+03   1.5207214e-01   1.4685931e-01   1.4182445e-01
   2.0287500e+03   1.5213402e-01   1.4688312e-01   1.4181274e-01
   2.0288333e+03   1.5218221e-01   1.4689470e-01   1.4179018e-01
   2.0289167e+03   1.5217721e-01   1.4685916e-01   1.4172622e-01
   2.0290000e+03   1.5212293e-01   1.4678001e-01   1.4162401e-01
   2.0290833e+03   1.5205103e-01   1.4668525e-01   1.4150808e-01
   2.0291667e+03   1.5199494e-01   1.4660439e-01   1.4140426e-01
   2.0292500e+03   1.5198929e-01   1.4656793e-01   1.4133919e-01
   2.0293333e+03   1.5203840e-01   1.4657963e-01   1.4131609e-01
   2.0294167e+03   1.5210015e-01   1.4660234e-01   1.4130248e-01
   2.0295000e+03   1.5214539e-01   1.4661038e-01   1.4127595e-01
   2.0295833e+03   1.5217975e-01   1.4660872e-01   1.4124085e-01
   2.0296667e+03   1.5222166e-01   1.4661357e-01   1.4121130e-01
   2.0297500e+03   1.5228339e-01   1.4663573e-01   1.4119671e-01
   2.0298333e+03   1.5233228e-01   1.4664646e-01   1.4117205e-01
   2.0299167e+03   1.5232853e-01   1.4661085e-01   1.4110697e-01
   2.0300000e+03   1.5227572e-01   1.4653211e-01   1.4100431e-01
   2.0300833e+03   1.5220535e-01   1.4643790e-01   1.4088816e-01
   2.0301667e+03   1.5215076e-01   1.4635747e-01   1.4078393e-01
   2.0302500e+03   1.5214641e-01   1.4632099e-01   1.4071777e-01
   2.0303333e+03   1.5219622e-01   1.4633184e-01   1.4069257e-01
   2.0304167e+03   1.5225780e-01   1.4635286e-01   1.4067606e-01
   2.0305000e+03   1.5230220e-01   1.4635871e-01   1.4064628e-01
   2.0305833e+03   7.6167722e-02   7.3177338e-02   7.0303920e-02
   2.0306667e+03   7.6188201e-02   7.3178633e-02   7.0287507e-02
   2.0307500e+03   7.6218978e-02   7.3188858e-02   7.0278754e-02
   2.0308333e+03   7.6243798e-02   7.3193813e-02   7.0265386e-02
   2.0309167e+03   7.6242610e-02   7.3176022e-02   7.0232322e-02
   2.0310000e+03   7.6217020e-02   7.3136914e-02   7.0180825e-02
   2.0310833e+03   7.6182673e-02   7.3090146e-02   7.0122695e-02
   2.0311667e+03   7.6156198e-02   7.3050205e-02   7.0070426e-02
   2.0312500e+03   7.6154714e-02   7.3031983e-02   7.0036834e-02
   2.0313333e+03   7.6179989e-02   7.3036988e-02   7.0023190e-02
   2.0314167e+03   7.6210684e-02   7.3046640e-02   7.0013483e-02
   2.0315000e+03   7.6232427e-02   7.3048444e-02   6.9996966e-02
   2.0315833e+03   7.6248448e-02   7.3045216e-02   6.9976069e-02
   2.0316667e+03   7.6268421e-02   7.3045358e-02   6.9958012e-02
   2.0317500e+03   7.6299096e-02   7.3054720e-02   6.9947807e-02
   2.0318333e+03   7.6324288e-02   7.3059259e-02   6.9933405e-02
   2.0319167e+03   7.6323789e-02   7.3041477e-02   6.9899818e-02
   2.0320000e+03   7.6299011e-02   7.3002625e-02   6.9848150e-02
   2.0320833e+03   7.6265503e-02   7.2956188e-02   6.9789963e-02
   2.0321667e+03   7.6239842e-02   7.2916511e-02   6.9737535e-02
   2.0322500e+03   7.6239048e-02   7.2898299e-02   6.9703427e-02
   2.0323333e+03   7.6264685e-02   7.2902877e-02   6.9688741e-02
   2.0324167e+03   7.6295272e-02   7.2911662e-02   6.9677587e-02
   2.0325000e+03   7.6316545e-02   7.2912339e-02   6.9659453e-02
   2.0325833e+03   7.6331952e-02   7.2907894e-02   6.9636897e-02
   2.0326667e+03   7.6351407e-02   7.2906880e-02   6.9617211e-02
   2.0327500e+03   7.6381968e-02   7.2915371e-02   6.9605561e-02
   2.0328333e+03   7.6407526e-02   7.2919484e-02   6.9590124e-02
   2.0329167e+03   7.6407711e-02   7.2901701e-02   6.9556012e-02
   2.0330000e+03   7.6383743e-02   7.2863099e-02   6.9504170e-02
   2.0330833e+03   7.6351070e-02   7.2816984e-02   6.9445922e-02
   2.0331667e+03   7.6326221e-02   7.2777563e-02   6.9393333e-02
   2.0332500e+03   7.6326113e-02   7.2759354e-02   6.9358706e-02
   2.0333333e+03   7.6352106e-02   7.2763493e-02   6.9342977e-02
   2.0334167e+03   7.6382575e-02   7.2771405e-02   6.9330385e-02
   2.0335000e+03   7.6403364e-02   7.2770950e-02   6.9310649e-02
   2.0335833e+03   7.6418142e-02   7.2765284e-02   6.9286450e-02
   2.0336667e+03   7.6437065e-02   7.2763108e-02   6.9265148e-02
   2.0337500e+03   7.6467502e-02   7.2770721e-02   6.9252061e-02
   2.0338333e+03   7.6493419e-02   7.2774400e-02   6.9235591e-02
   2.0339167e+03   7.6494285e-02   7.2756606e-02   6.9200951e-02
   2.0340000e+03   7.6471123e-02   7.2718245e-02   6.9148932e-02
   2.0340833e+03   7.6439284e-02   7.2672447e-02   6.9090622e-02
   2.0341667e+03   7.6415243e-02   7.2633275e-02   6.9037868e-02
   2.0342500e+03   7.6415817e-02   7.2615058e-02   6.9002720e-02
   2.0343333e+03   7.6442158e-02   7.2618750e-02   6.8985951e-02
   2.0344167e+03   7.6472499e-02   7.2625781e-02   6.8971928e-02
   2.0345000e+03   7.6492790e-02   7.2624189e-02   6.8950604e-02
   2.0345833e+03   7.6506925e-02   7.2617300e-02   6.8924780e-02
   2.0346667e+03   7.6525302e-02   7.2613957e-02   6.8901880e-02
   2.0347500e+03   7.6555605e-02   7.2620686e-02   6.8887365e-02
   2.0348333e+03   7.6581873e-02   7.2623919e-02   6.8869862e-02
   2.0349167e+03   7.6583416e-02   7.2606107e-02   6.8834692e-02
   2.0350000e+03   7.6561057e-02   7.2567980e-02   6.8782494e-02
   2.0350833e+03   7.6530049e-02   7.2522490e-02   6.8724120e-02
   2.0351667e+03   7.6506813e-02   7.2483559e-02   6.8671200e-02
   2.0352500e+03   7.6508065e-02   7.2465326e-02   6.8635529e-02
   2.0353333e+03   7.6534748e-02   7.2468562e-02   6.8617721e-02
   2.0354167e+03   7.6564949e-02   7.2474704e-02   6.8602277e-02
   2.0355000e+03   7.6584729e-02   7.2471972e-02   6.8579381e-02
   2.0355833e+03   7.6598207e-02   7.2463856e-02   6.8551951e-02
   2.0356667e+03   7.6616023e-02   7.2459344e-02   6.8527470e-02
   2.0357500e+03   7.6646180e-02   7.2465180e-02   6.8511536e-02
   2.0358333e+03   7.6672794e-02   7.2467960e-02   6.8493003e-02
   2.0359167e+03   7.6675008e-02   7.2450120e-02   6.8457302e-02
   2.0360000e+03   7.6653451e-02   7.2412219e-02   6.8404924e-02
   2.0360833e+03   7.6623271e-02   7.2367032e-02   6.8346483e-02
   2.0361667e+03   7.6600838e-02   7.2328334e-02   6.8293397e-02
   2.0362500e+03   7.6602764e-02   7.2310076e-02   6.8257202e-02
   2.0363333e+03   7.6629782e-02   7.2312846e-02   6.8238357e-02
   2.0364167e+03   7.6659831e-02   7.2318094e-02   6.8221502e-02
   2.0365000e+03   7.6679086e-02   7.2314217e-02   6.8197051e-02
   2.0365833e+03   3.8345946e-02   3.6152435e-02   3.4084018e-02
   2.0366667e+03   3.8354567e-02   3.6149593e-02   3.4070996e-02
   2.0367500e+03   3.8369567e-02   3.6152062e-02   3.4062325e-02
   2.0368333e+03   3.8383043e-02   3.6153221e-02   3.4052545e-02
   2.0369167e+03   3.8384484e-02   3.6144282e-02   3.4034428e-02
   2.0370000e+03   3.8374104e-02   3.6125441e-02   3.4008149e-02
   2.0370833e+03   3.8359427e-02   3.6102995e-02   3.3978895e-02
   2.0371667e+03   3.8348611e-02   3.6083759e-02   3.3952267e-02
   2.0372500e+03   3.8349908e-02   3.6074613e-02   3.3933908e-02
   2.0373333e+03   3.8363581e-02   3.6075761e-02   3.3923969e-02
   2.0374167e+03   3.8378525e-02   3.6077934e-02   3.3914842e-02
   2.0375000e+03   3.8387883e-02   3.6075422e-02   3.3901848e-02
   2.0375833e+03   3.8393941e-02   3.6070133e-02   3.3886558e-02
   2.0376667e+03   3.8402268e-02   3.6066703e-02   3.3872764e-02
   2.0377500e+03   3.8417184e-02   3.6068720e-02   3.3863395e-02
   2.0378333e+03   3.8430825e-02   3.6069643e-02   3.3853104e-02
   2.0379167e+03   3.8432598e-02   3.6060681e-02   3.3834721e-02
   2.0380000e+03   3.8422616e-02   3.6041946e-02   3.3808351e-02
   2.0380833e+03   3.8408351e-02   3.6019644e-02   3.3779063e-02
   2.0381667e+03   3.8397934e-02   3.6000517e-02   3.3752351e-02
   2.0382500e+03   3.8399564e-02   3.5991350e-02   3.3733729e-02
   2.0383333e+03   3.8413396e-02   3.5992256e-02   3.3723276e-02
   2.0384167e+03   3.8428253e-02   3.5993976e-02   3.3713455e-02
   2.0385000e+03   3.8437335e-02   3.5990888e-02   3.3699703e-02
   2.0385833e+03   3.8443042e-02   3.5984983e-02   3.3683642e-02
   2.0386667e+03   3.8451066e-02   3.5980964e-02   3.3669086e-02
   2.0387500e+03   3.8465893e-02   3.5982525e-02   3.3659026e-02
   2.0388333e+03   3.8479695e-02   3.5983208e-02   3.3648226e-02
   2.0389167e+03   3.8481798e-02   3.5974220e-02   3.3629578e-02
   2.0390000e+03   3.8472212e-02   3.5955586e-02   3.3603116e-02
   2.0390833e+03   3.8458358e-02   3.5933425e-02   3.3573794e-02
   2.0391667e+03   3.8448338e-02   3.5914404e-02   3.3546997e-02
   2.0392500e+03   3.8450299e-02   3.5905211e-02   3.3528113e-02
   2.0393333e+03   3.8464288e-02   3.5905872e-02   3.3517148e-02
   2.0394167e+03   3.8479052e-02   3.5907135e-02   3.3506641e-02
   2.0395000e+03   3.8487850e-02   3.5903470e-02   3.3492141e-02
   2.0395833e+03   3.8493197e-02   3.5896948e-02   3.3475320e-02
   2.0396667e+03   3.8500913e-02   3.5892339e-02   3.3460013e-02
   2.0397500e+03   3.8515644e-02   3.5893443e-02   3.3449269e-02
   2.0398333e+03   3.8529604e-02   3.5893881e-02   3.3437962e-02
   2.0399167e+03   3.8532034e-02   3.5884862e-02   3.3419049e-02
   2.0400000e+03   3.8522843e-02   3.5866326e-02   3.3392496e-02
   2.0400833e+03   3.8509399e-02   3.5844302e-02   3.3363140e-02
   2.0401667e+03   3.8499776e-02   3.5825383e-02   3.3336258e-02
   2.0402500e+03   3.8502065e-02   3.5816161e-02   3.3317113e-02
   2.0403333e+03   3.8516206e-02   3.5816571e-02   3.3305640e-02
   2.0404167e+03   3.8530872e-02   3.5817376e-02   3.3294454e-02
   2.0405000e+03   3.8539379e-02   3.5813133e-02   3.3279216e-02
   2.0405833e+03   3.8544359e-02   3.5805994e-02   3.3261647e-02
   2.0406667e+03   3.8551757e-02   3.5800793e-02   3.3245601e-02
   2.0407500e+03   3.8566388e-02   3.5801437e-02   3.3234179e-02
   2.0408333e+03   3.8580502e-02   3.5801627e-02   3.3222370e-02
   2.0409167e+03   3.8583257e-02   3.5792572e-02   3.3203193e-02
   2.0410000e+03   3.8574460e-02   3.5774131e-02   3.3176548e-02
   2.0410833e+03   3.8561424e-02   3.5752241e-02   3.3147159e-02
   2.0411667e+03   3.8552196e-02   3.5733420e-02   3.3120192e-02
   2.0412500e+03   3.8554811e-02   3.5724164e-02   3.3100787e-02
   2.0413333e+03   3.8569101e-02   3.5724321e-02   3.3088809e-02
   2.0414167e+03   3.8583663e-02   3.5724663e-02   3.3076951e-02
   2.0415000e+03   3.8591871e-02   3.5719842e-02   3.3060987e-02
   2.0415833e+03   3.8596476e-02   3.5712086e-02   3.3042684e-02
   2.0416667e+03   3.8603550e-02   3.5706294e-02   3.3025910e-02
   2.0417500e+03   3.8618073e-02   3.5706475e-02   3.3013819e-02
   2.0418333e+03   3.8632338e-02   3.5706413e-02   3.3001511e-02
   2.0419167e+03   3.8635416e-02   3.5697318e-02   3.2982070e-02
   2.0420000e+03   3.8627011e-02   3.5678968e-02   3.2955335e-02
   2.0420833e+03   3.8614383e-02   3.5657208e-02   3.2925912e-02
   2.0421667e+03   3.8605548e-02   3.5638482e-02   3.2898862e-02
   2.0422500e+03   3.8608487e-02   3.5629188e-02   3.2879198e-02
   2.0423333e+03   3.8622922e-02   3.5629087e-02   3.2866719e-02
   2.0424167e+03   3.8637375e-02   3.5628966e-02   3.2854198e-02
   2.0425000e+03   3.8645276e-02   3.5623566e-02   3.2837519e-02
   2.0425833e+03   3.8649497e-02   3.5615192e-02   3.2818494e-02
   2.0426667e+03   3.8656240e-02   3.5608808e-02   3.2801005e-02
   2.0427500e+03   3.8670650e-02   3.5608524e-02   3.2788254e-02
   2.0428333e+03   3.8685060e-02   3.5608207e-02   3.2775451e-02
   2.0429167e+03   3.8688459e-02   3.5599068e-02   3.2755748e-02
   2.0430000e+03   3.8680446e-02   3.5580805e-02   3.2728924e-02
   2.0430833e+03   3.8668224e-02   3.5559172e-02   3.2699468e-02
   2.0431667e+03   3.8659782e-02   3.5540537e-02   3.2672334e-02
   2.0432500e+03   3.8663043e-02   3.5531201e-02   3.2652412e-02
   2.0433333e+03   3.8677618e-02   3.5530839e-02   3.2639437e-02
   2.0434167e+03   3.8691955e-02   3.5530252e-02   3.2626261e-02
   2.0435000e+03   3.8699543e-02   3.5524272e-02   3.2608880e-02
   2.0435833e+03   3.8703372e-02   3.5515282e-02   3.2589148e-02
   2.0436667e+03   3.8709775e-02   3.5508306e-02   3.2570956e-02
   2.0437500e+03   3.8724065e-02   3.5507555e-02   3.2557553e-02
   2.0438333e+03   3.8738619e-02   3.5506978e-02   3.2544260e-02
   2.0439167e+03   3.8742336e-02   3.5497792e-02   3.2524297e-02
   2.0440000e+03   3.8734712e-02   3.5479613e-02   3.2497384e-02
   2.0440833e+03   3.8722895e-02   3.5458104e-02   3.2467896e-02
   2.0441667e+03   3.8714844e-02   3.5439556e-02   3.2440680e-02
   2.0442500e+03   3.8718425e-02   3.5430174e-02   3.2420503e-02
   2.0443333e+03   3.8733138e-02   3.5429547e-02   3.2407036e-02
   2.0444167e+03   3.8747352e-02   3.5428493e-02   3.2393214e-02
   2.0445000e+03   3.8754618e-02   3.5421933e-02   3.2375144e-02
   2.0445833e+03   3.8758048e-02   3.5412326e-02   3.2354718e-02
   2.0446667e+03   3.8764103e-02   3.5404760e-02   3.2335837e-02
   2.0447500e+03   3.8778268e-02   3.5403540e-02   3.2321793e-02
   2.0448333e+03   3.8792960e-02   3.5402700e-02   3.2308013e-02
   2.0449167e+03   3.8796994e-02   3.5393462e-02   3.2287794e-02
   2.0450000e+03   3.8789758e-02   3.5375363e-02   3.2260792e-02
   2.0450833e+03   3.8778346e-02   3.5353974e-02   3.2231273e-02
   2.0451667e+03   3.8770685e-02   3.5335511e-02   3.2203976e-02
   2.0452500e+03   3.8774583e-02   3.5326079e-02   3.2183546e-02
   2.0453333e+03   3.8789428e-02   3.5325183e-02   3.2169592e-02
   2.0454167e+03   3.8803514e-02   3.5323660e-02   3.2155135e-02
   2.0455000e+03   3.8810451e-02   3.5316521e-02   3.2136389e-02
   2.0455833e+03   3.8813473e-02   3.5306299e-02   3.2115284e-02
   2.0456667e+03   3.8819172e-02   3.5298141e-02   3.2095727e-02
   2.0457500e+03   3.8833206e-02   3.5296451e-02   3.2081051e-02
   2.0458333e+03   3.8848031e-02   3.5295344e-02   3.2066791e-02
   2.0459167e+03   3.8852379e-02   3.5286051e-02   3.2046316e-02
   2.0460000e+03   3.8845531e-02   3.5268028e-02   3.2019229e-02
   2.0460833e+03   3.8834522e-02   3.5246757e-02   3.1989680e-02
   2.0461667e+03   3.8827249e-02   3.5228375e-02   3.1962303e-02
   2.0462500e+03   3.8831463e-02   3.5218889e-02   3.1941622e-02
   2.0463333e+03   3.8846437e-02   3.5217721e-02   3.1927187e-02
   2.0464167e+03   3.8860387e-02   3.5215727e-02   3.1912105e-02
   2.0465000e+03   3.8866988e-02   3.5208009e-02   3.1892696e-02
   2.0465833e+03   3.8869593e-02   3.5197173e-02   3.1870928e-02
   2.0466667e+03   3.8874929e-02   3.5188425e-02   3.1850710e-02
   2.0467500e+03   3.8888824e-02   3.5186263e-02   3.1835412e-02
   2.0468333e+03   3.8903780e-02   3.5184887e-02   3.1820678e-02
   2.0469167e+03   3.8908439e-02   3.5175534e-02   3.1799951e-02
   2.0470000e+03   3.8901976e-02   3.5157585e-02   3.1772779e-02
   2.0470833e+03   3.8891370e-02   3.5136428e-02   3.1743201e-02
   2.0471667e+03   3.8884484e-02   3.5118122e-02   3.1715746e-02
   2.0472500e+03   3.8889011e-02   3.5108579e-02   3.1694817e-02
   2.0473333e+03   3.8904109e-02   3.5107137e-02   3.1679907e-02
   2.0474167e+03   3.8917919e-02   3.5104670e-02   3.1664210e-02
   2.0475000e+03   3.8924174e-02   3.5096373e-02   3.1644154e-02
   2.0475833e+03   3.8926354e-02   3.5084925e-02   3.1621737e-02
   2.0476667e+03   3.8931318e-02   3.5075587e-02   3.1600873e-02
   2.0477500e+03   3.8945069e-02   3.5072953e-02   3.1584964e-02
   2.0478333e+03   3.8960151e-02   3.5071304e-02   3.1569762e-02
   2.0479167e+03   3.8965120e-02   3.5061889e-02   3.1548785e-02
   2.0480000e+03   3.8959041e-02   3.5044009e-02   3.1521530e-02
   2.0480833e+03   3.8948835e-02   3.5022962e-02   3.1491926e-02
   2.0481667e+03   3.8942336e-02   3.5004731e-02   3.1464395e-02
   2.0482500e+03   3.8947173e-02   3.4995127e-02   3.1443221e-02
   2.0483333e+03   3.8962392e-02   3.4993406e-02   3.1427843e-02
   2.0484167e+03   3.8976054e-02   3.4990466e-02   3.1411542e-02
   2.0485000e+03   3.8981956e-02   3.4981592e-02   3.1390852e-02
   2.0485833e+03   3.8983702e-02   3.4969533e-02   3.1367803e-02
   2.0486667e+03   3.8988286e-02   3.4959607e-02   3.1346308e-02
   2.0487500e+03   3.9001886e-02   3.4956499e-02   3.1329799e-02
   2.0488333e+03   3.9017090e-02   3.4954574e-02   3.1314136e-02
   2.0489167e+03   3.9022366e-02   3.4945092e-02   3.1292913e-02
   2.0490000e+03   3.9016670e-02   3.4927279e-02   3.1265578e-02
   2.0490833e+03   3.9006864e-02   3.4906340e-02   3.1235948e-02
   2.0491667e+03   3.9000750e-02   3.4888180e-02   3.1208343e-02
   2.0492500e+03   3.9005895e-02   3.4878511e-02   3.1186928e-02
   2.0493333e+03   3.9021230e-02   3.4876510e-02   3.1171088e-02
   2.0494167e+03   3.9034737e-02   3.4873096e-02   3.1154195e-02
   2.0495000e+03   3.9040278e-02   3.4863645e-02   3.1132886e-02
   2.0495833e+03   3.9041582e-02   3.4850977e-02   3.1109222e-02
   2.0496667e+03   3.9045778e-02   3.4840464e-02   3.1087111e-02
   2.0497500e+03   3.9059221e-02   3.4836882e-02   3.1070015e-02
   2.0498333e+03   3.9074541e-02   3.4834678e-02   3.1053897e-02
   2.0499167e+03   3.9080121e-02   3.4825126e-02   3.1032433e-02
   2.0500000e+03   3.9074807e-02   3.4807376e-02   3.1005018e-02
   2.0500833e+03   3.9065399e-02   3.4786541e-02   3.0975365e-02
   2.0501667e+03   3.9059663e-02   3.4768444e-02   3.0947685e-02
   2.0502500e+03   3.9065109e-02   3.4758704e-02   3.0926030e-02
   2.0503333e+03   3.9080554e-02   3.4756417e-02   3.0909735e-02
   2.0504167e+03   3.9093905e-02   3.4752532e-02   3.0892265e-02
   2.0505000e+03   3.9099089e-02   3.4742516e-02   3.0870361e-02
   2.0505833e+03   3.9099959e-02   3.4729255e-02   3.0846108e-02
   2.0506667e+03   3.9103776e-02   3.4718171e-02   3.0823407e-02
   2.0507500e+03   3.9117063e-02   3.4714120e-02   3.0805741e-02
   2.0508333e+03   3.9132492e-02   3.4711632e-02   3.0789174e-02
   2.0509167e+03   3.9138357e-02   3.4701995e-02   3.0767463e-02
   2.0510000e+03   3.9133398e-02   3.4684286e-02   3.0739961e-02
   2.0510833e+03   3.9124361e-02   3.4663534e-02   3.0710274e-02
   2.0511667e+03   3.9118982e-02   3.4645484e-02   3.0682513e-02
   2.0512500e+03   3.9124713e-02   3.4635659e-02   3.0660616e-02
   2.0513333e+03   3.9140259e-02   3.4633084e-02   3.0643874e-02
   2.0514167e+03   3.9153455e-02   3.4628734e-02   3.0625846e-02
   2.0515000e+03   3.9158287e-02   3.4618165e-02   3.0603370e-02
   2.0515833e+03   3.9158727e-02   3.4604324e-02   3.0578554e-02
   2.0516667e+03   3.9162166e-02   3.4592678e-02   3.0555287e-02
   2.0517500e+03   3.9175296e-02   3.4588163e-02   3.0537068e-02
   2.0518333e+03   3.9190828e-02   3.4585389e-02   3.0520063e-02
   2.0519167e+03   3.9196973e-02   3.4575664e-02   3.0498113e-02
   2.0520000e+03   3.9192368e-02   3.4557996e-02   3.0470528e-02
   2.0520833e+03   3.9183702e-02   3.4537325e-02   3.0440812e-02
   2.0521667e+03   3.9178679e-02   3.4519320e-02   3.0412976e-02
   2.0522500e+03   3.9184691e-02   3.4509409e-02   3.0390845e-02
   2.0523333e+03   3.9200336e-02   3.4506545e-02   3.0373667e-02
   2.0524167e+03   3.9213371e-02   3.4501733e-02   3.0355095e-02
   2.0525000e+03   3.9217843e-02   3.4490614e-02   3.0332067e-02
   2.0525833e+03   3.9217846e-02   3.4476197e-02   3.0306708e-02
   2.0526667e+03   3.9220899e-02   3.4463994e-02   3.0282894e-02
   2.0527500e+03   3.9233864e-02   3.4459017e-02   3.0264137e-02
   2.0528333e+03   3.9249496e-02   3.4455957e-02   3.0246705e-02
   2.0529167e+03   3.9255920e-02   3.4446142e-02   3.0224522e-02
   2.0530000e+03   3.9251668e-02   3.4428514e-02   3.0196861e-02
   2.0530833e+03   3.9243371e-02   3.4407922e-02   3.0167122e-02
   2.0531667e+03   3.9238702e-02   3.4389961e-02   3.0139217e-02
   2.0532500e+03   3.9244995e-02   3.4379963e-02   3.0116859e-02
   2.0533333e+03   3.9260734e-02   3.4376810e-02   3.0099256e-02
   2.0534167e+03   3.9273601e-02   3.4371537e-02   3.0080157e-02
   2.0535000e+03   3.9277707e-02   3.4359872e-02   3.0056595e-02
   2.0535833e+03   3.9277264e-02   3.4344884e-02   3.0030713e-02
   2.0536667e+03   3.9279924e-02   3.4332127e-02   3.0006371e-02
   2.0537500e+03   3.9292719e-02   3.4326690e-02   2.9987092e-02
   2.0538333e+03   3.9308446e-02   3.4323344e-02   2.9969244e-02
   2.0539167e+03   3.9315147e-02   3.4313438e-02   2.9946837e-02
   2.0540000e+03   3.9311246e-02   3.4295848e-02   2.9919105e-02
   2.0540833e+03   3.9303318e-02   3.4275335e-02   2.9889349e-02
   2.0541667e+03   3.9299003e-02   3.4257417e-02   2.9861379e-02
   2.0542500e+03   3.9305573e-02   3.4247330e-02   2.9838802e-02
   2.0543333e+03   3.9321402e-02   3.4243887e-02   2.9820786e-02
   2.0544167e+03   3.9334096e-02   3.4238156e-02   2.9801176e-02
   2.0545000e+03   3.9337827e-02   3.4225949e-02   2.9777099e-02
   2.0545833e+03   3.9336930e-02   3.4210395e-02   2.9750714e-02
   2.0546667e+03   3.9339190e-02   3.4197089e-02   2.9725863e-02
   2.0547500e+03   3.9351808e-02   3.4191194e-02   2.9706080e-02
   2.0548333e+03   3.9367626e-02   3.4187562e-02   2.9687827e-02
   2.0549167e+03   3.9374601e-02   3.4177564e-02   2.9665204e-02
   2.0550000e+03   3.9371051e-02   3.4160011e-02   2.9637407e-02
   2.0550833e+03   3.9363491e-02   3.4139576e-02   2.9607638e-02
   2.0551667e+03   3.9359528e-02   3.4121698e-02   2.9579611e-02
   2.0552500e+03   3.9366374e-02   3.4111522e-02   2.9556823e-02
   2.0553333e+03   3.9382288e-02   3.4107789e-02   2.9538406e-02
   2.0554167e+03   3.9394803e-02   3.4101601e-02   2.9518301e-02
   2.0555000e+03   3.9398152e-02   3.4088857e-02   2.9493728e-02
   2.0555833e+03   3.9396793e-02   3.4072742e-02   2.9466861e-02
   2.0556667e+03   3.9398644e-02   3.4058892e-02   2.9441521e-02
   2.0557500e+03   3.9411080e-02   3.4052541e-02   2.9421248e-02
   2.0558333e+03   3.9426986e-02   3.4048623e-02   2.9402603e-02
   2.0559167e+03   3.9434233e-02   3.4038532e-02   2.9379771e-02
   2.0560000e+03   3.9431031e-02   3.4021014e-02   2.9351916e-02
   2.0560833e+03   3.9423838e-02   3.4000656e-02   2.9322141e-02
   2.0561667e+03   3.9420226e-02   3.3982818e-02   2.9294062e-02
   2.0562500e+03   3.9427346e-02   3.3972552e-02   2.9271071e-02
   2.0563333e+03   3.9443341e-02   3.3968530e-02   2.9252264e-02
   2.0564167e+03   3.9455670e-02   3.3961887e-02   2.9231681e-02
   2.0565000e+03   3.9458630e-02   3.3948610e-02   2.9206632e-02
   2.0565833e+03   3.9456801e-02   3.3931940e-02   2.9179302e-02
   2.0566667e+03   3.9458236e-02   3.3917550e-02   2.9153493e-02
   2.0567500e+03   3.9470483e-02   3.3910746e-02   2.9132747e-02
   2.0568333e+03   3.9486471e-02   3.3906542e-02   2.9113723e-02
   2.0569167e+03   3.9493987e-02   3.3896357e-02   2.9090691e-02
   2.0570000e+03   3.9491134e-02   3.3878873e-02   2.9062783e-02
   2.0570833e+03   3.9484307e-02   3.3858590e-02   2.9033007e-02
   2.0571667e+03   3.9481044e-02   3.3840792e-02   2.9004883e-02
   2.0572500e+03   3.9488435e-02   3.3830434e-02   2.8981698e-02
   2.0573333e+03   3.9504508e-02   3.3826122e-02   2.8962514e-02
   2.0574167e+03   3.9516645e-02   3.3819029e-02   2.8941468e-02
   2.0575000e+03   3.9519207e-02   3.3805223e-02   2.8915963e-02
   2.0575833e+03   3.9516900e-02   3.3788003e-02   2.8888192e-02
   2.0576667e+03   3.9517910e-02   3.3773078e-02   2.8861933e-02
   2.0577500e+03   3.9529962e-02   3.3765824e-02   2.8840732e-02
   2.0578333e+03   3.9546029e-02   3.3761334e-02   2.8821339e-02
   2.0579167e+03   3.9553813e-02   3.3751054e-02   2.8798115e-02
   2.0580000e+03   3.9551305e-02   3.3733604e-02   2.8770162e-02
   2.0580833e+03   3.9544844e-02   3.3713395e-02   2.8740391e-02
   2.0581667e+03   3.9541929e-02   3.3695634e-02   2.8712228e-02
   2.0582500e+03   3.9549589e-02   3.3685184e-02   2.8688857e-02
   2.0583333e+03   3.9565735e-02   3.3680584e-02   2.8669308e-02
   2.0584167e+03   3.9577673e-02   3.3673042e-02   2.8647818e-02
   2.0585000e+03   3.9579830e-02   3.3658713e-02   2.8621876e-02
   2.0585833e+03   3.9577037e-02   3.3640948e-02   2.8593683e-02
   2.0586667e+03   3.9577615e-02   3.3625494e-02   2.8566995e-02
   2.0587500e+03   3.9589466e-02   3.3617792e-02   2.8545355e-02
   2.0588333e+03   3.9605607e-02   3.3613017e-02   2.8525607e-02
   2.0589167e+03   3.9613655e-02   3.3602642e-02   2.8502200e-02
   2.0590000e+03   3.9611493e-02   3.3585224e-02   2.8474208e-02
   2.0590833e+03   3.9605395e-02   3.3565088e-02   2.8444448e-02
   2.0591667e+03   3.9602828e-02   3.3547364e-02   2.8416251e-02
   2.0592500e+03   3.9610754e-02   3.3536821e-02   2.8392703e-02
   2.0593333e+03   3.9626968e-02   3.3531932e-02   2.8372803e-02
   2.0594167e+03   3.9638702e-02   3.3523944e-02   2.8350885e-02
   2.0595000e+03   3.9640445e-02   3.3509097e-02   2.8324525e-02
   2.0595833e+03   3.9637157e-02   3.3490794e-02   2.8295932e-02
   2.0596667e+03   3.9637295e-02   3.3474816e-02   2.8268834e-02
   2.0597500e+03   3.9648938e-02   3.3466670e-02   2.8246772e-02
   2.0598333e+03   3.9665149e-02   3.3461610e-02   2.8226682e-02
   2.0599167e+03   3.9673459e-02   3.3451138e-02   2.8203101e-02
   2.0600000e+03   3.9671641e-02   3.3433751e-02   2.8175076e-02
   2.0600833e+03   3.9665906e-02   3.3413688e-02   2.8145333e-02
   2.0601667e+03   3.9663685e-02   3.3396000e-02   2.8117111e-02
   2.0602500e+03   3.9671874e-02   3.3385363e-02   2.8093394e-02
   2.0603333e+03   3.9688153e-02   3.3380186e-02   2.8073155e-02
   2.0604167e+03   3.9699675e-02   3.3371756e-02   2.8050825e-02
   2.0605000e+03   3.9700997e-02   3.3356396e-02   2.8024069e-02
   2.0605833e+03   3.9697207e-02   3.3337561e-02   2.7995096e-02
   2.0606667e+03   3.9696897e-02   3.3321065e-02   2.7967609e-02
   2.0607500e+03   3.9708324e-02   3.3312477e-02   2.7945142e-02
   2.0608333e+03   3.9724601e-02   3.3307134e-02   2.7924722e-02
   2.0609167e+03   3.9733171e-02   3.3296565e-02   2.7900977e-02
   2.0610000e+03   3.9731694e-02   3.3279208e-02   2.7872925e-02
   2.0610833e+03   3.9726321e-02   3.3259216e-02   2.7843206e-02
   2.0611667e+03   3.9724445e-02   3.3241563e-02   2.7814964e-02
   2.0612500e+03   3.9732896e-02   3.3230831e-02   2.7791087e-02
   2.0613333e+03   3.9749234e-02   3.3225368e-02   2.7770522e-02
   2.0614167e+03   3.9760538e-02   3.3216499e-02   2.7747799e-02
   2.0615000e+03   3.9761431e-02   3.3200632e-02   2.7720665e-02
   2.0615833e+03   3.9757129e-02   3.3181271e-02   2.7691333e-02
   2.0616667e+03   3.9756363e-02   3.3164262e-02   2.7663478e-02
   2.0617500e+03   3.9767570e-02   3.3155237e-02   2.7640623e-02
   2.0618333e+03   3.9783907e-02   3.3149610e-02   2.7619887e-02
   2.0619167e+03   3.9792734e-02   3.3138944e-02   2.7595985e-02
   2.0620000e+03   3.9791598e-02   3.3121617e-02   2.7567915e-02
   2.0620833e+03   3.9786586e-02   3.3101695e-02   2.7538224e-02
   2.0621667e+03   3.9785052e-02   3.3084075e-02   2.7509969e-02
   2.0622500e+03   3.9793762e-02   3.3073249e-02   2.7485942e-02
   2.0623333e+03   3.9810155e-02   3.3067501e-02   2.7465065e-02
   2.0624167e+03   3.9821234e-02   3.3058196e-02   2.7441965e-02
   2.0625000e+03   3.9821691e-02   3.3041827e-02   2.7414473e-02
   2.0625833e+03   3.9816869e-02   3.3021946e-02   2.7384804e-02
   2.0626667e+03   3.9815638e-02   3.3004431e-02   2.7356599e-02
   2.0627500e+03   3.9826617e-02   3.2994972e-02   2.7333375e-02
   2.0628333e+03   3.9843011e-02   3.2989063e-02   2.7312335e-02
   2.0629167e+03   3.9852092e-02   3.2978299e-02   2.7288286e-02
   2.0630000e+03   3.9851296e-02   3.2961001e-02   2.7260203e-02
   2.0630833e+03   3.9846643e-02   3.2941148e-02   2.7230548e-02
   2.0631667e+03   3.9845451e-02   3.2923562e-02   2.7202288e-02
   2.0632500e+03   3.9854417e-02   3.2912640e-02   2.7178120e-02
   2.0633333e+03   3.9870861e-02   3.2906607e-02   2.7156942e-02
   2.0634167e+03   3.9881708e-02   3.2896871e-02   2.7133484e-02
   2.0635000e+03   3.9881720e-02   3.2880005e-02   2.7105654e-02
   2.0635833e+03   3.9876370e-02   3.2859613e-02   2.7075668e-02
   2.0636667e+03   3.9874666e-02   3.2841597e-02   2.7047135e-02
   2.0637500e+03   3.9885410e-02   3.2831707e-02   2.7023558e-02
   2.0638333e+03   3.9901856e-02   3.2825518e-02   2.7002227e-02
   2.0639167e+03   3.9911189e-02   3.2814656e-02   2.6978041e-02
   2.0640000e+03   3.9910730e-02   3.2797385e-02   2.6949953e-02
   2.0640833e+03   3.9906436e-02   3.2777602e-02   2.6920340e-02
   2.0641667e+03   3.9905584e-02   3.2760048e-02   2.6892080e-02
   2.0642500e+03   3.9914803e-02   3.2749030e-02   2.6867780e-02
   2.0643333e+03   3.9931292e-02   3.2742714e-02   2.6846316e-02
   2.0644167e+03   3.9941902e-02   3.2732550e-02   2.6822516e-02
   2.0645000e+03   3.9941460e-02   3.2715195e-02   2.6794369e-02
   2.0645833e+03   3.9935573e-02   3.2694296e-02   2.6764086e-02
   2.0646667e+03   3.9933389e-02   3.2675786e-02   2.6735245e-02
   2.0647500e+03   3.9943892e-02   3.2665471e-02   2.6711334e-02
   2.0648333e+03   3.9960384e-02   3.2659002e-02   2.6689726e-02
   2.0649167e+03   3.9969966e-02   3.2648041e-02   2.6665411e-02
   2.0650000e+03   3.9969844e-02   3.2630798e-02   2.6637325e-02
   2.0650833e+03   3.9965907e-02   3.2611082e-02   2.6607760e-02
   2.0651667e+03   3.9965394e-02   3.2593560e-02   2.6579509e-02
   2.0652500e+03   3.9974863e-02   3.2582447e-02   2.6555085e-02
   2.0653333e+03   3.9991393e-02   3.2575848e-02   2.6533349e-02
   2.0654167e+03   4.0001757e-02   3.2565261e-02   2.6509225e-02
   2.0655000e+03   4.0000855e-02   3.2547422e-02   2.6480780e-02
   2.0655833e+03   3.9994422e-02   3.2526025e-02   2.6450222e-02
   2.0656667e+03   3.9991749e-02   3.2507028e-02   2.6421092e-02
   2.0657500e+03   4.0002004e-02   3.2496290e-02   2.6396863e-02
   2.0658333e+03   4.0018538e-02   3.2489544e-02   2.6374992e-02
   2.0659167e+03   4.0028366e-02   3.2478484e-02   2.6350558e-02
   2.0660000e+03   4.0028578e-02   3.2461267e-02   2.6322482e-02
   2.0660833e+03   4.0024998e-02   3.2441619e-02   2.6292971e-02
   2.0661667e+03   4.0024821e-02   3.2424128e-02   2.6264734e-02
   2.0662500e+03   4.0034538e-02   3.2412918e-02   2.6240198e-02
   2.0663333e+03   4.0051104e-02   3.2406040e-02   2.6218202e-02
   2.0664167e+03   4.0061216e-02   3.2395032e-02   2.6193772e-02
   2.0665000e+03   4.0059845e-02   3.2376716e-02   2.6165049e-02
   2.0665833e+03   4.0052858e-02   3.2354829e-02   2.6134236e-02
   2.0666667e+03   4.0049688e-02   3.2335351e-02   2.6104839e-02
   2.0667500e+03   4.0059687e-02   3.2324196e-02   2.6080310e-02
   2.0668333e+03   4.0076259e-02   3.2317173e-02   2.6058188e-02
   2.0669167e+03   4.0086329e-02   3.2306014e-02   2.6033645e-02
   2.0670000e+03   4.0086874e-02   3.2288823e-02   2.6005585e-02
   2.0670833e+03   4.0083649e-02   3.2269242e-02   2.5976134e-02
   2.0671667e+03   4.0083808e-02   3.2251781e-02   2.5947920e-02
   2.0672500e+03   4.0093770e-02   3.2240475e-02   2.5923280e-02
   2.0673333e+03   4.0110367e-02   3.2233318e-02   2.5901039e-02
   2.0674167e+03   4.0120219e-02   3.2221896e-02   2.5876320e-02
   2.0675000e+03   4.0118370e-02   3.2203109e-02   2.5847339e-02
   2.0675833e+03   4.0110821e-02   3.2180738e-02   2.5816291e-02
   2.0676667e+03   4.0107145e-02   3.2160787e-02   2.5786646e-02
   2.0677500e+03   4.0116882e-02   3.2149219e-02   2.5761835e-02
   2.0678333e+03   4.0133486e-02   3.2141921e-02   2.5739477e-02
   2.0679167e+03   4.0143797e-02   3.2130664e-02   2.5714835e-02
   2.0680000e+03   4.0144673e-02   3.2113498e-02   2.5686797e-02
   2.0680833e+03   4.0141801e-02   3.2093982e-02   2.5657414e-02
   2.0681667e+03   4.0142294e-02   3.2076551e-02   2.5629229e-02
   2.0682500e+03   4.0152498e-02   3.2065150e-02   2.5604494e-02
   2.0683333e+03   4.0169121e-02   3.2057715e-02   2.5582021e-02
   2.0684167e+03   4.0178708e-02   3.2045883e-02   2.5557031e-02
   2.0685000e+03   4.0176373e-02   3.2026633e-02   2.5527812e-02
   2.0685833e+03   4.0168252e-02   3.2003786e-02   2.5496551e-02
   2.0686667e+03   4.0164062e-02   3.1983368e-02   2.5466678e-02
   2.0687500e+03   4.0173530e-02   3.1971391e-02   2.5441601e-02
   2.0688333e+03   4.0190161e-02   3.1963821e-02   2.5419020e-02
   2.0689167e+03   4.0200709e-02   3.1952465e-02   2.5394288e-02
   2.0690000e+03   4.0201915e-02   3.1935324e-02   2.5366281e-02
   2.0690833e+03   4.0199395e-02   3.1915874e-02   2.5336972e-02
   2.0691667e+03   4.0200220e-02   3.1898473e-02   2.5308823e-02
   2.0692500e+03   4.0210663e-02   3.1886975e-02   2.5284003e-02
   2.0693333e+03   4.0227307e-02   3.1879266e-02   2.5261312e-02
   2.0694167e+03   4.0236620e-02   3.1867027e-02   2.5236069e-02
   2.0695000e+03   4.0233791e-02   3.1847321e-02   2.5206631e-02
   2.0695833e+03   4.0225090e-02   3.1824006e-02   2.5175176e-02
   2.0696667e+03   4.0220378e-02   3.1803130e-02   2.5145095e-02
   2.0697500e+03   4.0229569e-02   3.1790749e-02   2.5119771e-02
   2.0698333e+03   4.0246223e-02   3.1782908e-02   2.5096981e-02
   2.0699167e+03   4.0257004e-02   3.1771454e-02   2.5072169e-02
   2.0700000e+03   4.0258538e-02   3.1754337e-02   2.5044199e-02
   2.0700833e+03   4.0256369e-02   3.1734952e-02   2.5014970e-02
   2.0701667e+03   4.0257524e-02   3.1717579e-02   2.4986865e-02
   2.0702500e+03   4.0268203e-02   3.1705986e-02   2.4961970e-02
   2.0703333e+03   4.0284863e-02   3.1698004e-02   2.4939074e-02
   2.0704167e+03   4.0293895e-02   3.1685365e-02   2.4913594e-02
   2.0705000e+03   4.0290564e-02   3.1665209e-02   2.4883958e-02
   2.0705833e+03   4.0281275e-02   3.1641435e-02   2.4852329e-02
   2.0706667e+03   4.0276032e-02   3.1620106e-02   2.4822060e-02
   2.0707500e+03   4.0284940e-02   3.1607327e-02   2.4796506e-02
   2.0708333e+03   4.0301610e-02   3.1599217e-02   2.4773521e-02
   2.0709167e+03   4.0312622e-02   3.1587665e-02   2.4748638e-02
   2.0710000e+03   4.0314482e-02   3.1570573e-02   2.4720713e-02
   2.0710833e+03   4.0312662e-02   3.1551251e-02   2.4691570e-02
   2.0711667e+03   4.0314146e-02   3.1533908e-02   2.4663516e-02
   2.0712500e+03   4.0325058e-02   3.1522219e-02   2.4638556e-02
   2.0713333e+03   4.0341728e-02   3.1513966e-02   2.4615469e-02
   2.0714167e+03   4.0350473e-02   3.1500931e-02   2.4589770e-02
   2.0715000e+03   4.0346631e-02   3.1480333e-02   2.4559954e-02
   2.0715833e+03   4.0336744e-02   3.1456108e-02   2.4528172e-02
   2.0716667e+03   4.0330962e-02   3.1434335e-02   2.4497734e-02
   2.0717500e+03   4.0339579e-02   3.1421163e-02   2.4471968e-02
   2.0718333e+03   4.0356262e-02   3.1412787e-02   2.4448800e-02
   2.0719167e+03   4.0367501e-02   3.1401137e-02   2.4423857e-02
   2.0720000e+03   4.0369684e-02   3.1384068e-02   2.4395984e-02
   2.0720833e+03   4.0368213e-02   3.1364811e-02   2.4366934e-02
   2.0721667e+03   4.0370023e-02   3.1347496e-02   2.4338938e-02
   2.0722500e+03   4.0381164e-02   3.1335712e-02   2.4313922e-02
   2.0723333e+03   4.0397839e-02   3.1327191e-02   2.4290658e-02
   2.0724167e+03   4.0406290e-02   3.1313766e-02   2.4264758e-02
   2.0725000e+03   4.0401929e-02   3.1292733e-02   2.4234781e-02
   2.0725833e+03   4.0391436e-02   3.1268065e-02   2.4202866e-02
   2.0726667e+03   4.0385106e-02   3.1245856e-02   2.4172278e-02
   2.0727500e+03   4.0393425e-02   3.1232295e-02   2.4146317e-02
   2.0728333e+03   4.0410114e-02   3.1223655e-02   2.4122981e-02
   2.0729167e+03   4.0421578e-02   3.1211908e-02   2.4097986e-02
   2.0730000e+03   4.0424083e-02   3.1194863e-02   2.4070173e-02
   2.0730833e+03   4.0422958e-02   3.1175669e-02   2.4041223e-02
   2.0731667e+03   4.0425093e-02   3.1158382e-02   2.4013291e-02
   2.0732500e+03   4.0436460e-02   3.1146504e-02   2.3988229e-02
   2.0733333e+03   4.0453135e-02   3.1137717e-02   2.3964802e-02
   2.0734167e+03   4.0461284e-02   3.1123907e-02   2.3938718e-02
   2.0735000e+03   4.0456395e-02   3.1102448e-02   2.3908600e-02
   2.0735833e+03   4.0445288e-02   3.1077345e-02   2.3876571e-02
   2.0736667e+03   4.0438402e-02   3.1054708e-02   2.3845852e-02
   2.0737500e+03   4.0446416e-02   3.1040765e-02   2.3819714e-02
   2.0738333e+03   4.0463106e-02   3.1031863e-02   2.3796223e-02
   2.0739167e+03   4.0474790e-02   3.1020019e-02   2.3771186e-02
   2.0740000e+03   4.0477615e-02   3.1002998e-02   2.3743440e-02
   2.0740833e+03   4.0476835e-02   3.0983867e-02   2.3714596e-02
   2.0741667e+03   4.0479292e-02   3.0966608e-02   2.3686736e-02
   2.0742500e+03   4.0490883e-02   3.0954635e-02   2.3661638e-02
   2.0743333e+03   4.0507552e-02   3.0945586e-02   2.3638061e-02
   2.0744167e+03   4.0515391e-02   3.0931396e-02   2.3611810e-02
   2.0745000e+03   4.0509967e-02   3.0909518e-02   2.3581568e-02
   2.0745833e+03   4.0498236e-02   3.0883989e-02   2.3549445e-02
   2.0746667e+03   4.0490785e-02   3.0860933e-02   2.3518615e-02
   2.0747500e+03   4.0498487e-02   3.0846613e-02   2.3492316e-02
   2.0748333e+03   4.0515172e-02   3.0837452e-02   2.3468684e-02
   2.0749167e+03   4.0527075e-02   3.0825512e-02   2.3443616e-02
   2.0750000e+03   4.0530217e-02   3.0808514e-02   2.3415943e-02
   2.0750833e+03   4.0529778e-02   3.0789446e-02   2.3387211e-02
   2.0751667e+03   4.0532552e-02   3.0772212e-02   2.3359429e-02
   2.0752500e+03   4.0544359e-02   3.0760144e-02   2.3334303e-02
   2.0753333e+03   4.0561018e-02   3.0750835e-02   2.3310591e-02
   2.0754167e+03   4.0568549e-02   3.0736277e-02   2.3284192e-02
   2.0755000e+03   4.0562598e-02   3.0713997e-02   2.3253852e-02
   2.0755833e+03   4.0550258e-02   3.0688065e-02   2.3221659e-02
   2.0756667e+03   4.0542259e-02   3.0664611e-02   2.3190744e-02
   2.0757500e+03   4.0549656e-02   3.0649929e-02   2.3164305e-02
   2.0758333e+03   4.0566334e-02   3.0640513e-02   2.3140546e-02
   2.0759167e+03   4.0578439e-02   3.0628471e-02   2.3115453e-02
   2.0760000e+03   4.0581877e-02   3.0611485e-02   2.3087855e-02
   2.0760833e+03   4.0581757e-02   3.0592467e-02   2.3059235e-02
   2.0761667e+03   4.0584830e-02   3.0575250e-02   2.3031534e-02
   2.0762500e+03   4.0596840e-02   3.0563082e-02   2.3006388e-02
   2.0763333e+03   4.0613485e-02   3.0553517e-02   2.2982553e-02
   2.0764167e+03   4.0620714e-02   3.0538603e-02   2.2956027e-02
   2.0765000e+03   4.0614246e-02   3.0515941e-02   2.2925612e-02
   2.0765833e+03   4.0601305e-02   3.0489624e-02   2.2893374e-02
   2.0766667e+03   4.0592762e-02   3.0465787e-02   2.2862395e-02
   2.0767500e+03   4.0599854e-02   3.0450752e-02   2.2835835e-02
   2.0768333e+03   4.0616519e-02   3.0441085e-02   2.2811963e-02
   2.0769167e+03   4.0628821e-02   3.0428942e-02   2.2786853e-02
   2.0770000e+03   4.0632554e-02   3.0411968e-02   2.2759338e-02
   2.0770833e+03   4.0632751e-02   3.0393000e-02   2.2730838e-02
   2.0771667e+03   4.0636121e-02   3.0375800e-02   2.2703224e-02
   2.0772500e+03   4.0648331e-02   3.0363534e-02   2.2678067e-02
   2.0773333e+03   4.0664958e-02   3.0353715e-02   2.2654125e-02
   2.0774167e+03   4.0671877e-02   3.0338453e-02   2.2627488e-02
   2.0775000e+03   4.0664885e-02   3.0315416e-02   2.2597014e-02
   2.0775833e+03   4.0651336e-02   3.0288723e-02   2.2564750e-02
   2.0776667e+03   4.0642241e-02   3.0264512e-02   2.2533725e-02
   2.0777500e+03   4.0649021e-02   3.0249131e-02   2.2507060e-02
   2.0778333e+03   4.0665669e-02   3.0239215e-02   2.2483088e-02
   2.0779167e+03   4.0678166e-02   3.0226972e-02   2.2457973e-02
   2.0780000e+03   4.0682190e-02   3.0210011e-02   2.2430548e-02
   2.0780833e+03   4.0682704e-02   3.0191094e-02   2.2402173e-02
   2.0781667e+03   4.0686369e-02   3.0173911e-02   2.2374655e-02
   2.0782500e+03   4.0698776e-02   3.0161548e-02   2.2349497e-02
   2.0783333e+03   4.0715378e-02   3.0151480e-02   2.2325460e-02
   2.0784167e+03   4.0721982e-02   3.0135875e-02   2.2298728e-02
   2.0785000e+03   4.0714458e-02   3.0112472e-02   2.2268215e-02
   2.0785833e+03   4.0700293e-02   3.0085412e-02   2.2235941e-02
   2.0786667e+03   4.0690639e-02   3.0060837e-02   2.2204888e-02
   2.0787500e+03   4.0697101e-02   3.0045114e-02   2.2178135e-02
   2.0788333e+03   4.0713726e-02   3.0034954e-02   2.2154076e-02
   2.0789167e+03   4.0726415e-02   3.0022613e-02   2.2128965e-02
   2.0790000e+03   4.0730729e-02   3.0005665e-02   2.2101637e-02
   2.0790833e+03   4.0731558e-02   2.9986800e-02   2.2073395e-02
   2.0791667e+03   4.0735515e-02   2.9969634e-02   2.2045980e-02
   2.0792500e+03   4.0748116e-02   2.9957175e-02   2.2020830e-02
   2.0793333e+03   4.0764689e-02   2.9946862e-02   2.1996712e-02
   2.0794167e+03   4.0770970e-02   2.9930919e-02   2.1969902e-02
   2.0795000e+03   4.0762907e-02   2.9907159e-02   2.1939365e-02
   2.0795833e+03   4.0748119e-02   2.9879742e-02   2.1907100e-02
   2.0796667e+03   4.0737898e-02   2.9854811e-02   2.1876037e-02
   2.0797500e+03   4.0744035e-02   2.9838754e-02   2.1849211e-02
   2.0798333e+03   4.0760632e-02   2.9828353e-02   2.1825078e-02
   2.0799167e+03   4.0773510e-02   2.9815915e-02   2.1799980e-02
   2.0800000e+03   4.0778111e-02   2.9798981e-02   2.1772758e-02
   2.0800833e+03   4.0779253e-02   2.9780167e-02   2.1744655e-02
   2.0801667e+03   4.0783501e-02   2.9763020e-02   2.1717349e-02
   2.0802500e+03   4.0796292e-02   2.9750467e-02   2.1692218e-02
   2.0803333e+03   4.0812831e-02   2.9739911e-02   2.1668032e-02
   2.0804167e+03   4.0818784e-02   2.9723639e-02   2.1641159e-02
   2.0805000e+03   4.0810173e-02   2.9699529e-02   2.1610617e-02
   2.0805833e+03   4.0794754e-02   2.9671765e-02   2.1578378e-02
   2.0806667e+03   4.0783959e-02   2.9646486e-02   2.1547320e-02
   2.0807500e+03   4.0789765e-02   2.9630103e-02   2.1520438e-02
   2.0808333e+03   4.0806329e-02   2.9619464e-02   2.1496244e-02
   2.0809167e+03   4.0819392e-02   2.9606930e-02   2.1471170e-02
   2.0810000e+03   4.0824279e-02   2.9590011e-02   2.1444060e-02
   2.0810833e+03   4.0825732e-02   2.9571249e-02   2.1416102e-02
   2.0811667e+03   4.0830268e-02   2.9554120e-02   2.1388914e-02
   2.0812500e+03   4.0843247e-02   2.9541475e-02   2.1363810e-02
   2.0813333e+03   4.0859747e-02   2.9530681e-02   2.1339569e-02
   2.0814167e+03   4.0865364e-02   2.9514085e-02   2.1312650e-02
   2.0815000e+03   4.0856199e-02   2.9489635e-02   2.1282118e-02
   2.0815833e+03   4.0840141e-02   2.9461533e-02   2.1249921e-02
   2.0816667e+03   4.0828765e-02   2.9435916e-02   2.1218887e-02
   2.0817500e+03   4.0834232e-02   2.9419212e-02   2.1191963e-02
   2.0818333e+03   4.0850758e-02   2.9408339e-02   2.1167722e-02
   2.0819167e+03   4.0864003e-02   2.9395712e-02   2.1142681e-02
   2.0820000e+03   4.0869173e-02   2.9378808e-02   2.1115690e-02
   2.0820833e+03   4.0870936e-02   2.9360098e-02   2.1087885e-02
   2.0821667e+03   4.0875758e-02   2.9342990e-02   2.1060820e-02
   2.0822500e+03   4.0888921e-02   2.9330253e-02   2.1035754e-02
   2.0823333e+03   4.0905376e-02   2.9319225e-02   2.1011470e-02
   2.0824167e+03   4.0910650e-02   2.9302312e-02   2.0984520e-02
   2.0825000e+03   4.0900924e-02   2.9277531e-02   2.0954016e-02
   2.0825833e+03   4.0884221e-02   2.9249101e-02   2.0921878e-02
   2.0826667e+03   4.0872255e-02   2.9223155e-02   2.0890883e-02
   2.0827500e+03   4.0877378e-02   2.9206137e-02   2.0863933e-02
   2.0828333e+03   4.0893860e-02   2.9195034e-02   2.0839657e-02
   2.0829167e+03   4.0907283e-02   2.9182315e-02   2.0814659e-02
   2.0830000e+03   4.0912734e-02   2.9165427e-02   2.0787794e-02
   2.0830833e+03   4.0914804e-02   2.9146770e-02   2.0760146e-02
   2.0831667e+03   4.0919911e-02   2.9129682e-02   2.0733212e-02
   2.0832500e+03   4.0933254e-02   2.9116855e-02   2.0708194e-02
   2.0833333e+03   4.0949659e-02   2.9105597e-02   2.0683880e-02
   2.0834167e+03   4.0954585e-02   2.9088374e-02   2.0656914e-02
   2.0835000e+03   4.0944289e-02   2.9063271e-02   2.0626453e-02
   2.0835833e+03   4.0926932e-02   2.9034522e-02   2.0594390e-02
   2.0836667e+03   4.0914370e-02   2.9008257e-02   2.0563450e-02
   2.0837500e+03   4.0919141e-02   2.8990932e-02   2.0536490e-02
   2.0838333e+03   4.0935576e-02   2.8979603e-02   2.0512192e-02
   2.0839167e+03   4.0949172e-02   2.8966793e-02   2.0487245e-02
   2.0840000e+03   4.0954902e-02   2.8949922e-02   2.0460514e-02
   2.0840833e+03   4.0957279e-02   2.8931319e-02   2.0433030e-02
   2.0841667e+03   4.0962667e-02   2.8914252e-02   2.0406234e-02
   2.0842500e+03   4.0976187e-02   2.8901338e-02   2.0381271e-02
   2.0843333e+03   4.0992536e-02   2.8889853e-02   2.0356941e-02
   2.0844167e+03   4.0997106e-02   2.8872328e-02   2.0329974e-02
   2.0845000e+03   4.0986235e-02   2.8846911e-02   2.0299571e-02
   2.0845833e+03   4.0968217e-02   2.8817854e-02   2.0267600e-02
   2.0846667e+03   4.0955051e-02   2.8791278e-02   2.0236731e-02
   2.0847500e+03   4.0959464e-02   2.8773653e-02   2.0209775e-02
   2.0848333e+03   4.0975844e-02   2.8762103e-02   2.0185467e-02
   2.0849167e+03   4.0989612e-02   2.8749204e-02   2.0160581e-02
   2.0850000e+03   4.0995618e-02   2.8732351e-02   2.0133990e-02
   2.0850833e+03   4.0998298e-02   2.8713802e-02   2.0106677e-02
   2.0851667e+03   4.1003967e-02   2.8696756e-02   2.0080025e-02
   2.0852500e+03   4.1017659e-02   2.8683757e-02   2.0055127e-02
   2.0853333e+03   4.1033948e-02   2.8672050e-02   2.0030792e-02
   2.0854167e+03   4.1038155e-02   2.8654229e-02   2.0003838e-02
   2.0855000e+03   4.1026701e-02   2.8628508e-02   1.9973510e-02
   2.0855833e+03   4.1008014e-02   2.8599152e-02   1.9941645e-02
   2.0856667e+03   4.0994237e-02   2.8572275e-02   1.9910863e-02
   2.0857500e+03   4.0998285e-02   2.8554358e-02   1.9883925e-02
   2.0858333e+03   4.1014606e-02   2.8542589e-02   1.9859620e-02
   2.0859167e+03   4.1028541e-02   2.8529605e-02   1.9834804e-02
   2.0860000e+03   4.1034821e-02   2.8512770e-02   1.9808359e-02
   2.0860833e+03   4.1037803e-02   2.8494275e-02   1.9781222e-02
   2.0861667e+03   4.1043748e-02   2.8477253e-02   1.9754722e-02
   2.0862500e+03   4.1057610e-02   2.8464169e-02   1.9729898e-02
   2.0863333e+03   4.1073833e-02   2.8452244e-02   1.9705571e-02
   2.0864167e+03   4.1077671e-02   2.8434134e-02   1.9678644e-02
   2.0865000e+03   4.1065626e-02   2.8408119e-02   1.9648405e-02
   2.0865833e+03   4.1046263e-02   2.8378475e-02   1.9616663e-02
   2.0866667e+03   4.1031868e-02   2.8351306e-02   1.9585981e-02
   2.0867500e+03   4.1035545e-02   2.8333103e-02   1.9559076e-02
   2.0868333e+03   4.1051801e-02   2.8321122e-02   1.9534786e-02
   2.0869167e+03   4.1065899e-02   2.8308052e-02   1.9510048e-02
   2.0870000e+03   4.1072450e-02   2.8291237e-02   1.9483757e-02
   2.0870833e+03   4.1075732e-02   2.8272798e-02   1.9456802e-02
   2.0871667e+03   4.1081952e-02   2.8255799e-02   1.9430459e-02
   2.0872500e+03   4.1095980e-02   2.8242634e-02   1.9405718e-02
   2.0873333e+03   4.1112130e-02   2.8230495e-02   1.9381411e-02
   2.0874167e+03   4.1115592e-02   2.8212104e-02   1.9354526e-02
   2.0875000e+03   4.1102949e-02   2.8185803e-02   1.9324391e-02
   2.0875833e+03   4.1082904e-02   2.8155880e-02   1.9292784e-02
   2.0876667e+03   4.1067884e-02   2.8128429e-02   1.9262219e-02
   2.0877500e+03   4.1071182e-02   2.8109948e-02   1.9235361e-02
   2.0878333e+03   4.1087367e-02   2.8097757e-02   1.9211096e-02
   2.0879167e+03   4.1101625e-02   2.8084606e-02   1.9186446e-02
   2.0880000e+03   4.1108445e-02   2.8067811e-02   1.9160315e-02
   2.0880833e+03   4.1112024e-02   2.8049428e-02   1.9133548e-02
   2.0881667e+03   4.1118516e-02   2.8032453e-02   1.9107369e-02
   2.0882500e+03   4.1132706e-02   2.8019208e-02   1.9082719e-02
   2.0883333e+03   4.1148779e-02   2.8006860e-02   1.9058443e-02
   2.0884167e+03   4.1151858e-02   2.7988195e-02   1.9031614e-02
   2.0885000e+03   4.1138610e-02   2.7961618e-02   1.9001597e-02
   2.0885833e+03   4.1117875e-02   2.7931427e-02   1.8970141e-02
   2.0886667e+03   4.1102222e-02   2.7903704e-02   1.8939706e-02
   2.0887500e+03   4.1105135e-02   2.7884952e-02   1.8912907e-02
   2.0888333e+03   4.1121245e-02   2.7872557e-02   1.8888681e-02
   2.0889167e+03   4.1135658e-02   2.7859325e-02   1.8864126e-02
   2.0890000e+03   4.1142744e-02   2.7842552e-02   1.8838161e-02
   2.0890833e+03   4.1146618e-02   2.7824225e-02   1.8811588e-02
   2.0891667e+03   4.1153380e-02   2.7807276e-02   1.8785579e-02
   2.0892500e+03   4.1167727e-02   2.7793954e-02   1.8761029e-02
   2.0893333e+03   4.1183718e-02   2.7781401e-02   1.8736796e-02
   2.0894167e+03   4.1186408e-02   2.7762469e-02   1.8710035e-02
   2.0895000e+03   4.1172547e-02   2.7735626e-02   1.8680150e-02
   2.0895833e+03   4.1151114e-02   2.7705176e-02   1.8648859e-02
   2.0896667e+03   4.1134822e-02   2.7677191e-02   1.8618568e-02
   2.0897500e+03   4.1137343e-02   2.7658176e-02   1.8591843e-02
   2.0898333e+03   4.1153372e-02   2.7645580e-02   1.8567665e-02
   2.0899167e+03   4.1167936e-02   2.7632270e-02   1.8543215e-02
   2.0900000e+03   4.1175286e-02   2.7615519e-02   1.8517423e-02
   2.0900833e+03   4.1179453e-02   2.7597250e-02   1.8491048e-02
   2.0901667e+03   4.1186482e-02   2.7580328e-02   1.8465215e-02
   2.0902500e+03   4.1200983e-02   2.7566930e-02   1.8440774e-02
   2.0903333e+03   4.1216884e-02   2.7554177e-02   1.8416595e-02
   2.0904167e+03   4.1219178e-02   2.7534986e-02   1.8389916e-02
   2.0905000e+03   4.1204699e-02   2.7507886e-02   1.8360177e-02
   2.0905833e+03   4.1182561e-02   2.7477188e-02   1.8329063e-02
   2.0906667e+03   4.1165623e-02   2.7448951e-02   1.8298929e-02
   2.0907500e+03   4.1167746e-02   2.7429679e-02   1.8272291e-02
   2.0908333e+03   4.1183687e-02   2.7416888e-02   1.8248173e-02
   2.0909167e+03   4.1198399e-02   2.7403502e-02   1.8223836e-02
   2.0910000e+03   4.1206009e-02   2.7386775e-02   1.8198222e-02
   2.0910833e+03   4.1210467e-02   2.7368564e-02   1.8172051e-02
   2.0911667e+03   4.1217759e-02   2.7351670e-02   1.8146401e-02
   2.0912500e+03   4.1232410e-02   2.7338199e-02   1.8122076e-02
   2.0913333e+03   4.1248218e-02   2.7325250e-02   1.8097962e-02
   2.0914167e+03   4.1250109e-02   2.7305808e-02   1.8071378e-02
   2.0915000e+03   4.1235003e-02   2.7278460e-02   1.8041796e-02
   2.0915833e+03   4.1212154e-02   2.7247525e-02   1.8010874e-02
   2.0916667e+03   4.1194562e-02   2.7219044e-02   1.7980910e-02
   2.0917500e+03   4.1196280e-02   2.7199524e-02   1.7954370e-02
   2.0918333e+03   4.1212128e-02   2.7186542e-02   1.7930324e-02
   2.0919167e+03   4.1226984e-02   2.7173083e-02   1.7906108e-02
   2.0920000e+03   4.1234851e-02   2.7156381e-02   1.7880678e-02
   2.0920833e+03   4.1239597e-02   2.7138229e-02   1.7854716e-02
   2.0921667e+03   4.1247151e-02   2.7121363e-02   1.7829254e-02
   2.0922500e+03   4.1261948e-02   2.7107822e-02   1.7805054e-02
   2.0923333e+03   4.1277655e-02   2.7094682e-02   1.7781015e-02
   2.0924167e+03   4.1279137e-02   2.7074996e-02   1.7754538e-02
   2.0925000e+03   4.1263398e-02   2.7047410e-02   1.7725128e-02
   2.0925833e+03   4.1239831e-02   2.7016248e-02   1.7694409e-02
   2.0926667e+03   4.1221579e-02   2.6987534e-02   1.7664628e-02
   2.0927500e+03   4.1222885e-02   2.6967774e-02   1.7638199e-02
   2.0928333e+03   4.1238635e-02   2.6954605e-02   1.7614235e-02
   2.0929167e+03   4.1253629e-02   2.6941075e-02   1.7590147e-02
   2.0930000e+03   4.1261751e-02   2.6924399e-02   1.7564907e-02
   2.0930833e+03   4.1266783e-02   2.6906307e-02   1.7539160e-02
   2.0931667e+03   4.1274595e-02   2.6889471e-02   1.7513891e-02
   2.0932500e+03   4.1289533e-02   2.6875861e-02   1.7489823e-02
   2.0933333e+03   4.1305135e-02   2.6862536e-02   1.7465871e-02
   2.0934167e+03   4.1306200e-02   2.6842613e-02   1.7439513e-02
   2.0935000e+03   4.1289822e-02   2.6814798e-02   1.7410286e-02
   2.0935833e+03   4.1265530e-02   2.6783420e-02   1.7379782e-02
   2.0936667e+03   4.1246610e-02   2.6754483e-02   1.7350196e-02
   2.0937500e+03   4.1247498e-02   2.6734489e-02   1.7323891e-02
   2.0938333e+03   4.1263144e-02   2.6721139e-02   1.7300018e-02
   2.0939167e+03   4.1278273e-02   2.6707541e-02   1.7276067e-02
   2.0940000e+03   4.1286647e-02   2.6690892e-02   1.7251023e-02
   2.0940833e+03   4.1291961e-02   2.6672861e-02   1.7225495e-02
   2.0941667e+03   4.1300029e-02   2.6656056e-02   1.7200425e-02
   2.0942500e+03   4.1315104e-02   2.6642380e-02   1.7176497e-02
   2.0943333e+03   4.1330594e-02   2.6628874e-02   1.7152641e-02
   2.0944167e+03   4.1331237e-02   2.6608722e-02   1.7126414e-02
   2.0945000e+03   4.1314212e-02   2.6580689e-02   1.7097382e-02
   2.0945833e+03   4.1289188e-02   2.6549104e-02   1.7067106e-02
   2.0946667e+03   4.1269595e-02   2.6519954e-02   1.7037726e-02
   2.0947500e+03   4.1270058e-02   2.6499735e-02   1.7011556e-02
   2.0948333e+03   4.1285593e-02   2.6486209e-02   1.6987785e-02
   2.0949167e+03   4.1300853e-02   2.6472544e-02   1.6963978e-02
   2.0950000e+03   4.1309475e-02   2.6455923e-02   1.6939135e-02
   2.0950833e+03   4.1315070e-02   2.6437954e-02   1.6913830e-02
   2.0951667e+03   4.1323390e-02   2.6421183e-02   1.6888965e-02
   2.0952500e+03   4.1338598e-02   2.6407443e-02   1.6865183e-02
   2.0953333e+03   4.1353971e-02   2.6393760e-02   1.6841435e-02
   2.0954167e+03   4.1354184e-02   2.6373388e-02   1.6815350e-02
   2.0955000e+03   4.1336506e-02   2.6345146e-02   1.6786524e-02
   2.0955833e+03   4.1310744e-02   2.6313365e-02   1.6756486e-02
   2.0956667e+03   4.1290470e-02   2.6284012e-02   1.6727325e-02
   2.0957500e+03   4.1290502e-02   2.6263575e-02   1.6701300e-02
   2.0958333e+03   4.1305921e-02   2.6249877e-02   1.6677642e-02
   2.0959167e+03   4.1321307e-02   2.6236149e-02   1.6653985e-02
   2.0960000e+03   4.1330175e-02   2.6219558e-02   1.6629348e-02
   2.0960833e+03   4.1336047e-02   2.6201652e-02   1.6604272e-02
   2.0961667e+03   4.1344616e-02   2.6184914e-02   1.6579616e-02
   2.0962500e+03   4.1359953e-02   2.6171113e-02   1.6555989e-02
   2.0963333e+03   4.1375202e-02   2.6157259e-02   1.6532357e-02
   2.0964167e+03   4.1374979e-02   2.6136674e-02   1.6506425e-02
   2.0965000e+03   4.1356641e-02   2.6108233e-02   1.6477817e-02
   2.0965833e+03   4.1330135e-02   2.6076267e-02   1.6448028e-02
   2.0966667e+03   4.1309174e-02   2.6046720e-02   1.6419095e-02
   2.0967500e+03   4.1308768e-02   2.6026074e-02   1.6393228e-02
   2.0968333e+03   4.1324066e-02   2.6012209e-02   1.6369691e-02
   2.0969167e+03   4.1339573e-02   2.5998420e-02   1.6346192e-02
   2.0970000e+03   4.1348683e-02   2.5981860e-02   1.6321767e-02
   2.0970833e+03   4.1354830e-02   2.5964018e-02   1.6296923e-02
   2.0971667e+03   4.1363645e-02   2.5947315e-02   1.6272481e-02
   2.0972500e+03   4.1379105e-02   2.5933455e-02   1.6249016e-02
   2.0973333e+03   4.1394226e-02   2.5919436e-02   1.6225510e-02
   2.0974167e+03   4.1393560e-02   2.5898645e-02   1.6199741e-02
   2.0975000e+03   4.1374556e-02   2.5870015e-02   1.6171362e-02
   2.0975833e+03   4.1347298e-02   2.5837874e-02   1.6141832e-02
   2.0976667e+03   4.1325645e-02   2.5808143e-02   1.6113139e-02
   2.0977500e+03   4.1324794e-02   2.5787296e-02   1.6087438e-02
   2.0978333e+03   4.1339964e-02   2.5773269e-02   1.6064032e-02
   2.0979167e+03   4.1355589e-02   2.5759421e-02   1.6040698e-02
   2.0980000e+03   4.1364937e-02   2.5742895e-02   1.6016489e-02
   2.0980833e+03   4.1371356e-02   2.5725117e-02   1.5991882e-02
   2.0981667e+03   4.1380413e-02   2.5708450e-02   1.5967660e-02
   2.0982500e+03   4.1395994e-02   2.5694535e-02   1.5944362e-02
   2.0983333e+03   4.1410979e-02   2.5680355e-02   1.5920991e-02
   2.0984167e+03   4.1409864e-02   2.5659367e-02   1.5895397e-02
   2.0985000e+03   4.1390187e-02   2.5630557e-02   1.5867255e-02
   2.0985833e+03   4.1362173e-02   2.5598251e-02   1.5837996e-02
   2.0986667e+03   4.1339820e-02   2.5568347e-02   1.5809551e-02
   2.0987500e+03   4.1338518e-02   2.5547306e-02   1.5784028e-02
   2.0988333e+03   4.1353554e-02   2.5533123e-02   1.5760761e-02
   2.0989167e+03   4.1369292e-02   2.5519220e-02   1.5737599e-02
   2.0990000e+03   4.1378875e-02   2.5502727e-02   1.5713611e-02
   2.0990833e+03   4.1385563e-02   2.5485015e-02   1.5689245e-02
   2.0991667e+03   4.1394860e-02   2.5468386e-02   1.5665246e-02
   2.0992500e+03   4.1410555e-02   2.5454418e-02   1.5642124e-02
   2.0993333e+03   4.1425399e-02   2.5440081e-02   1.5618896e-02
   2.0994167e+03   4.1423829e-02   2.5418905e-02   1.5593486e-02
   2.0995000e+03   4.1403473e-02   2.5389925e-02   1.5565592e-02
   2.0995833e+03   4.1374695e-02   2.5357465e-02   1.5536611e-02
   2.0996667e+03   4.1351637e-02   2.5327398e-02   1.5508426e-02
   2.0997500e+03   4.1349878e-02   2.5306170e-02   1.5483090e-02
   2.0998333e+03   4.1364775e-02   2.5291836e-02   1.5459971e-02
   2.0999167e+03   4.1380620e-02   2.5277880e-02   1.5436987e-02
   2.1000000e+03   4.1390435e-02   2.5261422e-02   1.5413224e-02
   2.1000833e+03   4.1397389e-02   2.5243777e-02   1.5389103e-02
   2.1001667e+03   4.1406921e-02   2.5227188e-02   1.5365333e-02
   2.1002500e+03   4.1422727e-02   2.5213169e-02   1.5342391e-02
   2.1003333e+03   4.1437423e-02   2.5198682e-02   1.5319316e-02
   2.1004167e+03   4.1435392e-02   2.5177324e-02   1.5294099e-02
   2.1005000e+03   4.1414351e-02   2.5148184e-02   1.5266462e-02
   2.1005833e+03   4.1384804e-02   2.5115580e-02   1.5237770e-02
   2.1006667e+03   4.1361034e-02   2.5085360e-02   1.5209852e-02
   2.1007500e+03   4.1358811e-02   2.5063955e-02   1.5184712e-02
   2.1008333e+03   4.1373563e-02   2.5049474e-02   1.5161750e-02
   2.1009167e+03   4.1389511e-02   2.5035468e-02   1.5138951e-02
