   2.0000000e+03   1.0000000e+00   1.0000000e+00   1.0000000e+00
   2.0000833e+03   1.0000000e+00   1.0000000e+00   1.0000000e+00
   2.0001667e+03   1.0000000e+00   1.0000000e+00   1.0000000e+00
   2.0002500e+03   1.0000000e+00   1.0000000e+00   1.0000000e+00
   2.0003333e+03   1.0000000e+00   1.0000000e+00   1.0000000e+00
   2.0004167e+03   1.0000000e+00   1.0000000e+00   1.0000000e+00
   2.0005000e+03   1.0000000e+00   1.0000000e+00   1.0000000e+00
   2.0005833e+03   1.0000000e+00   1.0000000e+00   1.0000000e+00
   2.0006667e+03   1.0000000e+00   1.0000000e+00   1.0000000e+00
   2.0007500e+03   1.0000000e+00   1.0000000e+00   1.0000000e+00
   2.0008333e+03   1.0000000e+00   1.0000000e+00   1.0000000e+00
   2.0009167e+03   1.0000000e+00   1.0000000e+00   1.0000000e+00
   2.0010000e+03   9.9942537e-01   9.9942493e-01   9.9942449e-01
   2.0010833e+03   9.9872783e-01   9.9872656e-01   9.9872529e-01
   2.0011667e+03   9.9814051e-01   9.9813792e-01   9.9813532e-01
   2.0012500e+03   9.9791614e-01   9.9791145e-01   9.9790676e-01
   2.0013333e+03   9.9813083e-01   9.9812302e-01   9.9811520e-01
   2.0014167e+03   9.9853821e-01   9.9852638e-01   9.9851454e-01
   2.0015000e+03   9.9891978e-01   9.9890329e-01   9.9888680e-01
   2.0015833e+03   9.9926219e-01   9.9924045e-01   9.9921871e-01
   2.0016667e+03   9.9963276e-01   9.9960505e-01   9.9957734e-01
   2.0017500e+03   1.0000411e+00   1.0000067e+00   9.9997222e-01
   2.0018333e+03   1.0002526e+00   1.0002113e+00   1.0001700e+00
   2.0019167e+03   1.0000404e+00   9.9999276e-01   9.9994509e-01
   2.0020000e+03   9.9947378e-01   9.9942033e-01   9.9936688e-01
   2.0020833e+03   9.9878442e-01   9.9872515e-01   9.9866589e-01
   2.0021667e+03   9.9820509e-01   9.9813920e-01   9.9807332e-01
   2.0022500e+03   9.9798774e-01   9.9791343e-01   9.9783914e-01
   2.0023333e+03   9.9820686e-01   9.9812187e-01   9.9803688e-01
   2.0024167e+03   9.9861500e-01   9.9851788e-01   9.9842077e-01
   2.0025000e+03   9.9899453e-01   9.9888473e-01   9.9877493e-01
   2.0025833e+03   5.9960028e-01   5.9952650e-01   5.9945272e-01
   2.0026667e+03   5.9982118e-01   5.9973901e-01   5.9965684e-01
   2.0027500e+03   6.0006662e-01   5.9997551e-01   5.9988443e-01
   2.0028333e+03   6.0019622e-01   6.0009642e-01   5.9999663e-01
   2.0029167e+03   6.0007310e-01   5.9996565e-01   5.9985823e-01
   2.0030000e+03   5.9973788e-01   5.9962375e-01   5.9950963e-01
   2.0030833e+03   5.9932915e-01   5.9920852e-01   5.9908791e-01
   2.0031667e+03   5.9898632e-01   5.9885853e-01   5.9873076e-01
   2.0032500e+03   5.9886010e-01   5.9872343e-01   5.9858679e-01
   2.0033333e+03   5.9899421e-01   5.9884654e-01   5.9869890e-01
   2.0034167e+03   5.9923953e-01   5.9907966e-01   5.9891983e-01
   2.0035000e+03   5.9946599e-01   5.9929365e-01   5.9912137e-01
   2.0035833e+03   5.9966763e-01   5.9948261e-01   5.9929764e-01
   2.0036667e+03   5.9988705e-01   5.9968880e-01   5.9949060e-01
   2.0037500e+03   6.0013290e-01   5.9992078e-01   5.9970873e-01
   2.0038333e+03   6.0026518e-01   6.0003974e-01   5.9981438e-01
   2.0039167e+03   6.0014622e-01   5.9990927e-01   5.9967240e-01
   2.0040000e+03   5.9981575e-01   5.9956887e-01   5.9932209e-01
   2.0040833e+03   5.9941188e-01   5.9915549e-01   5.9889920e-01
   2.0041667e+03   5.9907380e-01   5.9880703e-01   5.9854038e-01
   2.0042500e+03   5.9895175e-01   5.9867224e-01   5.9839286e-01
   2.0043333e+03   5.9908848e-01   5.9879332e-01   5.9849831e-01
   2.0044167e+03   5.9933420e-01   5.9902189e-01   5.9870973e-01
   2.0045000e+03   5.9955937e-01   5.9922970e-01   5.9890020e-01
   2.0045833e+03   5.9975906e-01   5.9941188e-01   5.9906490e-01
   2.0046667e+03   5.9997697e-01   5.9961168e-01   5.9924660e-01
   2.0047500e+03   6.0022320e-01   5.9983906e-01   5.9945516e-01
   2.0048333e+03   6.0035812e-01   5.9995599e-01   5.9955412e-01
   2.0049167e+03   6.0024331e-01   5.9982576e-01   5.9940849e-01
   2.0050000e+03   5.9991757e-01   5.9948683e-01   5.9905640e-01
   2.0050833e+03   5.9951854e-01   5.9907526e-01   5.9863231e-01
   2.0051667e+03   5.9918519e-01   5.9872831e-01   5.9827176e-01
   2.0052500e+03   5.9906728e-01   5.9859376e-01   5.9812060e-01
   2.0053333e+03   5.9920662e-01   5.9871276e-01   5.9821929e-01
   2.0054167e+03   5.9945271e-01   5.9893668e-01   5.9842108e-01
   2.0055000e+03   5.9967656e-01   5.9913824e-01   5.9860038e-01
   2.0055833e+03   5.9987425e-01   5.9931358e-01   5.9875342e-01
   2.0056667e+03   6.0009062e-01   5.9950692e-01   5.9892377e-01
   2.0057500e+03   6.0033722e-01   5.9972963e-01   5.9912264e-01
   2.0058333e+03   6.0047476e-01   5.9984446e-01   5.9921481e-01
   2.0059167e+03   6.0036408e-01   5.9971442e-01   5.9906544e-01
   2.0060000e+03   6.0004304e-01   5.9937692e-01   5.9871151e-01
   2.0060833e+03   5.9964883e-01   5.9896712e-01   5.9828618e-01
   2.0061667e+03   5.9932019e-01   5.9862163e-01   5.9792386e-01
   2.0062500e+03   5.9920641e-01   5.9848728e-01   5.9776898e-01
   2.0063333e+03   5.9934833e-01   5.9860410e-01   5.9786078e-01
   2.0064167e+03   5.9959477e-01   5.9882332e-01   5.9805284e-01
   2.0065000e+03   5.9981726e-01   5.9901855e-01   5.9822088e-01
   2.0065833e+03   6.0001293e-01   5.9918699e-01   5.9836217e-01
   2.0066667e+03   6.0022771e-01   5.9937380e-01   5.9852108e-01
   2.0067500e+03   6.0047464e-01   5.9959176e-01   5.9871015e-01
   2.0068333e+03   6.0061479e-01   5.9970443e-01   5.9879542e-01
   2.0069167e+03   6.0050822e-01   5.9957451e-01   5.9864223e-01
   2.0070000e+03   6.0019186e-01   5.9923840e-01   5.9828642e-01
   2.0070833e+03   5.9980245e-01   5.9883035e-01   5.9785979e-01
   2.0071667e+03   5.9947849e-01   5.9848627e-01   5.9749566e-01
   2.0072500e+03   5.9936883e-01   5.9835206e-01   5.9733698e-01
   2.0073333e+03   5.9951331e-01   5.9846665e-01   5.9742178e-01
   2.0074167e+03   5.9976008e-01   5.9868108e-01   5.9760399e-01
   2.0075000e+03   5.9998117e-01   5.9886992e-01   5.9776068e-01
   2.0075833e+03   6.0017477e-01   5.9903139e-01   5.9789016e-01
   2.0076667e+03   6.0038794e-01   5.9921161e-01   5.9803755e-01
   2.0077500e+03   6.0063517e-01   5.9942474e-01   5.9821671e-01
   2.0078333e+03   6.0077791e-01   5.9953517e-01   5.9829497e-01
   2.0079167e+03   6.0067543e-01   5.9940533e-01   5.9813787e-01
   2.0080000e+03   6.0036374e-01   5.9907056e-01   5.9778013e-01
   2.0080833e+03   5.9997910e-01   5.9866422e-01   5.9735218e-01
   2.0081667e+03   5.9965981e-01   5.9832152e-01   5.9698617e-01
   2.0082500e+03   5.9955424e-01   5.9818739e-01   5.9682361e-01
   2.0083333e+03   5.9970126e-01   5.9829967e-01   5.9690131e-01
   2.0084167e+03   5.9994832e-01   5.9850925e-01   5.9707357e-01
   2.0085000e+03   6.0016799e-01   5.9869162e-01   5.9721884e-01
   2.0085833e+03   6.0035948e-01   5.9884607e-01   5.9733642e-01
   2.0086667e+03   6.0057100e-01   5.9901963e-01   5.9747221e-01
   2.0087500e+03   6.0081851e-01   5.9922786e-01   5.9764136e-01
   2.0088333e+03   6.0096381e-01   5.9933599e-01   5.9771251e-01
   2.0089167e+03   6.0086541e-01   5.9920616e-01   5.9755143e-01
   2.0090000e+03   6.0055836e-01   5.9887270e-01   5.9719170e-01
   2.0090833e+03   6.0017847e-01   5.9846802e-01   5.9676238e-01
   2.0091667e+03   5.9986384e-01   5.9812667e-01   5.9639446e-01
   2.0092500e+03   5.9976235e-01   5.9799257e-01   5.9622794e-01
   2.0093333e+03   5.9991188e-01   5.9810246e-01   5.9629844e-01
   2.0094167e+03   6.0015922e-01   5.9830711e-01   5.9646064e-01
   2.0095000e+03   6.0037742e-01   5.9848296e-01   5.9659441e-01
   2.0095833e+03   6.0056676e-01   5.9863031e-01   5.9670003e-01
   2.0096667e+03   6.0077659e-01   5.9879715e-01   5.9682415e-01
   2.0097500e+03   6.0102435e-01   5.9900041e-01   5.9698320e-01
   2.0098333e+03   6.0117220e-01   5.9910616e-01   5.9704713e-01
   2.0099167e+03   6.0107785e-01   5.9897629e-01   5.9688198e-01
   2.0100000e+03   6.0077543e-01   5.9864409e-01   5.9652022e-01
   2.0100833e+03   6.0040028e-01   5.9824106e-01   5.9608951e-01
   2.0101667e+03   6.0009027e-01   5.9790100e-01   5.9571962e-01
   2.0102500e+03   5.9999284e-01   5.9776688e-01   5.9554907e-01
   2.0103333e+03   6.0014488e-01   5.9787432e-01   5.9561226e-01
   2.0104167e+03   6.0039245e-01   5.9807396e-01   5.9576432e-01
   2.0105000e+03   6.0060916e-01   5.9824323e-01   5.9588651e-01
   2.0105833e+03   6.0079631e-01   5.9838343e-01   5.9598012e-01
   2.0106667e+03   6.0100441e-01   5.9854348e-01   5.9609250e-01
   2.0107500e+03   6.0125240e-01   5.9874169e-01   5.9624135e-01
   2.0108333e+03   6.0140277e-01   5.9884499e-01   5.9629796e-01
   2.0109167e+03   6.0131247e-01   5.9871503e-01   5.9612868e-01
   2.0110000e+03   6.0101465e-01   5.9838406e-01   5.9576485e-01
   2.0110833e+03   6.0064422e-01   5.9798263e-01   5.9533270e-01
   2.0111667e+03   6.0033883e-01   5.9764383e-01   5.9496080e-01
   2.0112500e+03   6.0024544e-01   5.9750962e-01   5.9478615e-01
   2.0113333e+03   6.0039995e-01   5.9761454e-01   5.9484192e-01
   2.0114167e+03   6.0064774e-01   5.9780911e-01   5.9498375e-01
   2.0115000e+03   6.0086291e-01   5.9797172e-01   5.9509430e-01
   2.0115833e+03   3.0052392e-01   2.9905235e-01   2.9758792e-01
   2.0116667e+03   3.0062709e-01   2.9912895e-01   2.9763821e-01
   2.0117500e+03   3.0075118e-01   2.9922551e-01   2.9770750e-01
   2.0118333e+03   3.0082762e-01   2.9927589e-01   2.9773209e-01
   2.0119167e+03   3.0078447e-01   2.9921084e-01   2.9764535e-01
   2.0120000e+03   3.0063786e-01   2.9904595e-01   2.9746237e-01
   2.0120833e+03   3.0045500e-01   2.9884602e-01   2.9724556e-01
   2.0121667e+03   3.0030460e-01   2.9867723e-01   2.9705859e-01
   2.0122500e+03   3.0025991e-01   2.9861006e-01   2.9696917e-01
   2.0123333e+03   3.0033840e-01   2.9866122e-01   2.9699331e-01
   2.0124167e+03   3.0046239e-01   2.9875593e-01   2.9705906e-01
   2.0125000e+03   3.0056919e-01   2.9883388e-01   2.9710849e-01
   2.0125833e+03   3.0066052e-01   2.9889674e-01   2.9714320e-01
   2.0126667e+03   3.0076278e-01   2.9896988e-01   2.9718756e-01
   2.0127500e+03   3.0088696e-01   2.9906384e-01   2.9725167e-01
   2.0128333e+03   3.0096464e-01   2.9911294e-01   2.9727251e-01
   2.0129167e+03   3.0092350e-01   2.9904778e-01   2.9718363e-01
   2.0130000e+03   3.0077917e-01   2.9888345e-01   2.9699957e-01
   2.0130833e+03   3.0059865e-01   2.9868429e-01   2.9678201e-01
   2.0131667e+03   3.0045054e-01   2.9851609e-01   2.9659399e-01
   2.0132500e+03   3.0040786e-01   2.9844883e-01   2.9650245e-01
   2.0133333e+03   3.0048757e-01   2.9849866e-01   2.9652279e-01
   2.0134167e+03   3.0061164e-01   2.9859076e-01   2.9658335e-01
   2.0135000e+03   3.0071763e-01   2.9866532e-01   2.9662689e-01
   2.0135833e+03   3.0080780e-01   2.9872452e-01   2.9665553e-01
   2.0136667e+03   3.0090915e-01   2.9879418e-01   2.9669394e-01
   2.0137500e+03   3.0103339e-01   2.9888551e-01   2.9675282e-01
   2.0138333e+03   3.0111231e-01   2.9893328e-01   2.9676987e-01
   2.0139167e+03   3.0107316e-01   2.9886799e-01   2.9667882e-01
   2.0140000e+03   3.0093111e-01   2.9870422e-01   2.9649365e-01
   2.0140833e+03   3.0075292e-01   2.9850580e-01   2.9627533e-01
   2.0141667e+03   3.0060709e-01   2.9833818e-01   2.9608624e-01
   2.0142500e+03   3.0056641e-01   2.9827078e-01   2.9599254e-01
   2.0143333e+03   3.0064733e-01   2.9831925e-01   2.9600905e-01
   2.0144167e+03   3.0077146e-01   2.9840871e-01   2.9606437e-01
   2.0145000e+03   3.0087662e-01   2.9847985e-01   2.9610201e-01
   2.0145833e+03   3.0096563e-01   2.9853536e-01   2.9612455e-01
   2.0146667e+03   3.0106603e-01   2.9860151e-01   2.9615699e-01
   2.0147500e+03   3.0119033e-01   2.9869018e-01   2.9621062e-01
   2.0148333e+03   3.0127047e-01   2.9873658e-01   2.9622383e-01
   2.0149167e+03   3.0123331e-01   2.9867113e-01   2.9613057e-01
   2.0150000e+03   3.0109353e-01   2.9850789e-01   2.9594428e-01
   2.0150833e+03   3.0091767e-01   2.9831022e-01   2.9572518e-01
   2.0151667e+03   3.0077411e-01   2.9814314e-01   2.9553500e-01
   2.0152500e+03   3.0073541e-01   2.9807559e-01   2.9543912e-01
   2.0153333e+03   3.0081753e-01   2.9812266e-01   2.9545174e-01
   2.0154167e+03   3.0094171e-01   2.9820944e-01   2.9550179e-01
   2.0155000e+03   3.0104603e-01   2.9827714e-01   2.9553351e-01
   2.0155833e+03   3.0113384e-01   2.9832893e-01   2.9554994e-01
   2.0156667e+03   3.0123328e-01   2.9839154e-01   2.9557639e-01
   2.0157500e+03   3.0135762e-01   2.9847752e-01   2.9562473e-01
   2.0158333e+03   3.0143897e-01   2.9852252e-01   2.9563406e-01
   2.0159167e+03   3.0140379e-01   2.9845688e-01   2.9553856e-01
   2.0160000e+03   3.0126628e-01   2.9829415e-01   2.9535113e-01
   2.0160833e+03   3.0109273e-01   2.9809719e-01   2.9513124e-01
   2.0161667e+03   3.0095143e-01   2.9793065e-01   2.9493996e-01
   2.0162500e+03   3.0091472e-01   2.9786292e-01   2.9484185e-01
   2.0163333e+03   3.0099803e-01   2.9790855e-01   2.9485055e-01
   2.0164167e+03   3.0112224e-01   2.9799263e-01   2.9489530e-01
   2.0165000e+03   3.0122570e-01   2.9805685e-01   2.9492109e-01
   2.0165833e+03   3.0131229e-01   2.9810490e-01   2.9493140e-01
   2.0166667e+03   3.0141075e-01   2.9816394e-01   2.9495184e-01
   2.0167500e+03   3.0153512e-01   2.9824719e-01   2.9499486e-01
   2.0168333e+03   3.0161767e-01   2.9829076e-01   2.9500027e-01
   2.0169167e+03   3.0158446e-01   2.9822491e-01   2.9490251e-01
   2.0170000e+03   3.0144920e-01   2.9806267e-01   2.9471392e-01
   2.0170833e+03   3.0127796e-01   2.9786641e-01   2.9449322e-01
   2.0171667e+03   3.0113892e-01   2.9770038e-01   2.9430082e-01
   2.0172500e+03   3.0110418e-01   2.9763245e-01   2.9420046e-01
   2.0173333e+03   3.0118867e-01   2.9767660e-01   2.9420521e-01
   2.0174167e+03   3.0131291e-01   2.9775794e-01   2.9424463e-01
   2.0175000e+03   3.0141548e-01   2.9781866e-01   2.9426446e-01
   2.0175833e+03   3.0150083e-01   2.9786294e-01   2.9426864e-01
   2.0176667e+03   3.0159829e-01   2.9791838e-01   2.9428307e-01
   2.0177500e+03   3.0172266e-01   2.9799888e-01   2.9432074e-01
   2.0178333e+03   3.0180641e-01   2.9804097e-01   2.9432220e-01
   2.0179167e+03   3.0177517e-01   2.9797488e-01   2.9422214e-01
   2.0180000e+03   3.0164215e-01   2.9781312e-01   2.9403238e-01
   2.0180833e+03   3.0147322e-01   2.9761754e-01   2.9381085e-01
   2.0181667e+03   3.0133643e-01   2.9745200e-01   2.9361732e-01
   2.0182500e+03   3.0130365e-01   2.9738384e-01   2.9351469e-01
   2.0183333e+03   3.0138931e-01   2.9742649e-01   2.9351544e-01
   2.0184167e+03   3.0151355e-01   2.9750505e-01   2.9354950e-01
   2.0185000e+03   3.0161522e-01   2.9756224e-01   2.9356337e-01
   2.0185833e+03   3.0169931e-01   2.9760273e-01   2.9356142e-01
   2.0186667e+03   3.0179575e-01   2.9765456e-01   2.9356982e-01
   2.0187500e+03   3.0192012e-01   2.9773226e-01   2.9360212e-01
   2.0188333e+03   3.0200505e-01   2.9777286e-01   2.9359960e-01
   2.0189167e+03   3.0197576e-01   2.9770650e-01   2.9349722e-01
   2.0190000e+03   3.0184498e-01   2.9754519e-01   2.9330626e-01
   2.0190833e+03   3.0167834e-01   2.9735027e-01   2.9308391e-01
   2.0191667e+03   3.0154380e-01   2.9718520e-01   2.9288922e-01
   2.0192500e+03   3.0151297e-01   2.9711678e-01   2.9278429e-01
   2.0193333e+03   3.0159980e-01   2.9715789e-01   2.9278101e-01
   2.0194167e+03   3.0172402e-01   2.9723365e-01   2.9280970e-01
   2.0195000e+03   3.0182477e-01   2.9728728e-01   2.9281759e-01
   2.0195833e+03   3.0190758e-01   2.9732396e-01   2.9280952e-01
   2.0196667e+03   3.0200298e-01   2.9737214e-01   2.9281189e-01
   2.0197500e+03   3.0212732e-01   2.9744702e-01   2.9283879e-01
   2.0198333e+03   3.0221343e-01   2.9748609e-01   2.9283225e-01
   2.0199167e+03   3.0218608e-01   2.9741943e-01   2.9272752e-01
   2.0200000e+03   3.0205754e-01   2.9725855e-01   2.9253536e-01
   2.0200833e+03   3.0189319e-01   2.9706428e-01   2.9231216e-01
   2.0201667e+03   3.0176088e-01   2.9689967e-01   2.9211631e-01
   2.0202500e+03   3.0173201e-01   2.9683095e-01   2.9200905e-01
   2.0203333e+03   3.0181998e-01   2.9687050e-01   2.9200172e-01
   2.0204167e+03   3.0194418e-01   2.9694342e-01   2.9202501e-01
   2.0205000e+03   3.0204399e-01   2.9699348e-01   2.9202693e-01
   2.0205833e+03   1.5106274e-01   1.4851316e-01   1.4600636e-01
   2.0206667e+03   1.5110991e-01   1.4853541e-01   1.4600453e-01
   2.0207500e+03   1.5117206e-01   1.4857143e-01   1.4601528e-01
   2.0208333e+03   1.5121570e-01   1.4859018e-01   1.4600998e-01
   2.0209167e+03   1.5120300e-01   1.4855669e-01   1.4595643e-01
   2.0210000e+03   1.5113984e-01   1.4847645e-01   1.4585974e-01
   2.0210833e+03   1.5105880e-01   1.4837963e-01   1.4574772e-01
   2.0211667e+03   1.5099376e-01   1.4829754e-01   1.4564920e-01
   2.0212500e+03   1.5098030e-01   1.4826303e-01   1.4559440e-01
   2.0213333e+03   1.5102485e-01   1.4828200e-01   1.4558869e-01
   2.0214167e+03   1.5108694e-01   1.4831703e-01   1.4559763e-01
   2.0215000e+03   1.5113636e-01   1.4834025e-01   1.4559560e-01
   2.0215833e+03   1.5117644e-01   1.4835475e-01   1.4558544e-01
   2.0216667e+03   1.5122306e-01   1.4837516e-01   1.4558059e-01
   2.0217500e+03   1.5128519e-01   1.4840973e-01   1.4558862e-01
   2.0218333e+03   1.5132940e-01   1.4842768e-01   1.4558129e-01
   2.0219167e+03   1.5131767e-01   1.4839401e-01   1.4552655e-01
   2.0220000e+03   1.5125562e-01   1.4831398e-01   1.4542924e-01
   2.0220833e+03   1.5117572e-01   1.4821746e-01   1.4531679e-01
   2.0221667e+03   1.5111179e-01   1.4813558e-01   1.4521768e-01
   2.0222500e+03   1.5109929e-01   1.4810090e-01   1.4516169e-01
   2.0223333e+03   1.5114442e-01   1.4811905e-01   1.4515393e-01
   2.0224167e+03   1.5120647e-01   1.4815263e-01   1.4516015e-01
   2.0225000e+03   1.5125540e-01   1.4817404e-01   1.4515513e-01
   2.0225833e+03   1.5129480e-01   1.4818660e-01   1.4514191e-01
   2.0226667e+03   1.5134087e-01   1.4820515e-01   1.4513406e-01
   2.0227500e+03   1.5140297e-01   1.4823827e-01   1.4513937e-01
   2.0228333e+03   1.5144775e-01   1.4825540e-01   1.4512999e-01
   2.0229167e+03   1.5143698e-01   1.4822155e-01   1.4507404e-01
   2.0230000e+03   1.5137604e-01   1.4814170e-01   1.4497611e-01
   2.0230833e+03   1.5129727e-01   1.4804548e-01   1.4486323e-01
   2.0231667e+03   1.5123445e-01   1.4796380e-01   1.4476351e-01
   2.0232500e+03   1.5122292e-01   1.4792893e-01   1.4470633e-01
   2.0233333e+03   1.5126860e-01   1.4794625e-01   1.4469650e-01
   2.0234167e+03   1.5133062e-01   1.4797837e-01   1.4470001e-01
   2.0235000e+03   1.5137904e-01   1.4799795e-01   1.4469200e-01
   2.0235833e+03   1.5141776e-01   1.4800856e-01   1.4467574e-01
   2.0236667e+03   1.5146327e-01   1.4802524e-01   1.4466487e-01
   2.0237500e+03   1.5152532e-01   1.4805689e-01   1.4466746e-01
   2.0238333e+03   1.5157067e-01   1.4807319e-01   1.4465602e-01
   2.0239167e+03   1.5156086e-01   1.4803914e-01   1.4459885e-01
   2.0240000e+03   1.5150102e-01   1.4795946e-01   1.4450030e-01
   2.0240833e+03   1.5142339e-01   1.4786354e-01   1.4438698e-01
   2.0241667e+03   1.5136167e-01   1.4778204e-01   1.4428666e-01
   2.0242500e+03   1.5135110e-01   1.4774698e-01   1.4422827e-01
   2.0243333e+03   1.5139734e-01   1.4776345e-01   1.4421637e-01
   2.0244167e+03   1.5145931e-01   1.4779409e-01   1.4421715e-01
   2.0245000e+03   1.5150722e-01   1.4781184e-01   1.4420617e-01
   2.0245833e+03   1.5154523e-01   1.4782049e-01   1.4418686e-01
   2.0246667e+03   1.5159016e-01   1.4783530e-01   1.4417300e-01
   2.0247500e+03   1.5165217e-01   1.4786546e-01   1.4417286e-01
   2.0248333e+03   1.5169808e-01   1.4788092e-01   1.4415935e-01
   2.0249167e+03   1.5168922e-01   1.4784665e-01   1.4410096e-01
   2.0250000e+03   1.5163048e-01   1.4776714e-01   1.4400177e-01
   2.0250833e+03   1.5155402e-01   1.4767153e-01   1.4388805e-01
   2.0251667e+03   1.5149348e-01   1.4759028e-01   1.4378719e-01
   2.0252500e+03   1.5148396e-01   1.4755509e-01   1.4372766e-01
   2.0253333e+03   1.5153081e-01   1.4757076e-01   1.4371372e-01
   2.0254167e+03   1.5159271e-01   1.4759989e-01   1.4371176e-01
   2.0255000e+03   1.5163998e-01   1.4761569e-01   1.4369771e-01
   2.0255833e+03   1.5167712e-01   1.4762222e-01   1.4367523e-01
   2.0256667e+03   1.5172130e-01   1.4763499e-01   1.4365824e-01
   2.0257500e+03   1.5178321e-01   1.4766362e-01   1.4365534e-01
   2.0258333e+03   1.5182984e-01   1.4767836e-01   1.4363987e-01
   2.0259167e+03   1.5182227e-01   1.4764416e-01   1.4358051e-01
   2.0260000e+03   1.5176508e-01   1.4756521e-01   1.4348104e-01
   2.0260833e+03   1.5169020e-01   1.4747028e-01   1.4336724e-01
   2.0261667e+03   1.5163120e-01   1.4738959e-01   1.4326610e-01
   2.0262500e+03   1.5162301e-01   1.4735450e-01   1.4320563e-01
   2.0263333e+03   1.5167060e-01   1.4736945e-01   1.4318974e-01
   2.0264167e+03   1.5173239e-01   1.4739702e-01   1.4318498e-01
   2.0265000e+03   1.5177889e-01   1.4741075e-01   1.4316776e-01
   2.0265833e+03   1.5181500e-01   1.4741502e-01   1.4314201e-01
   2.0266667e+03   1.5185833e-01   1.4742565e-01   1.4312180e-01
   2.0267500e+03   1.5192012e-01   1.4745271e-01   1.4311609e-01
   2.0268333e+03   1.5196750e-01   1.4746672e-01   1.4309866e-01
   2.0269167e+03   1.5196125e-01   1.4743259e-01   1.4303832e-01
   2.0270000e+03   1.5190559e-01   1.4735416e-01   1.4293853e-01
   2.0270833e+03   1.5183229e-01   1.4725990e-01   1.4282462e-01
   2.0271667e+03   1.5177483e-01   1.4717974e-01   1.4272318e-01
   2.0272500e+03   1.5176795e-01   1.4714472e-01   1.4266173e-01
   2.0273333e+03   1.5181627e-01   1.4715891e-01   1.4264383e-01
   2.0274167e+03   1.5187793e-01   1.4718489e-01   1.4263626e-01
   2.0275000e+03   1.5192365e-01   1.4719651e-01   1.4261585e-01
   2.0275833e+03   1.5195871e-01   1.4719851e-01   1.4258680e-01
   2.0276667e+03   1.5200116e-01   1.4720697e-01   1.4256336e-01
   2.0277500e+03   1.5206281e-01   1.4723242e-01   1.4255482e-01
   2.0278333e+03   1.5211092e-01   1.4724567e-01   1.4253539e-01
   2.0279167e+03   1.5210598e-01   1.4721158e-01   1.4247403e-01
   2.0280000e+03   1.5205185e-01   1.4713365e-01   1.4237388e-01
   2.0280833e+03   1.5198013e-01   1.4704002e-01   1.4225983e-01
   2.0281667e+03   1.5192421e-01   1.4696038e-01   1.4215807e-01
   2.0282500e+03   1.5191864e-01   1.4692539e-01   1.4209560e-01
   2.0283333e+03   1.5196767e-01   1.4693880e-01   1.4207566e-01
   2.0284167e+03   1.5202918e-01   1.4696315e-01   1.4206524e-01
   2.0285000e+03   1.5207409e-01   1.4697264e-01   1.4204163e-01
   2.0285833e+03   1.5210808e-01   1.4697232e-01   1.4200927e-01
   2.0286667e+03   1.5214964e-01   1.4697859e-01   1.4198259e-01
   2.0287500e+03   1.5221113e-01   1.4700240e-01   1.4197119e-01
   2.0288333e+03   1.5225996e-01   1.4701486e-01   1.4194972e-01
   2.0289167e+03   1.5225632e-01   1.4698078e-01   1.4188730e-01
   2.0290000e+03   1.5220372e-01   1.4690332e-01   1.4178677e-01
   2.0290833e+03   1.5213357e-01   1.4681030e-01   1.4167255e-01
   2.0291667e+03   1.5207917e-01   1.4673113e-01   1.4157043e-01
   2.0292500e+03   1.5207491e-01   1.4669616e-01   1.4150691e-01
   2.0293333e+03   1.5212464e-01   1.4670874e-01   1.4148490e-01
   2.0294167e+03   1.5218599e-01   1.4673143e-01   1.4147160e-01
   2.0295000e+03   1.5223007e-01   1.4673876e-01   1.4144477e-01
   2.0295833e+03   7.6131481e-02   7.3368056e-02   7.0704550e-02
   2.0296667e+03   7.6151798e-02   7.3370081e-02   7.0689585e-02
   2.0297500e+03   7.6182459e-02   7.3381146e-02   7.0682445e-02
   2.0298333e+03   7.6207230e-02   7.3386962e-02   7.0670666e-02
   2.0299167e+03   7.6206055e-02   7.3369910e-02   7.0638913e-02
   2.0300000e+03   7.6180513e-02   7.3331404e-02   7.0588444e-02
   2.0300833e+03   7.6146229e-02   7.3285191e-02   7.0531243e-02
   2.0301667e+03   7.6119810e-02   7.3245853e-02   7.0479994e-02
   2.0302500e+03   7.6118343e-02   7.3228371e-02   7.0447708e-02
   2.0303333e+03   7.6143568e-02   7.3234241e-02   7.0435657e-02
   2.0304167e+03   7.6174147e-02   7.3244737e-02   7.0427560e-02
   2.0305000e+03   7.6195731e-02   7.3247287e-02   7.0412508e-02
   2.0305833e+03   7.6211577e-02   7.3244752e-02   7.0392991e-02
   2.0306667e+03   7.6231383e-02   7.3245622e-02   7.0376370e-02
   2.0307500e+03   7.6261938e-02   7.3255828e-02   7.0367774e-02
   2.0308333e+03   7.6287088e-02   7.3261242e-02   7.0354969e-02
   2.0309167e+03   7.6286625e-02   7.3244224e-02   7.0322711e-02
   2.0310000e+03   7.6261930e-02   7.3206011e-02   7.0272097e-02
   2.0310833e+03   7.6228522e-02   7.3160165e-02   7.0214863e-02
   2.0311667e+03   7.6202952e-02   7.3121125e-02   7.0163480e-02
   2.0312500e+03   7.6202205e-02   7.3103686e-02   7.0130701e-02
   2.0313333e+03   7.6227805e-02   7.3109147e-02   7.0117619e-02
   2.0314167e+03   7.6258268e-02   7.3118775e-02   7.0108066e-02
   2.0315000e+03   7.6279358e-02   7.3120181e-02   7.0091371e-02
   2.0315833e+03   7.6294560e-02   7.3116404e-02   7.0070162e-02
   2.0316667e+03   7.6313822e-02   7.3116097e-02   7.0051883e-02
   2.0317500e+03   7.6344255e-02   7.3125430e-02   7.0041831e-02
   2.0318333e+03   7.6369784e-02   7.3130437e-02   7.0028002e-02
   2.0319167e+03   7.6370033e-02   7.3113450e-02   6.9995240e-02
   2.0320000e+03   7.6346183e-02   7.3075521e-02   6.9944476e-02
   2.0320833e+03   7.6313648e-02   7.3030033e-02   6.9887205e-02
   2.0321667e+03   7.6288925e-02   7.2991284e-02   6.9835684e-02
   2.0322500e+03   7.6288891e-02   7.2973878e-02   6.9802407e-02
   2.0323333e+03   7.6314860e-02   7.2978919e-02   6.9788292e-02
   2.0324167e+03   7.6345195e-02   7.2987671e-02   6.9777289e-02
   2.0325000e+03   7.6365776e-02   7.2987925e-02   6.9758964e-02
   2.0325833e+03   7.6380319e-02   7.2982902e-02   6.9736076e-02
   2.0326667e+03   7.6399022e-02   7.2981411e-02   6.9716152e-02
   2.0327500e+03   7.6429321e-02   7.2989863e-02   6.9704651e-02
   2.0328333e+03   7.6455221e-02   7.2994453e-02   6.9689798e-02
   2.0329167e+03   7.6456179e-02   7.2977486e-02   6.9656527e-02
   2.0330000e+03   7.6433170e-02   7.2939832e-02   6.9605608e-02
   2.0330833e+03   7.6401505e-02   7.2894695e-02   6.9548297e-02
   2.0331667e+03   7.6377625e-02   7.2856229e-02   6.9496634e-02
   2.0332500e+03   7.6378302e-02   7.2838845e-02   6.9462854e-02
   2.0333333e+03   7.6404630e-02   7.2843457e-02   6.9447706e-02
   2.0334167e+03   7.6434826e-02   7.2851324e-02   6.9435260e-02
   2.0335000e+03   7.6454884e-02   7.2850420e-02   6.9415316e-02
   2.0335833e+03   7.6468752e-02   7.2844145e-02   6.9390767e-02
   2.0336667e+03   7.6486880e-02   7.2841466e-02   6.9369211e-02
   2.0337500e+03   7.6517034e-02   7.2849029e-02   6.9356269e-02
   2.0338333e+03   7.6543297e-02   7.2853191e-02   6.9340389e-02
   2.0339167e+03   7.6544959e-02   7.2836235e-02   6.9306606e-02
   2.0340000e+03   7.6522788e-02   7.2798848e-02   6.9255529e-02
   2.0340833e+03   7.6491990e-02   7.2754053e-02   6.9198174e-02
   2.0341667e+03   7.6468951e-02   7.2715861e-02   6.9146366e-02
   2.0342500e+03   7.6470333e-02   7.2698490e-02   6.9112080e-02
   2.0343333e+03   7.6497013e-02   7.2702662e-02   6.9095898e-02
   2.0344167e+03   7.6527058e-02   7.2709636e-02   6.9082016e-02
   2.0345000e+03   7.6546578e-02   7.2707570e-02   6.9060469e-02
   2.0345833e+03   7.6559755e-02   7.2700039e-02   6.9034275e-02
   2.0346667e+03   7.6577293e-02   7.2696165e-02   6.9011104e-02
   2.0347500e+03   7.6607290e-02   7.2702832e-02   6.8996728e-02
   2.0348333e+03   7.6633908e-02   7.2706556e-02   6.8979823e-02
   2.0349167e+03   7.6636269e-02   7.2689600e-02   6.8945524e-02
   2.0350000e+03   7.6614934e-02   7.2652471e-02   6.8894286e-02
   2.0350833e+03   7.6585000e-02   7.2608012e-02   6.8836884e-02
   2.0351667e+03   7.6562798e-02   7.2570086e-02   6.8784927e-02
   2.0352500e+03   7.6564880e-02   7.2552718e-02   6.8750133e-02
   2.0353333e+03   7.6591905e-02   7.2556439e-02   6.8732918e-02
   2.0354167e+03   7.6621787e-02   7.2562512e-02   6.8717608e-02
   2.0355000e+03   7.6640753e-02   7.2559278e-02   6.8694473e-02
   2.0355833e+03   3.8326611e-02   3.6275244e-02   3.4333326e-02
   2.0356667e+03   3.8335078e-02   3.6272708e-02   3.4320941e-02
   2.0357500e+03   3.8349992e-02   3.6275589e-02   3.4313041e-02
   2.0358333e+03   3.8363475e-02   3.6277227e-02   3.4304076e-02
   2.0359167e+03   3.8365002e-02   3.6268744e-02   3.4286668e-02
   2.0360000e+03   3.8354751e-02   3.6250305e-02   3.4260967e-02
   2.0360833e+03   3.8340215e-02   3.6228239e-02   3.4232241e-02
   2.0361667e+03   3.8329531e-02   3.6209405e-02   3.4206186e-02
   2.0362500e+03   3.8330920e-02   3.6200717e-02   3.4188534e-02
   2.0363333e+03   3.8344601e-02   3.6202348e-02   3.4179411e-02
   2.0364167e+03   3.8359454e-02   3.6204930e-02   3.4171047e-02
   2.0365000e+03   3.8368653e-02   3.6202727e-02   3.4158694e-02
   2.0365833e+03   3.8374526e-02   3.6197700e-02   3.4143980e-02
   2.0366667e+03   3.8382682e-02   3.6194563e-02   3.4130805e-02
   2.0367500e+03   3.8397505e-02   3.6196988e-02   3.4122196e-02
   2.0368333e+03   3.8411157e-02   3.6198397e-02   3.4112721e-02
   2.0369167e+03   3.8413029e-02   3.6189905e-02   3.4095053e-02
   2.0370000e+03   3.8403192e-02   3.6171587e-02   3.4069268e-02
   2.0370833e+03   3.8389086e-02   3.6149680e-02   3.4040516e-02
   2.0371667e+03   3.8378818e-02   3.6130971e-02   3.4014385e-02
   2.0372500e+03   3.8380553e-02   3.6122276e-02   3.3996476e-02
   2.0373333e+03   3.8394398e-02   3.6123671e-02   3.3986839e-02
   2.0374167e+03   3.8409157e-02   3.6125795e-02   3.3977771e-02
   2.0375000e+03   3.8418064e-02   3.6123004e-02   3.3964641e-02
   2.0375833e+03   3.8423566e-02   3.6117345e-02   3.3949135e-02
   2.0376667e+03   3.8431404e-02   3.6113604e-02   3.3935178e-02
   2.0377500e+03   3.8446130e-02   3.6115569e-02   3.3925868e-02
   2.0378333e+03   3.8459948e-02   3.6116745e-02   3.3915883e-02
   2.0379167e+03   3.8462162e-02   3.6108238e-02   3.3897954e-02
   2.0380000e+03   3.8452738e-02   3.6090037e-02   3.3872085e-02
   2.0380833e+03   3.8439061e-02   3.6068287e-02   3.3843306e-02
   2.0381667e+03   3.8429207e-02   3.6049697e-02   3.3817097e-02
   2.0382500e+03   3.8431285e-02   3.6040989e-02   3.3798931e-02
   2.0383333e+03   3.8445290e-02   3.6042145e-02   3.3788781e-02
   2.0384167e+03   3.8459949e-02   3.6043808e-02   3.3779016e-02
   2.0385000e+03   3.8468556e-02   3.6040426e-02   3.3765118e-02
   2.0385833e+03   3.8473679e-02   3.6034133e-02   3.3748830e-02
   2.0386667e+03   3.8481191e-02   3.6029788e-02   3.3734101e-02
   2.0387500e+03   3.8495813e-02   3.6031290e-02   3.3724095e-02
   2.0388333e+03   3.8509793e-02   3.6032227e-02   3.3713603e-02
   2.0389167e+03   3.8512347e-02   3.6023702e-02   3.3695413e-02
   2.0390000e+03   3.8503335e-02   3.6005613e-02   3.3669459e-02
   2.0390833e+03   3.8490084e-02   3.5984015e-02   3.3640653e-02
   2.0391667e+03   3.8480644e-02   3.5965542e-02   3.3614364e-02
   2.0392500e+03   3.8483062e-02   3.5956817e-02   3.3595942e-02
   2.0393333e+03   3.8497223e-02   3.5957728e-02   3.3585281e-02
   2.0394167e+03   3.8511776e-02   3.5958926e-02   3.3574825e-02
   2.0395000e+03   3.8520075e-02   3.5954953e-02   3.3560169e-02
   2.0395833e+03   3.8524811e-02   3.5948025e-02   3.3543110e-02
   2.0396667e+03   3.8531987e-02   3.5943073e-02   3.3527621e-02
   2.0397500e+03   3.8546500e-02   3.5944109e-02   3.3516926e-02
   2.0398333e+03   3.8560637e-02   3.5944804e-02   3.3505928e-02
   2.0399167e+03   3.8563529e-02   3.5936255e-02   3.3487478e-02
   2.0400000e+03   3.8554926e-02   3.5918274e-02   3.3461438e-02
   2.0400833e+03   3.8542102e-02   3.5896825e-02   3.3432603e-02
   2.0401667e+03   3.8533073e-02   3.5878465e-02   3.3406236e-02
   2.0402500e+03   3.8535830e-02   3.5869717e-02   3.3387556e-02
   2.0403333e+03   3.8550143e-02   3.5870379e-02   3.3376387e-02
   2.0404167e+03   3.8564582e-02   3.5871110e-02   3.3365246e-02
   2.0405000e+03   3.8572565e-02   3.5866543e-02   3.3349844e-02
   2.0405833e+03   3.8576905e-02   3.5858980e-02   3.3332026e-02
   2.0406667e+03   3.8583738e-02   3.5853421e-02   3.3315787e-02
   2.0407500e+03   3.8598135e-02   3.5853988e-02   3.3304410e-02
   2.0408333e+03   3.8612425e-02   3.5854435e-02   3.3292910e-02
   2.0409167e+03   3.8615652e-02   3.5845857e-02   3.3274199e-02
   2.0410000e+03   3.8607458e-02   3.5827982e-02   3.3248073e-02
   2.0410833e+03   3.8595058e-02   3.5806677e-02   3.3219210e-02
   2.0411667e+03   3.8586439e-02   3.5788425e-02   3.3192762e-02
   2.0412500e+03   3.8589532e-02   3.5779651e-02   3.3173826e-02
   2.0413333e+03   3.8603992e-02   3.5780059e-02   3.3162152e-02
   2.0414167e+03   3.8618312e-02   3.5780320e-02   3.3150335e-02
   2.0415000e+03   3.8625971e-02   3.5775158e-02   3.3134196e-02
   2.0415833e+03   3.8629906e-02   3.5766959e-02   3.3115632e-02
   2.0416667e+03   3.8636388e-02   3.5760792e-02   3.3098656e-02
   2.0417500e+03   3.8650662e-02   3.5760887e-02   3.3086604e-02
   2.0418333e+03   3.8665101e-02   3.5761082e-02   3.3074604e-02
   2.0419167e+03   3.8668660e-02   3.5752472e-02   3.3055634e-02
   2.0420000e+03   3.8660873e-02   3.5734697e-02   3.3029421e-02
   2.0420833e+03   3.8648897e-02   3.5713533e-02   3.3000529e-02
   2.0421667e+03   3.8640687e-02   3.5695386e-02   3.2974002e-02
   2.0422500e+03   3.8644114e-02   3.5686580e-02   3.2954810e-02
   2.0423333e+03   3.8658716e-02   3.5686731e-02   3.2942635e-02
   2.0424167e+03   3.8672910e-02   3.5686519e-02   3.2930148e-02
   2.0425000e+03   3.8680236e-02   3.5680762e-02   3.2913285e-02
   2.0425833e+03   3.8683757e-02   3.5671926e-02   3.2893988e-02
   2.0426667e+03   3.8689880e-02   3.5665150e-02   3.2876286e-02
   2.0427500e+03   3.8704024e-02   3.5664771e-02   3.2863568e-02
   2.0428333e+03   3.8718608e-02   3.5664710e-02   3.2851072e-02
   2.0429167e+03   3.8722497e-02   3.5656063e-02   3.2831843e-02
   2.0430000e+03   3.8715116e-02   3.5638384e-02   3.2805544e-02
   2.0430833e+03   3.8703562e-02   3.5617357e-02   3.2776624e-02
   2.0431667e+03   3.8695758e-02   3.5599310e-02   3.2750017e-02
   2.0432500e+03   3.8699516e-02   3.5590469e-02   3.2730569e-02
   2.0433333e+03   3.8714258e-02   3.5590358e-02   3.2717897e-02
   2.0434167e+03   3.8728319e-02   3.5589670e-02   3.2704749e-02
   2.0435000e+03   3.8735304e-02   3.5583317e-02   3.2687175e-02
   2.0435833e+03   3.8738402e-02   3.5573845e-02   3.2667158e-02
   2.0436667e+03   3.8744157e-02   3.5566460e-02   3.2648743e-02
   2.0437500e+03   3.8758165e-02   3.5565604e-02   3.2635367e-02
   2.0438333e+03   3.8772888e-02   3.5565283e-02   3.2622380e-02
   2.0439167e+03   3.8777105e-02   3.5556594e-02   3.2602892e-02
   2.0440000e+03   3.8770127e-02   3.5539008e-02   3.2576508e-02
   2.0440833e+03   3.8758995e-02   3.5518115e-02   3.2547559e-02
   2.0441667e+03   3.8751597e-02   3.5500165e-02   3.2520873e-02
   2.0442500e+03   3.8755684e-02   3.5491283e-02   3.2501172e-02
   2.0443333e+03   3.8770559e-02   3.5490906e-02   3.2488006e-02
   2.0444167e+03   3.8784481e-02   3.5489741e-02   3.2474207e-02
   2.0445000e+03   3.8791116e-02   3.5482791e-02   3.2455933e-02
   2.0445833e+03   3.8793783e-02   3.5472683e-02   3.2435211e-02
   2.0446667e+03   3.8799160e-02   3.5464689e-02   3.2416096e-02
   2.0447500e+03   3.8813025e-02   3.5463354e-02   3.2402072e-02
   2.0448333e+03   3.8827884e-02   3.5462769e-02   3.2388597e-02
   2.0449167e+03   3.8832425e-02   3.5454034e-02   3.2368854e-02
   2.0450000e+03   3.8825851e-02   3.5436537e-02   3.2342385e-02
   2.0450833e+03   3.8815138e-02   3.5415773e-02   3.2313407e-02
   2.0451667e+03   3.8808144e-02   3.5397916e-02   3.2286643e-02
   2.0452500e+03   3.8812557e-02   3.5388990e-02   3.2266690e-02
   2.0453333e+03   3.8827562e-02   3.5388343e-02   3.2253035e-02
   2.0454167e+03   3.8841337e-02   3.5386698e-02   3.2238594e-02
   2.0455000e+03   3.8847615e-02   3.5379151e-02   3.2219633e-02
   2.0455833e+03   3.8849840e-02   3.5368409e-02   3.2198221e-02
   2.0456667e+03   3.8854832e-02   3.5359805e-02   3.2178419e-02
   2.0457500e+03   3.8868547e-02   3.5357990e-02   3.2163756e-02
   2.0458333e+03   3.8883537e-02   3.5357136e-02   3.2149800e-02
   2.0459167e+03   3.8888400e-02   3.5348351e-02   3.2129802e-02
   2.0460000e+03   3.8882226e-02   3.5330939e-02   3.2103249e-02
   2.0460833e+03   3.8871933e-02   3.5310301e-02   3.2074244e-02
   2.0461667e+03   3.8865342e-02   3.5292533e-02   3.2047402e-02
   2.0462500e+03   3.8870078e-02   3.5283559e-02   3.2027199e-02
   2.0463333e+03   3.8885208e-02   3.5282638e-02   3.2013060e-02
   2.0464167e+03   3.8898829e-02   3.5280511e-02   3.1997987e-02
   2.0465000e+03   3.8904740e-02   3.5272368e-02   3.1978353e-02
   2.0465833e+03   3.8906515e-02   3.5260991e-02   3.1956266e-02
   2.0466667e+03   3.8911112e-02   3.5251779e-02   3.1935792e-02
   2.0467500e+03   3.8924670e-02   3.5249480e-02   3.1920501e-02
   2.0468333e+03   3.8939786e-02   3.5248356e-02   3.1906067e-02
   2.0469167e+03   3.8944969e-02   3.5239516e-02   3.1885818e-02
   2.0470000e+03   3.8939195e-02   3.5222184e-02   3.1859181e-02
   2.0470833e+03   3.8929319e-02   3.5201670e-02   3.1830149e-02
   2.0471667e+03   3.8923129e-02   3.5183986e-02   3.1803231e-02
   2.0472500e+03   3.8928186e-02   3.5174959e-02   3.1782780e-02
   2.0473333e+03   3.8943436e-02   3.5173761e-02   3.1768164e-02
   2.0474167e+03   3.8956897e-02   3.5171151e-02   3.1752469e-02
   2.0475000e+03   3.8962432e-02   3.5162412e-02   3.1732176e-02
   2.0475833e+03   3.8963748e-02   3.5150402e-02   3.1709429e-02
   2.0476667e+03   3.8967942e-02   3.5140581e-02   3.1688298e-02
   2.0477500e+03   3.8981335e-02   3.5137799e-02   3.1672389e-02
   2.0478333e+03   3.8996573e-02   3.5136399e-02   3.1657484e-02
   2.0479167e+03   3.9002073e-02   3.5127501e-02   3.1636985e-02
   2.0480000e+03   3.8996696e-02   3.5110247e-02   3.1610267e-02
   2.0480833e+03   3.8987237e-02   3.5089851e-02   3.1581209e-02
   2.0481667e+03   3.8981446e-02   3.5072249e-02   3.1554215e-02
   2.0482500e+03   3.8986822e-02   3.5063165e-02   3.1533519e-02
   2.0483333e+03   3.9002187e-02   3.5061687e-02   3.1518432e-02
   2.0484167e+03   3.9015480e-02   3.5058592e-02   3.1502125e-02
   2.0485000e+03   3.9020631e-02   3.5049256e-02   3.1481189e-02
   2.0485833e+03   3.9021478e-02   3.5036615e-02   3.1457798e-02
   2.0486667e+03   3.9025259e-02   3.5026187e-02   3.1436025e-02
   2.0487500e+03   3.9038481e-02   3.5022920e-02   3.1419508e-02
   2.0488333e+03   3.9053835e-02   3.5021241e-02   3.1404139e-02
   2.0489167e+03   3.9059649e-02   3.5012280e-02   3.1383393e-02
   2.0490000e+03   3.9054669e-02   3.4995100e-02   3.1356595e-02
   2.0490833e+03   3.9045624e-02   3.4974820e-02   3.1327513e-02
   2.0491667e+03   3.9040232e-02   3.4957295e-02   3.1300445e-02
   2.0492500e+03   3.9045923e-02   3.4948151e-02   3.1279507e-02
   2.0493333e+03   3.9061399e-02   3.4946388e-02   3.1263954e-02
   2.0494167e+03   3.9074516e-02   3.4942807e-02   3.1247048e-02
   2.0495000e+03   3.9079275e-02   3.4932877e-02   3.1225483e-02
   2.0495833e+03   3.9079643e-02   3.4919606e-02   3.1201465e-02
   2.0496667e+03   3.9083002e-02   3.4908572e-02   3.1179065e-02
   2.0497500e+03   3.9096045e-02   3.4904818e-02   3.1161953e-02
   2.0498333e+03   3.9111512e-02   3.4902858e-02   3.1146125e-02
   2.0499167e+03   3.9117637e-02   3.4893831e-02   3.1125136e-02
   2.0500000e+03   3.9113051e-02   3.4876720e-02   3.1098259e-02
   2.0500833e+03   3.9104419e-02   3.4856550e-02   3.1069154e-02
   2.0501667e+03   3.9099419e-02   3.4839097e-02   3.1042012e-02
   2.0502500e+03   3.9105418e-02   3.4829884e-02   3.1020832e-02
   2.0503333e+03   3.9120998e-02   3.4827833e-02   3.1004820e-02
   2.0504167e+03   3.9133938e-02   3.4823770e-02   3.0987330e-02
   2.0505000e+03   3.9138307e-02   3.4813255e-02   3.0965158e-02
   2.0505833e+03   3.9138203e-02   3.4799370e-02   3.0940539e-02
   2.0506667e+03   3.9141149e-02   3.4787745e-02   3.0917539e-02
   2.0507500e+03   3.9154016e-02   3.4783511e-02   3.0899849e-02
   2.0508333e+03   3.9169585e-02   3.4781263e-02   3.0883569e-02
   2.0509167e+03   3.9176002e-02   3.4772154e-02   3.0862333e-02
   2.0510000e+03   3.9171786e-02   3.4755092e-02   3.0835367e-02
   2.0510833e+03   3.9163541e-02   3.4735013e-02   3.0806229e-02
   2.0511667e+03   3.9158913e-02   3.4717614e-02   3.0779006e-02
   2.0512500e+03   3.9165204e-02   3.4708321e-02   3.0757583e-02
   2.0513333e+03   3.9180880e-02   3.4705978e-02   3.0741120e-02
   2.0514167e+03   3.9193642e-02   3.4701437e-02   3.0723063e-02
   2.0515000e+03   3.9197625e-02   3.4690351e-02   3.0700310e-02
   2.0515833e+03   3.9197054e-02   3.4675864e-02   3.0675116e-02
   2.0516667e+03   3.9199587e-02   3.4663658e-02   3.0651539e-02
   2.0517500e+03   3.9212273e-02   3.4658947e-02   3.0633288e-02
   2.0518333e+03   3.9227939e-02   3.4656411e-02   3.0616566e-02
   2.0519167e+03   3.9234645e-02   3.4647217e-02   3.0595088e-02
   2.0520000e+03   3.9230797e-02   3.4630203e-02   3.0568040e-02
   2.0520833e+03   3.9222938e-02   3.4610212e-02   3.0538872e-02
   2.0521667e+03   3.9218679e-02   3.4592864e-02   3.0511574e-02
   2.0522500e+03   3.9225260e-02   3.4583489e-02   3.0489915e-02
   2.0523333e+03   3.9241028e-02   3.4580853e-02   3.0473012e-02
   2.0524167e+03   3.9253607e-02   3.4575837e-02   3.0454403e-02
   2.0525000e+03   3.9257196e-02   3.4564182e-02   3.0431087e-02
   2.0525833e+03   3.9256148e-02   3.4549098e-02   3.0405338e-02
   2.0526667e+03   3.9258259e-02   3.4536315e-02   3.0381203e-02
   2.0527500e+03   3.9270758e-02   3.4531129e-02   3.0362407e-02
   2.0528333e+03   3.9286517e-02   3.4528303e-02   3.0345253e-02
   2.0529167e+03   3.9293509e-02   3.4519023e-02   3.0323541e-02
   2.0530000e+03   3.9290027e-02   3.4502054e-02   3.0296415e-02
   2.0530833e+03   3.9282553e-02   3.4482151e-02   3.0267224e-02
   2.0531667e+03   3.9278663e-02   3.4464853e-02   3.0239854e-02
   2.0532500e+03   3.9285531e-02   3.4455393e-02   3.0217966e-02
   2.0533333e+03   3.9301386e-02   3.4452464e-02   3.0200633e-02
   2.0534167e+03   3.9313774e-02   3.4446975e-02   3.0181490e-02
   2.0535000e+03   3.9316960e-02   3.4434754e-02   3.0157629e-02
   2.0535833e+03   3.9315427e-02   3.4419077e-02   3.0131346e-02
   2.0536667e+03   3.9317108e-02   3.4405720e-02   3.0106671e-02
   2.0537500e+03   3.9329413e-02   3.4400062e-02   3.0087346e-02
   2.0538333e+03   3.9345261e-02   3.4396946e-02   3.0069771e-02
   2.0539167e+03   3.9352536e-02   3.4387577e-02   3.0047832e-02
   2.0540000e+03   3.9349419e-02   3.4370652e-02   3.0020634e-02
   2.0540833e+03   3.9342329e-02   3.4350835e-02   2.9991423e-02
   2.0541667e+03   3.9338806e-02   3.4333585e-02   2.9963988e-02
   2.0542500e+03   3.9345959e-02   3.4324040e-02   2.9941879e-02
   2.0543333e+03   3.9361897e-02   3.4320817e-02   2.9924128e-02
   2.0544167e+03   3.9374087e-02   3.4314855e-02   2.9904465e-02
   2.0545000e+03   3.9376863e-02   3.4302073e-02   2.9880078e-02
   2.0545833e+03   3.9374835e-02   3.4285808e-02   2.9853281e-02
   2.0546667e+03   3.9376078e-02   3.4271882e-02   2.9828087e-02
   2.0547500e+03   3.9388181e-02   3.4265752e-02   2.9808248e-02
   2.0548333e+03   3.9404113e-02   3.4262345e-02   2.9790264e-02
   2.0549167e+03   3.9411668e-02   3.4252887e-02   2.9768105e-02
   2.0550000e+03   3.9408915e-02   3.4236004e-02   2.9740840e-02
   2.0550833e+03   3.9402209e-02   3.4216271e-02   2.9711615e-02
   2.0551667e+03   3.9399051e-02   3.4199068e-02   2.9684120e-02
   2.0552500e+03   3.9406486e-02   3.4189435e-02   2.9661797e-02
   2.0553333e+03   3.9422501e-02   3.4185918e-02   2.9643639e-02
   2.0554167e+03   3.9434487e-02   3.4179486e-02   2.9623473e-02
   2.0555000e+03   3.9436843e-02   3.4166147e-02   2.9598580e-02
   2.0555833e+03   3.9434313e-02   3.4149300e-02   2.9571289e-02
   2.0556667e+03   3.9435108e-02   3.4134808e-02   2.9545595e-02
   2.0557500e+03   3.9447004e-02   3.4128209e-02   2.9525258e-02
   2.0558333e+03   3.9463015e-02   3.4124511e-02   2.9506876e-02
   2.0559167e+03   3.9470848e-02   3.4114962e-02   2.9484506e-02
   2.0560000e+03   3.9468456e-02   3.4098120e-02   2.9457180e-02
   2.0560833e+03   3.9462132e-02   3.4078469e-02   2.9427946e-02
   2.0561667e+03   3.9459339e-02   3.4061311e-02   2.9400397e-02
   2.0562500e+03   3.9467053e-02   3.4051590e-02   2.9377867e-02
   2.0563333e+03   3.9483141e-02   3.4047778e-02   2.9359314e-02
   2.0564167e+03   3.9494915e-02   3.4040878e-02   2.9338661e-02
   2.0565000e+03   3.9496844e-02   3.4026986e-02   2.9313282e-02
   2.0565833e+03   3.9493801e-02   3.4009561e-02   2.9285517e-02
   2.0566667e+03   3.9494141e-02   3.3994509e-02   2.9259343e-02
   2.0567500e+03   3.9505822e-02   3.3987443e-02   2.9238526e-02
   2.0568333e+03   3.9521907e-02   3.3983454e-02   2.9219757e-02
   2.0569167e+03   3.9530015e-02   3.3973812e-02   2.9197183e-02
   2.0570000e+03   3.9527983e-02   3.3957009e-02   2.9169802e-02
   2.0570833e+03   3.9522040e-02   3.3937439e-02   2.9140565e-02
   2.0571667e+03   3.9519609e-02   3.3920325e-02   2.9112967e-02
   2.0572500e+03   3.9527600e-02   3.3910513e-02   2.9090239e-02
   2.0573333e+03   3.9543756e-02   3.3906407e-02   2.9071303e-02
   2.0574167e+03   3.9555311e-02   3.3899042e-02   2.9050179e-02
   2.0575000e+03   3.9556805e-02   3.3884602e-02   2.9024333e-02
   2.0575833e+03   3.9553240e-02   3.3866604e-02   2.8996115e-02
   2.0576667e+03   3.9553116e-02   3.3850997e-02   2.8969481e-02
   2.0577500e+03   3.9564575e-02   3.3843466e-02   2.8948199e-02
   2.0578333e+03   3.9580730e-02   3.3839186e-02   2.8929057e-02
   2.0579167e+03   3.9589109e-02   3.3829450e-02   2.8906287e-02
   2.0580000e+03   3.9587437e-02   3.3812685e-02   2.8878857e-02
   2.0580833e+03   3.9581873e-02   3.3793194e-02   2.8849622e-02
   2.0581667e+03   3.9579803e-02   3.3776122e-02   2.8821981e-02
   2.0582500e+03   3.9588067e-02   3.3766219e-02   2.8799062e-02
   2.0583333e+03   3.9604287e-02   3.3761818e-02   2.8779755e-02
   2.0584167e+03   3.9615616e-02   3.3753990e-02   2.8758178e-02
   2.0585000e+03   3.9616665e-02   3.3739007e-02   2.8731885e-02
   2.0585833e+03   3.9612570e-02   3.3720442e-02   2.8703235e-02
   2.0586667e+03   3.9611973e-02   3.3704285e-02   2.8676162e-02
   2.0587500e+03   3.9623202e-02   3.3696292e-02   2.8654432e-02
   2.0588333e+03   3.9639422e-02   3.3691721e-02   2.8634928e-02
   2.0589167e+03   3.9648070e-02   3.3681890e-02   2.8611970e-02
   2.0590000e+03   3.9646755e-02   3.3665161e-02   2.8584497e-02
   2.0590833e+03   3.9641569e-02   3.3645748e-02   2.8555269e-02
   2.0591667e+03   3.9639859e-02   3.3628717e-02   2.8527592e-02
   2.0592500e+03   3.9648395e-02   3.3618721e-02   2.8504491e-02
   2.0593333e+03   3.9664672e-02   3.3614026e-02   2.8484826e-02
   2.0594167e+03   3.9675768e-02   3.3605738e-02   2.8462811e-02
   2.0595000e+03   3.9676364e-02   3.3590216e-02   2.8436091e-02
   2.0595833e+03   3.9671729e-02   3.3571090e-02   2.8407030e-02
   2.0596667e+03   3.9670650e-02   3.3554388e-02   2.8379537e-02
   2.0597500e+03   3.9681643e-02   3.3545937e-02   2.8357377e-02
   2.0598333e+03   3.9697922e-02   3.3541075e-02   2.8337524e-02
   2.0599167e+03   3.9706837e-02   3.3531148e-02   2.8314387e-02
   2.0600000e+03   3.9705877e-02   3.3514453e-02   2.8286876e-02
   2.0600833e+03   3.9701068e-02   3.3495117e-02   2.8257662e-02
   2.0601667e+03   3.9699716e-02   3.3478125e-02   2.8229954e-02
   2.0602500e+03   3.9708519e-02   3.3468036e-02   2.8206680e-02
   2.0603333e+03   3.9724850e-02   3.3463046e-02   2.8186668e-02
   2.0604167e+03   3.9735706e-02   3.3454302e-02   2.8164234e-02
   2.0605000e+03   3.9735839e-02   3.3438246e-02   2.8137106e-02
   2.0605833e+03   3.9730656e-02   3.3418566e-02   2.8107656e-02
   2.0606667e+03   3.9729086e-02   3.3401324e-02   2.8079764e-02
   2.0607500e+03   3.9739835e-02   3.3392417e-02   2.8057190e-02
   2.0608333e+03   3.9756168e-02   3.3387265e-02   2.8037001e-02
   2.0609167e+03   3.9765347e-02   3.3377241e-02   2.8013693e-02
   2.0610000e+03   3.9764741e-02   3.3360580e-02   2.7986152e-02
   2.0610833e+03   3.9760308e-02   3.3341319e-02   2.7956956e-02
   2.0611667e+03   3.9759312e-02   3.3324365e-02   2.7929224e-02
   2.0612500e+03   3.9768380e-02   3.3314181e-02   2.7905784e-02
   2.0613333e+03   3.9784759e-02   3.3308898e-02   2.7885440e-02
   2.0614167e+03   3.9795367e-02   3.3299700e-02   2.7862603e-02
   2.0615000e+03   3.9795029e-02   3.3283116e-02   2.7835088e-02
   2.0615833e+03   3.9789288e-02   3.3262887e-02   2.7805269e-02
   2.0616667e+03   3.9787218e-02   3.3245112e-02   2.7776998e-02
   2.0617500e+03   3.9797716e-02   3.3235753e-02   2.7754029e-02
   2.0618333e+03   3.9814098e-02   3.3230311e-02   2.7733515e-02
   2.0619167e+03   3.9823537e-02   3.3220189e-02   2.7710045e-02
   2.0620000e+03   3.9823283e-02   3.3203560e-02   2.7682480e-02
   2.0620833e+03   3.9819224e-02   3.3184372e-02   2.7653308e-02
   2.0621667e+03   3.9818582e-02   3.3167455e-02   2.7625559e-02
   2.0622500e+03   3.9827913e-02   3.3157176e-02   2.7601963e-02
   2.0623333e+03   3.9844334e-02   3.3151600e-02   2.7581298e-02
   2.0624167e+03   3.9854687e-02   3.3141951e-02   2.7558077e-02
   2.0625000e+03   3.9853869e-02   3.3124846e-02   2.7530194e-02
   2.0625833e+03   3.9847561e-02   3.3104075e-02   2.7500027e-02
   2.0626667e+03   3.9844982e-02   3.3085772e-02   2.7471398e-02
   2.0627500e+03   3.9855222e-02   3.3075964e-02   2.7448050e-02
   2.0628333e+03   3.9871648e-02   3.3070233e-02   2.7427225e-02
   2.0629167e+03   3.9881344e-02   3.3060012e-02   2.7403603e-02
   2.0630000e+03   3.9881440e-02   3.3043414e-02   2.7376020e-02
   2.0630833e+03   3.9877754e-02   3.3024299e-02   2.7346878e-02
   2.0631667e+03   3.9877465e-02   3.3007418e-02   2.7319118e-02
   2.0632500e+03   3.9887054e-02   3.2997043e-02   2.7295374e-02
   2.0633333e+03   3.9903513e-02   3.2991174e-02   2.7274402e-02
   2.0634167e+03   3.9913603e-02   3.2981079e-02   2.7250813e-02
   2.0635000e+03   3.9912297e-02   3.2963456e-02   2.7222584e-02
   2.0635833e+03   3.9905412e-02   3.2942151e-02   2.7192090e-02
   2.0636667e+03   3.9902316e-02   3.2923327e-02   2.7163123e-02
   2.0637500e+03   3.9912289e-02   3.2913073e-02   2.7139414e-02
   2.0638333e+03   3.9928754e-02   3.2907054e-02   2.7118291e-02
   2.0639167e+03   3.9938703e-02   3.2896733e-02   2.7094524e-02
   2.0640000e+03   3.9939148e-02   3.2880165e-02   2.7066931e-02
   2.0640833e+03   3.9935833e-02   3.2861122e-02   2.7037825e-02
   2.0641667e+03   3.9935895e-02   3.2844275e-02   2.7010060e-02
   2.0642500e+03   3.9945740e-02   3.2833803e-02   2.6986178e-02
   2.0643333e+03   3.9962231e-02   3.2827644e-02   2.6964912e-02
   2.0644167e+03   3.9972051e-02   3.2817105e-02   2.6940973e-02
   2.0645000e+03   3.9970247e-02   3.2798972e-02   2.6912417e-02
   2.0645833e+03   3.9962776e-02   3.2777139e-02   2.6881618e-02
   2.0646667e+03   3.9959153e-02   3.2757800e-02   2.6852333e-02
   2.0647500e+03   3.9968853e-02   3.2747105e-02   2.6828281e-02
   2.0648333e+03   3.9985351e-02   3.2740798e-02   2.6806873e-02
   2.0649167e+03   3.9995551e-02   3.2730377e-02   2.6782971e-02
   2.0650000e+03   3.9996342e-02   3.2713838e-02   2.6755374e-02
   2.0650833e+03   3.9993397e-02   3.2694866e-02   2.6726310e-02
   2.0651667e+03   3.9993808e-02   3.2678052e-02   2.6698547e-02
   2.0652500e+03   4.0003905e-02   3.2667482e-02   2.6674535e-02
   2.0653333e+03   4.0020423e-02   3.2661033e-02   2.6652989e-02
   2.0654167e+03   4.0029964e-02   3.2650055e-02   2.6628717e-02
   2.0655000e+03   4.0027654e-02   3.2631418e-02   2.6599855e-02
   2.0655833e+03   4.0019588e-02   3.2609064e-02   2.6568771e-02
   2.0656667e+03   4.0015429e-02   3.2589217e-02   2.6539189e-02
   2.0657500e+03   4.0024848e-02   3.2578084e-02   2.6514811e-02
   2.0658333e+03   4.0041373e-02   3.2571492e-02   2.6493132e-02
   2.0659167e+03   4.0051820e-02   3.2560970e-02   2.6469105e-02
   2.0660000e+03   4.0052956e-02   3.2544459e-02   2.6441509e-02
   2.0660833e+03   4.0050379e-02   3.2525556e-02   2.6412494e-02
   2.0661667e+03   4.0051138e-02   3.2508775e-02   2.6384739e-02
   2.0662500e+03   4.0061484e-02   3.2498107e-02   2.6360607e-02
   2.0663333e+03   4.0078022e-02   3.2491369e-02   2.6338794e-02
   2.0664167e+03   4.0087278e-02   3.2479956e-02   2.6314207e-02
   2.0665000e+03   4.0084453e-02   3.2460822e-02   2.6285058e-02
   2.0665833e+03   4.0075781e-02   3.2437955e-02   2.6253711e-02
   2.0666667e+03   4.0071078e-02   3.2417605e-02   2.6223853e-02
   2.0667500e+03   4.0080207e-02   3.2406040e-02   2.6199166e-02
   2.0668333e+03   4.0096755e-02   3.2399162e-02   2.6177230e-02
   2.0669167e+03   4.0107446e-02   3.2388540e-02   2.6153086e-02
   2.0670000e+03   4.0108923e-02   3.2372055e-02   2.6125500e-02
   2.0670833e+03   4.0106714e-02   3.2353221e-02   2.6096539e-02
   2.0671667e+03   4.0107817e-02   3.2336471e-02   2.6068799e-02
   2.0672500e+03   4.0118410e-02   3.2325705e-02   2.6044555e-02
   2.0673333e+03   4.0134963e-02   3.2318679e-02   2.6022489e-02
   2.0674167e+03   4.0143925e-02   3.2306836e-02   2.5997606e-02
   2.0675000e+03   4.0140575e-02   3.2287211e-02   2.5968190e-02
   2.0675833e+03   4.0131290e-02   3.2263838e-02   2.5936600e-02
   2.0676667e+03   4.0126032e-02   3.2242994e-02   2.5906486e-02
   2.0677500e+03   4.0134865e-02   3.2231000e-02   2.5881509e-02
   2.0678333e+03   4.0151429e-02   3.2223840e-02   2.5859328e-02
   2.0679167e+03   4.0162360e-02   3.2213116e-02   2.5835077e-02
   2.0680000e+03   4.0164178e-02   3.2196657e-02   2.5807507e-02
   2.0680833e+03   4.0162334e-02   3.2177890e-02   2.5778606e-02
   2.0681667e+03   4.0163780e-02   3.2161171e-02   2.5750889e-02
   2.0682500e+03   4.0174615e-02   3.2150306e-02   2.5726543e-02
   2.0683333e+03   4.0191178e-02   3.2142995e-02   2.5704237e-02
   2.0684167e+03   4.0199839e-02   3.2130725e-02   2.5679074e-02
   2.0685000e+03   4.0195955e-02   3.2110616e-02   2.5649412e-02
   2.0685833e+03   4.0186046e-02   3.2086746e-02   2.5617601e-02
   2.0686667e+03   4.0180225e-02   3.2065415e-02   2.5587251e-02
   2.0687500e+03   4.0188753e-02   3.2052996e-02   2.5562001e-02
   2.0688333e+03   4.0205328e-02   3.2045554e-02   2.5539589e-02
   2.0689167e+03   4.0216496e-02   3.2034729e-02   2.5515240e-02
   2.0690000e+03   4.0218652e-02   3.2018295e-02   2.5487693e-02
   2.0690833e+03   4.0217172e-02   3.1999595e-02   2.5458859e-02
   2.0691667e+03   4.0218959e-02   3.1982905e-02   2.5431171e-02
   2.0692500e+03   4.0230032e-02   3.1971941e-02   2.5406733e-02
   2.0693333e+03   4.0246599e-02   3.1964346e-02   2.5384200e-02
   2.0694167e+03   4.0254951e-02   3.1951655e-02   2.5358776e-02
   2.0695000e+03   4.0250525e-02   3.1931070e-02   2.5328888e-02
   2.0695833e+03   4.0239982e-02   3.1906709e-02   2.5296875e-02
   2.0696667e+03   4.0233589e-02   3.1884899e-02   2.5266309e-02
   2.0697500e+03   4.0241805e-02   3.1872061e-02   2.5240804e-02
   2.0698333e+03   4.0258384e-02   3.1864339e-02   2.5218175e-02
   2.0699167e+03   4.0269785e-02   3.1853412e-02   2.5193737e-02
   2.0700000e+03   4.0272277e-02   3.1837003e-02   2.5166221e-02
   2.0700833e+03   4.0271158e-02   3.1818368e-02   2.5137460e-02
   2.0701667e+03   4.0273284e-02   3.1801707e-02   2.5109808e-02
   2.0702500e+03   4.0284593e-02   3.1790644e-02   2.5085287e-02
   2.0703333e+03   4.0301157e-02   3.1782767e-02   2.5062541e-02
   2.0704167e+03   4.0309192e-02   3.1769660e-02   2.5036872e-02
   2.0705000e+03   4.0304214e-02   3.1748605e-02   2.5006778e-02
   2.0705833e+03   4.0293029e-02   3.1723763e-02   2.4974585e-02
   2.0706667e+03   4.0286055e-02   3.1701480e-02   2.4943824e-02
   2.0707500e+03   4.0293950e-02   3.1688228e-02   2.4918081e-02
   2.0708333e+03   4.0310529e-02   3.1680229e-02   2.4895247e-02
   2.0709167e+03   4.0322159e-02   3.1669200e-02   2.4870732e-02
   2.0710000e+03   4.0324984e-02   3.1652814e-02   2.4843252e-02
   2.0710833e+03   4.0324225e-02   3.1634244e-02   2.4814570e-02
   2.0711667e+03   4.0326688e-02   3.1617612e-02   2.4786961e-02
   2.0712500e+03   4.0338228e-02   3.1606450e-02   2.4762366e-02
   2.0713333e+03   4.0354784e-02   3.1598293e-02   2.4739422e-02
   2.0714167e+03   4.0362494e-02   3.1584774e-02   2.4713527e-02
   2.0715000e+03   4.0356955e-02   3.1563257e-02   2.4683245e-02
   2.0715833e+03   4.0345118e-02   3.1537942e-02   2.4650892e-02
   2.0716667e+03   4.0337553e-02   3.1515195e-02   2.4619955e-02
   2.0717500e+03   4.0345119e-02   3.1501534e-02   2.4593992e-02
   2.0718333e+03   4.0361691e-02   3.1493259e-02   2.4570969e-02
   2.0719167e+03   4.0373547e-02   3.1482128e-02   2.4546384e-02
   2.0720000e+03   4.0376704e-02   3.1465766e-02   2.4518949e-02
   2.0720833e+03   4.0376303e-02   3.1447260e-02   2.4490352e-02
   2.0721667e+03   4.0379100e-02   3.1430655e-02   2.4462793e-02
   2.0722500e+03   4.0390867e-02   3.1419394e-02   2.4438134e-02
   2.0723333e+03   4.0407410e-02   3.1410959e-02   2.4415004e-02
   2.0724167e+03   4.0414786e-02   3.1397034e-02   2.4388900e-02
   2.0725000e+03   4.0408678e-02   3.1375063e-02   2.4358452e-02
   2.0725833e+03   4.0396179e-02   3.1349284e-02   2.4325959e-02
   2.0726667e+03   4.0388014e-02   3.1326081e-02   2.4294866e-02
   2.0727500e+03   4.0395244e-02   3.1312015e-02   2.4268700e-02
   2.0728333e+03   4.0411803e-02   3.1303467e-02   2.4245500e-02
   2.0729167e+03   4.0423880e-02   3.1292235e-02   2.4220856e-02
   2.0730000e+03   4.0427366e-02   3.1275895e-02   2.4193472e-02
   2.0730833e+03   4.0427321e-02   3.1257453e-02   2.4164967e-02
   2.0731667e+03   4.0430450e-02   3.1240875e-02   2.4137465e-02
   2.0732500e+03   4.0442441e-02   3.1229515e-02   2.4112752e-02
   2.0733333e+03   4.0458963e-02   3.1220805e-02   2.4089450e-02
   2.0734167e+03   4.0465998e-02   3.1206479e-02   2.4063154e-02
   2.0735000e+03   4.0459311e-02   3.1184061e-02   2.4032558e-02
   2.0735833e+03   4.0446141e-02   3.1157827e-02   2.3999945e-02
   2.0736667e+03   4.0437367e-02   3.1134175e-02   2.3968716e-02
   2.0737500e+03   4.0444252e-02   3.1119712e-02   2.3942365e-02
   2.0738333e+03   4.0460792e-02   3.1110892e-02   2.3919002e-02
   2.0739167e+03   4.0473087e-02   3.1099559e-02   2.3894308e-02
   2.0740000e+03   4.0476899e-02   3.1083241e-02   2.3866983e-02
   2.0740833e+03   4.0477208e-02   3.1064862e-02   2.3838575e-02
   2.0741667e+03   4.0480666e-02   3.1048311e-02   2.3811137e-02
   2.0742500e+03   4.0492878e-02   3.1036852e-02   2.3786379e-02
   2.0743333e+03   4.0509374e-02   3.1027869e-02   2.3762919e-02
   2.0744167e+03   4.0516059e-02   3.1013148e-02   2.3736449e-02
   2.0745000e+03   4.0508784e-02   3.0990292e-02   2.3705724e-02
   2.0745833e+03   4.0494934e-02   3.0963611e-02   2.3673012e-02
   2.0746667e+03   4.0485541e-02   3.0939520e-02   2.3641665e-02
   2.0747500e+03   4.0492074e-02   3.0924664e-02   2.3615147e-02
   2.0748333e+03   4.0508589e-02   3.0915576e-02   2.3591634e-02
   2.0749167e+03   4.0521097e-02   3.0904142e-02   2.3566900e-02
   2.0750000e+03   4.0525233e-02   3.0887845e-02   2.3539640e-02
   2.0750833e+03   4.0525892e-02   3.0869527e-02   2.3511336e-02
   2.0751667e+03   4.0529673e-02   3.0853000e-02   2.3483967e-02
   2.0752500e+03   4.0542097e-02   3.0841441e-02   2.3459173e-02
   2.0753333e+03   4.0558562e-02   3.0832188e-02   2.3435569e-02
   2.0754167e+03   4.0564900e-02   3.0817084e-02   2.3408945e-02
   2.0755000e+03   4.0557047e-02   3.0793809e-02   2.3378117e-02
   2.0755833e+03   4.0542534e-02   3.0766707e-02   2.3345331e-02
   2.0756667e+03   4.0532541e-02   3.0742200e-02   2.3313895e-02
   2.0757500e+03   4.0538732e-02   3.0726968e-02   2.3287231e-02
   2.0758333e+03   4.0555218e-02   3.0717615e-02   2.3263584e-02
   2.0759167e+03   4.0567924e-02   3.0706075e-02   2.3238816e-02
   2.0760000e+03   4.0572360e-02   3.0689787e-02   2.3211622e-02
   2.0760833e+03   4.0573345e-02   3.0671517e-02   2.3183421e-02
   2.0761667e+03   4.0577430e-02   3.0655004e-02   2.3156124e-02
   2.0762500e+03   4.0590053e-02   3.0643341e-02   2.3131300e-02
   2.0763333e+03   4.0606482e-02   3.0633822e-02   2.3107567e-02
   2.0764167e+03   4.0612481e-02   3.0618349e-02   2.3080810e-02
   2.0765000e+03   4.0604062e-02   3.0594675e-02   2.3049903e-02
   2.0765833e+03   4.0588895e-02   3.0567171e-02   2.3017069e-02
   2.0766667e+03   4.0578308e-02   3.0542265e-02   2.2985566e-02
   2.0767500e+03   4.0584156e-02   3.0526667e-02   2.2958775e-02
   2.0768333e+03   4.0600609e-02   3.0517053e-02   2.2935007e-02
   2.0769167e+03   4.0613508e-02   3.0505406e-02   2.2910214e-02
   2.0770000e+03   4.0618241e-02   3.0489128e-02   2.2883094e-02
   2.0770833e+03   4.0619551e-02   3.0470907e-02   2.2855003e-02
   2.0771667e+03   4.0623937e-02   3.0454407e-02   2.2827785e-02
   2.0772500e+03   4.0636754e-02   3.0442640e-02   2.2802941e-02
   2.0773333e+03   4.0653144e-02   3.0432859e-02   2.2779092e-02
   2.0774167e+03   4.0658794e-02   3.0417024e-02   2.2752220e-02
   2.0775000e+03   4.0649802e-02   3.0392959e-02   2.2721251e-02
   2.0775833e+03   4.0633974e-02   3.0365062e-02   2.2688388e-02
   2.0776667e+03   4.0622784e-02   3.0339768e-02   2.2656836e-02
   2.0777500e+03   4.0628282e-02   3.0323809e-02   2.2629935e-02
   2.0778333e+03   4.0644696e-02   3.0313938e-02   2.2606059e-02
   2.0779167e+03   4.0657784e-02   3.0302186e-02   2.2581251e-02
   2.0780000e+03   4.0662813e-02   3.0285917e-02   2.2554212e-02
   2.0780833e+03   4.0664445e-02   3.0267744e-02   2.2526239e-02
   2.0781667e+03   4.0669129e-02   3.0251258e-02   2.2499106e-02
   2.0782500e+03   4.0682138e-02   3.0239388e-02   2.2474253e-02
   2.0783333e+03   4.0698482e-02   3.0229349e-02   2.2450302e-02
   2.0784167e+03   4.0703778e-02   3.0213157e-02   2.2423330e-02
   2.0785000e+03   4.0694203e-02   3.0188711e-02   2.2392317e-02
   2.0785833e+03   4.0677706e-02   3.0160432e-02   2.2359443e-02
   2.0786667e+03   4.0665906e-02   3.0134756e-02   2.2327861e-02
   2.0787500e+03   4.0671046e-02   3.0118444e-02   2.2300866e-02
   2.0788333e+03   4.0687415e-02   3.0108319e-02   2.2276896e-02
   2.0789167e+03   4.0700689e-02   3.0096462e-02   2.2252083e-02
   2.0790000e+03   4.0706010e-02   3.0080204e-02   2.2225133e-02
   2.0790833e+03   4.0707963e-02   3.0062079e-02   2.2197282e-02
   2.0791667e+03   4.0712944e-02   3.0045608e-02   2.2170243e-02
   2.0792500e+03   4.0726140e-02   3.0033636e-02   2.2145390e-02
   2.0793333e+03   4.0742432e-02   3.0023342e-02   2.2121350e-02
   2.0794167e+03   4.0747365e-02   3.0006800e-02   2.2094294e-02
   2.0795000e+03   4.0737201e-02   2.9981981e-02   2.2063257e-02
   2.0795833e+03   4.0720026e-02   2.9953329e-02   2.2030389e-02
   2.0796667e+03   4.0707608e-02   2.9927282e-02   2.1998794e-02
   2.0797500e+03   4.0712383e-02   2.9910623e-02   2.1971722e-02
   2.0798333e+03   4.0728702e-02   2.9900247e-02   2.1947671e-02
   2.0799167e+03   4.0742157e-02   2.9888288e-02   2.1922863e-02
   2.0800000e+03   4.0747769e-02   2.9872040e-02   2.1896008e-02
   2.0800833e+03   4.0750041e-02   2.9853963e-02   2.1868288e-02
   2.0801667e+03   4.0755314e-02   2.9837507e-02   2.1841349e-02
   2.0802500e+03   4.0768695e-02   2.9825435e-02   2.1816505e-02
   2.0803333e+03   4.0784929e-02   2.9814889e-02   2.1792389e-02
   2.0804167e+03   4.0789493e-02   2.9798004e-02   2.1765267e-02
   2.0805000e+03   4.0778731e-02   2.9772822e-02   2.1734221e-02
   2.0805833e+03   4.0760871e-02   2.9743806e-02   2.1701378e-02
   2.0806667e+03   4.0747826e-02   2.9717398e-02   2.1669787e-02
   2.0807500e+03   4.0752230e-02   2.9700399e-02   2.1642654e-02
   2.0808333e+03   4.0768492e-02   2.9689776e-02   2.1618535e-02
   2.0809167e+03   4.0782125e-02   2.9677714e-02   2.1593742e-02
   2.0810000e+03   4.0788024e-02   2.9661477e-02   2.1566989e-02
   2.0810833e+03   4.0790612e-02   2.9643450e-02   2.1539405e-02
   2.0811667e+03   4.0796177e-02   2.9627009e-02   2.1512574e-02
   2.0812500e+03   4.0809737e-02   2.9614838e-02   2.1487749e-02
   2.0813333e+03   4.0825908e-02   2.9604044e-02   2.1463571e-02
   2.0814167e+03   4.0830095e-02   2.9586823e-02   2.1436398e-02
   2.0815000e+03   4.0818728e-02   2.9561285e-02   2.1405361e-02
   2.0815833e+03   4.0800174e-02   2.9531917e-02   2.1372560e-02
   2.0816667e+03   4.0786495e-02   2.9505156e-02   2.1340990e-02
   2.0817500e+03   4.0790519e-02   2.9487824e-02   2.1313812e-02
   2.0818333e+03   4.0806720e-02   2.9476957e-02   2.1289638e-02
   2.0819167e+03   4.0820526e-02   2.9464796e-02   2.1264868e-02
   2.0820000e+03   4.0826710e-02   2.9448570e-02   2.1238226e-02
   2.0820833e+03   4.0829612e-02   2.9430592e-02   2.1210785e-02
   2.0821667e+03   4.0835465e-02   2.9414166e-02   2.1184068e-02
   2.0822500e+03   4.0849201e-02   2.9401898e-02   2.1159272e-02
   2.0823333e+03   4.0865302e-02   2.9390860e-02   2.1135044e-02
   2.0824167e+03   4.0869107e-02   2.9373310e-02   2.1107836e-02
   2.0825000e+03   4.0857125e-02   2.9347427e-02   2.1076824e-02
   2.0825833e+03   4.0837870e-02   2.9317716e-02   2.1044082e-02
   2.0826667e+03   4.0823550e-02   2.9290611e-02   2.1012550e-02
   2.0827500e+03   4.0827187e-02   2.9272953e-02   2.0985343e-02
   2.0828333e+03   4.0843320e-02   2.9261847e-02   2.0961127e-02
   2.0829167e+03   4.0857295e-02   2.9249587e-02   2.0936391e-02
   2.0830000e+03   4.0863761e-02   2.9233373e-02   2.0909865e-02
   2.0830833e+03   4.0866975e-02   2.9215444e-02   2.0882572e-02
   2.0831667e+03   4.0873114e-02   2.9199035e-02   2.0855978e-02
   2.0832500e+03   4.0887022e-02   2.9186671e-02   2.0831219e-02
   2.0833333e+03   4.0903048e-02   2.9175393e-02   2.0806955e-02
   2.0834167e+03   4.0906461e-02   2.9157520e-02   2.0779727e-02
   2.0835000e+03   4.0893858e-02   2.9131301e-02   2.0748757e-02
   2.0835833e+03   4.0873893e-02   2.9101258e-02   2.0716090e-02
   2.0836667e+03   4.0858923e-02   2.9073819e-02   2.0684613e-02
   2.0837500e+03   4.0862167e-02   2.9055842e-02   2.0657391e-02
   2.0838333e+03   4.0878226e-02   2.9044501e-02   2.0633146e-02
   2.0839167e+03   4.0892366e-02   2.9032144e-02   2.0608453e-02
   2.0840000e+03   4.0899112e-02   2.9015942e-02   2.0582051e-02
   2.0840833e+03   4.0902635e-02   2.8998063e-02   2.0554913e-02
   2.0841667e+03   4.0909056e-02   2.8981670e-02   2.0528447e-02
   2.0842500e+03   4.0923132e-02   2.8969213e-02   2.0503735e-02
   2.0843333e+03   4.0939077e-02   2.8957698e-02   2.0479448e-02
   2.0844167e+03   4.0942091e-02   2.8939511e-02   2.0452214e-02
   2.0845000e+03   4.0928860e-02   2.8912965e-02   2.0421303e-02
   2.0845833e+03   4.0908178e-02   2.8882599e-02   2.0388728e-02
   2.0846667e+03   4.0892550e-02   2.8854837e-02   2.0357321e-02
   2.0847500e+03   4.0895393e-02   2.8836548e-02   2.0330100e-02
   2.0848333e+03   4.0911372e-02   2.8824975e-02   2.0305838e-02
   2.0849167e+03   4.0925673e-02   2.8812524e-02   2.0281197e-02
   2.0850000e+03   4.0932695e-02   2.8796335e-02   2.0254926e-02
   2.0850833e+03   4.0936526e-02   2.8778506e-02   2.0227949e-02
   2.0851667e+03   4.0943227e-02   2.8762130e-02   2.0201618e-02
   2.0852500e+03   4.0957465e-02   2.8749580e-02   2.0176963e-02
   2.0853333e+03   4.0973323e-02   2.8737834e-02   2.0152664e-02
   2.0854167e+03   4.0975932e-02   2.8719339e-02   2.0125441e-02
   2.0855000e+03   4.0962064e-02   2.8692476e-02   2.0094603e-02
   2.0855833e+03   4.0940657e-02   2.8661799e-02   2.0062135e-02
   2.0856667e+03   4.0924364e-02   2.8633723e-02   2.0030815e-02
   2.0857500e+03   4.0926799e-02   2.8615129e-02   2.0003609e-02
   2.0858333e+03   4.0942691e-02   2.8603329e-02   1.9979343e-02
   2.0859167e+03   4.0957150e-02   2.8590784e-02   1.9954762e-02
   2.0860000e+03   4.0964445e-02   2.8574609e-02   1.9928630e-02
   2.0860833e+03   4.0968580e-02   2.8556830e-02   1.9901819e-02
   2.0861667e+03   4.0975558e-02   2.8540473e-02   1.9875630e-02
   2.0862500e+03   4.0989955e-02   2.8527832e-02   1.9851040e-02
   2.0863333e+03   4.1005719e-02   2.8515859e-02   1.9826742e-02
   2.0864167e+03   4.1007915e-02   2.8497063e-02   1.9799544e-02
   2.0865000e+03   4.0993403e-02   2.8469893e-02   1.9768796e-02
   2.0865833e+03   4.0971263e-02   2.8438914e-02   1.9736450e-02
   2.0866667e+03   4.0954298e-02   2.8410534e-02   1.9705232e-02
   2.0867500e+03   4.0956317e-02   2.8391643e-02   1.9678055e-02
   2.0868333e+03   4.0972118e-02   2.8379620e-02   1.9653797e-02
   2.0869167e+03   4.0986729e-02   2.8366984e-02   1.9629287e-02
   2.0870000e+03   4.0994294e-02   2.8350824e-02   1.9603298e-02
   2.0870833e+03   4.0998731e-02   2.8333096e-02   1.9576661e-02
   2.0871667e+03   4.1005983e-02   2.8316757e-02   1.9550620e-02
   2.0872500e+03   4.1020535e-02   2.8304028e-02   1.9526104e-02
   2.0873333e+03   4.1036199e-02   2.8291831e-02   1.9501820e-02
   2.0874167e+03   4.1037975e-02   2.8272743e-02   1.9474660e-02
   2.0875000e+03   4.1022811e-02   2.8245275e-02   1.9444016e-02
   2.0875833e+03   4.0999931e-02   2.8214005e-02   1.9411808e-02
   2.0876667e+03   4.0982285e-02   2.8185331e-02   1.9380706e-02
   2.0877500e+03   4.0983882e-02   2.8166151e-02   1.9353574e-02
   2.0878333e+03   4.0999585e-02   2.8153909e-02   1.9329336e-02
   2.0879167e+03   4.1014343e-02   2.8141184e-02   1.9304905e-02
   2.0880000e+03   4.1022176e-02   2.8125039e-02   1.9279067e-02
   2.0880833e+03   4.1026911e-02   2.8107363e-02   1.9252608e-02
   2.0881667e+03   4.1034434e-02   2.8091043e-02   1.9226721e-02
   2.0882500e+03   4.1049137e-02   2.8078227e-02   1.9202289e-02
   2.0883333e+03   4.1064695e-02   2.8065812e-02   1.9178029e-02
   2.0884167e+03   4.1066043e-02   2.8046438e-02   1.9150922e-02
   2.0885000e+03   4.1050220e-02   2.8018683e-02   1.9120397e-02
   2.0885833e+03   4.1026593e-02   2.7987133e-02   1.9088342e-02
   2.0886667e+03   4.1008259e-02   2.7958175e-02   1.9057371e-02
   2.0887500e+03   4.1009426e-02   2.7938713e-02   1.9030297e-02
   2.0888333e+03   4.1025024e-02   2.7926257e-02   1.9006090e-02
   2.0889167e+03   4.1039926e-02   2.7913445e-02   1.8981746e-02
   2.0890000e+03   4.1048022e-02   2.7897315e-02   1.8956065e-02
   2.0890833e+03   4.1053054e-02   2.7879691e-02   1.8929791e-02
   2.0891667e+03   4.1060845e-02   2.7863393e-02   1.8904065e-02
   2.0892500e+03   4.1075693e-02   2.7850492e-02   1.8879724e-02
   2.0893333e+03   4.1091139e-02   2.7837862e-02   1.8855501e-02
   2.0894167e+03   4.1092053e-02   2.7818211e-02   1.8828461e-02
   2.0895000e+03   4.1075563e-02   2.7790178e-02   1.8798069e-02
   2.0895833e+03   4.1051181e-02   2.7758358e-02   1.8766180e-02
   2.0896667e+03   4.1032153e-02   2.7729127e-02   1.8735355e-02
   2.0897500e+03   4.1032883e-02   2.7709391e-02   1.8708352e-02
   2.0898333e+03   4.1048370e-02   2.7696725e-02   1.8684188e-02
   2.0899167e+03   4.1063410e-02   2.7683828e-02   1.8659941e-02
   2.0900000e+03   4.1071767e-02   2.7667716e-02   1.8634423e-02
   2.0900833e+03   4.1077092e-02   2.7650144e-02   1.8608338e-02
   2.0901667e+03   4.1085147e-02   2.7633867e-02   1.8582780e-02
   2.0902500e+03   4.1100136e-02   2.7620884e-02   1.8558539e-02
   2.0903333e+03   4.1115464e-02   2.7608044e-02   1.8534364e-02
   2.0904167e+03   4.1115936e-02   2.7588123e-02   1.8507404e-02
   2.0905000e+03   4.1098773e-02   2.7559822e-02   1.8477158e-02
   2.0905833e+03   4.1073628e-02   2.7527744e-02   1.8445450e-02
   2.0906667e+03   4.1053898e-02   2.7498250e-02   1.8414784e-02
   2.0907500e+03   4.1054184e-02   2.7478247e-02   1.8387865e-02
   2.0908333e+03   4.1069554e-02   2.7465377e-02   1.8363756e-02
   2.0909167e+03   4.1084728e-02   2.7452396e-02   1.8339613e-02
   2.0910000e+03   4.1093342e-02   2.7436302e-02   1.8314264e-02
   2.0910833e+03   4.1098958e-02   2.7418784e-02   1.8288374e-02
   2.0911667e+03   4.1107274e-02   2.7402529e-02   1.8262989e-02
   2.0912500e+03   4.1122399e-02   2.7389465e-02   1.8238856e-02
   2.0913333e+03   4.1137603e-02   2.7376421e-02   1.8214741e-02
   2.0914167e+03   4.1137626e-02   2.7356238e-02   1.8187874e-02
   2.0915000e+03   4.1119781e-02   2.7327679e-02   1.8157788e-02
   2.0915833e+03   4.1093867e-02   2.7295354e-02   1.8126274e-02
   2.0916667e+03   4.1073427e-02   2.7265606e-02   1.8095780e-02
   2.0917500e+03   4.1073262e-02   2.7245345e-02   1.8068959e-02
   2.0918333e+03   4.1088509e-02   2.7232275e-02   1.8044915e-02
   2.0919167e+03   4.1103812e-02   2.7219213e-02   1.8020885e-02
   2.0920000e+03   4.1112680e-02   2.7203138e-02   1.7995712e-02
   2.0920833e+03   4.1118584e-02   2.7185674e-02   1.7970022e-02
   2.0921667e+03   4.1127157e-02   2.7169442e-02   1.7944816e-02
   2.0922500e+03   4.1142414e-02   2.7156301e-02   1.7920799e-02
   2.0923333e+03   4.1157486e-02   2.7143057e-02   1.7896754e-02
   2.0924167e+03   4.1157053e-02   2.7122620e-02   1.7869993e-02
   2.0925000e+03   4.1138520e-02   2.7093813e-02   1.7840080e-02
   2.0925833e+03   4.1111830e-02   2.7061251e-02   1.7808773e-02
   2.0926667e+03   4.1090674e-02   2.7031260e-02   1.7778464e-02
   2.0927500e+03   4.1090051e-02   2.7010749e-02   1.7751753e-02
   2.0928333e+03   4.1105168e-02   2.6997483e-02   1.7727785e-02
   2.0929167e+03   4.1120595e-02   2.6984343e-02   1.7703875e-02
   2.0930000e+03   4.1129713e-02   2.6968289e-02   1.7678884e-02
   2.0930833e+03   4.1135901e-02   2.6950879e-02   1.7653399e-02
   2.0931667e+03   4.1144729e-02   2.6934672e-02   1.7628378e-02
   2.0932500e+03   4.1160112e-02   2.6921454e-02   1.7604486e-02
   2.0933333e+03   4.1175047e-02   2.6908015e-02   1.7580522e-02
   2.0934167e+03   4.1174151e-02   2.6887332e-02   1.7553878e-02
   2.0935000e+03   4.1154922e-02   2.6858288e-02   1.7524151e-02
   2.0935833e+03   4.1127449e-02   2.6825500e-02   1.7493063e-02
   2.0936667e+03   4.1105570e-02   2.6795277e-02   1.7462952e-02
   2.0937500e+03   4.1104482e-02   2.6774523e-02   1.7436363e-02
   2.0938333e+03   4.1119464e-02   2.6761067e-02   1.7412482e-02
   2.0939167e+03   4.1135010e-02   2.6747851e-02   1.7388701e-02
   2.0940000e+03   4.1144374e-02   2.6731818e-02   1.7363896e-02
   2.0940833e+03   4.1150843e-02   2.6714464e-02   1.7338621e-02
   2.0941667e+03   4.1159921e-02   2.6698282e-02   1.7313790e-02
   2.0942500e+03   4.1175426e-02   2.6684991e-02   1.7290030e-02
   2.0943333e+03   4.1190217e-02   2.6671362e-02   1.7266158e-02
   2.0944167e+03   4.1188851e-02   2.6650441e-02   1.7239644e-02
   2.0945000e+03   4.1168920e-02   2.6621169e-02   1.7210115e-02
   2.0945833e+03   4.1140657e-02   2.6588166e-02   1.7179258e-02
   2.0946667e+03   4.1118048e-02   2.6557722e-02   1.7149357e-02
   2.0947500e+03   4.1116488e-02   2.6536733e-02   1.7122902e-02
   2.0948333e+03   4.1131328e-02   2.6523092e-02   1.7099118e-02
   2.0949167e+03   4.1146988e-02   2.6509803e-02   1.7075472e-02
   2.0950000e+03   4.1156595e-02   2.6493792e-02   1.7050860e-02
   2.0950833e+03   4.1163342e-02   2.6476494e-02   1.7025800e-02
   2.0951667e+03   4.1172667e-02   2.6460339e-02   1.7001165e-02
   2.0952500e+03   4.1188289e-02   2.6446977e-02   1.6977544e-02
   2.0953333e+03   4.1202929e-02   2.6433163e-02   1.6953774e-02
   2.0954167e+03   4.1201086e-02   2.6412012e-02   1.6927401e-02
   2.0955000e+03   4.1180446e-02   2.6382523e-02   1.6898082e-02
   2.0955833e+03   4.1151387e-02   2.6349316e-02   1.6867468e-02
   2.0956667e+03   4.1128042e-02   2.6318660e-02   1.6837788e-02
   2.0957500e+03   4.1126002e-02   2.6297446e-02   1.6811479e-02
   2.0958333e+03   4.1140693e-02   2.6283624e-02   1.6787801e-02
   2.0959167e+03   4.1156462e-02   2.6270264e-02   1.6764300e-02
   2.0960000e+03   4.1166308e-02   2.6254277e-02   1.6739885e-02
   2.0960833e+03   4.1173330e-02   2.6237037e-02   1.6715045e-02
   2.0961667e+03   4.1182898e-02   2.6220909e-02   1.6690611e-02
   2.0962500e+03   4.1198631e-02   2.6207478e-02   1.6667137e-02
   2.0963333e+03   4.1213115e-02   2.6193484e-02   1.6643478e-02
   2.0964167e+03   4.1210787e-02   2.6172113e-02   1.6617258e-02
   2.0965000e+03   4.1189433e-02   2.6142416e-02   1.6588159e-02
   2.0965833e+03   4.1159570e-02   2.6109017e-02   1.6557800e-02
   2.0966667e+03   4.1135482e-02   2.6078160e-02   1.6528352e-02
   2.0967500e+03   4.1132957e-02   2.6056727e-02   1.6502199e-02
   2.0968333e+03   4.1147492e-02   2.6042731e-02   1.6478639e-02
   2.0969167e+03   4.1163366e-02   2.6029302e-02   1.6455288e-02
   2.0970000e+03   4.1173447e-02   2.6013340e-02   1.6431076e-02
   2.0970833e+03   4.1180739e-02   2.5996158e-02   1.6406460e-02
   2.0971667e+03   4.1190546e-02   2.5980059e-02   1.6382232e-02
   2.0972500e+03   4.1206386e-02   2.5966562e-02   1.6358912e-02
   2.0973333e+03   4.1220707e-02   2.5952394e-02   1.6335374e-02
   2.0974167e+03   4.1217888e-02   2.5930809e-02   1.6309318e-02
   2.0975000e+03   4.1195812e-02   2.5900916e-02   1.6280451e-02
   2.0975833e+03   4.1165141e-02   2.5867335e-02   1.6250356e-02
   2.0976667e+03   4.1140303e-02   2.5836287e-02   1.6221152e-02
   2.0977500e+03   4.1137285e-02   2.5814645e-02   1.6195166e-02
   2.0978333e+03   4.1151659e-02   2.5800478e-02   1.6171732e-02
   2.0979167e+03   4.1167631e-02   2.5786984e-02   1.6148538e-02
   2.0980000e+03   4.1177943e-02   2.5771048e-02   1.6124535e-02
   2.0980833e+03   4.1185503e-02   2.5753925e-02   1.6100147e-02
   2.0981667e+03   4.1195545e-02   2.5737856e-02   1.6076130e-02
   2.0982500e+03   4.1211486e-02   2.5724297e-02   1.6052970e-02
   2.0983333e+03   4.1225637e-02   2.5709959e-02   1.6029564e-02
   2.0984167e+03   4.1222321e-02   2.5688169e-02   1.6003682e-02
   2.0985000e+03   4.1199516e-02   2.5658089e-02   1.5975056e-02
   2.0985833e+03   4.1168030e-02   2.5624338e-02   1.5945237e-02
   2.0986667e+03   4.1142437e-02   2.5593110e-02   1.5916286e-02
   2.0987500e+03   4.1138920e-02   2.5571267e-02   1.5890478e-02
   2.0988333e+03   4.1153125e-02   2.5556935e-02   1.5867179e-02
   2.0989167e+03   4.1169191e-02   2.5543378e-02   1.5844150e-02
   2.0990000e+03   4.1179730e-02   2.5527470e-02   1.5820359e-02
   2.0990833e+03   4.1187553e-02   2.5510406e-02   1.5796204e-02
   2.0991667e+03   4.1197827e-02   2.5494369e-02   1.5772403e-02
   2.0992500e+03   4.1213864e-02   2.5480749e-02   1.5749410e-02
   2.0993333e+03   4.1227838e-02   2.5466247e-02   1.5726143e-02
   2.0994167e+03   4.1224018e-02   2.5444260e-02   1.5700446e-02
   2.0995000e+03   4.1200479e-02   2.5414005e-02   1.5672073e-02
   2.0995833e+03   4.1168172e-02   2.5380094e-02   1.5642537e-02
   2.0996667e+03   4.1141817e-02   2.5348697e-02   1.5613850e-02
   2.0997500e+03   4.1137794e-02   2.5326661e-02   1.5588230e-02
   2.0998333e+03   4.1151825e-02   2.5312169e-02   1.5565075e-02
   2.0999167e+03   4.1167979e-02   2.5298552e-02   1.5542217e-02
   2.1000000e+03   4.1178740e-02   2.5282673e-02   1.5518644e-02
   2.1000833e+03   4.1186824e-02   2.5265670e-02   1.5494725e-02
   2.1001667e+03   4.1197325e-02   2.5249666e-02   1.5471144e-02
   2.1002500e+03   4.1213453e-02   2.5235988e-02   1.5448326e-02
   2.1003333e+03   4.1227244e-02   2.5221327e-02   1.5425207e-02
   2.1004167e+03   4.1222913e-02   2.5199152e-02   1.5399703e-02
   2.1005000e+03   4.1198633e-02   2.5168731e-02   1.5371592e-02
   2.1005833e+03   4.1165500e-02   2.5134671e-02   1.5342351e-02
   2.1006667e+03   4.1138377e-02   2.5103117e-02   1.5313937e-02
   2.1007500e+03   4.1133842e-02   2.5080895e-02   1.5288513e-02
   2.1008333e+03   4.1147692e-02   2.5066250e-02   1.5265511e-02
   2.1009167e+03   4.1163928e-02   2.5052575e-02   1.5242830e-02
