   2.0000000e+03   1.0000000e+00   1.0000000e+00   1.0000000e+00
   2.0000833e+03   1.0000000e+00   1.0000000e+00   1.0000000e+00
   2.0001667e+03   1.0000000e+00   1.0000000e+00   1.0000000e+00
   2.0002500e+03   1.0000000e+00   1.0000000e+00   1.0000000e+00
   2.0003333e+03   1.0000000e+00   1.0000000e+00   1.0000000e+00
   2.0004167e+03   1.0000000e+00   1.0000000e+00   1.0000000e+00
   2.0005000e+03   1.0000000e+00   1.0000000e+00   1.0000000e+00
   2.0005833e+03   1.0000000e+00   1.0000000e+00   1.0000000e+00
   2.0006667e+03   1.0000000e+00   1.0000000e+00   1.0000000e+00
   2.0007500e+03   1.0000000e+00   1.0000000e+00   1.0000000e+00
   2.0008333e+03   1.0000000e+00   1.0000000e+00   1.0000000e+00
   2.0009167e+03   1.0000000e+00   1.0000000e+00   1.0000000e+00
   2.0010000e+03   9.9954301e-01   9.9954264e-01   9.9954227e-01
   2.0010833e+03   9.9898084e-01   9.9897976e-01   9.9897869e-01
   2.0011667e+03   9.9850504e-01   9.9850287e-01   9.9850070e-01
   2.0012500e+03   9.9832567e-01   9.9832182e-01   9.9831797e-01
   2.0013333e+03   9.9849405e-01   9.9848778e-01   9.9848152e-01
   2.0014167e+03   9.9881471e-01   9.9880539e-01   9.9879607e-01
   2.0015000e+03   9.9911849e-01   9.9910562e-01   9.9909276e-01
   2.0015833e+03   9.9938353e-01   9.9936667e-01   9.9934981e-01
   2.0016667e+03   9.9967147e-01   9.9965009e-01   9.9962870e-01
   2.0017500e+03   9.9999569e-01   9.9996921e-01   9.9994274e-01
   2.0018333e+03   1.0001800e+00   1.0001482e+00   1.0001165e+00
   2.0019167e+03   1.0000320e+00   9.9999514e-01   9.9995828e-01
   2.0020000e+03   9.9958143e-01   9.9953980e-01   9.9949817e-01
   2.0020833e+03   9.9902590e-01   9.9897941e-01   9.9893293e-01
   2.0021667e+03   9.9855655e-01   9.9850464e-01   9.9845273e-01
   2.0022500e+03   9.9838269e-01   9.9832414e-01   9.9826559e-01
   2.0023333e+03   9.9855447e-01   9.9848781e-01   9.9842114e-01
   2.0024167e+03   9.9887580e-01   9.9880006e-01   9.9872432e-01
   2.0025000e+03   9.9917812e-01   9.9909287e-01   9.9900762e-01
   2.0025833e+03   5.9966441e-01   5.9960734e-01   5.9955028e-01
   2.0026667e+03   5.9983602e-01   5.9977269e-01   5.9970937e-01
   2.0027500e+03   6.0003080e-01   5.9996082e-01   5.9989085e-01
   2.0028333e+03   6.0014336e-01   6.0006678e-01   5.9999021e-01
   2.0029167e+03   6.0005777e-01   5.9997518e-01   5.9989260e-01
   2.0030000e+03   5.9979126e-01   5.9970324e-01   5.9961523e-01
   2.0030833e+03   5.9946191e-01   5.9936855e-01   5.9927520e-01
   2.0031667e+03   5.9918415e-01   5.9908500e-01   5.9898587e-01
   2.0032500e+03   5.9908312e-01   5.9897709e-01   5.9887107e-01
   2.0033333e+03   5.9918822e-01   5.9907396e-01   5.9895973e-01
   2.0034167e+03   5.9938140e-01   5.9925816e-01   5.9913495e-01
   2.0035000e+03   5.9956189e-01   5.9942945e-01   5.9929704e-01
   2.0035833e+03   5.9971792e-01   5.9957613e-01   5.9943438e-01
   2.0036667e+03   5.9988834e-01   5.9973683e-01   5.9958536e-01
   2.0037500e+03   6.0008335e-01   5.9992168e-01   5.9976005e-01
   2.0038333e+03   6.0019785e-01   6.0002624e-01   5.9985468e-01
   2.0039167e+03   6.0011548e-01   5.9993495e-01   5.9975448e-01
   2.0040000e+03   5.9985277e-01   5.9966432e-01   5.9947592e-01
   2.0040833e+03   5.9952737e-01   5.9933122e-01   5.9913513e-01
   2.0041667e+03   5.9925344e-01   5.9904904e-01   5.9884471e-01
   2.0042500e+03   5.9915570e-01   5.9894156e-01   5.9872751e-01
   2.0043333e+03   5.9926280e-01   5.9903717e-01   5.9881162e-01
   2.0044167e+03   5.9945634e-01   5.9921828e-01   5.9898031e-01
   2.0045000e+03   5.9963591e-01   5.9938524e-01   5.9913466e-01
   2.0045833e+03   5.9979041e-01   5.9952704e-01   5.9926378e-01
   2.0046667e+03   5.9995962e-01   5.9968315e-01   5.9940681e-01
   2.0047500e+03   6.0015483e-01   5.9986477e-01   5.9957484e-01
   2.0048333e+03   6.0027125e-01   5.9996799e-01   5.9966487e-01
   2.0049167e+03   6.0019208e-01   5.9987707e-01   5.9956221e-01
   2.0050000e+03   5.9993317e-01   5.9960779e-01   5.9928258e-01
   2.0050833e+03   5.9961170e-01   5.9927634e-01   5.9894115e-01
   2.0051667e+03   5.9934159e-01   5.9899558e-01   5.9864976e-01
   2.0052500e+03   5.9924710e-01   5.9888859e-01   5.9853028e-01
   2.0053333e+03   5.9935620e-01   5.9898298e-01   5.9860999e-01
   2.0054167e+03   5.9955008e-01   5.9916106e-01   5.9877228e-01
   2.0055000e+03   5.9972871e-01   5.9932374e-01   5.9891905e-01
   2.0055833e+03   5.9988164e-01   5.9946073e-01   5.9904010e-01
   2.0056667e+03   6.0004961e-01   5.9961232e-01   5.9917534e-01
   2.0057500e+03   6.0024501e-01   5.9979077e-01   5.9933686e-01
   2.0058333e+03   6.0036334e-01   5.9989270e-01   5.9942243e-01
   2.0059167e+03   6.0028736e-01   5.9980220e-01   5.9931743e-01
   2.0060000e+03   6.0003222e-01   5.9953433e-01   5.9903685e-01
   2.0060833e+03   5.9971467e-01   5.9920457e-01   5.9869490e-01
   2.0061667e+03   5.9944835e-01   5.9892528e-01   5.9840266e-01
   2.0062500e+03   5.9935710e-01   5.9881883e-01   5.9828102e-01
   2.0063333e+03   5.9946819e-01   5.9891207e-01   5.9835647e-01
   2.0064167e+03   5.9966239e-01   5.9908718e-01   5.9851250e-01
   2.0065000e+03   5.9984004e-01   5.9924565e-01   5.9865184e-01
   2.0065833e+03   5.9999138e-01   5.9937788e-01   5.9876499e-01
   2.0066667e+03   6.0015809e-01   5.9952501e-01   5.9889258e-01
   2.0067500e+03   6.0035366e-01   5.9970035e-01   5.9904775e-01
   2.0068333e+03   6.0047387e-01   5.9980106e-01   5.9912899e-01
   2.0069167e+03   6.0040106e-01   5.9971103e-01   5.9902179e-01
   2.0070000e+03   6.0014968e-01   5.9944462e-01   5.9874037e-01
   2.0070833e+03   5.9983603e-01   5.9911660e-01   5.9839802e-01
   2.0071667e+03   5.9957349e-01   5.9883883e-01   5.9810505e-01
   2.0072500e+03   5.9948547e-01   5.9873297e-01   5.9798139e-01
   2.0073333e+03   5.9959852e-01   5.9882512e-01   5.9805270e-01
   2.0074167e+03   5.9979302e-01   5.9899731e-01   5.9820263e-01
   2.0075000e+03   5.9996967e-01   5.9915164e-01   5.9833469e-01
   2.0075833e+03   6.0011940e-01   5.9927917e-01   5.9844009e-01
   2.0076667e+03   6.0028482e-01   5.9942190e-01   5.9856020e-01
   2.0077500e+03   6.0048053e-01   5.9959421e-01   5.9870917e-01
   2.0078333e+03   6.0060262e-01   5.9969374e-01   5.9878622e-01
   2.0079167e+03   6.0053297e-01   5.9960425e-01   5.9867694e-01
   2.0080000e+03   6.0028533e-01   5.9933934e-01   5.9839482e-01
   2.0080833e+03   5.9997556e-01   5.9901311e-01   5.9805218e-01
   2.0081667e+03   5.9971678e-01   5.9873690e-01   5.9775860e-01
   2.0082500e+03   5.9963198e-01   5.9863169e-01   5.9763305e-01
   2.0083333e+03   5.9974697e-01   5.9872281e-01   5.9770036e-01
   2.0084167e+03   5.9994176e-01   5.9889215e-01   5.9784435e-01
   2.0085000e+03   6.0011738e-01   5.9904239e-01   5.9796929e-01
   2.0085833e+03   6.0026547e-01   5.9916529e-01   5.9806710e-01
   2.0086667e+03   6.0042957e-01   5.9930369e-01   5.9817988e-01
   2.0087500e+03   6.0062541e-01   5.9947301e-01   5.9832280e-01
   2.0088333e+03   6.0074935e-01   5.9957144e-01   5.9839580e-01
   2.0089167e+03   6.0068284e-01   5.9948252e-01   5.9828457e-01
   2.0090000e+03   6.0043893e-01   5.9921918e-01   5.9800187e-01
   2.0090833e+03   6.0013302e-01   5.9889478e-01   5.9765906e-01
   2.0091667e+03   5.9987800e-01   5.9862020e-01   5.9736500e-01
   2.0092500e+03   5.9979639e-01   5.9851569e-01   5.9723768e-01
   2.0093333e+03   5.9991332e-01   5.9860582e-01   5.9730114e-01
   2.0094167e+03   6.0010836e-01   5.9877238e-01   5.9743933e-01
   2.0095000e+03   6.0028294e-01   5.9891859e-01   5.9755731e-01
   2.0095833e+03   6.0042935e-01   5.9903693e-01   5.9764770e-01
   2.0096667e+03   6.0059211e-01   5.9917106e-01   5.9775332e-01
   2.0097500e+03   6.0078805e-01   5.9933746e-01   5.9789033e-01
   2.0098333e+03   6.0091383e-01   5.9943484e-01   5.9795943e-01
   2.0099167e+03   6.0085045e-01   5.9934656e-01   5.9784639e-01
   2.0100000e+03   6.0061025e-01   5.9908482e-01   5.9756322e-01
   2.0100833e+03   6.0030819e-01   5.9876231e-01   5.9722037e-01
   2.0101667e+03   6.0005690e-01   5.9848940e-01   5.9692594e-01
   2.0102500e+03   5.9997848e-01   5.9838564e-01   5.9679698e-01
   2.0103333e+03   6.0009732e-01   5.9847486e-01   5.9685674e-01
   2.0104167e+03   6.0029260e-01   5.9863869e-01   5.9698928e-01
   2.0105000e+03   6.0046611e-01   5.9878095e-01   5.9710047e-01
   2.0105833e+03   6.0061082e-01   5.9889478e-01   5.9718359e-01
   2.0106667e+03   6.0077221e-01   5.9902470e-01   5.9728221e-01
   2.0107500e+03   6.0096823e-01   5.9918825e-01   5.9741348e-01
   2.0108333e+03   6.0109584e-01   5.9928463e-01   5.9747882e-01
   2.0109167e+03   6.0103556e-01   5.9919705e-01   5.9736409e-01
   2.0110000e+03   6.0079907e-01   5.9893697e-01   5.9708059e-01
   2.0110833e+03   6.0050083e-01   5.9861640e-01   5.9673781e-01
   2.0111667e+03   6.0025326e-01   5.9834520e-01   5.9644314e-01
   2.0112500e+03   6.0017801e-01   5.9824225e-01   5.9631268e-01
   2.0113333e+03   6.0029875e-01   5.9833062e-01   5.9636887e-01
   2.0114167e+03   6.0049425e-01   5.9849179e-01   5.9649593e-01
   2.0115000e+03   6.0066666e-01   5.9863015e-01   5.9660047e-01
   2.0115833e+03   6.0080963e-01   5.9873954e-01   5.9667650e-01
   2.0116667e+03   6.0096963e-01   5.9886531e-01   5.9676828e-01
   2.0117500e+03   6.0116572e-01   5.9902607e-01   5.9689397e-01
   2.0118333e+03   6.0129513e-01   5.9912152e-01   5.9695570e-01
   2.0119167e+03   6.0123795e-01   5.9903468e-01   5.9683941e-01
   2.0120000e+03   6.0100514e-01   5.9877632e-01   5.9655569e-01
   2.0120833e+03   6.0071072e-01   5.9845773e-01   5.9621311e-01
   2.0121667e+03   6.0046685e-01   5.9818830e-01   5.9591832e-01
   2.0122500e+03   6.0039475e-01   5.9808622e-01   5.9578648e-01
   2.0123333e+03   6.0051738e-01   5.9817379e-01   5.9583926e-01
   2.0124167e+03   6.0071308e-01   5.9833236e-01   5.9596098e-01
   2.0125000e+03   6.0088436e-01   5.9846689e-01   5.9605906e-01
   2.0125833e+03   6.0102558e-01   5.9857190e-01   5.9612815e-01
   2.0126667e+03   6.0118415e-01   5.9869359e-01   5.9621326e-01
   2.0127500e+03   6.0138028e-01   5.9885163e-01   5.9633352e-01
   2.0128333e+03   6.0151148e-01   5.9894621e-01   5.9639178e-01
   2.0129167e+03   6.0145738e-01   5.9886017e-01   5.9627408e-01
   2.0130000e+03   6.0122823e-01   5.9860357e-01   5.9599027e-01
   2.0130833e+03   6.0093762e-01   5.9828702e-01   5.9564800e-01
   2.0131667e+03   6.0069744e-01   5.9801941e-01   5.9535322e-01
   2.0132500e+03   6.0062848e-01   5.9791825e-01   5.9522014e-01
   2.0133333e+03   6.0075297e-01   5.9800508e-01   5.9526964e-01
   2.0134167e+03   6.0094885e-01   5.9816111e-01   5.9538620e-01
   2.0135000e+03   6.0111898e-01   5.9829188e-01   5.9547796e-01
   2.0135833e+03   3.0062920e-01   2.9919629e-01   2.9777014e-01
   2.0136667e+03   3.0070776e-01   2.9925513e-01   2.9780944e-01
   2.0137500e+03   3.0080584e-01   2.9933281e-01   2.9786694e-01
   2.0138333e+03   3.0087233e-01   2.9937970e-01   2.9789442e-01
   2.0139167e+03   3.0084681e-01   2.9933711e-01   2.9783492e-01
   2.0140000e+03   3.0073406e-01   2.9920972e-01   2.9769303e-01
   2.0140833e+03   3.0059065e-01   2.9905248e-01   2.9752211e-01
   2.0141667e+03   3.0047240e-01   2.9891961e-01   2.9737479e-01
   2.0142500e+03   3.0043948e-01   2.9886952e-01   2.9730769e-01
   2.0143333e+03   3.0050265e-01   2.9891260e-01   2.9733088e-01
   2.0144167e+03   3.0060067e-01   2.9898938e-01   2.9738665e-01
   2.0145000e+03   3.0068515e-01   2.9905291e-01   2.9742946e-01
   2.0145833e+03   3.0075395e-01   2.9910113e-01   2.9745733e-01
   2.0146667e+03   3.0083177e-01   2.9915799e-01   2.9749346e-01
   2.0147500e+03   3.0092984e-01   2.9923438e-01   2.9754840e-01
   2.0148333e+03   3.0099721e-01   2.9928090e-01   2.9757429e-01
   2.0149167e+03   3.0097322e-01   2.9923876e-01   2.9751422e-01
   2.0150000e+03   3.0086230e-01   2.9911230e-01   2.9737241e-01
   2.0150833e+03   3.0072077e-01   2.9895613e-01   2.9720177e-01
   2.0151667e+03   3.0060435e-01   2.9882423e-01   2.9705457e-01
   2.0152500e+03   3.0057299e-01   2.9877465e-01   2.9698699e-01
   2.0153333e+03   3.0063708e-01   2.9881742e-01   2.9700869e-01
   2.0154167e+03   3.0073516e-01   2.9889300e-01   2.9706203e-01
   2.0155000e+03   3.0081903e-01   2.9895471e-01   2.9710185e-01
   2.0155833e+03   3.0088691e-01   2.9900084e-01   2.9712650e-01
   2.0156667e+03   3.0096398e-01   2.9905576e-01   2.9715955e-01
   2.0157500e+03   3.0106204e-01   2.9913088e-01   2.9721202e-01
   2.0158333e+03   3.0113028e-01   2.9917705e-01   2.9723640e-01
   2.0159167e+03   3.0110781e-01   2.9913540e-01   2.9717582e-01
   2.0160000e+03   3.0099869e-01   2.9900990e-01   2.9703415e-01
   2.0160833e+03   3.0085905e-01   2.9885482e-01   2.9686385e-01
   2.0161667e+03   3.0074445e-01   2.9872390e-01   2.9671683e-01
   2.0162500e+03   3.0071464e-01   2.9867487e-01   2.9664883e-01
   2.0163333e+03   3.0077964e-01   2.9871736e-01   2.9666912e-01
   2.0164167e+03   3.0087778e-01   2.9879177e-01   2.9672012e-01
   2.0165000e+03   3.0096103e-01   2.9885169e-01   2.9675704e-01
   2.0165833e+03   3.0102798e-01   2.9889577e-01   2.9677855e-01
   2.0166667e+03   3.0110427e-01   2.9894877e-01   2.9680859e-01
   2.0167500e+03   3.0120231e-01   2.9902266e-01   2.9685867e-01
   2.0168333e+03   3.0127141e-01   2.9906852e-01   2.9688162e-01
   2.0169167e+03   3.0125046e-01   2.9902738e-01   2.9682061e-01
   2.0170000e+03   3.0114315e-01   2.9890286e-01   2.9667913e-01
   2.0170833e+03   3.0100537e-01   2.9874890e-01   2.9650924e-01
   2.0171667e+03   3.0089259e-01   2.9861900e-01   2.9636247e-01
   2.0172500e+03   3.0086433e-01   2.9857053e-01   2.9629411e-01
   2.0173333e+03   3.0093023e-01   2.9861278e-01   2.9631306e-01
   2.0174167e+03   3.0102841e-01   2.9868605e-01   2.9636180e-01
   2.0175000e+03   3.0111104e-01   2.9874422e-01   2.9639589e-01
   2.0175833e+03   3.0117702e-01   2.9878626e-01   2.9641436e-01
   2.0176667e+03   3.0125254e-01   2.9883739e-01   2.9644148e-01
   2.0177500e+03   3.0135054e-01   2.9891008e-01   2.9648925e-01
   2.0178333e+03   3.0142049e-01   2.9895566e-01   2.9651085e-01
   2.0179167e+03   3.0140105e-01   2.9891506e-01   2.9644945e-01
   2.0180000e+03   3.0129554e-01   2.9879155e-01   2.9630825e-01
   2.0180833e+03   3.0115963e-01   2.9863873e-01   2.9613881e-01
   2.0181667e+03   3.0104866e-01   2.9850986e-01   2.9599235e-01
   2.0182500e+03   3.0102193e-01   2.9846200e-01   2.9592371e-01
   2.0183333e+03   3.0108872e-01   2.9850403e-01   2.9594140e-01
   2.0184167e+03   3.0118695e-01   2.9857620e-01   2.9598795e-01
   2.0185000e+03   3.0126892e-01   2.9863265e-01   2.9601930e-01
   2.0185833e+03   3.0133394e-01   2.9867269e-01   2.9603481e-01
   2.0186667e+03   3.0140865e-01   2.9872197e-01   2.9605909e-01
   2.0187500e+03   3.0150661e-01   2.9879349e-01   2.9610464e-01
   2.0188333e+03   3.0157741e-01   2.9883882e-01   2.9612495e-01
   2.0189167e+03   3.0155946e-01   2.9879880e-01   2.9606325e-01
   2.0190000e+03   3.0145575e-01   2.9867632e-01   2.9592237e-01
   2.0190833e+03   3.0132170e-01   2.9852467e-01   2.9575345e-01
   2.0191667e+03   3.0121253e-01   2.9839687e-01   2.9560736e-01
   2.0192500e+03   3.0118733e-01   2.9834963e-01   2.9553850e-01
   2.0193333e+03   3.0125502e-01   2.9839148e-01   2.9555501e-01
   2.0194167e+03   3.0135326e-01   2.9846258e-01   2.9559946e-01
   2.0195000e+03   3.0143458e-01   2.9851733e-01   2.9562816e-01
   2.0195833e+03   3.0149861e-01   2.9855541e-01   2.9564078e-01
   2.0196667e+03   3.0157251e-01   2.9860287e-01   2.9566231e-01
   2.0197500e+03   3.0167041e-01   2.9867326e-01   2.9570571e-01
   2.0198333e+03   3.0174205e-01   2.9871837e-01   2.9572482e-01
   2.0199167e+03   3.0172560e-01   2.9867895e-01   2.9566289e-01
   2.0200000e+03   3.0162367e-01   2.9855753e-01   2.9552240e-01
   2.0200833e+03   3.0149147e-01   2.9840707e-01   2.9535405e-01
   2.0201667e+03   3.0138410e-01   2.9828036e-01   2.9520840e-01
   2.0202500e+03   3.0136043e-01   2.9823378e-01   2.9513939e-01
   2.0203333e+03   3.0142899e-01   2.9827548e-01   2.9515478e-01
   2.0204167e+03   3.0152725e-01   2.9834554e-01   2.9519722e-01
   2.0205000e+03   3.0160789e-01   2.9839863e-01   2.9522334e-01
   2.0205833e+03   3.0167092e-01   2.9843478e-01   2.9523317e-01
   2.0206667e+03   3.0174399e-01   2.9848046e-01   2.9525203e-01
   2.0207500e+03   3.0184182e-01   2.9854974e-01   2.9529337e-01
   2.0208333e+03   3.0191429e-01   2.9859467e-01   2.9531135e-01
   2.0209167e+03   3.0189932e-01   2.9855587e-01   2.9524925e-01
   2.0210000e+03   3.0179917e-01   2.9843555e-01   2.9510921e-01
   2.0210833e+03   3.0166883e-01   2.9828630e-01   2.9494150e-01
   2.0211667e+03   3.0156325e-01   2.9816070e-01   2.9479634e-01
   2.0212500e+03   3.0154109e-01   2.9811481e-01   2.9472725e-01
   2.0213333e+03   3.0161052e-01   2.9815639e-01   2.9474161e-01
   2.0214167e+03   3.0170878e-01   2.9822544e-01   2.9478210e-01
   2.0215000e+03   3.0178874e-01   2.9827691e-01   2.9480574e-01
   2.0215833e+03   3.0185075e-01   2.9831116e-01   2.9481286e-01
   2.0216667e+03   3.0192298e-01   2.9835508e-01   2.9482914e-01
   2.0217500e+03   3.0202072e-01   2.9842329e-01   2.9486850e-01
   2.0218333e+03   3.0209402e-01   2.9846807e-01   2.9488543e-01
   2.0219167e+03   3.0208053e-01   2.9842993e-01   2.9482323e-01
   2.0220000e+03   3.0198216e-01   2.9831072e-01   2.9468369e-01
   2.0220833e+03   3.0185365e-01   2.9816272e-01   2.9451669e-01
   2.0221667e+03   3.0174986e-01   2.9803826e-01   2.9437208e-01
   2.0222500e+03   3.0172921e-01   2.9799308e-01   2.9430297e-01
   2.0223333e+03   3.0179951e-01   2.9803457e-01   2.9431637e-01
   2.0224167e+03   3.0189775e-01   2.9810265e-01   2.9435501e-01
   2.0225000e+03   3.0197701e-01   2.9815253e-01   2.9437625e-01
   2.0225833e+03   3.0203798e-01   2.9818490e-01   2.9438073e-01
   2.0226667e+03   3.0210935e-01   2.9822711e-01   2.9439451e-01
   2.0227500e+03   3.0220700e-01   2.9829428e-01   2.9443197e-01
   2.0228333e+03   3.0228112e-01   2.9833894e-01   2.9444793e-01
   2.0229167e+03   3.0226910e-01   2.9830149e-01   2.9438570e-01
   2.0230000e+03   3.0217250e-01   2.9818341e-01   2.9424674e-01
   2.0230833e+03   3.0204583e-01   2.9803668e-01   2.9408049e-01
   2.0231667e+03   3.0194381e-01   2.9791339e-01   2.9393650e-01
   2.0232500e+03   3.0192467e-01   2.9786895e-01   2.9386744e-01
   2.0233333e+03   3.0199582e-01   2.9791039e-01   2.9387996e-01
   2.0234167e+03   3.0209405e-01   2.9797752e-01   2.9391683e-01
   2.0235000e+03   3.0217258e-01   2.9802584e-01   2.9393574e-01
   2.0235833e+03   3.0223250e-01   2.9805638e-01   2.9393768e-01
   2.0236667e+03   3.0230300e-01   2.9809690e-01   2.9394904e-01
   2.0237500e+03   3.0240055e-01   2.9816307e-01   2.9398469e-01
   2.0238333e+03   3.0247547e-01   2.9820764e-01   2.9399975e-01
   2.0239167e+03   3.0246492e-01   2.9817090e-01   2.9393756e-01
   2.0240000e+03   3.0237008e-01   2.9805399e-01   2.9379923e-01
   2.0240833e+03   3.0224524e-01   2.9790855e-01   2.9363380e-01
   2.0241667e+03   3.0214500e-01   2.9778645e-01   2.9349048e-01
   2.0242500e+03   3.0212736e-01   2.9774278e-01   2.9342155e-01
   2.0243333e+03   3.0219935e-01   2.9778420e-01   2.9343326e-01
   2.0244167e+03   3.0229754e-01   2.9785043e-01   2.9346844e-01
   2.0245000e+03   3.0237535e-01   2.9789721e-01   2.9348511e-01
   2.0245833e+03   1.5121710e-01   1.4896297e-01   1.4674230e-01
   2.0246667e+03   1.5125190e-01   1.4898240e-01   1.4674681e-01
   2.0247500e+03   1.5130062e-01   1.4901500e-01   1.4676376e-01
   2.0248333e+03   1.5133848e-01   1.4903726e-01   1.4677089e-01
   2.0249167e+03   1.5133393e-01   1.4901926e-01   1.4673984e-01
   2.0250000e+03   1.5128739e-01   1.4896141e-01   1.4667103e-01
   2.0250833e+03   1.5122588e-01   1.4888934e-01   1.4658874e-01
   2.0251667e+03   1.5117664e-01   1.4882890e-01   1.4651745e-01
   2.0252500e+03   1.5116856e-01   1.4880746e-01   1.4648308e-01
   2.0253333e+03   1.5120497e-01   1.4882817e-01   1.4648857e-01
   2.0254167e+03   1.5125404e-01   1.4886085e-01   1.4650537e-01
   2.0255000e+03   1.5129258e-01   1.4888351e-01   1.4651265e-01
   2.0255833e+03   1.5132148e-01   1.4889701e-01   1.4651123e-01
   2.0256667e+03   1.5135584e-01   1.4891566e-01   1.4651465e-01
   2.0257500e+03   1.5140449e-01   1.4894781e-01   1.4653082e-01
   2.0258333e+03   1.5144273e-01   1.4897007e-01   1.4653760e-01
   2.0259167e+03   1.5143889e-01   1.4895245e-01   1.4650667e-01
   2.0260000e+03   1.5139319e-01   1.4889519e-01   1.4643824e-01
   2.0260833e+03   1.5133255e-01   1.4882379e-01   1.4635644e-01
   2.0261667e+03   1.5128416e-01   1.4876396e-01   1.4628558e-01
   2.0262500e+03   1.5127679e-01   1.4874295e-01   1.4625138e-01
   2.0263333e+03   1.5131360e-01   1.4876372e-01   1.4625663e-01
   2.0264167e+03   1.5136265e-01   1.4879604e-01   1.4627277e-01
   2.0265000e+03   1.5140082e-01   1.4881804e-01   1.4627914e-01
   2.0265833e+03   1.5142919e-01   1.4883074e-01   1.4627671e-01
   2.0266667e+03   1.5146311e-01   1.4884868e-01   1.4627919e-01
   2.0267500e+03   1.5151170e-01   1.4888045e-01   1.4629472e-01
   2.0268333e+03   1.5155031e-01   1.4890277e-01   1.4630130e-01
   2.0269167e+03   1.5154717e-01   1.4888561e-01   1.4627060e-01
   2.0270000e+03   1.5150231e-01   1.4882900e-01   1.4620269e-01
   2.0270833e+03   1.5144254e-01   1.4875832e-01   1.4612148e-01
   2.0271667e+03   1.5139499e-01   1.4869917e-01   1.4605116e-01
   2.0272500e+03   1.5138833e-01   1.4867864e-01   1.4601727e-01
   2.0273333e+03   1.5142554e-01   1.4869953e-01   1.4602242e-01
   2.0274167e+03   1.5147455e-01   1.4873156e-01   1.4603805e-01
   2.0275000e+03   1.5151235e-01   1.4875297e-01   1.4604365e-01
   2.0275833e+03   1.5154019e-01   1.4876496e-01   1.4604035e-01
   2.0276667e+03   1.5157366e-01   1.4878224e-01   1.4604204e-01
   2.0277500e+03   1.5162217e-01   1.4881372e-01   1.4605708e-01
   2.0278333e+03   1.5166116e-01   1.4883618e-01   1.4606361e-01
   2.0279167e+03   1.5165871e-01   1.4881952e-01   1.4603327e-01
   2.0280000e+03   1.5161468e-01   1.4876363e-01   1.4596598e-01
   2.0280833e+03   1.5155578e-01   1.4869371e-01   1.4588548e-01
   2.0281667e+03   1.5150907e-01   1.4863529e-01   1.4581582e-01
   2.0282500e+03   1.5150312e-01   1.4861532e-01   1.4578235e-01
   2.0283333e+03   1.5154072e-01   1.4863641e-01   1.4578755e-01
   2.0284167e+03   1.5158970e-01   1.4866821e-01   1.4580282e-01
   2.0285000e+03   1.5162712e-01   1.4868911e-01   1.4580781e-01
   2.0285833e+03   1.5165441e-01   1.4870043e-01   1.4580378e-01
   2.0286667e+03   1.5168743e-01   1.4871715e-01   1.4580482e-01
   2.0287500e+03   1.5173586e-01   1.4874839e-01   1.4581952e-01
   2.0288333e+03   1.5177522e-01   1.4877106e-01   1.4582614e-01
   2.0289167e+03   1.5177346e-01   1.4875498e-01   1.4579630e-01
   2.0290000e+03   1.5173027e-01   1.4869986e-01   1.4572975e-01
   2.0290833e+03   1.5167223e-01   1.4863076e-01   1.4565006e-01
   2.0291667e+03   1.5162636e-01   1.4857313e-01   1.4558116e-01
   2.0292500e+03   1.5162112e-01   1.4855378e-01   1.4554827e-01
   2.0293333e+03   1.5165910e-01   1.4857513e-01   1.4555365e-01
   2.0294167e+03   1.5170804e-01   1.4860679e-01   1.4556871e-01
   2.0295000e+03   1.5174508e-01   1.4862723e-01   1.4557322e-01
   2.0295833e+03   1.5177181e-01   1.4863797e-01   1.4556861e-01
   2.0296667e+03   1.5180436e-01   1.4865418e-01   1.4556914e-01
   2.0297500e+03   1.5185272e-01   1.4868527e-01   1.4558365e-01
   2.0298333e+03   1.5189244e-01   1.4870822e-01   1.4559051e-01
   2.0299167e+03   1.5189137e-01   1.4869277e-01   1.4556130e-01
   2.0300000e+03   1.5184900e-01   1.4863848e-01   1.4549559e-01
   2.0300833e+03   1.5179181e-01   1.4857025e-01   1.4541681e-01
   2.0301667e+03   1.5174674e-01   1.4851342e-01   1.4534876e-01
   2.0302500e+03   1.5174215e-01   1.4849470e-01   1.4531651e-01
   2.0303333e+03   1.5178049e-01   1.4851636e-01   1.4532218e-01
   2.0304167e+03   1.5182939e-01   1.4854795e-01   1.4533718e-01
   2.0305000e+03   1.5186609e-01   1.4856805e-01   1.4534139e-01
   2.0305833e+03   1.5189236e-01   1.4857834e-01   1.4533639e-01
   2.0306667e+03   1.5192452e-01   1.4859418e-01   1.4533660e-01
   2.0307500e+03   1.5197281e-01   1.4862518e-01   1.4535103e-01
   2.0308333e+03   1.5201282e-01   1.4864839e-01   1.4535816e-01
   2.0309167e+03   1.5201227e-01   1.4863346e-01   1.4532950e-01
   2.0310000e+03   1.5197051e-01   1.4857980e-01   1.4526450e-01
   2.0310833e+03   1.5191394e-01   1.4851224e-01   1.4518647e-01
   2.0311667e+03   1.5186946e-01   1.4845607e-01   1.4511913e-01
   2.0312500e+03   1.5186539e-01   1.4843786e-01   1.4508743e-01
   2.0313333e+03   1.5190402e-01   1.4845978e-01   1.4509337e-01
   2.0314167e+03   1.5195289e-01   1.4849132e-01   1.4510834e-01
   2.0315000e+03   1.5198930e-01   1.4851115e-01   1.4511232e-01
   2.0315833e+03   1.5201516e-01   1.4852106e-01   1.4510701e-01
   2.0316667e+03   1.5204698e-01   1.4853657e-01   1.4510694e-01
   2.0317500e+03   1.5209522e-01   1.4856750e-01   1.4512133e-01
   2.0318333e+03   1.5213550e-01   1.4859095e-01   1.4512871e-01
   2.0319167e+03   1.5213545e-01   1.4857653e-01   1.4510059e-01
   2.0320000e+03   1.5209428e-01   1.4852351e-01   1.4503630e-01
   2.0320833e+03   1.5203833e-01   1.4845662e-01   1.4495902e-01
   2.0321667e+03   1.5199446e-01   1.4840109e-01   1.4489240e-01
   2.0322500e+03   1.5199090e-01   1.4838340e-01   1.4486126e-01
   2.0323333e+03   1.5202982e-01   1.4840559e-01   1.4486748e-01
   2.0324167e+03   1.5207866e-01   1.4843708e-01   1.4488242e-01
   2.0325000e+03   1.5211478e-01   1.4845663e-01   1.4488618e-01
   2.0325833e+03   1.5214022e-01   1.4846616e-01   1.4488055e-01
   2.0326667e+03   1.5217169e-01   1.4848135e-01   1.4488023e-01
   2.0327500e+03   1.5221987e-01   1.4851221e-01   1.4489457e-01
   2.0328333e+03   1.5226042e-01   1.4853591e-01   1.4490221e-01
   2.0329167e+03   1.5226087e-01   1.4852199e-01   1.4487464e-01
   2.0330000e+03   1.5222030e-01   1.4846961e-01   1.4481105e-01
   2.0330833e+03   1.5216497e-01   1.4840340e-01   1.4473453e-01
   2.0331667e+03   1.5212170e-01   1.4834851e-01   1.4466863e-01
   2.0332500e+03   1.5211865e-01   1.4833135e-01   1.4463805e-01
   2.0333333e+03   1.5215785e-01   1.4835380e-01   1.4464455e-01
   2.0334167e+03   1.5220666e-01   1.4838525e-01   1.4465948e-01
   2.0335000e+03   1.5224248e-01   1.4840452e-01   1.4466302e-01
   2.0335833e+03   1.5226751e-01   1.4841368e-01   1.4465708e-01
   2.0336667e+03   1.5229863e-01   1.4842854e-01   1.4465650e-01
   2.0337500e+03   1.5234674e-01   1.4845932e-01   1.4467080e-01
   2.0338333e+03   1.5238756e-01   1.4848327e-01   1.4467872e-01
   2.0339167e+03   1.5238851e-01   1.4846987e-01   1.4465169e-01
   2.0340000e+03   1.5234853e-01   1.4841813e-01   1.4458882e-01
   2.0340833e+03   1.5229382e-01   1.4835259e-01   1.4451306e-01
   2.0341667e+03   1.5225115e-01   1.4829835e-01   1.4444787e-01
   2.0342500e+03   1.5224861e-01   1.4828171e-01   1.4441786e-01
   2.0343333e+03   1.5228809e-01   1.4830443e-01   1.4442465e-01
   2.0344167e+03   1.5233686e-01   1.4833583e-01   1.4443957e-01
   2.0345000e+03   1.5237239e-01   1.4835484e-01   1.4444290e-01
   2.0345833e+03   1.5239699e-01   1.4836361e-01   1.4443666e-01
   2.0346667e+03   1.5242776e-01   1.4837816e-01   1.4443582e-01
   2.0347500e+03   1.5247580e-01   1.4840887e-01   1.4445010e-01
   2.0348333e+03   1.5251689e-01   1.4843307e-01   1.4445829e-01
   2.0349167e+03   1.5251833e-01   1.4842018e-01   1.4443181e-01
   2.0350000e+03   1.5247896e-01   1.4836908e-01   1.4436966e-01
   2.0350833e+03   1.5242486e-01   1.4830422e-01   1.4429466e-01
   2.0351667e+03   1.5238278e-01   1.4825063e-01   1.4423020e-01
   2.0352500e+03   1.5238076e-01   1.4823451e-01   1.4420075e-01
   2.0353333e+03   1.5242052e-01   1.4825749e-01   1.4420784e-01
   2.0354167e+03   1.5246925e-01   1.4828886e-01   1.4422276e-01
   2.0355000e+03   1.5250448e-01   1.4830760e-01   1.4422588e-01
   2.0355833e+03   1.5252865e-01   1.4831599e-01   1.4421935e-01
   2.0356667e+03   1.5255905e-01   1.4833021e-01   1.4421826e-01
   2.0357500e+03   1.5260702e-01   1.4836086e-01   1.4423251e-01
   2.0358333e+03   1.5264838e-01   1.4838532e-01   1.4424098e-01
   2.0359167e+03   1.5265032e-01   1.4837293e-01   1.4421506e-01
   2.0360000e+03   1.5261154e-01   1.4832248e-01   1.4415362e-01
   2.0360833e+03   1.5255805e-01   1.4825830e-01   1.4407939e-01
   2.0361667e+03   1.5251658e-01   1.4820535e-01   1.4401565e-01
   2.0362500e+03   1.5251506e-01   1.4818976e-01   1.4398679e-01
   2.0363333e+03   1.5255510e-01   1.4821302e-01   1.4399417e-01
   2.0364167e+03   1.5260379e-01   1.4824434e-01   1.4400909e-01
   2.0365000e+03   1.5263871e-01   1.4826281e-01   1.4401201e-01
   2.0365833e+03   7.6331223e-02   7.4135412e-02   7.2002594e-02
   2.0366667e+03   7.6346243e-02   7.4142364e-02   7.2001930e-02
   2.0367500e+03   7.6370191e-02   7.4157656e-02   7.2009044e-02
   2.0368333e+03   7.6390998e-02   7.4170012e-02   7.2013422e-02
   2.0369167e+03   7.6392218e-02   7.4164076e-02   7.2000745e-02
   2.0370000e+03   7.6373123e-02   7.4139171e-02   7.1970386e-02
   2.0370833e+03   7.6346687e-02   7.4107419e-02   7.1933651e-02
   2.0371667e+03   7.6326249e-02   7.4081273e-02   7.1902150e-02
   2.0372500e+03   7.6325741e-02   7.4073740e-02   7.1888006e-02
   2.0373333e+03   7.6345903e-02   7.4085505e-02   7.1891852e-02
   2.0374167e+03   7.6370223e-02   7.4101152e-02   7.1899317e-02
   2.0375000e+03   7.6387529e-02   7.4110250e-02   7.1900679e-02
   2.0375833e+03   7.6399178e-02   7.4114069e-02   7.1897124e-02
   2.0376667e+03   7.6414013e-02   7.4120861e-02   7.1896342e-02
   2.0377500e+03   7.6437923e-02   7.4136121e-02   7.1903450e-02
   2.0378333e+03   7.6458860e-02   7.4148607e-02   7.1907974e-02
   2.0379167e+03   7.6460328e-02   7.4142928e-02   7.1895580e-02
   2.0380000e+03   7.6441528e-02   7.4118346e-02   7.1865583e-02
   2.0380833e+03   7.6415399e-02   7.4086933e-02   7.1829233e-02
   2.0381667e+03   7.6395258e-02   7.4061113e-02   7.1798097e-02
   2.0382500e+03   7.6395004e-02   7.4053845e-02   7.1784245e-02
   2.0383333e+03   7.6415303e-02   7.4065748e-02   7.1788247e-02
   2.0384167e+03   7.6439599e-02   7.4081377e-02   7.1795720e-02
   2.0385000e+03   7.6456748e-02   7.4090341e-02   7.1796988e-02
   2.0385833e+03   7.6468175e-02   7.4093972e-02   7.1793292e-02
   2.0386667e+03   7.6482823e-02   7.4100605e-02   7.1792395e-02
   2.0387500e+03   7.6506692e-02   7.4115835e-02   7.1799499e-02
   2.0388333e+03   7.6527759e-02   7.4128451e-02   7.1804173e-02
   2.0389167e+03   7.6529473e-02   7.4123031e-02   7.1792064e-02
   2.0390000e+03   7.6510969e-02   7.4098772e-02   7.1762431e-02
   2.0390833e+03   7.6485146e-02   7.4067699e-02   7.1726465e-02
   2.0391667e+03   7.6465303e-02   7.4042205e-02   7.1695698e-02
   2.0392500e+03   7.6465301e-02   7.4035203e-02   7.1682140e-02
   2.0393333e+03   7.6485737e-02   7.4047245e-02   7.1686301e-02
   2.0394167e+03   7.6510006e-02   7.4062858e-02   7.1693783e-02
   2.0395000e+03   7.6526996e-02   7.4071688e-02   7.1694960e-02
   2.0395833e+03   7.6538200e-02   7.4075131e-02   7.1691127e-02
   2.0396667e+03   7.6552658e-02   7.4081605e-02   7.1690116e-02
   2.0397500e+03   7.6576486e-02   7.4096805e-02   7.1697221e-02
   2.0398333e+03   7.6597681e-02   7.4109553e-02   7.1702046e-02
   2.0399167e+03   7.6599641e-02   7.4104392e-02   7.1690225e-02
   2.0400000e+03   7.6581432e-02   7.4080457e-02   7.1660957e-02
   2.0400833e+03   7.6555914e-02   7.4049725e-02   7.1625378e-02
   2.0401667e+03   7.6536368e-02   7.4024558e-02   7.1594980e-02
   2.0402500e+03   7.6536617e-02   7.4017823e-02   7.1581718e-02
   2.0403333e+03   7.6557189e-02   7.4030005e-02   7.1586040e-02
   2.0404167e+03   7.6581431e-02   7.4045602e-02   7.1593537e-02
   2.0405000e+03   7.6598259e-02   7.4054300e-02   7.1594624e-02
   2.0405833e+03   7.6609237e-02   7.4057554e-02   7.1590656e-02
   2.0406667e+03   7.6623503e-02   7.4063870e-02   7.1589536e-02
   2.0407500e+03   7.6647288e-02   7.4079042e-02   7.1596643e-02
   2.0408333e+03   7.6668610e-02   7.4091922e-02   7.1601623e-02
   2.0409167e+03   7.6670816e-02   7.4087022e-02   7.1590092e-02
   2.0410000e+03   7.6652901e-02   7.4063412e-02   7.1561190e-02
   2.0410833e+03   7.6627689e-02   7.4033021e-02   7.1526000e-02
   2.0411667e+03   7.6608439e-02   7.4008181e-02   7.1495972e-02
   2.0412500e+03   7.6608939e-02   7.4001714e-02   7.1483008e-02
   2.0413333e+03   7.6629646e-02   7.4014037e-02   7.1487495e-02
   2.0414167e+03   7.6653859e-02   7.4029620e-02   7.1495008e-02
   2.0415000e+03   7.6670524e-02   7.4038185e-02   7.1496009e-02
   2.0415833e+03   7.6681272e-02   7.4041252e-02   7.1491909e-02
   2.0416667e+03   7.6695344e-02   7.4047410e-02   7.1490681e-02
   2.0417500e+03   7.6719084e-02   7.4062553e-02   7.1497794e-02
   2.0418333e+03   7.6740532e-02   7.4075567e-02   7.1502932e-02
   2.0419167e+03   7.6742983e-02   7.4070928e-02   7.1491693e-02
   2.0420000e+03   7.6725363e-02   7.4047643e-02   7.1463159e-02
   2.0420833e+03   7.6700455e-02   7.4017594e-02   7.1428358e-02
   2.0421667e+03   7.6681501e-02   7.3993083e-02   7.1398702e-02
   2.0422500e+03   7.6682252e-02   7.3986884e-02   7.1386039e-02
   2.0423333e+03   7.6703093e-02   7.3999350e-02   7.1390693e-02
   2.0424167e+03   7.6727274e-02   7.4014919e-02   7.1398226e-02
   2.0425000e+03   7.6743773e-02   7.4023352e-02   7.1399144e-02
   2.0425833e+03   7.6754291e-02   7.4026232e-02   7.1394913e-02
   2.0426667e+03   7.6768166e-02   7.4032232e-02   7.1393580e-02
   2.0427500e+03   7.6791859e-02   7.4047348e-02   7.1400702e-02
   2.0428333e+03   7.6813433e-02   7.4060497e-02   7.1406001e-02
   2.0429167e+03   7.6816128e-02   7.4056121e-02   7.1395056e-02
   2.0430000e+03   7.6798802e-02   7.4033162e-02   7.1366892e-02
   2.0430833e+03   7.6774198e-02   7.4003455e-02   7.1332481e-02
   2.0431667e+03   7.6755540e-02   7.3979273e-02   7.1303199e-02
   2.0432500e+03   7.6756540e-02   7.3973344e-02   7.1290839e-02
   2.0433333e+03   7.6777515e-02   7.3985953e-02   7.1295663e-02
   2.0434167e+03   7.6801663e-02   7.4001509e-02   7.1303219e-02
   2.0435000e+03   7.6817994e-02   7.4009811e-02   7.1304056e-02
   2.0435833e+03   7.6828278e-02   7.4012503e-02   7.1299698e-02
   2.0436667e+03   7.6841955e-02   7.4018346e-02   7.1298262e-02
   2.0437500e+03   7.6865599e-02   7.4033436e-02   7.1305395e-02
   2.0438333e+03   7.6887297e-02   7.4046721e-02   7.1310858e-02
   2.0439167e+03   7.6890236e-02   7.4042608e-02   7.1300210e-02
   2.0440000e+03   7.6873203e-02   7.4019976e-02   7.1272417e-02
   2.0440833e+03   7.6848903e-02   7.3990612e-02   7.1238398e-02
   2.0441667e+03   7.6830540e-02   7.3966760e-02   7.1209491e-02
   2.0442500e+03   7.6831790e-02   7.3961101e-02   7.1197436e-02
   2.0443333e+03   7.6852896e-02   7.3973855e-02   7.1202434e-02
   2.0444167e+03   7.6877011e-02   7.3989399e-02   7.1210015e-02
   2.0445000e+03   7.6893171e-02   7.3997570e-02   7.1210773e-02
   2.0445833e+03   7.6903218e-02   7.4000075e-02   7.1206290e-02
   2.0446667e+03   7.6916694e-02   7.4005761e-02   7.1204755e-02
   2.0447500e+03   7.6940288e-02   7.4020826e-02   7.1211902e-02
   2.0448333e+03   7.6962110e-02   7.4034248e-02   7.1217532e-02
   2.0449167e+03   7.6965292e-02   7.4030400e-02   7.1207182e-02
   2.0450000e+03   7.6948551e-02   7.4008095e-02   7.1179762e-02
   2.0450833e+03   7.6924555e-02   7.3979074e-02   7.1146137e-02
   2.0451667e+03   7.6906487e-02   7.3955553e-02   7.1117607e-02
   2.0452500e+03   7.6907985e-02   7.3950165e-02   7.1105859e-02
   2.0453333e+03   7.6929223e-02   7.3963066e-02   7.1111032e-02
   2.0454167e+03   7.6953302e-02   7.3978598e-02   7.1118642e-02
   2.0455000e+03   7.6969290e-02   7.3986638e-02   7.1119325e-02
   2.0455833e+03   7.6979098e-02   7.3988957e-02   7.1114719e-02
   2.0456667e+03   7.6992370e-02   7.3994486e-02   7.1113086e-02
   2.0457500e+03   7.7015912e-02   7.4009526e-02   7.1120251e-02
   2.0458333e+03   7.7037856e-02   7.4023087e-02   7.1126050e-02
   2.0459167e+03   7.7041281e-02   7.4019504e-02   7.1116002e-02
   2.0460000e+03   7.7024833e-02   7.3997527e-02   7.1088956e-02
   2.0460833e+03   7.7001139e-02   7.3968851e-02   7.1055725e-02
   2.0461667e+03   7.6983365e-02   7.3945661e-02   7.1027573e-02
   2.0462500e+03   7.6985112e-02   7.3940546e-02   7.1016135e-02
   2.0463333e+03   7.7006480e-02   7.3953593e-02   7.1021487e-02
   2.0464167e+03   7.7030521e-02   7.3969116e-02   7.1029129e-02
   2.0465000e+03   7.7046334e-02   7.3977026e-02   7.1029738e-02
   2.0465833e+03   7.7055901e-02   7.3979157e-02   7.1025012e-02
   2.0466667e+03   7.7068967e-02   7.3984529e-02   7.1023284e-02
   2.0467500e+03   7.7092456e-02   7.3999546e-02   7.1030469e-02
   2.0468333e+03   7.7114521e-02   7.4013247e-02   7.1036441e-02
   2.0469167e+03   7.7118188e-02   7.4009930e-02   7.1026697e-02
   2.0470000e+03   7.7102031e-02   7.3988283e-02   7.1000027e-02
   2.0470833e+03   7.7078641e-02   7.3959951e-02   7.0967192e-02
   2.0471667e+03   7.7061160e-02   7.3937093e-02   7.0939420e-02
   2.0472500e+03   7.7063155e-02   7.3932251e-02   7.0928293e-02
   2.0473333e+03   7.7084652e-02   7.3945448e-02   7.0933827e-02
   2.0474167e+03   7.7108654e-02   7.3960961e-02   7.0941503e-02
   2.0475000e+03   7.7124290e-02   7.3968740e-02   7.0942042e-02
   2.0475833e+03   7.7133612e-02   7.3970685e-02   7.0937197e-02
   2.0476667e+03   7.7146470e-02   7.3975901e-02   7.0935377e-02
   2.0477500e+03   7.7169904e-02   7.3990895e-02   7.0942586e-02
   2.0478333e+03   7.7192089e-02   7.4004737e-02   7.0948733e-02
   2.0479167e+03   7.7195997e-02   7.4001687e-02   7.0939294e-02
   2.0480000e+03   7.7180132e-02   7.3980370e-02   7.0913002e-02
   2.0480833e+03   7.7157044e-02   7.3952384e-02   7.0880564e-02
   2.0481667e+03   7.7139857e-02   7.3929858e-02   7.0853174e-02
   2.0482500e+03   7.7142099e-02   7.3925292e-02   7.0842361e-02
   2.0483333e+03   7.7163724e-02   7.3938637e-02   7.0848080e-02
   2.0484167e+03   7.7187685e-02   7.3954142e-02   7.0855794e-02
   2.0485000e+03   7.7203142e-02   7.3961792e-02   7.0856264e-02
   2.0485833e+03   7.7212217e-02   7.3963550e-02   7.0851303e-02
   2.0486667e+03   7.7224865e-02   7.3968611e-02   7.0849393e-02
   2.0487500e+03   7.7248241e-02   7.3983582e-02   7.0856628e-02
   2.0488333e+03   7.7270545e-02   7.3997566e-02   7.0862953e-02
   2.0489167e+03   7.7274694e-02   7.3994785e-02   7.0853823e-02
   2.0490000e+03   7.7259120e-02   7.3973798e-02   7.0827910e-02
   2.0490833e+03   7.7236334e-02   7.3946158e-02   7.0795871e-02
   2.0491667e+03   7.7219440e-02   7.3923967e-02   7.0768863e-02
   2.0492500e+03   7.7221929e-02   7.3919676e-02   7.0758367e-02
   2.0493333e+03   7.7243681e-02   7.3933172e-02   7.0764274e-02
   2.0494167e+03   7.7267599e-02   7.3948669e-02   7.0772028e-02
   2.0495000e+03   7.7282874e-02   7.3956190e-02   7.0772433e-02
   2.0495833e+03   7.7291700e-02   7.3957762e-02   7.0767358e-02
   2.0496667e+03   7.7304134e-02   7.3962666e-02   7.0765360e-02
   2.0497500e+03   7.7327451e-02   7.3977617e-02   7.0772623e-02
   2.0498333e+03   7.7349874e-02   7.3991743e-02   7.0779131e-02
   2.0499167e+03   7.7354263e-02   7.3989233e-02   7.0770311e-02
   2.0500000e+03   7.7338980e-02   7.3968577e-02   7.0744779e-02
   2.0500833e+03   7.7316479e-02   7.3941269e-02   7.0713126e-02
   2.0501667e+03   7.7299847e-02   7.3919383e-02   7.0686477e-02
   2.0502500e+03   7.7302545e-02   7.3915335e-02   7.0676268e-02
   2.0503333e+03   7.7324403e-02   7.3928964e-02   7.0682347e-02
   2.0504167e+03   7.7348294e-02   7.3944470e-02   7.0690158e-02
   2.0505000e+03   7.7363445e-02   7.3951917e-02   7.0690549e-02
   2.0505833e+03   7.7372111e-02   7.3953386e-02   7.0685439e-02
   2.0506667e+03   7.7384421e-02   7.3958218e-02   7.0683430e-02
   2.0507500e+03   7.7407716e-02   7.3973182e-02   7.0690756e-02
   2.0508333e+03   7.7430209e-02   7.3987408e-02   7.0697404e-02
   2.0509167e+03   7.7434708e-02   7.3985047e-02   7.0688783e-02
   2.0510000e+03   7.7419532e-02   7.3964552e-02   7.0663473e-02
   2.0510833e+03   7.7397138e-02   7.3937410e-02   7.0632052e-02
   2.0511667e+03   7.7380612e-02   7.3915685e-02   7.0605626e-02
   2.0512500e+03   7.7383411e-02   7.3911777e-02   7.0595607e-02
   2.0513333e+03   7.7405332e-02   7.3925499e-02   7.0601820e-02
   2.0514167e+03   7.7429220e-02   7.3941033e-02   7.0609704e-02
   2.0515000e+03   7.7444307e-02   7.3948458e-02   7.0610127e-02
   2.0515833e+03   7.7452877e-02   7.3949881e-02   7.0605031e-02
   2.0516667e+03   7.7465108e-02   7.3954681e-02   7.0603046e-02
   2.0517500e+03   7.7488393e-02   7.3969667e-02   7.0610437e-02
   2.0518333e+03   7.7510946e-02   7.3983980e-02   7.0617212e-02
   2.0519167e+03   7.7515545e-02   7.3981755e-02   7.0608775e-02
   2.0520000e+03   7.7500475e-02   7.3961418e-02   7.0583682e-02
   2.0520833e+03   7.7478187e-02   7.3934438e-02   7.0552486e-02
   2.0521667e+03   7.7461769e-02   7.3912872e-02   7.0526277e-02
   2.0522500e+03   7.7464667e-02   7.3909102e-02   7.0516443e-02
   2.0523333e+03   7.7486653e-02   7.3922912e-02   7.0522783e-02
   2.0524167e+03   7.7510537e-02   7.3938472e-02   7.0530734e-02
   2.0525000e+03   7.7525559e-02   7.3945873e-02   7.0531184e-02
   2.0525833e+03   7.7534032e-02   7.3947247e-02   7.0526096e-02
   2.0526667e+03   7.7546184e-02   7.3952010e-02   7.0524128e-02
   2.0527500e+03   7.7569459e-02   7.3967015e-02   7.0531580e-02
   2.0528333e+03   7.7592073e-02   7.3981413e-02   7.0538475e-02
   2.0529167e+03   7.7596770e-02   7.3979320e-02   7.0530215e-02
   2.0530000e+03   7.7581808e-02   7.3959139e-02   7.0505333e-02
   2.0530833e+03   7.7559626e-02   7.3932319e-02   7.0474358e-02
   2.0531667e+03   7.7543315e-02   7.3910908e-02   7.0448361e-02
   2.0532500e+03   7.7546313e-02   7.3907273e-02   7.0438705e-02
   2.0533333e+03   7.7568363e-02   7.3921170e-02   7.0445166e-02
   2.0534167e+03   7.7592243e-02   7.3936752e-02   7.0453178e-02
   2.0535000e+03   7.7607200e-02   7.3944125e-02   7.0453649e-02
   2.0535833e+03   3.8807788e-02   3.6972723e-02   3.5224282e-02
   2.0536667e+03   3.8813824e-02   3.6975085e-02   3.5223304e-02
   2.0537500e+03   3.8825456e-02   3.6982595e-02   3.5227056e-02
   2.0538333e+03   3.8836794e-02   3.6989835e-02   3.5230562e-02
   2.0539167e+03   3.8839192e-02   3.6988854e-02   3.5226517e-02
   2.0540000e+03   3.8831764e-02   3.6978839e-02   3.5214179e-02
   2.0540833e+03   3.8820727e-02   3.6965508e-02   3.5198799e-02
   2.0541667e+03   3.8812624e-02   3.6954879e-02   3.5185903e-02
   2.0542500e+03   3.8814173e-02   3.6953127e-02   3.5181162e-02
   2.0543333e+03   3.8825230e-02   3.6960117e-02   3.5184450e-02
   2.0544167e+03   3.8837168e-02   3.6967918e-02   3.5188483e-02
   2.0545000e+03   3.8844614e-02   3.6971589e-02   3.5188726e-02
   2.0545833e+03   3.8848753e-02   3.6972223e-02   3.5186182e-02
   2.0546667e+03   3.8854749e-02   3.6974563e-02   3.5185206e-02
   2.0547500e+03   3.8866375e-02   3.6982080e-02   3.5188983e-02
   2.0548333e+03   3.8877743e-02   3.6989359e-02   3.5192543e-02
   2.0549167e+03   3.8880191e-02   3.6988441e-02   3.5188582e-02
   2.0550000e+03   3.8872817e-02   3.6978501e-02   3.5176343e-02
   2.0550833e+03   3.8861833e-02   3.6965247e-02   3.5161067e-02
   2.0551667e+03   3.8853784e-02   3.6954693e-02   3.5148272e-02
   2.0552500e+03   3.8855383e-02   3.6953006e-02   3.5143615e-02
   2.0553333e+03   3.8866472e-02   3.6960036e-02   3.5146957e-02
   2.0554167e+03   3.8878408e-02   3.6967845e-02   3.5151015e-02
   2.0555000e+03   3.8885820e-02   3.6971499e-02   3.5151262e-02
   2.0555833e+03   3.8889910e-02   3.6972103e-02   3.5148713e-02
   2.0556667e+03   3.8895865e-02   3.6974420e-02   3.5147738e-02
   2.0557500e+03   3.8907487e-02   3.6981942e-02   3.5151536e-02
   2.0558333e+03   3.8918885e-02   3.6989258e-02   3.5155147e-02
   2.0559167e+03   3.8921382e-02   3.6988403e-02   3.5151266e-02
   2.0560000e+03   3.8914061e-02   3.6978536e-02   3.5139124e-02
   2.0560833e+03   3.8903131e-02   3.6965359e-02   3.5123950e-02
   2.0561667e+03   3.8895135e-02   3.6954879e-02   3.5111253e-02
   2.0562500e+03   3.8896785e-02   3.6953254e-02   3.5106676e-02
   2.0563333e+03   3.8907905e-02   3.6960322e-02   3.5110070e-02
   2.0564167e+03   3.8919839e-02   3.6968138e-02   3.5114149e-02
   2.0565000e+03   3.8927218e-02   3.6971773e-02   3.5114398e-02
   2.0565833e+03   3.8931259e-02   3.6972347e-02   3.5111842e-02
   2.0566667e+03   3.8937173e-02   3.6974640e-02   3.5110863e-02
   2.0567500e+03   3.8948789e-02   3.6982164e-02   3.5114679e-02
   2.0568333e+03   3.8960218e-02   3.6989517e-02   3.5118339e-02
   2.0569167e+03   3.8962764e-02   3.6988722e-02   3.5114535e-02
   2.0570000e+03   3.8955497e-02   3.6978928e-02   3.5102487e-02
   2.0570833e+03   3.8944619e-02   3.6965825e-02   3.5087413e-02
   2.0571667e+03   3.8936677e-02   3.6955417e-02   3.5074810e-02
   2.0572500e+03   3.8938377e-02   3.6953853e-02   3.5070311e-02
   2.0573333e+03   3.8949529e-02   3.6960959e-02   3.5073754e-02
   2.0574167e+03   3.8961461e-02   3.6968780e-02   3.5077852e-02
   2.0575000e+03   3.8968806e-02   3.6972394e-02   3.5078099e-02
   2.0575833e+03   3.8972798e-02   3.6972936e-02   3.5075533e-02
   2.0576667e+03   3.8978671e-02   3.6975203e-02   3.5074548e-02
   2.0577500e+03   3.8990281e-02   3.6982729e-02   3.5078380e-02
   2.0578333e+03   3.9001740e-02   3.6990116e-02   3.5082085e-02
   2.0579167e+03   3.9004336e-02   3.6989381e-02   3.5078354e-02
   2.0580000e+03   3.8997122e-02   3.6979657e-02   3.5066399e-02
   2.0580833e+03   3.8986298e-02   3.6966627e-02   3.5051421e-02
   2.0581667e+03   3.8978410e-02   3.6956290e-02   3.5038910e-02
   2.0582500e+03   3.8980160e-02   3.6954787e-02   3.5034486e-02
   2.0583333e+03   3.8991344e-02   3.6961928e-02   3.5037975e-02
   2.0584167e+03   3.9003273e-02   3.6969752e-02   3.5042088e-02
   2.0585000e+03   3.9010584e-02   3.6973345e-02   3.5042331e-02
   2.0585833e+03   3.9014526e-02   3.6973852e-02   3.5039752e-02
   2.0586667e+03   3.9020358e-02   3.6976092e-02   3.5038758e-02
   2.0587500e+03   3.9031962e-02   3.6983618e-02   3.5042602e-02
   2.0588333e+03   3.9043452e-02   3.6991039e-02   3.5046349e-02
   2.0589167e+03   3.9046097e-02   3.6990361e-02   3.5042691e-02
   2.0590000e+03   3.9038937e-02   3.6980706e-02   3.5030824e-02
   2.0590833e+03   3.9028166e-02   3.6967749e-02   3.5015940e-02
   2.0591667e+03   3.9020331e-02   3.6957481e-02   3.5003519e-02
   2.0592500e+03   3.9022131e-02   3.6956036e-02   3.4999167e-02
   2.0593333e+03   3.9033347e-02   3.6963212e-02   3.5002698e-02
   2.0594167e+03   3.9045274e-02   3.6971037e-02   3.5006824e-02
   2.0595000e+03   3.9052551e-02   3.6974607e-02   3.5007060e-02
   2.0595833e+03   3.9056443e-02   3.6975079e-02   3.5004465e-02
   2.0596667e+03   3.9062234e-02   3.6977289e-02   3.5003460e-02
   2.0597500e+03   3.9073832e-02   3.6984814e-02   3.5007312e-02
   2.0598333e+03   3.9085351e-02   3.6992266e-02   3.5011099e-02
   2.0599167e+03   3.9088046e-02   3.6991645e-02   3.5007509e-02
   2.0600000e+03   3.9080939e-02   3.6982058e-02   3.4995729e-02
   2.0600833e+03   3.9070223e-02   3.6969171e-02   3.4980936e-02
   2.0601667e+03   3.9062441e-02   3.6958971e-02   3.4968601e-02
   2.0602500e+03   3.9064291e-02   3.6957584e-02   3.4964319e-02
   2.0603333e+03   3.9075539e-02   3.6964791e-02   3.4967890e-02
   2.0604167e+03   3.9087463e-02   3.6972617e-02   3.4972025e-02
   2.0605000e+03   3.9094706e-02   3.6976162e-02   3.4972251e-02
   2.0605833e+03   3.9098547e-02   3.6976597e-02   3.4969637e-02
   2.0606667e+03   3.9104296e-02   3.6978776e-02   3.4968618e-02
   2.0607500e+03   3.9115888e-02   3.6986298e-02   3.4972477e-02
   2.0608333e+03   3.9127438e-02   3.6993780e-02   3.4976300e-02
   2.0609167e+03   3.9130182e-02   3.6993214e-02   3.4972776e-02
   2.0610000e+03   3.9123129e-02   3.6983693e-02   3.4961079e-02
   2.0610833e+03   3.9112466e-02   3.6970876e-02   3.4946375e-02
   2.0611667e+03   3.9104738e-02   3.6960743e-02   3.4934124e-02
   2.0612500e+03   3.9106638e-02   3.6959411e-02   3.4929909e-02
   2.0613333e+03   3.9117918e-02   3.6966650e-02   3.4933516e-02
   2.0614167e+03   3.9129839e-02   3.6974474e-02   3.4937658e-02
   2.0615000e+03   3.9137047e-02   3.6977992e-02   3.4937871e-02
   2.0615833e+03   3.9140838e-02   3.6978389e-02   3.4935236e-02
   2.0616667e+03   3.9146545e-02   3.6980536e-02   3.4934199e-02
   2.0617500e+03   3.9158131e-02   3.6988053e-02   3.4938062e-02
   2.0618333e+03   3.9169710e-02   3.6995563e-02   3.4941919e-02
   2.0619167e+03   3.9172504e-02   3.6995050e-02   3.4938457e-02
   2.0620000e+03   3.9165505e-02   3.6985595e-02   3.4926841e-02
   2.0620833e+03   3.9154895e-02   3.6972846e-02   3.4912223e-02
   2.0621667e+03   3.9147221e-02   3.6962779e-02   3.4900054e-02
   2.0622500e+03   3.9149172e-02   3.6961501e-02   3.4895902e-02
   2.0623333e+03   3.9160483e-02   3.6968769e-02   3.4899543e-02
   2.0624167e+03   3.9172401e-02   3.6976590e-02   3.4903689e-02
   2.0625000e+03   3.9179575e-02   3.6980080e-02   3.4903886e-02
   2.0625833e+03   3.9183315e-02   3.6980437e-02   3.4901227e-02
   2.0626667e+03   3.9188979e-02   3.6982550e-02   3.4900170e-02
   2.0627500e+03   3.9200558e-02   3.6990060e-02   3.4904033e-02
   2.0628333e+03   3.9212168e-02   3.6997598e-02   3.4907921e-02
   2.0629167e+03   3.9215012e-02   3.6997137e-02   3.4904519e-02
   2.0630000e+03   3.9208066e-02   3.6987746e-02   3.4892981e-02
   2.0630833e+03   3.9197510e-02   3.6975063e-02   3.4878446e-02
   2.0631667e+03   3.9189889e-02   3.6965060e-02   3.4866356e-02
   2.0632500e+03   3.9191890e-02   3.6963835e-02   3.4862265e-02
   2.0633333e+03   3.9203233e-02   3.6971131e-02   3.4865938e-02
   2.0634167e+03   3.9215148e-02   3.6978948e-02   3.4870084e-02
   2.0635000e+03   3.9222287e-02   3.6982408e-02   3.4870262e-02
   2.0635833e+03   3.9225976e-02   3.6982722e-02   3.4867576e-02
   2.0636667e+03   3.9231598e-02   3.6984800e-02   3.4866496e-02
   2.0637500e+03   3.9243170e-02   3.6992303e-02   3.4870357e-02
   2.0638333e+03   3.9254810e-02   3.6999866e-02   3.4874272e-02
   2.0639167e+03   3.9257704e-02   3.6999455e-02   3.4870928e-02
   2.0640000e+03   3.9250812e-02   3.6990126e-02   3.4859466e-02
   2.0640833e+03   3.9240309e-02   3.6977509e-02   3.4845012e-02
   2.0641667e+03   3.9232742e-02   3.6967569e-02   3.4832998e-02
   2.0642500e+03   3.9234793e-02   3.6966395e-02   3.4828965e-02
   2.0643333e+03   3.9246168e-02   3.6973717e-02   3.4832665e-02
   2.0644167e+03   3.9258080e-02   3.6981528e-02   3.4836810e-02
   2.0645000e+03   3.9265183e-02   3.6984957e-02   3.4836967e-02
   2.0645833e+03   3.9268820e-02   3.6985228e-02   3.4834251e-02
   2.0646667e+03   3.9274400e-02   3.6987269e-02   3.4833145e-02
   2.0647500e+03   3.9285965e-02   3.6994762e-02   3.4837000e-02
   2.0648333e+03   3.9297635e-02   3.7002349e-02   3.4840940e-02
   2.0649167e+03   3.9300578e-02   3.7001987e-02   3.4837651e-02
   2.0650000e+03   3.9293740e-02   3.6992720e-02   3.4826261e-02
   2.0650833e+03   3.9283291e-02   3.6980166e-02   3.4811886e-02
   2.0651667e+03   3.9275778e-02   3.6970288e-02   3.4799945e-02
   2.0652500e+03   3.9277880e-02   3.6969164e-02   3.4795968e-02
   2.0653333e+03   3.9289286e-02   3.6976511e-02   3.4799693e-02
   2.0654167e+03   3.9301194e-02   3.6984314e-02   3.4803833e-02
   2.0655000e+03   3.9308262e-02   3.6987710e-02   3.4803965e-02
   2.0655833e+03   3.9311847e-02   3.6987936e-02   3.4801217e-02
   2.0656667e+03   3.9317384e-02   3.6989938e-02   3.4800083e-02
   2.0657500e+03   3.9328943e-02   3.6997420e-02   3.4803929e-02
   2.0658333e+03   3.9340643e-02   3.7005029e-02   3.4807891e-02
   2.0659167e+03   3.9343636e-02   3.7004715e-02   3.4804653e-02
   2.0660000e+03   3.9336851e-02   3.6995508e-02   3.4793334e-02
   2.0660833e+03   3.9326456e-02   3.6983017e-02   3.4779035e-02
   2.0661667e+03   3.9318996e-02   3.6973198e-02   3.4767165e-02
   2.0662500e+03   3.9321148e-02   3.6972124e-02   3.4763241e-02
   2.0663333e+03   3.9332586e-02   3.6979493e-02   3.4766988e-02
   2.0664167e+03   3.9344491e-02   3.6987287e-02   3.4771119e-02
   2.0665000e+03   3.9351523e-02   3.6990649e-02   3.4771225e-02
   2.0665833e+03   3.9355056e-02   3.6990828e-02   3.4768441e-02
   2.0666667e+03   3.9360550e-02   3.6992790e-02   3.4767276e-02
   2.0667500e+03   3.9372102e-02   3.7000259e-02   3.4771111e-02
   2.0668333e+03   3.9383832e-02   3.7007889e-02   3.4775092e-02
   2.0669167e+03   3.9386874e-02   3.7007621e-02   3.4771903e-02
   2.0670000e+03   3.9380143e-02   3.6998472e-02   3.4760652e-02
   2.0670833e+03   3.9369801e-02   3.6986043e-02   3.4746425e-02
   2.0671667e+03   3.9362396e-02   3.6976283e-02   3.4734624e-02
   2.0672500e+03   3.9364598e-02   3.6975255e-02   3.4730750e-02
   2.0673333e+03   3.9376068e-02   3.6982647e-02   3.4734516e-02
   2.0674167e+03   3.9387969e-02   3.6990429e-02   3.4738636e-02
   2.0675000e+03   3.9394965e-02   3.6993755e-02   3.4738712e-02
   2.0675833e+03   3.9398446e-02   3.6993887e-02   3.4735890e-02
   2.0676667e+03   3.9403896e-02   3.6995807e-02   3.4734691e-02
   2.0677500e+03   3.9415440e-02   3.7003261e-02   3.4738513e-02
   2.0678333e+03   3.9427200e-02   3.7010910e-02   3.4742509e-02
   2.0679167e+03   3.9430293e-02   3.7010687e-02   3.4739366e-02
   2.0680000e+03   3.9423616e-02   3.7001595e-02   3.4728180e-02
   2.0680833e+03   3.9413327e-02   3.6989226e-02   3.4714025e-02
   2.0681667e+03   3.9405976e-02   3.6979524e-02   3.4702290e-02
   2.0682500e+03   3.9408229e-02   3.6978542e-02   3.4698462e-02
   2.0683333e+03   3.9419729e-02   3.6985953e-02   3.4702245e-02
   2.0684167e+03   3.9431627e-02   3.6993723e-02   3.4706351e-02
   2.0685000e+03   3.9438587e-02   3.6997011e-02   3.4706395e-02
   2.0685833e+03   3.9442015e-02   3.6997093e-02   3.4703532e-02
   2.0686667e+03   3.9447421e-02   3.6998970e-02   3.4702296e-02
   2.0687500e+03   3.9458959e-02   3.7006409e-02   3.4706101e-02
   2.0688333e+03   3.9470749e-02   3.7014075e-02   3.4710110e-02
   2.0689167e+03   3.9473890e-02   3.7013895e-02   3.4707011e-02
   2.0690000e+03   3.9467267e-02   3.7004859e-02   3.4695887e-02
   2.0690833e+03   3.9457033e-02   3.6992549e-02   3.4681800e-02
   2.0691667e+03   3.9449735e-02   3.6982903e-02   3.4670128e-02
   2.0692500e+03   3.9452038e-02   3.6981965e-02   3.4666345e-02
   2.0693333e+03   3.9463571e-02   3.6989395e-02   3.4670141e-02
   2.0694167e+03   3.9475465e-02   3.6997151e-02   3.4674231e-02
   2.0695000e+03   3.9482388e-02   3.7000399e-02   3.4674239e-02
   2.0695833e+03   3.9485763e-02   3.7000430e-02   3.4671333e-02
   2.0696667e+03   3.9491125e-02   3.7002262e-02   3.4670058e-02
   2.0697500e+03   3.9502655e-02   3.7009683e-02   3.4673842e-02
   2.0698333e+03   3.9514475e-02   3.7017365e-02   3.4677862e-02
   2.0699167e+03   3.9517667e-02   3.7017227e-02   3.4674803e-02
   2.0700000e+03   3.9511097e-02   3.7008246e-02   3.4663740e-02
   2.0700833e+03   3.9500917e-02   3.6995993e-02   3.4649718e-02
   2.0701667e+03   3.9493672e-02   3.6986402e-02   3.4638107e-02
   2.0702500e+03   3.9496026e-02   3.6985507e-02   3.4634366e-02
   2.0703333e+03   3.9507590e-02   3.6992953e-02   3.4638172e-02
   2.0704167e+03   3.9519480e-02   3.7000693e-02   3.4642242e-02
   2.0705000e+03   3.9526367e-02   3.7003901e-02   3.4642212e-02
   2.0705833e+03   3.9529689e-02   3.7003879e-02   3.4639260e-02
   2.0706667e+03   3.9535007e-02   3.7005665e-02   3.4637943e-02
   2.0707500e+03   3.9546529e-02   3.7013067e-02   3.4641704e-02
   2.0708333e+03   3.9558378e-02   3.7020763e-02   3.4645731e-02
   2.0709167e+03   3.9561620e-02   3.7020666e-02   3.4642710e-02
   2.0710000e+03   3.9555105e-02   3.7011737e-02   3.4631704e-02
   2.0710833e+03   3.9544978e-02   3.6999540e-02   3.4617746e-02
   2.0711667e+03   3.9537787e-02   3.6990003e-02   3.4606194e-02
   2.0712500e+03   3.9540192e-02   3.6989149e-02   3.4602491e-02
   2.0713333e+03   3.9551787e-02   3.6996611e-02   3.4606305e-02
   2.0714167e+03   3.9563673e-02   3.7004333e-02   3.4610353e-02
   2.0715000e+03   3.9570523e-02   3.7007499e-02   3.4610281e-02
   2.0715833e+03   3.9573791e-02   3.7007423e-02   3.4607281e-02
   2.0716667e+03   3.9579064e-02   3.7009160e-02   3.4605919e-02
   2.0717500e+03   3.9590579e-02   3.7016541e-02   3.4609654e-02
   2.0718333e+03   3.9602458e-02   3.7024250e-02   3.4613686e-02
   2.0719167e+03   3.9605749e-02   3.7024192e-02   3.4610699e-02
   2.0720000e+03   3.9599288e-02   3.7015315e-02   3.4599749e-02
   2.0720833e+03   3.9589215e-02   3.7003173e-02   3.4585852e-02
   2.0721667e+03   3.9582079e-02   3.6993688e-02   3.4574355e-02
   2.0722500e+03   3.9584534e-02   3.6992874e-02   3.4570689e-02
   2.0723333e+03   3.9596160e-02   3.7000349e-02   3.4574507e-02
   2.0724167e+03   3.9608042e-02   3.7008053e-02   3.4578530e-02
   2.0725000e+03   3.9614855e-02   3.7011174e-02   3.4578415e-02
   2.0725833e+03   3.9618069e-02   3.7011043e-02   3.4575363e-02
   2.0726667e+03   3.9623297e-02   3.7012730e-02   3.4573953e-02
   2.0727500e+03   3.9634804e-02   3.7020089e-02   3.4577660e-02
   2.0728333e+03   3.9646713e-02   3.7027809e-02   3.4581693e-02
   2.0729167e+03   3.9650054e-02   3.7027788e-02   3.4578739e-02
   2.0730000e+03   3.9643647e-02   3.7018961e-02   3.4567841e-02
   2.0730833e+03   3.9633628e-02   3.7006874e-02   3.4554003e-02
   2.0731667e+03   3.9626545e-02   3.6997439e-02   3.4542559e-02
   2.0732500e+03   3.9629051e-02   3.6996663e-02   3.4538927e-02
   2.0733333e+03   3.9640709e-02   3.7004151e-02   3.4542746e-02
   2.0734167e+03   3.9652586e-02   3.7011834e-02   3.4546741e-02
   2.0735000e+03   3.9659361e-02   3.7014910e-02   3.4546579e-02
   2.0735833e+03   3.9662522e-02   3.7014721e-02   3.4543474e-02
   2.0736667e+03   3.9667705e-02   3.7016357e-02   3.4542013e-02
   2.0737500e+03   3.9679203e-02   3.7023691e-02   3.4545689e-02
   2.0738333e+03   3.9691142e-02   3.7031421e-02   3.4549720e-02
   2.0739167e+03   3.9694533e-02   3.7031436e-02   3.4546796e-02
   2.0740000e+03   3.9688180e-02   3.7022659e-02   3.4535948e-02
   2.0740833e+03   3.9678215e-02   3.7010623e-02   3.4522166e-02
   2.0741667e+03   3.9671186e-02   3.7001238e-02   3.4510773e-02
   2.0742500e+03   3.9673742e-02   3.7000500e-02   3.4507171e-02
   2.0743333e+03   3.9685432e-02   3.7007998e-02   3.4510990e-02
   2.0744167e+03   3.9697304e-02   3.7015658e-02   3.4514953e-02
   2.0745000e+03   3.9704042e-02   3.7018687e-02   3.4514742e-02
   2.0745833e+03   3.9707148e-02   3.7018439e-02   3.4511580e-02
   2.0746667e+03   3.9712285e-02   3.7020022e-02   3.4510067e-02
   2.0747500e+03   3.9723776e-02   3.7027331e-02   3.4513708e-02
   2.0748333e+03   3.9735744e-02   3.7035069e-02   3.4517735e-02
   2.0749167e+03   3.9739185e-02   3.7035118e-02   3.4514838e-02
   2.0750000e+03   3.9732886e-02   3.7026388e-02   3.4504038e-02
   2.0750833e+03   3.9722973e-02   3.7014403e-02   3.4490308e-02
   2.0751667e+03   3.9715995e-02   3.7005063e-02   3.4478961e-02
   2.0752500e+03   3.9718598e-02   3.7004356e-02   3.4475384e-02
   2.0753333e+03   3.9730317e-02   3.7011861e-02   3.4479196e-02
   2.0754167e+03   3.9742187e-02   3.7019500e-02   3.4483127e-02
   2.0755000e+03   3.9748894e-02   3.7022487e-02   3.4482871e-02
   2.0755833e+03   3.9751956e-02   3.7022188e-02   3.4479659e-02
   2.0756667e+03   3.9757060e-02   3.7023727e-02   3.4478099e-02
   2.0757500e+03   3.9768547e-02   3.7031013e-02   3.4481708e-02
   2.0758333e+03   3.9780541e-02   3.7038754e-02   3.4485723e-02
   2.0759167e+03   3.9784018e-02   3.7038824e-02   3.4482839e-02
   2.0760000e+03   3.9777752e-02   3.7030122e-02   3.4472068e-02
   2.0760833e+03   3.9767872e-02   3.7018167e-02   3.4458372e-02
   2.0761667e+03   3.9760928e-02   3.7008856e-02   3.4447055e-02
   2.0762500e+03   3.9763566e-02   3.7008169e-02   3.4443491e-02
   2.0763333e+03   3.9775310e-02   3.7015676e-02   3.4447291e-02
   2.0764167e+03   3.9787181e-02   3.7023295e-02   3.4451190e-02
   2.0765000e+03   3.9793866e-02   3.7026245e-02   3.4450892e-02
   2.0765833e+03   3.9796892e-02   3.7025902e-02   3.4447633e-02
   2.0766667e+03   3.9801966e-02   3.7027400e-02   3.4446029e-02
   2.0767500e+03   3.9813452e-02   3.7034663e-02   3.4449603e-02
   2.0768333e+03   3.9825470e-02   3.7042404e-02   3.4453604e-02
   2.0769167e+03   3.9828982e-02   3.7042492e-02   3.4450729e-02
   2.0770000e+03   3.9822751e-02   3.7033818e-02   3.4439985e-02
   2.0770833e+03   3.9812903e-02   3.7021892e-02   3.4426321e-02
   2.0771667e+03   3.9805993e-02   3.7012608e-02   3.4415031e-02
   2.0772500e+03   3.9808666e-02   3.7011940e-02   3.4411477e-02
   2.0773333e+03   3.9820436e-02   3.7019447e-02   3.4415263e-02
   2.0774167e+03   3.9832308e-02   3.7027044e-02   3.4419127e-02
   2.0775000e+03   3.9838969e-02   3.7029955e-02   3.4418783e-02
   2.0775833e+03   3.9841959e-02   3.7029566e-02   3.4415476e-02
   2.0776667e+03   3.9847004e-02   3.7031022e-02   3.4413825e-02
   2.0777500e+03   3.9858489e-02   3.7038262e-02   3.4417362e-02
   2.0778333e+03   3.9870531e-02   3.7046000e-02   3.4421345e-02
   2.0779167e+03   3.9874078e-02   3.7046105e-02   3.4418478e-02
   2.0780000e+03   3.9867881e-02   3.7037457e-02   3.4407757e-02
   2.0780833e+03   3.9858066e-02   3.7025559e-02   3.4394123e-02
   2.0781667e+03   3.9851190e-02   3.7016302e-02   3.4382857e-02
   2.0782500e+03   3.9853898e-02   3.7015651e-02   3.4379311e-02
   2.0783333e+03   3.9865693e-02   3.7023157e-02   3.4383080e-02
   2.0784167e+03   3.9877566e-02   3.7030730e-02   3.4386906e-02
   2.0785000e+03   3.9884204e-02   3.7033602e-02   3.4386515e-02
   2.0785833e+03   3.9887158e-02   3.7033165e-02   3.4383157e-02
   2.0786667e+03   3.9892174e-02   3.7034577e-02   3.4381456e-02
   2.0787500e+03   3.9903656e-02   3.7041791e-02   3.4384953e-02
   2.0788333e+03   3.9915723e-02   3.7049526e-02   3.4388916e-02
   2.0789167e+03   3.9919305e-02   3.7049646e-02   3.4386052e-02
   2.0790000e+03   3.9913142e-02   3.7041022e-02   3.4375354e-02
   2.0790833e+03   3.9903360e-02   3.7029152e-02   3.4361747e-02
   2.0791667e+03   3.9896518e-02   3.7019920e-02   3.4350504e-02
   2.0792500e+03   3.9899261e-02   3.7019284e-02   3.4346963e-02
   2.0793333e+03   3.9911082e-02   3.7026788e-02   3.4350711e-02
   2.0794167e+03   3.9922956e-02   3.7034336e-02   3.4354497e-02
   2.0795000e+03   3.9929570e-02   3.7037166e-02   3.4354056e-02
   2.0795833e+03   3.9932488e-02   3.7036680e-02   3.4350644e-02
   2.0796667e+03   3.9937474e-02   3.7038047e-02   3.4348890e-02
   2.0797500e+03   3.9948955e-02   3.7045234e-02   3.4352345e-02
   2.0798333e+03   3.9961047e-02   3.7052964e-02   3.4356285e-02
   2.0799167e+03   3.9964663e-02   3.7053098e-02   3.4353423e-02
   2.0800000e+03   3.9958535e-02   3.7044498e-02   3.4342744e-02
   2.0800833e+03   3.9948785e-02   3.7032653e-02   3.4329162e-02
   2.0801667e+03   3.9941977e-02   3.7023444e-02   3.4317939e-02
   2.0802500e+03   3.9944755e-02   3.7022823e-02   3.4314400e-02
   2.0803333e+03   3.9956601e-02   3.7030322e-02   3.4318125e-02
   2.0804167e+03   3.9968476e-02   3.7037844e-02   3.4321868e-02
   2.0805000e+03   3.9975067e-02   3.7040631e-02   3.4321374e-02
   2.0805833e+03   3.9977948e-02   3.7040095e-02   3.4317906e-02
   2.0806667e+03   3.9982905e-02   3.7041415e-02   3.4316098e-02
   2.0807500e+03   3.9994384e-02   3.7048573e-02   3.4319507e-02
   2.0808333e+03   4.0006500e-02   3.7056297e-02   3.4323421e-02
   2.0809167e+03   4.0010152e-02   3.7056443e-02   3.4320558e-02
   2.0810000e+03   4.0004058e-02   3.7047864e-02   3.4309896e-02
   2.0810833e+03   3.9994341e-02   3.7036045e-02   3.4296337e-02
   2.0811667e+03   3.9987567e-02   3.7026858e-02   3.4285132e-02
   2.0812500e+03   3.9990380e-02   3.7026250e-02   3.4281593e-02
   2.0813333e+03   4.0002252e-02   3.7033743e-02   3.4285292e-02
   2.0814167e+03   4.0014127e-02   3.7041237e-02   3.4288989e-02
   2.0815000e+03   4.0020694e-02   3.7043979e-02   3.4288440e-02
   2.0815833e+03   4.0023539e-02   3.7043391e-02   3.4284913e-02
   2.0816667e+03   4.0028466e-02   3.7044663e-02   3.4283047e-02
   2.0817500e+03   4.0039943e-02   3.7051790e-02   3.4286409e-02
   2.0818333e+03   4.0052084e-02   3.7059507e-02   3.4290294e-02
   2.0819167e+03   4.0055771e-02   3.7059663e-02   3.4287427e-02
   2.0820000e+03   4.0049711e-02   3.7051106e-02   3.4276780e-02
   2.0820833e+03   4.0040027e-02   3.7039309e-02   3.4263242e-02
   2.0821667e+03   4.0033286e-02   3.7030144e-02   3.4252052e-02
   2.0822500e+03   4.0036135e-02   3.7029547e-02   3.4248511e-02
   2.0823333e+03   4.0048032e-02   3.7037033e-02   3.4252181e-02
   2.0824167e+03   4.0059909e-02   3.7044497e-02   3.4255829e-02
   2.0825000e+03   4.0066452e-02   3.7047194e-02   3.4255222e-02
   2.0825833e+03   4.0069259e-02   3.7046552e-02   3.4251634e-02
   2.0826667e+03   4.0074157e-02   3.7047775e-02   3.4249708e-02
   2.0827500e+03   4.0085632e-02   3.7054869e-02   3.4253019e-02
   2.0828333e+03   4.0097797e-02   3.7062576e-02   3.4256873e-02
   2.0829167e+03   4.0101519e-02   3.7062742e-02   3.4253999e-02
   2.0830000e+03   4.0095493e-02   3.7054204e-02   3.4243365e-02
   2.0830833e+03   4.0085842e-02   3.7042430e-02   3.4229845e-02
   2.0831667e+03   4.0079136e-02   3.7033285e-02   3.4218669e-02
   2.0832500e+03   4.0082020e-02   3.7032698e-02   3.4215122e-02
   2.0833333e+03   4.0093943e-02   3.7040174e-02   3.4218761e-02
   2.0834167e+03   4.0105820e-02   3.7047607e-02   3.4222358e-02
   2.0835000e+03   4.0112339e-02   3.7050257e-02   3.4221689e-02
   2.0835833e+03   4.0115109e-02   3.7049560e-02   3.4218038e-02
   2.0836667e+03   4.0119977e-02   3.7050731e-02   3.4216050e-02
   2.0837500e+03   4.0131451e-02   3.7057793e-02   3.4219307e-02
   2.0838333e+03   4.0143640e-02   3.7065489e-02   3.4223126e-02
   2.0839167e+03   4.0147397e-02   3.7065662e-02   3.4220244e-02
   2.0840000e+03   4.0141406e-02   3.7057143e-02   3.4209620e-02
   2.0840833e+03   4.0131788e-02   3.7045389e-02   3.4196116e-02
   2.0841667e+03   4.0125116e-02   3.7036262e-02   3.4184952e-02
   2.0842500e+03   4.0128035e-02   3.7035684e-02   3.4181397e-02
   2.0843333e+03   4.0139983e-02   3.7043150e-02   3.4185001e-02
   2.0844167e+03   4.0151861e-02   3.7050550e-02   3.4188544e-02
   2.0845000e+03   4.0158355e-02   3.7053151e-02   3.4187812e-02
   2.0845833e+03   4.0161089e-02   3.7052397e-02   3.4184095e-02
   2.0846667e+03   4.0165926e-02   3.7053517e-02   3.4182043e-02
   2.0847500e+03   4.0177398e-02   3.7060542e-02   3.4185243e-02
   2.0848333e+03   4.0189611e-02   3.7068226e-02   3.4189025e-02
   2.0849167e+03   4.0193404e-02   3.7068406e-02   3.4186132e-02
   2.0850000e+03   4.0187447e-02   3.7059903e-02   3.4175515e-02
   2.0850833e+03   4.0177862e-02   3.7048170e-02   3.4162026e-02
   2.0851667e+03   4.0171224e-02   3.7039060e-02   3.4150870e-02
   2.0852500e+03   4.0174179e-02   3.7038489e-02   3.4147305e-02
   2.0853333e+03   4.0186152e-02   3.7045943e-02   3.4150872e-02
   2.0854167e+03   4.0198030e-02   3.7053309e-02   3.4154357e-02
   2.0855000e+03   4.0204501e-02   3.7055858e-02   3.4153560e-02
   2.0855833e+03   4.0207197e-02   3.7055047e-02   3.4149775e-02
   2.0856667e+03   4.0212004e-02   3.7056112e-02   3.4147655e-02
   2.0857500e+03   4.0223474e-02   3.7063101e-02   3.4150796e-02
   2.0858333e+03   4.0235712e-02   3.7070770e-02   3.4154539e-02
   2.0859167e+03   4.0239539e-02   3.7070956e-02   3.4151631e-02
   2.0860000e+03   4.0233617e-02   3.7062469e-02   3.4141020e-02
   2.0860833e+03   4.0224065e-02   3.7050754e-02   3.4127543e-02
   2.0861667e+03   4.0217461e-02   3.7041661e-02   3.4116394e-02
   2.0862500e+03   4.0220452e-02   3.7041095e-02   3.4112816e-02
   2.0863333e+03   4.0232450e-02   3.7048535e-02   3.4116343e-02
   2.0864167e+03   4.0244329e-02   3.7055865e-02   3.4119769e-02
   2.0865000e+03   4.0250775e-02   3.7058362e-02   3.4118903e-02
   2.0865833e+03   4.0253434e-02   3.7057492e-02   3.4115047e-02
   2.0866667e+03   4.0258211e-02   3.7058502e-02   3.4112857e-02
   2.0867500e+03   4.0269678e-02   3.7065452e-02   3.4115937e-02
   2.0868333e+03   4.0281940e-02   3.7073105e-02   3.4119636e-02
   2.0869167e+03   4.0285803e-02   3.7073294e-02   3.4116712e-02
   2.0870000e+03   4.0279915e-02   3.7064822e-02   3.4106105e-02
   2.0870833e+03   4.0270396e-02   3.7053125e-02   3.4092638e-02
   2.0871667e+03   4.0263827e-02   3.7044046e-02   3.4081493e-02
   2.0872500e+03   4.0266853e-02   3.7043485e-02   3.4077899e-02
   2.0873333e+03   4.0278877e-02   3.7050909e-02   3.4081383e-02
   2.0874167e+03   4.0290756e-02   3.7058201e-02   3.4084747e-02
   2.0875000e+03   4.0297177e-02   3.7060645e-02   3.4083811e-02
   2.0875833e+03   4.0299799e-02   3.7059715e-02   3.4079882e-02
   2.0876667e+03   4.0304545e-02   3.7060667e-02   3.4077620e-02
   2.0877500e+03   4.0316010e-02   3.7067578e-02   3.4080635e-02
   2.0878333e+03   4.0328297e-02   3.7075213e-02   3.4084289e-02
   2.0879167e+03   4.0332195e-02   3.7075404e-02   3.4081346e-02
   2.0880000e+03   4.0326342e-02   3.7066945e-02   3.4070739e-02
   2.0880833e+03   4.0316856e-02   3.7055264e-02   3.4057280e-02
   2.0881667e+03   4.0310321e-02   3.7046199e-02   3.4046137e-02
   2.0882500e+03   4.0313382e-02   3.7045641e-02   3.4042526e-02
   2.0883333e+03   4.0325431e-02   3.7053048e-02   3.4045964e-02
   2.0884167e+03   4.0337311e-02   3.7060301e-02   3.4049262e-02
   2.0885000e+03   4.0343708e-02   3.7062690e-02   3.4048253e-02
   2.0885833e+03   4.0346291e-02   3.7061697e-02   3.4044249e-02
   2.0886667e+03   4.0351007e-02   3.7062591e-02   3.4041912e-02
   2.0887500e+03   4.0362469e-02   3.7069460e-02   3.4044860e-02
   2.0888333e+03   4.0374781e-02   3.7077076e-02   3.4048465e-02
   2.0889167e+03   4.0378714e-02   3.7077268e-02   3.4045501e-02
   2.0890000e+03   4.0372895e-02   3.7068821e-02   3.4034894e-02
   2.0890833e+03   4.0363443e-02   3.7057155e-02   3.4021440e-02
   2.0891667e+03   4.0356942e-02   3.7048102e-02   3.4010297e-02
   2.0892500e+03   4.0360039e-02   3.7047545e-02   3.4006665e-02
   2.0893333e+03   4.0372114e-02   3.7054934e-02   3.4010055e-02
   2.0894167e+03   4.0383994e-02   3.7062146e-02   3.4013286e-02
   2.0895000e+03   4.0390366e-02   3.7064479e-02   3.4012201e-02
   2.0895833e+03   4.0392911e-02   3.7063422e-02   3.4008119e-02
   2.0896667e+03   4.0397595e-02   3.7064256e-02   3.4005705e-02
   2.0897500e+03   4.0409056e-02   3.7071082e-02   3.4008582e-02
   2.0898333e+03   4.0421392e-02   3.7078677e-02   3.4012137e-02
   2.0899167e+03   4.0425360e-02   3.7078869e-02   3.4009148e-02
   2.0900000e+03   4.0419576e-02   3.7070432e-02   3.3998538e-02
   2.0900833e+03   4.0410157e-02   3.7058780e-02   3.3985088e-02
   2.0901667e+03   4.0403690e-02   3.7049738e-02   3.3973943e-02
   2.0902500e+03   4.0406823e-02   3.7049181e-02   3.3970288e-02
   2.0903333e+03   4.0418923e-02   3.7056550e-02   3.3973627e-02
   2.0904167e+03   4.0430804e-02   3.7063719e-02   3.3976787e-02
   2.0905000e+03   4.0437150e-02   3.7065994e-02   3.3975624e-02
   2.0905833e+03   4.0439657e-02   3.7064872e-02   3.3971461e-02
   2.0906667e+03   4.0444311e-02   3.7065645e-02   3.3968968e-02
   2.0907500e+03   4.0455769e-02   3.7072426e-02   3.3971773e-02
   2.0908333e+03   4.0468129e-02   3.7079999e-02   3.3975274e-02
   2.0909167e+03   4.0472133e-02   3.7080188e-02   3.3972258e-02
   2.0910000e+03   4.0466384e-02   3.7071761e-02   3.3961643e-02
   2.0910833e+03   4.0456998e-02   3.7060121e-02   3.3948194e-02
   2.0911667e+03   4.0450566e-02   3.7051090e-02   3.3937045e-02
   2.0912500e+03   4.0453734e-02   3.7050532e-02   3.3933365e-02
   2.0913333e+03   4.0465860e-02   3.7057878e-02   3.3936650e-02
   2.0914167e+03   4.0477740e-02   3.7065003e-02   3.3939736e-02
   2.0915000e+03   4.0484062e-02   3.7067218e-02   3.3938492e-02
   2.0915833e+03   4.0486531e-02   3.7066031e-02   3.3934248e-02
   2.0916667e+03   4.0491153e-02   3.7066740e-02   3.3931673e-02
   2.0917500e+03   4.0502609e-02   3.7073474e-02   3.3934403e-02
   2.0918333e+03   4.0514993e-02   3.7081024e-02   3.3937847e-02
   2.0919167e+03   4.0519033e-02   3.7081209e-02   3.3934802e-02
   2.0920000e+03   4.0513318e-02   3.7072790e-02   3.3924179e-02
   2.0920833e+03   4.0503965e-02   3.7061162e-02   3.3910730e-02
   2.0921667e+03   4.0497568e-02   3.7052139e-02   3.3899574e-02
   2.0922500e+03   4.0500771e-02   3.7051578e-02   3.3895866e-02
   2.0923333e+03   4.0512923e-02   3.7058901e-02   3.3899094e-02
   2.0924167e+03   4.0524803e-02   3.7065980e-02   3.3902104e-02
   2.0925000e+03   4.0531100e-02   3.7068135e-02   3.3900778e-02
   2.0925833e+03   4.0533530e-02   3.7066879e-02   3.3896449e-02
   2.0926667e+03   4.0538121e-02   3.7067524e-02   3.3893790e-02
   2.0927500e+03   4.0549574e-02   3.7074210e-02   3.3896441e-02
   2.0928333e+03   4.0561983e-02   3.7081734e-02   3.3899826e-02
   2.0929167e+03   4.0566058e-02   3.7081914e-02   3.3896749e-02
   2.0930000e+03   4.0560378e-02   3.7073502e-02   3.3886117e-02
   2.0930833e+03   4.0551059e-02   3.7061885e-02   3.3872665e-02
   2.0931667e+03   4.0544696e-02   3.7052869e-02   3.3861500e-02
   2.0932500e+03   4.0547935e-02   3.7052304e-02   3.3857762e-02
   2.0933333e+03   4.0560112e-02   3.7059602e-02   3.3860931e-02
   2.0934167e+03   4.0571993e-02   3.7066634e-02   3.3863863e-02
   2.0935000e+03   4.0578264e-02   3.7068725e-02   3.3862451e-02
   2.0935833e+03   4.0580655e-02   3.7067401e-02   3.3858035e-02
   2.0936667e+03   4.0585215e-02   3.7067980e-02   3.3855289e-02
   2.0937500e+03   4.0596665e-02   3.7074616e-02   3.3857860e-02
   2.0938333e+03   4.0609099e-02   3.7082113e-02   3.3861182e-02
   2.0939167e+03   4.0613209e-02   3.7082287e-02   3.3858072e-02
   2.0940000e+03   4.0607564e-02   3.7073880e-02   3.3847427e-02
   2.0940833e+03   4.0598278e-02   3.7062272e-02   3.3833971e-02
   2.0941667e+03   4.0591949e-02   3.7053262e-02   3.3822796e-02
   2.0942500e+03   4.0595224e-02   3.7052691e-02   3.3819025e-02
   2.0943333e+03   4.0607427e-02   3.7059962e-02   3.3822132e-02
   2.0944167e+03   4.0619308e-02   3.7066945e-02   3.3824982e-02
   2.0945000e+03   4.0625553e-02   3.7068973e-02   3.3823482e-02
   2.0945833e+03   4.0627906e-02   3.7067578e-02   3.3818977e-02
   2.0946667e+03   4.0632434e-02   3.7068090e-02   3.3816142e-02
   2.0947500e+03   4.0643881e-02   3.7074675e-02   3.3818630e-02
   2.0948333e+03   4.0656339e-02   3.7082143e-02   3.3821888e-02
   2.0949167e+03   4.0660485e-02   3.7082308e-02   3.3818741e-02
   2.0950000e+03   4.0654875e-02   3.7073906e-02   3.3808082e-02
   2.0950833e+03   4.0645622e-02   3.7062306e-02   3.3794619e-02
   2.0951667e+03   4.0639328e-02   3.7053301e-02   3.3783431e-02
   2.0952500e+03   4.0642639e-02   3.7052723e-02   3.3779625e-02
   2.0953333e+03   4.0654868e-02   3.7059966e-02   3.3782667e-02
   2.0954167e+03   4.0666748e-02   3.7066898e-02   3.3785433e-02
   2.0955000e+03   4.0672968e-02   3.7068861e-02   3.3783843e-02
   2.0955833e+03   4.0675281e-02   3.7067393e-02   3.3779247e-02
   2.0956667e+03   4.0679777e-02   3.7067836e-02   3.3776321e-02
   2.0957500e+03   4.0691222e-02   3.7074369e-02   3.3778723e-02
   2.0958333e+03   4.0703704e-02   3.7081806e-02   3.3781913e-02
   2.0959167e+03   4.0707886e-02   3.7081962e-02   3.3778727e-02
   2.0960000e+03   4.0702311e-02   3.7073563e-02   3.3768052e-02
   2.0960833e+03   4.0693092e-02   3.7061970e-02   3.3754581e-02
   2.0961667e+03   4.0686832e-02   3.7052969e-02   3.3743377e-02
   2.0962500e+03   4.0690179e-02   3.7052382e-02   3.3739533e-02
   2.0963333e+03   4.0702433e-02   3.7059595e-02   3.3742508e-02
   2.0964167e+03   4.0714313e-02   3.7066475e-02   3.3745188e-02
   2.0965000e+03   4.0720507e-02   3.7068370e-02   3.3743505e-02
   2.0965833e+03   4.0722781e-02   3.7066829e-02   3.3738815e-02
   2.0966667e+03   4.0727245e-02   3.7067202e-02   3.3735796e-02
   2.0967500e+03   4.0738687e-02   3.7073680e-02   3.3738109e-02
   2.0968333e+03   4.0751194e-02   3.7081085e-02   3.3741229e-02
   2.0969167e+03   4.0755412e-02   3.7081230e-02   3.3738001e-02
   2.0970000e+03   4.0749871e-02   3.7072833e-02   3.3727308e-02
   2.0970833e+03   4.0740685e-02   3.7061245e-02   3.3713827e-02
   2.0971667e+03   4.0734461e-02   3.7052247e-02   3.3702607e-02
   2.0972500e+03   4.0737843e-02   3.7051650e-02   3.3698722e-02
   2.0973333e+03   4.0750123e-02   3.7058831e-02   3.3701627e-02
   2.0974167e+03   4.0762003e-02   3.7065657e-02   3.3704217e-02
   2.0975000e+03   4.0768171e-02   3.7067484e-02   3.3702440e-02
   2.0975833e+03   4.0770406e-02   3.7065869e-02   3.3697654e-02
   2.0976667e+03   4.0774838e-02   3.7066170e-02   3.3694539e-02
   2.0977500e+03   4.0786276e-02   3.7072592e-02   3.3696762e-02
   2.0978333e+03   4.0798808e-02   3.7079963e-02   3.3699808e-02
   2.0979167e+03   4.0803061e-02   3.7080096e-02   3.3696537e-02
   2.0980000e+03   4.0797556e-02   3.7071700e-02   3.3685823e-02
   2.0980833e+03   4.0788403e-02   3.7060116e-02   3.3672329e-02
   2.0981667e+03   4.0782213e-02   3.7051119e-02   3.3661090e-02
   2.0982500e+03   4.0785632e-02   3.7050511e-02   3.3657163e-02
   2.0983333e+03   4.0797937e-02   3.7057658e-02   3.3659995e-02
   2.0984167e+03   4.0809816e-02   3.7064429e-02   3.3662494e-02
   2.0985000e+03   4.0815958e-02   3.7066186e-02   3.3660619e-02
   2.0985833e+03   4.0818153e-02   3.7064494e-02   3.3655735e-02
   2.0986667e+03   4.0822553e-02   3.7064723e-02   3.3652522e-02
   2.0987500e+03   4.0833989e-02   3.7071086e-02   3.3654651e-02
   2.0988333e+03   4.0846545e-02   3.7078422e-02   3.3657622e-02
   2.0989167e+03   4.0850834e-02   3.7078541e-02   3.3654304e-02
   2.0990000e+03   4.0845363e-02   3.7070145e-02   3.3643568e-02
   2.0990833e+03   4.0836245e-02   3.7058564e-02   3.3630060e-02
   2.0991667e+03   4.0830089e-02   3.7049567e-02   3.3618800e-02
   2.0992500e+03   4.0833544e-02   3.7048946e-02   3.3614828e-02
   2.0993333e+03   4.0845874e-02   3.7056059e-02   3.3617584e-02
   2.0994167e+03   4.0857754e-02   3.7062772e-02   3.3619988e-02
   2.0995000e+03   4.0863869e-02   3.7064458e-02   3.3618014e-02
   2.0995833e+03   4.0866025e-02   3.7062688e-02   3.3613030e-02
   2.0996667e+03   4.0870392e-02   3.7062842e-02   3.3609718e-02
   2.0997500e+03   4.0881825e-02   3.7069147e-02   3.3611750e-02
   2.0998333e+03   4.0894405e-02   3.7076445e-02   3.3614642e-02
   2.0999167e+03   4.0898730e-02   3.7076549e-02   3.3611276e-02
   2.1000000e+03   4.0893295e-02   3.7068151e-02   3.3600516e-02
   2.1000833e+03   4.0884209e-02   3.7056573e-02   3.3586991e-02
   2.1001667e+03   4.0878089e-02   3.7047575e-02   3.3575708e-02
   2.1002500e+03   4.0881579e-02   3.7046939e-02   3.3571689e-02
   2.1003333e+03   4.0893935e-02   3.7054015e-02   3.3574367e-02
   2.1004167e+03   4.0905814e-02   3.7060670e-02   3.3576674e-02
   2.1005000e+03   4.0911904e-02   3.7062282e-02   3.3574597e-02
   2.1005833e+03   4.0914019e-02   3.7060434e-02   3.3569512e-02
   2.1006667e+03   4.0918354e-02   3.7060512e-02   3.3566097e-02
   2.1007500e+03   4.0929783e-02   3.7066755e-02   3.3568030e-02
   2.1008333e+03   4.0942388e-02   3.7074015e-02   3.3570842e-02
   2.1009167e+03   4.0946748e-02   3.7074102e-02   3.3567424e-02
