   2.0000000e+03   1.0000000e+00   1.0000000e+00   1.0000000e+00
   2.0000833e+03   1.0000000e+00   1.0000000e+00   1.0000000e+00
   2.0001667e+03   1.0000000e+00   1.0000000e+00   1.0000000e+00
   2.0002500e+03   1.0000000e+00   1.0000000e+00   1.0000000e+00
   2.0003333e+03   1.0000000e+00   1.0000000e+00   1.0000000e+00
   2.0004167e+03   1.0000000e+00   1.0000000e+00   1.0000000e+00
   2.0005000e+03   1.0000000e+00   1.0000000e+00   1.0000000e+00
   2.0005833e+03   1.0000000e+00   1.0000000e+00   1.0000000e+00
   2.0006667e+03   1.0000000e+00   1.0000000e+00   1.0000000e+00
   2.0007500e+03   1.0000000e+00   1.0000000e+00   1.0000000e+00
   2.0008333e+03   1.0000000e+00   1.0000000e+00   1.0000000e+00
   2.0009167e+03   1.0000000e+00   1.0000000e+00   1.0000000e+00
   2.0010000e+03   9.9994003e-01   9.9993961e-01   9.9993919e-01
   2.0010833e+03   9.9978019e-01   9.9977897e-01   9.9977775e-01
   2.0011667e+03   9.9962529e-01   9.9962286e-01   9.9962044e-01
   2.0012500e+03   9.9953602e-01   9.9953194e-01   9.9952787e-01
   2.0013333e+03   9.9956533e-01   9.9955910e-01   9.9955287e-01
   2.0014167e+03   9.9965619e-01   9.9964730e-01   9.9963842e-01
   2.0015000e+03   9.9974171e-01   9.9972974e-01   9.9971777e-01
   2.0015833e+03   9.9980057e-01   9.9978511e-01   9.9976966e-01
   2.0016667e+03   9.9982879e-01   9.9980947e-01   9.9979014e-01
   2.0017500e+03   9.9987136e-01   9.9984771e-01   9.9982407e-01
   2.0018333e+03   9.9996172e-01   9.9993324e-01   9.9990475e-01
   2.0019167e+03   1.0000122e+00   9.9997854e-01   9.9994486e-01
   2.0020000e+03   9.9995547e-01   9.9991641e-01   9.9987736e-01
   2.0020833e+03   9.9979971e-01   9.9975510e-01   9.9971050e-01
   2.0021667e+03   9.9964884e-01   9.9959828e-01   9.9954773e-01
   2.0022500e+03   9.9956306e-01   9.9950599e-01   9.9944892e-01
   2.0023333e+03   9.9959448e-01   9.9953015e-01   9.9946581e-01
   2.0024167e+03   9.9968547e-01   9.9961327e-01   9.9954107e-01
   2.0025000e+03   9.9977031e-01   9.9968983e-01   9.9960936e-01
   2.0025833e+03   9.9982752e-01   9.9973843e-01   9.9964936e-01
   2.0026667e+03   9.9985343e-01   9.9975543e-01   9.9965745e-01
   2.0027500e+03   9.9989396e-01   9.9978658e-01   9.9967921e-01
   2.0028333e+03   9.9998406e-01   9.9986668e-01   9.9974931e-01
   2.0029167e+03   1.0000363e+00   9.9990862e-01   9.9978099e-01
   2.0030000e+03   9.9998271e-01   9.9984483e-01   9.9970697e-01
   2.0030833e+03   9.9983099e-01   9.9968293e-01   9.9953488e-01
   2.0031667e+03   9.9968412e-01   9.9952547e-01   9.9936685e-01
   2.0032500e+03   9.9960181e-01   9.9943188e-01   9.9926199e-01
   2.0033333e+03   9.9963529e-01   9.9945312e-01   9.9927098e-01
   2.0034167e+03   9.9972638e-01   9.9953125e-01   9.9933616e-01
   2.0035000e+03   9.9981049e-01   9.9960203e-01   9.9939361e-01
   2.0035833e+03   9.9986601e-01   9.9964395e-01   9.9942195e-01
   2.0036667e+03   9.9988956e-01   9.9965368e-01   9.9941786e-01
   2.0037500e+03   9.9992803e-01   9.9967784e-01   9.9942770e-01
   2.0038333e+03   1.0000178e+00   9.9975259e-01   9.9948743e-01
   2.0039167e+03   1.0000717e+00   9.9979125e-01   9.9951088e-01
   2.0040000e+03   1.0000213e+00   9.9972588e-01   9.9943055e-01
   2.0040833e+03   9.9987359e-01   9.9956346e-01   9.9925342e-01
   2.0041667e+03   9.9973069e-01   9.9940545e-01   9.9908031e-01
   2.0042500e+03   9.9965181e-01   9.9931064e-01   9.9896959e-01
   2.0043333e+03   9.9968733e-01   9.9932905e-01   9.9897089e-01
   2.0044167e+03   9.9977847e-01   9.9940227e-01   9.9902621e-01
   2.0045000e+03   9.9986181e-01   9.9946735e-01   9.9907303e-01
   2.0045833e+03   9.9991560e-01   9.9950269e-01   9.9908994e-01
   2.0046667e+03   9.9993676e-01   9.9950524e-01   9.9907391e-01
   2.0047500e+03   9.9997311e-01   9.9952249e-01   9.9907206e-01
   2.0048333e+03   1.0000625e+00   9.9959198e-01   9.9912164e-01
   2.0049167e+03   1.0001181e+00   9.9962746e-01   9.9913706e-01
   2.0050000e+03   1.0000708e+00   9.9956058e-01   9.9905062e-01
   2.0050833e+03   9.9992706e-01   9.9939772e-01   9.9886865e-01
   2.0051667e+03   9.9978811e-01   9.9923924e-01   9.9869066e-01
   2.0052500e+03   9.9971263e-01   9.9914330e-01   9.9857428e-01
   2.0053333e+03   9.9975014e-01   9.9915894e-01   9.9856809e-01
   2.0054167e+03   9.9984130e-01   9.9922735e-01   9.9861377e-01
   2.0055000e+03   9.9992384e-01   9.9928682e-01   9.9865019e-01
   2.0055833e+03   9.9997586e-01   9.9931566e-01   9.9865589e-01
   2.0056667e+03   9.9999457e-01   9.9931114e-01   9.9862817e-01
   2.0057500e+03   1.0000288e+00   9.9932157e-01   9.9861485e-01
   2.0058333e+03   1.0001178e+00   9.9938590e-01   9.9865450e-01
   2.0059167e+03   1.0001750e+00   9.9941826e-01   9.9866212e-01
   2.0060000e+03   1.0001308e+00   9.9934996e-01   9.9856976e-01
   2.0060833e+03   9.9999098e-01   9.9918674e-01   9.9838314e-01
   2.0061667e+03   9.9985593e-01   9.9902786e-01   9.9820047e-01
   2.0062500e+03   9.9978381e-01   9.9893087e-01   9.9807864e-01
   2.0063333e+03   9.9982329e-01   9.9894385e-01   9.9806517e-01
   2.0064167e+03   9.9991443e-01   9.9900753e-01   9.9810143e-01
   2.0065000e+03   9.9999613e-01   9.9906148e-01   9.9812768e-01
   2.0065833e+03   1.0000463e+00   9.9908392e-01   9.9812241e-01
   2.0066667e+03   1.0000626e+00   9.9907241e-01   9.9808322e-01
   2.0067500e+03   1.0000946e+00   9.9907611e-01   9.9805869e-01
   2.0068333e+03   1.0001832e+00   9.9913537e-01   9.9808864e-01
   2.0069167e+03   1.0002419e+00   9.9916471e-01   9.9808866e-01
   2.0070000e+03   1.0002008e+00   9.9909507e-01   9.9799059e-01
   2.0070833e+03   1.0000649e+00   9.9893157e-01   9.9779953e-01
   2.0071667e+03   9.9993371e-01   9.9877238e-01   9.9761237e-01
   2.0072500e+03   9.9986493e-01   9.9867441e-01   9.9748528e-01
   2.0073333e+03   9.9990633e-01   9.9868481e-01   9.9746475e-01
   2.0074167e+03   9.9999742e-01   9.9874384e-01   9.9749181e-01
   2.0075000e+03   1.0000782e+00   9.9879236e-01   9.9750812e-01
   2.0075833e+03   1.0001266e+00   9.9880850e-01   9.9749213e-01
   2.0076667e+03   1.0001403e+00   9.9879010e-01   9.9744172e-01
   2.0077500e+03   1.0001700e+00   9.9878717e-01   9.9740620e-01
   2.0078333e+03   1.0002582e+00   9.9884145e-01   9.9742668e-01
   2.0079167e+03   1.0003184e+00   9.9886784e-01   9.9741932e-01
   2.0080000e+03   1.0002803e+00   9.9879695e-01   9.9731575e-01
   2.0080833e+03   1.0001483e+00   9.9863325e-01   9.9712044e-01
   2.0081667e+03   1.0000210e+00   9.9847382e-01   9.9692900e-01
   2.0082500e+03   9.9995553e-01   9.9837496e-01   9.9679686e-01
   2.0083333e+03   9.9999883e-01   9.9838286e-01   9.9676947e-01
   2.0084167e+03   1.0000898e+00   9.9843735e-01   9.9678757e-01
   2.0085000e+03   1.0001697e+00   9.9848053e-01   9.9679418e-01
   2.0085833e+03   1.0002162e+00   9.9849045e-01   9.9676769e-01
   2.0086667e+03   1.0002273e+00   9.9846526e-01   9.9670630e-01
   2.0087500e+03   1.0002547e+00   9.9845580e-01   9.9666005e-01
   2.0088333e+03   1.0003424e+00   9.9850518e-01   9.9667129e-01
   2.0089167e+03   1.0004042e+00   9.9852872e-01   9.9665676e-01
   2.0090000e+03   1.0003690e+00   9.9845666e-01   9.9654791e-01
   2.0090833e+03   1.0002409e+00   9.9829285e-01   9.9634855e-01
   2.0091667e+03   1.0001174e+00   9.9813326e-01   9.9615303e-01
   2.0092500e+03   1.0000552e+00   9.9803359e-01   9.9601605e-01
   2.0093333e+03   1.0001003e+00   9.9803908e-01   9.9598202e-01
   2.0094167e+03   1.0001912e+00   9.9808911e-01   9.9599139e-01
   2.0095000e+03   1.0002701e+00   9.9812705e-01   9.9598853e-01
   2.0095833e+03   1.0003146e+00   9.9813084e-01   9.9595179e-01
   2.0096667e+03   1.0003231e+00   9.9809895e-01   9.9587967e-01
   2.0097500e+03   1.0003483e+00   9.9808305e-01   9.9582292e-01
   2.0098333e+03   1.0004354e+00   9.9812763e-01   9.9582515e-01
   2.0099167e+03   1.0004986e+00   9.9814841e-01   9.9580369e-01
   2.0100000e+03   1.0004664e+00   9.9807526e-01   9.9568976e-01
   2.0100833e+03   1.0003421e+00   9.9791141e-01   9.9548655e-01
   2.0101667e+03   1.0002224e+00   9.9775175e-01   9.9528716e-01
   2.0102500e+03   1.0001634e+00   9.9765135e-01   9.9514555e-01
   2.0103333e+03   1.0002104e+00   9.9765451e-01   9.9510510e-01
   2.0104167e+03   1.0003011e+00   9.9770018e-01   9.9510597e-01
   2.0105000e+03   1.0003790e+00   9.9773296e-01   9.9509387e-01
   2.0105833e+03   1.0004215e+00   9.9773074e-01   9.9504713e-01
   2.0106667e+03   1.0004273e+00   9.9769223e-01   9.9496453e-01
   2.0107500e+03   1.0004501e+00   9.9767000e-01   9.9489753e-01
   2.0108333e+03   1.0005366e+00   9.9770987e-01   9.9489100e-01
   2.0109167e+03   1.0006013e+00   9.9772797e-01   9.9486282e-01
   2.0110000e+03   1.0005720e+00   9.9765382e-01   9.9474401e-01
   2.0110833e+03   1.0004515e+00   9.9749001e-01   9.9453718e-01
   2.0111667e+03   1.0003355e+00   9.9733036e-01   9.9433411e-01
   2.0112500e+03   1.0002798e+00   9.9722932e-01   9.9418808e-01
   2.0113333e+03   1.0003285e+00   9.9723024e-01   9.9414144e-01
   2.0114167e+03   1.0004190e+00   9.9727163e-01   9.9413404e-01
   2.0115000e+03   1.0004959e+00   9.9729936e-01   9.9411295e-01
   2.0115833e+03   1.0005364e+00   9.9729121e-01   9.9405645e-01
   2.0116667e+03   1.0005395e+00   9.9724619e-01   9.9396361e-01
   2.0117500e+03   1.0005599e+00   9.9721771e-01   9.9388661e-01
   2.0118333e+03   1.0006458e+00   9.9725297e-01   9.9387155e-01
   2.0119167e+03   1.0007118e+00   9.9726849e-01   9.9383688e-01
   2.0120000e+03   1.0006855e+00   9.9719341e-01   9.9371342e-01
   2.0120833e+03   1.0005687e+00   9.9702973e-01   9.9350315e-01
   2.0121667e+03   1.0004564e+00   9.9687016e-01   9.9329662e-01
   2.0122500e+03   1.0004038e+00   9.9676857e-01   9.9314638e-01
   2.0123333e+03   1.0004544e+00   9.9676734e-01   9.9309377e-01
   2.0124167e+03   1.0005446e+00   9.9680454e-01   9.9307834e-01
   2.0125000e+03   1.0006204e+00   9.9682731e-01   9.9304850e-01
   2.0125833e+03   1.0006588e+00   9.9681332e-01   9.9298249e-01
   2.0126667e+03   1.0006592e+00   9.9676190e-01   9.9287967e-01
   2.0127500e+03   1.0006771e+00   9.9672727e-01   9.9279291e-01
   2.0128333e+03   1.0007623e+00   9.9675800e-01   9.9276956e-01
   2.0129167e+03   1.0008297e+00   9.9677102e-01   9.9272862e-01
   2.0130000e+03   1.0008062e+00   9.9669511e-01   9.9260073e-01
   2.0130833e+03   1.0006932e+00   9.9653164e-01   9.9238724e-01
   2.0131667e+03   1.0005846e+00   9.9637225e-01   9.9217746e-01
   2.0132500e+03   1.0005352e+00   9.9627018e-01   9.9202321e-01
   2.0133333e+03   1.0005874e+00   9.9626689e-01   9.9196486e-01
   2.0134167e+03   1.0006774e+00   9.9630000e-01   9.9194163e-01
   2.0135000e+03   1.0007520e+00   9.9631790e-01   9.9190328e-01
   2.0135833e+03   1.0007883e+00   9.9629817e-01   9.9182801e-01
   2.0136667e+03   1.0007859e+00   9.9624044e-01   9.9171546e-01
   2.0137500e+03   1.0008013e+00   9.9619976e-01   9.9161920e-01
   2.0138333e+03   1.0008858e+00   9.9622606e-01   9.9158780e-01
   2.0139167e+03   1.0009546e+00   9.9623667e-01   9.9154083e-01
   2.0140000e+03   1.0009339e+00   9.9616001e-01   9.9140871e-01
   2.0140833e+03   1.0008245e+00   9.9599683e-01   9.9119221e-01
   2.0141667e+03   1.0007196e+00   9.9583770e-01   9.9097938e-01
   2.0142500e+03   1.0006733e+00   9.9573524e-01   9.9082135e-01
   2.0143333e+03   1.0007272e+00   9.9572997e-01   9.9075747e-01
   2.0144167e+03   1.0008168e+00   9.9575909e-01   9.9072670e-01
   2.0145000e+03   1.0008903e+00   9.9577221e-01   9.9068008e-01
   2.0145833e+03   1.0009245e+00   9.9574685e-01   9.9059580e-01
   2.0146667e+03   1.0009192e+00   9.9568290e-01   9.9047377e-01
   2.0147500e+03   1.0009321e+00   9.9563626e-01   9.9036826e-01
   2.0148333e+03   1.0010159e+00   9.9565823e-01   9.9032905e-01
   2.0149167e+03   1.0010859e+00   9.9566652e-01   9.9027627e-01
   2.0150000e+03   1.0010680e+00   9.9558920e-01   9.9014015e-01
   2.0150833e+03   1.0009623e+00   9.9542639e-01   9.8992084e-01
   2.0151667e+03   1.0008610e+00   9.9526759e-01   9.8970518e-01
   2.0152500e+03   1.0008178e+00   9.9516483e-01   9.8954359e-01
   2.0153333e+03   1.0008733e+00   9.9515768e-01   9.8947441e-01
   2.0154167e+03   1.0009626e+00   9.9518289e-01   9.8943632e-01
   2.0155000e+03   1.0010349e+00   9.9519134e-01   9.8938169e-01
   2.0155833e+03   1.0010668e+00   9.9516043e-01   9.8928864e-01
   2.0156667e+03   1.0010587e+00   9.9509036e-01   9.8915738e-01
   2.0157500e+03   1.0010689e+00   9.9503786e-01   9.8904288e-01
   2.0158333e+03   1.0011519e+00   9.9505559e-01   9.8899610e-01
   2.0159167e+03   1.0012232e+00   9.9506166e-01   9.8893775e-01
   2.0160000e+03   1.0012081e+00   9.9498376e-01   9.8879783e-01
   2.0160833e+03   1.0011061e+00   9.9482141e-01   9.8857594e-01
   2.0161667e+03   1.0010084e+00   9.9466303e-01   9.8835765e-01
   2.0162500e+03   1.0009681e+00   9.9456005e-01   9.8819270e-01
   2.0163333e+03   1.0010253e+00   9.9455110e-01   9.8811846e-01
   2.0164167e+03   1.0011142e+00   9.9457251e-01   9.8807330e-01
   2.0165000e+03   1.0011852e+00   9.9457638e-01   9.8801089e-01
   2.0165833e+03   1.0012149e+00   9.9454002e-01   9.8790933e-01
   2.0166667e+03   7.0084267e-01   6.9612475e-01   6.9143837e-01
   2.0167500e+03   7.0084801e-01   6.9608397e-01   6.9135209e-01
   2.0168333e+03   7.0090555e-01   6.9609348e-01   6.9131423e-01
   2.0169167e+03   7.0095630e-01   6.9609623e-01   6.9126964e-01
   2.0170000e+03   7.0094762e-01   6.9604135e-01   6.9116920e-01
   2.0170833e+03   7.0087870e-01   6.9592809e-01   6.9101221e-01
   2.0171667e+03   7.0081281e-01   6.9581758e-01   6.9085772e-01
   2.0172500e+03   7.0078676e-01   6.9574540e-01   6.9074006e-01
   2.0173333e+03   7.0082791e-01   6.9573794e-01   6.9068470e-01
   2.0174167e+03   7.0088979e-01   6.9575032e-01   6.9064831e-01
   2.0175000e+03   7.0093859e-01   6.9574989e-01   6.9059935e-01
   2.0175833e+03   7.0095779e-01   6.9572069e-01   6.9052247e-01
   2.0176667e+03   7.0094795e-01   6.9566328e-01   6.9041821e-01
   2.0177500e+03   7.0095141e-01   6.9561854e-01   6.9032599e-01
   2.0178333e+03   7.0100834e-01   6.9562522e-01   6.9028317e-01
   2.0179167e+03   7.0105992e-01   6.9562653e-01   6.9023500e-01
   2.0180000e+03   7.0105313e-01   6.9557137e-01   6.9013222e-01
   2.0180833e+03   7.0098671e-01   6.9545854e-01   6.8997370e-01
   2.0181667e+03   7.0092329e-01   6.9534845e-01   6.8981767e-01
   2.0182500e+03   7.0089933e-01   6.9527623e-01   6.8969797e-01
   2.0183333e+03   7.0094155e-01   6.9526765e-01   6.8963939e-01
   2.0184167e+03   7.0100309e-01   6.9527750e-01   6.8959838e-01
   2.0185000e+03   7.0105096e-01   6.9527399e-01   6.8954433e-01
   2.0185833e+03   7.0106853e-01   6.9524111e-01   6.8946184e-01
   2.0186667e+03   7.0105657e-01   6.9517963e-01   6.8935165e-01
   2.0187500e+03   7.0105813e-01   6.9513099e-01   6.8925366e-01
   2.0188333e+03   7.0111443e-01   6.9513490e-01   6.8920606e-01
   2.0189167e+03   7.0116680e-01   6.9513485e-01   6.8915447e-01
   2.0190000e+03   7.0116188e-01   6.9507946e-01   6.8904950e-01
   2.0190833e+03   7.0109794e-01   6.9496713e-01   6.8888962e-01
   2.0191667e+03   7.0103697e-01   6.9485751e-01   6.8873219e-01
   2.0192500e+03   7.0101507e-01   6.9478531e-01   6.8861060e-01
   2.0193333e+03   7.0105835e-01   6.9477566e-01   6.8854895e-01
   2.0194167e+03   7.0111953e-01   6.9478304e-01   6.8850350e-01
   2.0195000e+03   7.0116643e-01   6.9477653e-01   6.8844453e-01
   2.0195833e+03   7.0118234e-01   6.9474004e-01   6.8835661e-01
   2.0196667e+03   7.0116823e-01   6.9467455e-01   6.8824067e-01
   2.0197500e+03   7.0116784e-01   6.9462208e-01   6.8813708e-01
   2.0198333e+03   7.0122349e-01   6.9462329e-01   6.8808487e-01
   2.0199167e+03   7.0127664e-01   6.9462193e-01   6.8803003e-01
   2.0200000e+03   7.0127355e-01   6.9456639e-01   6.8792302e-01
   2.0200833e+03   7.0121207e-01   6.9445461e-01   6.8776192e-01
   2.0201667e+03   7.0115353e-01   6.9434552e-01   6.8760325e-01
   2.0202500e+03   7.0113367e-01   6.9427341e-01   6.8747991e-01
   2.0203333e+03   7.0117798e-01   6.9426275e-01   6.8741536e-01
   2.0204167e+03   7.0123876e-01   6.9426774e-01   6.8736564e-01
   2.0205000e+03   7.0128467e-01   6.9425828e-01   6.8730191e-01
   2.0205833e+03   7.0129889e-01   6.9421826e-01   6.8720873e-01
   2.0206667e+03   7.0128260e-01   6.9414882e-01   6.8708722e-01
   2.0207500e+03   7.0128024e-01   6.9409259e-01   6.8697822e-01
   2.0208333e+03   7.0133520e-01   6.9409117e-01   6.8692157e-01
   2.0209167e+03   7.0138910e-01   6.9408857e-01   6.8686363e-01
   2.0210000e+03   7.0138783e-01   6.9403293e-01   6.8675475e-01
   2.0210833e+03   7.0132878e-01   6.9392176e-01   6.8659257e-01
   2.0211667e+03   7.0127265e-01   6.9381326e-01   6.8643280e-01
   2.0212500e+03   7.0125481e-01   6.9374130e-01   6.8630788e-01
   2.0213333e+03   7.0130013e-01   6.9372970e-01   6.8624058e-01
   2.0214167e+03   7.0136048e-01   6.9373235e-01   6.8618675e-01
   2.0215000e+03   7.0140537e-01   6.9372002e-01   6.8611845e-01
   2.0215833e+03   7.0141786e-01   6.9367652e-01   6.8602019e-01
   2.0216667e+03   7.0139936e-01   6.9360321e-01   6.8589328e-01
   2.0217500e+03   7.0139500e-01   6.9354329e-01   6.8577904e-01
   2.0218333e+03   7.0144924e-01   6.9353930e-01   6.8571812e-01
   2.0219167e+03   7.0150386e-01   6.9353553e-01   6.8565726e-01
   2.0220000e+03   7.0150439e-01   6.9347985e-01   6.8554664e-01
   2.0220833e+03   7.0144775e-01   6.9336935e-01   6.8538353e-01
   2.0221667e+03   7.0139401e-01   6.9326150e-01   6.8522282e-01
   2.0222500e+03   7.0137816e-01   6.9318975e-01   6.8509646e-01
   2.0223333e+03   7.0142446e-01   6.9317727e-01   6.8502658e-01
   2.0224167e+03   7.0148436e-01   6.9317765e-01   6.8496882e-01
   2.0225000e+03   7.0152820e-01   6.9316252e-01   6.8489611e-01
   2.0225833e+03   7.0153893e-01   6.9311561e-01   6.8479294e-01
   2.0226667e+03   7.0151819e-01   6.9303850e-01   6.8466081e-01
   2.0227500e+03   7.0151180e-01   6.9297496e-01   6.8454150e-01
   2.0228333e+03   7.0156529e-01   6.9296846e-01   6.8447648e-01
   2.0229167e+03   7.0162062e-01   6.9296358e-01   6.8441286e-01
   2.0230000e+03   7.0162291e-01   6.9290792e-01   6.8430067e-01
   2.0230833e+03   7.0156866e-01   6.9279816e-01   6.8413678e-01
   2.0231667e+03   7.0151728e-01   6.9269101e-01   6.8397527e-01
   2.0232500e+03   7.0150341e-01   6.9261953e-01   6.8384763e-01
   2.0233333e+03   7.0155066e-01   6.9260624e-01   6.8377532e-01
   2.0234167e+03   7.0161009e-01   6.9260441e-01   6.8371380e-01
   2.0235000e+03   7.0165284e-01   6.9258654e-01   6.8363686e-01
   2.0235833e+03   7.0166179e-01   6.9253630e-01   6.8352895e-01
   2.0236667e+03   7.0163877e-01   6.9245545e-01   6.8339177e-01
   2.0237500e+03   7.0163032e-01   6.9238835e-01   6.8326757e-01
   2.0238333e+03   7.0168303e-01   6.9237943e-01   6.8319862e-01
   2.0239167e+03   7.0173903e-01   6.9237350e-01   6.8313239e-01
   2.0240000e+03   7.0174307e-01   6.9231792e-01   6.8301879e-01
   2.0240833e+03   7.0169119e-01   6.9220895e-01   6.8285427e-01
   2.0241667e+03   7.0164216e-01   6.9210257e-01   6.8269210e-01
   2.0242500e+03   7.0163023e-01   6.9203141e-01   6.8256333e-01
   2.0243333e+03   7.0167842e-01   6.9201737e-01   6.8248876e-01
   2.0244167e+03   7.0173733e-01   6.9201341e-01   6.8242365e-01
   2.0245000e+03   7.0177897e-01   6.9199287e-01   6.8234264e-01
   2.0245833e+03   7.0178611e-01   6.9193936e-01   6.8223017e-01
   2.0246667e+03   7.0176078e-01   6.9185484e-01   6.8208811e-01
   2.0247500e+03   7.0175023e-01   6.9178425e-01   6.8195920e-01
   2.0248333e+03   7.0180213e-01   6.9177296e-01   6.8188649e-01
   2.0249167e+03   7.0185878e-01   6.9176605e-01   6.8181782e-01
   2.0250000e+03   7.0186454e-01   6.9171062e-01   6.8170295e-01
   2.0250833e+03   7.0181500e-01   6.9160248e-01   6.8153793e-01
   2.0251667e+03   7.0176824e-01   6.9149689e-01   6.8137523e-01
   2.0252500e+03   7.0175819e-01   6.9142608e-01   6.8124545e-01
   2.0253333e+03   7.0180725e-01   6.9141135e-01   6.8116879e-01
   2.0254167e+03   7.0186565e-01   6.9140536e-01   6.8110031e-01
   2.0255000e+03   7.0190621e-01   6.9138231e-01   6.8101554e-01
   2.0255833e+03   7.0191162e-01   6.9132575e-01   6.8089887e-01
   2.0256667e+03   7.0188412e-01   6.9123784e-01   6.8075238e-01
   2.0257500e+03   7.0187161e-01   6.9116407e-01   6.8061921e-01
   2.0258333e+03   7.0192275e-01   6.9115065e-01   6.8054317e-01
   2.0259167e+03   7.0197997e-01   6.9114287e-01   6.8047238e-01
   2.0260000e+03   7.0198725e-01   6.9108760e-01   6.8035648e-01
   2.0260833e+03   7.0193978e-01   6.9098027e-01   6.8019117e-01
   2.0261667e+03   7.0189507e-01   6.9087549e-01   6.8002821e-01
   2.0262500e+03   7.0188672e-01   6.9080512e-01   6.7989778e-01
   2.0263333e+03   7.0193657e-01   6.9078989e-01   6.7981949e-01
   2.0264167e+03   7.0199448e-01   6.9078219e-01   6.7974827e-01
   2.0265000e+03   7.0203399e-01   6.9075697e-01   6.7966037e-01
   2.0265833e+03   7.0203772e-01   6.9069773e-01   6.7954017e-01
   2.0266667e+03   7.0200811e-01   6.9060680e-01   6.7938992e-01
   2.0267500e+03   7.0199367e-01   6.9053019e-01   6.7925317e-01
   2.0268333e+03   7.0204405e-01   6.9051495e-01   6.7917443e-01
   2.0269167e+03   7.0210180e-01   6.9050661e-01   6.7910216e-01
   2.0270000e+03   7.0211058e-01   6.9045180e-01   6.7898584e-01
   2.0270833e+03   7.0206517e-01   6.9034557e-01   6.7882084e-01
   2.0271667e+03   7.0202250e-01   6.9024189e-01   6.7865820e-01
   2.0272500e+03   7.0201583e-01   6.9017226e-01   6.7852772e-01
   2.0273333e+03   7.0206645e-01   6.9015683e-01   6.7844845e-01
   2.0274167e+03   7.0212383e-01   6.9014773e-01   6.7837511e-01
   2.0275000e+03   7.0216229e-01   6.9012064e-01   6.7828471e-01
   2.0275833e+03   7.0216431e-01   6.9005902e-01   6.7816162e-01
   2.0276667e+03   7.0213256e-01   6.8996537e-01   6.7800822e-01
   2.0277500e+03   7.0211617e-01   6.8988622e-01   6.7786849e-01
   2.0278333e+03   7.0216576e-01   6.8986947e-01   6.7778770e-01
   2.0279167e+03   7.0222402e-01   6.8986088e-01   6.7771456e-01
   2.0280000e+03   7.0223429e-01   6.8980682e-01   6.7759844e-01
   2.0280833e+03   7.0219092e-01   6.8970198e-01   6.7743433e-01
   2.0281667e+03   7.0215027e-01   6.8959969e-01   6.7727261e-01
   2.0282500e+03   7.0214526e-01   6.8953109e-01   6.7714269e-01
   2.0283333e+03   7.0219663e-01   6.8951577e-01   6.7706305e-01
   2.0284167e+03   7.0225347e-01   6.8950557e-01   6.7698823e-01
   2.0285000e+03   7.0229083e-01   6.8947693e-01   6.7689596e-01
   2.0285833e+03   7.0229113e-01   6.8941322e-01   6.7677058e-01
   2.0286667e+03   7.0225721e-01   6.8931714e-01   6.7661464e-01
   2.0287500e+03   7.0223884e-01   6.8923575e-01   6.7647256e-01
   2.0288333e+03   7.0228762e-01   6.8921780e-01   6.7639033e-01
   2.0289167e+03   7.0234638e-01   6.8920925e-01   6.7631696e-01
   2.0290000e+03   7.0235811e-01   6.8915625e-01   6.7620164e-01
   2.0290833e+03   7.0231676e-01   6.8905309e-01   6.7603901e-01
   2.0291667e+03   7.0227811e-01   6.8895248e-01   6.7587879e-01
   2.0292500e+03   7.0227475e-01   6.8888520e-01   6.7575002e-01
   2.0293333e+03   7.0232685e-01   6.8887029e-01   6.7567064e-01
   2.0294167e+03   7.0238312e-01   6.8885930e-01   6.7559495e-01
   2.0295000e+03   7.0241936e-01   6.8882941e-01   6.7550145e-01
   2.0295833e+03   7.0241791e-01   6.8876391e-01   6.7537439e-01
   2.0296667e+03   7.0238180e-01   6.8866570e-01   6.7521650e-01
   2.0297500e+03   7.0236143e-01   6.8858236e-01   6.7507266e-01
   2.0298333e+03   7.0240937e-01   6.8856351e-01   6.7498962e-01
   2.0299167e+03   7.0246860e-01   6.8855532e-01   6.7491664e-01
   2.0300000e+03   7.0248178e-01   6.8850367e-01   6.7480273e-01
   2.0300833e+03   7.0244241e-01   6.8840244e-01   6.7464212e-01
   2.0301667e+03   7.0240568e-01   6.8830373e-01   6.7448392e-01
   2.0302500e+03   7.0240388e-01   6.8823799e-01   6.7435681e-01
   2.0303333e+03   7.0245664e-01   6.8822374e-01   6.7427823e-01
   2.0304167e+03   7.0251236e-01   6.8821228e-01   6.7420228e-01
   2.0305000e+03   7.0254758e-01   6.8818148e-01   6.7410815e-01
   2.0305833e+03   7.0254454e-01   6.8811462e-01   6.7398008e-01
   2.0306667e+03   7.0250647e-01   6.8801474e-01   6.7382093e-01
   2.0307500e+03   7.0248436e-01   6.8792992e-01   6.7367600e-01
   2.0308333e+03   7.0253157e-01   6.8791048e-01   6.7359266e-01
   2.0309167e+03   7.0259118e-01   6.8790274e-01   6.7352035e-01
   2.0310000e+03   7.0260553e-01   6.8785233e-01   6.7340789e-01
   2.0310833e+03   7.0256778e-01   6.8775284e-01   6.7324925e-01
   2.0311667e+03   7.0253266e-01   6.8765583e-01   6.7309299e-01
   2.0312500e+03   7.0253218e-01   6.8759150e-01   6.7296751e-01
   2.0313333e+03   7.0258551e-01   6.8757789e-01   6.7288978e-01
   2.0314167e+03   7.0264073e-01   6.8756606e-01   6.7281375e-01
   2.0315000e+03   7.0267500e-01   6.8753451e-01   6.7271918e-01
   2.0315833e+03   7.0267049e-01   6.8746643e-01   6.7259027e-01
   2.0316667e+03   7.0263059e-01   6.8736502e-01   6.7243004e-01
   2.0317500e+03   7.0260680e-01   6.8727881e-01   6.7228413e-01
   2.0318333e+03   7.0265330e-01   6.8725883e-01   6.7220054e-01
   2.0319167e+03   7.0271327e-01   6.8725154e-01   6.7212892e-01
   2.0320000e+03   7.0272877e-01   6.8720238e-01   6.7201793e-01
   2.0320833e+03   7.0269264e-01   6.8710462e-01   6.7186128e-01
   2.0321667e+03   7.0265911e-01   6.8700933e-01   6.7170698e-01
   2.0322500e+03   7.0265994e-01   6.8694640e-01   6.7158314e-01
   2.0323333e+03   7.0271382e-01   6.8693344e-01   6.7150630e-01
   2.0324167e+03   7.0276853e-01   6.8692126e-01   6.7143020e-01
   2.0325000e+03   7.0280184e-01   6.8688894e-01   6.7133521e-01
   2.0325833e+03   7.0279584e-01   6.8681965e-01   6.7120550e-01
   2.0326667e+03   7.0275409e-01   6.8671673e-01   6.7104421e-01
   2.0327500e+03   7.0272861e-01   6.8662914e-01   6.7089736e-01
   2.0328333e+03   7.0277437e-01   6.8660861e-01   6.7081354e-01
   2.0329167e+03   7.0283469e-01   6.8660178e-01   6.7074263e-01
   2.0330000e+03   7.0285133e-01   6.8655387e-01   6.7063314e-01
   2.0330833e+03   7.0281681e-01   6.8645785e-01   6.7047849e-01
   2.0331667e+03   7.0278487e-01   6.8636428e-01   6.7032617e-01
   2.0332500e+03   7.0278699e-01   6.8630276e-01   6.7020400e-01
   2.0333333e+03   7.0284141e-01   6.8629046e-01   6.7012806e-01
   2.0334167e+03   7.0289558e-01   6.8627792e-01   6.7005193e-01
   2.0335000e+03   7.0292791e-01   6.8624486e-01   6.6995654e-01
   2.0335833e+03   7.0292042e-01   6.8617436e-01   6.6982605e-01
   2.0336667e+03   4.2172608e-01   4.1164196e-01   4.0179824e-01
   2.0337500e+03   4.2170976e-01   4.1158858e-01   4.0170957e-01
   2.0338333e+03   4.2173677e-01   4.1157593e-01   4.0165917e-01
   2.0339167e+03   4.2177316e-01   4.1157212e-01   4.0161705e-01
   2.0340000e+03   4.2178382e-01   4.1154412e-01   4.0155227e-01
   2.0340833e+03   4.2176406e-01   4.1148756e-01   4.0146069e-01
   2.0341667e+03   4.2174584e-01   4.1143245e-01   4.0137050e-01
   2.0342500e+03   4.2174788e-01   4.1139639e-01   4.0129821e-01
   2.0343333e+03   4.2178085e-01   4.1138940e-01   4.0125320e-01
   2.0344167e+03   4.2181303e-01   4.1138167e-01   4.0120752e-01
   2.0345000e+03   4.2183183e-01   4.1136139e-01   4.0115007e-01
   2.0345833e+03   4.2182642e-01   4.1131837e-01   4.0107132e-01
   2.0346667e+03   4.2179912e-01   4.1125481e-01   4.0097332e-01
   2.0347500e+03   4.2178176e-01   4.1120060e-01   4.0088412e-01
   2.0348333e+03   4.2180831e-01   4.1118764e-01   4.0083361e-01
   2.0349167e+03   4.2184489e-01   4.1118410e-01   4.0079195e-01
   2.0350000e+03   4.2185623e-01   4.1115687e-01   4.0072809e-01
   2.0350833e+03   4.2183742e-01   4.1110135e-01   4.0063773e-01
   2.0351667e+03   4.2182013e-01   4.1104728e-01   4.0054876e-01
   2.0352500e+03   4.2182294e-01   4.1101207e-01   4.0047749e-01
   2.0353333e+03   4.2185621e-01   4.1100548e-01   4.0043305e-01
   2.0354167e+03   4.2188805e-01   4.1099755e-01   4.0038737e-01
   2.0355000e+03   4.2190625e-01   4.1097682e-01   4.0032972e-01
   2.0355833e+03   4.2189991e-01   4.1093309e-01   4.0025053e-01
   2.0356667e+03   4.2187147e-01   4.1086862e-01   4.0015194e-01
   2.0357500e+03   4.2185306e-01   4.1081360e-01   4.0006221e-01
   2.0358333e+03   4.2187915e-01   4.1080032e-01   4.0001161e-01
   2.0359167e+03   4.2191591e-01   4.1079707e-01   3.9997042e-01
   2.0360000e+03   4.2192791e-01   4.1077059e-01   3.9990750e-01
   2.0360833e+03   4.2191004e-01   4.1071613e-01   3.9981838e-01
   2.0361667e+03   4.2189368e-01   4.1066309e-01   3.9973062e-01
   2.0362500e+03   4.2189724e-01   4.1062875e-01   3.9966039e-01
   2.0363333e+03   4.2193082e-01   4.1062256e-01   3.9961654e-01
   2.0364167e+03   4.2196231e-01   4.1061442e-01   3.9957088e-01
   2.0365000e+03   4.2197989e-01   4.1059325e-01   3.9951303e-01
   2.0365833e+03   4.2197262e-01   4.1054881e-01   3.9943342e-01
   2.0366667e+03   4.2194302e-01   4.1048345e-01   3.9933426e-01
   2.0367500e+03   4.2192356e-01   4.1042761e-01   3.9924402e-01
   2.0368333e+03   4.2194917e-01   4.1041401e-01   3.9919335e-01
   2.0369167e+03   4.2198610e-01   4.1041105e-01   3.9915264e-01
   2.0370000e+03   4.2199875e-01   4.1038534e-01   3.9909066e-01
   2.0370833e+03   4.2198182e-01   4.1033192e-01   3.9900279e-01
   2.0371667e+03   4.2196639e-01   4.1027993e-01   3.9891627e-01
   2.0372500e+03   4.2197069e-01   4.1024645e-01   3.9884708e-01
   2.0373333e+03   4.2200456e-01   4.1024066e-01   3.9880382e-01
   2.0374167e+03   4.2203570e-01   4.1023233e-01   3.9875820e-01
   2.0375000e+03   4.2205265e-01   4.1021073e-01   3.9870018e-01
   2.0375833e+03   4.2204444e-01   4.1016557e-01   3.9862016e-01
   2.0376667e+03   4.2201368e-01   4.1009931e-01   3.9852043e-01
   2.0377500e+03   4.2199315e-01   4.1004266e-01   3.9842971e-01
   2.0378333e+03   4.2201826e-01   4.1002876e-01   3.9837898e-01
   2.0379167e+03   4.2205537e-01   4.1002608e-01   3.9833876e-01
   2.0380000e+03   4.2206866e-01   4.1000114e-01   3.9827774e-01
   2.0380833e+03   4.2205266e-01   4.0994878e-01   3.9819112e-01
   2.0381667e+03   4.2203814e-01   4.0989783e-01   3.9810584e-01
   2.0382500e+03   4.2204319e-01   4.0986521e-01   3.9803772e-01
   2.0383333e+03   4.2207733e-01   4.0985983e-01   3.9799507e-01
   2.0384167e+03   4.2210811e-01   4.0985131e-01   3.9794950e-01
   2.0385000e+03   4.2212442e-01   4.0982927e-01   3.9789132e-01
   2.0385833e+03   4.2211526e-01   4.0978341e-01   3.9781090e-01
   2.0386667e+03   4.2208332e-01   4.0971626e-01   3.9771063e-01
   2.0387500e+03   4.2206172e-01   4.0965880e-01   3.9761943e-01
   2.0388333e+03   4.2208633e-01   4.0964459e-01   3.9756865e-01
   2.0389167e+03   4.2212359e-01   4.0964221e-01   3.9752894e-01
   2.0390000e+03   4.2213753e-01   4.0961804e-01   3.9746890e-01
   2.0390833e+03   4.2212244e-01   4.0956673e-01   3.9738354e-01
   2.0391667e+03   4.2210884e-01   4.0951683e-01   3.9729952e-01
   2.0392500e+03   4.2211461e-01   4.0948507e-01   3.9723246e-01
   2.0393333e+03   4.2214904e-01   4.0948011e-01   3.9719044e-01
   2.0394167e+03   4.2217943e-01   4.0947140e-01   3.9714493e-01
   2.0395000e+03   4.2219510e-01   4.0944893e-01   3.9708660e-01
   2.0395833e+03   4.2218497e-01   4.0940236e-01   3.9700581e-01
   2.0396667e+03   4.2215185e-01   4.0933432e-01   3.9690500e-01
   2.0397500e+03   4.2212916e-01   4.0927605e-01   3.9681333e-01
   2.0398333e+03   4.2215327e-01   4.0926154e-01   3.9676253e-01
   2.0399167e+03   4.2219068e-01   4.0925946e-01   3.9672334e-01
   2.0400000e+03   4.2220525e-01   4.0923606e-01   3.9666428e-01
   2.0400833e+03   4.2219107e-01   4.0918582e-01   3.9658020e-01
   2.0401667e+03   4.2217837e-01   4.0913697e-01   3.9649744e-01
   2.0402500e+03   4.2218487e-01   4.0910608e-01   3.9643146e-01
   2.0403333e+03   4.2221955e-01   4.0910153e-01   3.9639008e-01
   2.0404167e+03   4.2224957e-01   4.0909263e-01   3.9634465e-01
   2.0405000e+03   4.2226458e-01   4.0906973e-01   3.9628620e-01
   2.0405833e+03   4.2225348e-01   4.0902246e-01   3.9620504e-01
   2.0406667e+03   4.2221916e-01   4.0895354e-01   3.9610371e-01
   2.0407500e+03   4.2219537e-01   4.0889446e-01   3.9601159e-01
   2.0408333e+03   4.2221896e-01   4.0887965e-01   3.9596076e-01
   2.0409167e+03   4.2225651e-01   4.0887787e-01   3.9592211e-01
   2.0410000e+03   4.2227170e-01   4.0885525e-01   3.9586405e-01
   2.0410833e+03   4.2225844e-01   4.0880607e-01   3.9578125e-01
   2.0411667e+03   4.2224662e-01   4.0875827e-01   3.9569977e-01
   2.0412500e+03   4.2225384e-01   4.0872825e-01   3.9563489e-01
   2.0413333e+03   4.2228879e-01   4.0872412e-01   3.9559415e-01
   2.0414167e+03   4.2231841e-01   4.0871504e-01   3.9554882e-01
   2.0415000e+03   4.2233275e-01   4.0869172e-01   3.9549025e-01
   2.0415833e+03   4.2232067e-01   4.0864375e-01   3.9540873e-01
   2.0416667e+03   4.2228514e-01   4.0857395e-01   3.9530690e-01
   2.0417500e+03   4.2226024e-01   4.0851406e-01   3.9521434e-01
   2.0418333e+03   4.2228331e-01   4.0849896e-01   3.9516352e-01
   2.0419167e+03   4.2232098e-01   4.0849748e-01   3.9512541e-01
   2.0420000e+03   4.2233679e-01   4.0847564e-01   3.9506835e-01
   2.0420833e+03   4.2232443e-01   4.0842753e-01   3.9498686e-01
   2.0421667e+03   4.2231350e-01   4.0838078e-01   3.9490667e-01
   2.0422500e+03   4.2232143e-01   4.0835164e-01   3.9484289e-01
   2.0423333e+03   4.2235662e-01   4.0834793e-01   3.9480281e-01
   2.0424167e+03   4.2238584e-01   4.0833866e-01   3.9475759e-01
   2.0425000e+03   4.2239951e-01   4.0831492e-01   3.9469891e-01
   2.0425833e+03   4.2238643e-01   4.0826626e-01   3.9461706e-01
   2.0426667e+03   4.2234969e-01   4.0819557e-01   3.9451473e-01
   2.0427500e+03   4.2232366e-01   4.0813489e-01   3.9442175e-01
   2.0428333e+03   4.2234619e-01   4.0811949e-01   3.9437093e-01
   2.0429167e+03   4.2238399e-01   4.0811833e-01   3.9433339e-01
   2.0430000e+03   4.2240041e-01   4.0809726e-01   3.9427735e-01
   2.0430833e+03   4.2238894e-01   4.0805022e-01   3.9419717e-01
   2.0431667e+03   4.2237889e-01   4.0800453e-01   3.9411827e-01
   2.0432500e+03   4.2238752e-01   4.0797626e-01   3.9405561e-01
   2.0433333e+03   4.2242295e-01   4.0797298e-01   3.9401621e-01
   2.0434167e+03   4.2245176e-01   4.0796354e-01   3.9397110e-01
   2.0435000e+03   4.2246474e-01   4.0793938e-01   3.9391233e-01
   2.0435833e+03   4.2245065e-01   4.0789003e-01   3.9383016e-01
   2.0436667e+03   4.2241269e-01   4.0781846e-01   3.9372735e-01
   2.0437500e+03   4.2238553e-01   4.0775698e-01   3.9363396e-01
   2.0438333e+03   4.2240752e-01   4.0774129e-01   3.9358317e-01
   2.0439167e+03   4.2244543e-01   4.0774044e-01   3.9354620e-01
   2.0440000e+03   4.2246245e-01   4.0772016e-01   3.9349119e-01
   2.0440833e+03   4.2245186e-01   4.0767419e-01   3.9341233e-01
   2.0441667e+03   4.2244269e-01   4.0762956e-01   3.9333474e-01
   2.0442500e+03   4.2245201e-01   4.0760217e-01   3.9327320e-01
   2.0443333e+03   4.2248767e-01   4.0759932e-01   3.9323449e-01
   2.0444167e+03   4.2251605e-01   4.0758970e-01   3.9318952e-01
   2.0445000e+03   4.2252834e-01   4.0756513e-01   3.9313067e-01
   2.0445833e+03   4.2251324e-01   4.0751509e-01   3.9304819e-01
   2.0446667e+03   4.2247404e-01   4.0744264e-01   3.9294491e-01
   2.0447500e+03   4.2244574e-01   4.0738037e-01   3.9285112e-01
   2.0448333e+03   4.2246717e-01   4.0736439e-01   3.9280037e-01
   2.0449167e+03   4.2250518e-01   4.0736385e-01   3.9276399e-01
   2.0450000e+03   4.2252280e-01   4.0734436e-01   3.9271002e-01
   2.0450833e+03   4.2251309e-01   4.0729946e-01   3.9263249e-01
   2.0451667e+03   4.2250478e-01   4.0725590e-01   3.9255621e-01
   2.0452500e+03   4.2251479e-01   4.0722939e-01   3.9249582e-01
   2.0453333e+03   4.2255067e-01   4.0722697e-01   3.9245781e-01
   2.0454167e+03   4.2257862e-01   4.0721718e-01   3.9241299e-01
   2.0455000e+03   4.2259021e-01   4.0719220e-01   3.9235408e-01
   2.0455833e+03   4.2257408e-01   4.0714147e-01   3.9227129e-01
   2.0456667e+03   4.2253363e-01   4.0706815e-01   3.9216756e-01
   2.0457500e+03   4.2250418e-01   4.0700509e-01   3.9207338e-01
   2.0458333e+03   4.2252504e-01   4.0698882e-01   3.9202269e-01
   2.0459167e+03   4.2256315e-01   4.0698860e-01   3.9198691e-01
   2.0460000e+03   4.2258135e-01   4.0696990e-01   3.9193399e-01
   2.0460833e+03   4.2257251e-01   4.0692608e-01   3.9185779e-01
   2.0461667e+03   4.2256506e-01   4.0688358e-01   3.9178285e-01
   2.0462500e+03   4.2257575e-01   4.0685796e-01   3.9172360e-01
   2.0463333e+03   4.2261185e-01   4.0685598e-01   3.9168631e-01
   2.0464167e+03   4.2263936e-01   4.0684602e-01   3.9164165e-01
   2.0465000e+03   4.2265022e-01   4.0682062e-01   3.9158269e-01
   2.0465833e+03   4.2263306e-01   4.0676921e-01   3.9149961e-01
   2.0466667e+03   4.2259135e-01   4.0669502e-01   3.9139544e-01
   2.0467500e+03   4.2256074e-01   4.0663117e-01   3.9130089e-01
   2.0468333e+03   4.2258103e-01   4.0661462e-01   3.9125026e-01
   2.0469167e+03   4.2261922e-01   4.0661473e-01   3.9121509e-01
   2.0470000e+03   4.2263800e-01   4.0659681e-01   3.9116325e-01
   2.0470833e+03   4.2263002e-01   4.0655408e-01   3.9108840e-01
   2.0471667e+03   4.2262342e-01   4.0651265e-01   3.9101480e-01
   2.0472500e+03   4.2263478e-01   4.0648791e-01   3.9095671e-01
   2.0473333e+03   4.2267109e-01   4.0648636e-01   3.9092014e-01
   2.0474167e+03   4.2269815e-01   4.0647624e-01   3.9087565e-01
   2.0475000e+03   4.2270828e-01   4.0645044e-01   3.9081665e-01
   2.0475833e+03   4.2269008e-01   4.0639835e-01   3.9073331e-01
   2.0476667e+03   4.2264710e-01   4.0632329e-01   3.9062871e-01
   2.0477500e+03   4.2261531e-01   4.0625865e-01   3.9053380e-01
   2.0478333e+03   4.2263502e-01   4.0624183e-01   3.9048324e-01
   2.0479167e+03   4.2267329e-01   4.0624225e-01   3.9044870e-01
   2.0480000e+03   4.2269264e-01   4.0622514e-01   3.9039793e-01
   2.0480833e+03   4.2268551e-01   4.0618348e-01   3.9032444e-01
   2.0481667e+03   4.2267976e-01   4.0614312e-01   3.9025219e-01
   2.0482500e+03   4.2269178e-01   4.0611928e-01   3.9019527e-01
   2.0483333e+03   4.2272829e-01   4.0611817e-01   3.9015944e-01
   2.0484167e+03   4.2275488e-01   4.0610789e-01   3.9011514e-01
   2.0485000e+03   4.2276428e-01   4.0608168e-01   3.9005612e-01
   2.0485833e+03   4.2274502e-01   4.0602891e-01   3.8997251e-01
   2.0486667e+03   4.2270076e-01   4.0595298e-01   3.8986749e-01
   2.0487500e+03   4.2266779e-01   4.0588756e-01   3.8977223e-01
   2.0488333e+03   4.2268690e-01   4.0587046e-01   3.8972177e-01
   2.0489167e+03   4.2272524e-01   4.0587121e-01   3.8968787e-01
   2.0490000e+03   4.2274515e-01   4.0585490e-01   3.8963818e-01
   2.0490833e+03   4.2273887e-01   4.0581433e-01   3.8956607e-01
   2.0491667e+03   4.2273396e-01   4.0577504e-01   3.8949517e-01
   2.0492500e+03   4.2274664e-01   4.0575209e-01   3.8943944e-01
   2.0493333e+03   4.2278333e-01   4.0575143e-01   3.8940436e-01
   2.0494167e+03   4.2280945e-01   4.0574099e-01   3.8936026e-01
   2.0495000e+03   4.2281811e-01   4.0571438e-01   3.8930122e-01
   2.0495833e+03   4.2279778e-01   4.0566093e-01   3.8921737e-01
   2.0496667e+03   4.2275223e-01   4.0558414e-01   3.8911194e-01
   2.0497500e+03   4.2271807e-01   4.0551793e-01   3.8901635e-01
   2.0498333e+03   4.2273657e-01   4.0550056e-01   3.8896599e-01
   2.0499167e+03   4.2277497e-01   4.0550165e-01   3.8893274e-01
   2.0500000e+03   4.2279544e-01   4.0548613e-01   3.8888415e-01
   2.0500833e+03   4.2278996e-01   4.0544661e-01   3.8881338e-01
   2.0501667e+03   4.2278580e-01   4.0540833e-01   3.8874379e-01
   2.0502500e+03   4.2279903e-01   4.0538620e-01   3.8868917e-01
   2.0503333e+03   4.2283587e-01   4.0538595e-01   3.8865483e-01
   2.0504167e+03   4.2286163e-01   4.0537545e-01   3.8861103e-01
   2.0505000e+03   4.2286974e-01   4.0534864e-01   3.8855217e-01
   2.0505833e+03   4.2284869e-01   4.0529484e-01   3.8846837e-01
   2.0506667e+03   4.2280232e-01   4.0521763e-01   3.8836295e-01
   2.0507500e+03   4.2276746e-01   4.0515110e-01   3.8826745e-01
   2.0508333e+03   4.2278564e-01   4.0513371e-01   3.8821743e-01
   2.0509167e+03   4.2282407e-01   4.0513510e-01   3.8818480e-01
   2.0510000e+03   4.2284477e-01   4.0512010e-01   3.8813704e-01
   2.0510833e+03   4.2283967e-01   4.0508122e-01   3.8806723e-01
   2.0511667e+03   4.2283587e-01   4.0504357e-01   3.8799859e-01
   2.0512500e+03   4.2284939e-01   4.0502199e-01   3.8794483e-01
   2.0513333e+03   4.2288631e-01   4.0502208e-01   3.8791114e-01
   2.0514167e+03   4.2291185e-01   4.0501167e-01   3.8786777e-01
   2.0515000e+03   4.2291963e-01   4.0498484e-01   3.8780923e-01
   2.0515833e+03   4.2289809e-01   4.0493090e-01   3.8772568e-01
   2.0516667e+03   4.2285115e-01   4.0485347e-01   3.8762045e-01
   2.0517500e+03   4.2281576e-01   4.0478676e-01   3.8752515e-01
   2.0518333e+03   4.2283367e-01   4.0476940e-01   3.8747550e-01
   2.0519167e+03   4.2287212e-01   4.0477107e-01   3.8744345e-01
   2.0520000e+03   4.2289307e-01   4.0475656e-01   3.8739649e-01
   2.0520833e+03   4.2288833e-01   4.0471831e-01   3.8732761e-01
   2.0521667e+03   4.2288489e-01   4.0468128e-01   3.8725989e-01
   2.0522500e+03   4.2289869e-01   4.0466023e-01   3.8720696e-01
   2.0523333e+03   4.2293569e-01   4.0466065e-01   3.8717389e-01
   2.0524167e+03   4.2296102e-01   4.0465030e-01   3.8713090e-01
   2.0525000e+03   4.2296846e-01   4.0462343e-01   3.8707266e-01
   2.0525833e+03   4.2294645e-01   4.0456934e-01   3.8698932e-01
   2.0526667e+03   4.2289892e-01   4.0449169e-01   3.8688425e-01
   2.0527500e+03   4.2286299e-01   4.0442478e-01   3.8678913e-01
   2.0528333e+03   4.2288063e-01   4.0440743e-01   3.8673981e-01
   2.0529167e+03   4.2291911e-01   4.0440936e-01   3.8670832e-01
   2.0530000e+03   4.2294029e-01   4.0439533e-01   3.8666211e-01
   2.0530833e+03   4.2293592e-01   4.0435769e-01   3.8659413e-01
   2.0531667e+03   4.2293284e-01   4.0432127e-01   3.8652730e-01
   2.0532500e+03   4.2294692e-01   4.0430074e-01   3.8647517e-01
   2.0533333e+03   4.2298399e-01   4.0430146e-01   3.8644269e-01
   2.0534167e+03   4.2300911e-01   4.0429116e-01   3.8640005e-01
   2.0535000e+03   4.2301622e-01   4.0426424e-01   3.8634209e-01
   2.0535833e+03   4.2299372e-01   4.0420998e-01   3.8625893e-01
   2.0536667e+03   4.2294562e-01   4.0413208e-01   3.8615398e-01
   2.0537500e+03   4.2290915e-01   4.0406497e-01   3.8605902e-01
   2.0538333e+03   4.2292651e-01   4.0404761e-01   3.8601000e-01
   2.0539167e+03   4.2296500e-01   4.0404979e-01   3.8597903e-01
   2.0540000e+03   4.2298643e-01   4.0403622e-01   3.8593355e-01
   2.0540833e+03   4.2298242e-01   4.0399917e-01   3.8586644e-01
   2.0541667e+03   4.2297969e-01   4.0396333e-01   3.8580046e-01
   2.0542500e+03   4.2299406e-01   4.0394330e-01   3.8574910e-01
   2.0543333e+03   4.2303121e-01   4.0394432e-01   3.8571718e-01
   2.0544167e+03   4.2305610e-01   4.0393405e-01   3.8567486e-01
   2.0545000e+03   4.2306287e-01   4.0390706e-01   3.8561714e-01
   2.0545833e+03   4.2303989e-01   4.0385261e-01   3.8553413e-01
   2.0546667e+03   4.2299120e-01   4.0377446e-01   3.8542929e-01
   2.0547500e+03   4.2295419e-01   4.0370712e-01   3.8533444e-01
   2.0548333e+03   4.2297128e-01   4.0368974e-01   3.8528569e-01
   2.0549167e+03   4.2300979e-01   4.0369215e-01   3.8525522e-01
   2.0550000e+03   4.2303146e-01   4.0367902e-01   3.8521043e-01
   2.0550833e+03   4.2302781e-01   4.0364255e-01   3.8514415e-01
   2.0551667e+03   4.2302544e-01   4.0360729e-01   3.8507901e-01
   2.0552500e+03   4.2304009e-01   4.0358774e-01   3.8502838e-01
   2.0553333e+03   4.2307730e-01   4.0358904e-01   3.8499698e-01
   2.0554167e+03   4.2310198e-01   4.0357878e-01   3.8495496e-01
   2.0555000e+03   4.2310841e-01   4.0355170e-01   3.8489745e-01
   2.0555833e+03   4.2308494e-01   4.0349706e-01   3.8481456e-01
   2.0556667e+03   2.1151783e-01   2.0170932e-01   1.9235490e-01
   2.0557500e+03   2.1149906e-01   2.0167552e-01   1.9230752e-01
   2.0558333e+03   2.1150746e-01   2.0166681e-01   1.9228326e-01
   2.0559167e+03   2.1152673e-01   2.0166813e-01   1.9226826e-01
   2.0560000e+03   2.1153768e-01   2.0166178e-01   1.9224620e-01
   2.0560833e+03   2.1153603e-01   2.0164382e-01   1.9221346e-01
   2.0561667e+03   2.1153503e-01   2.0162647e-01   1.9218129e-01
   2.0562500e+03   2.1154249e-01   2.0161693e-01   1.9215632e-01
   2.0563333e+03   2.1156113e-01   2.0161771e-01   1.9214087e-01
   2.0564167e+03   2.1157336e-01   2.0161258e-01   1.9211999e-01
   2.0565000e+03   2.1157640e-01   2.0159899e-01   1.9209133e-01
   2.0565833e+03   2.1156442e-01   2.0157156e-01   1.9204993e-01
   2.0566667e+03   2.1153949e-01   2.0153220e-01   1.9199757e-01
   2.0567500e+03   2.1152045e-01   2.0149828e-01   1.9195022e-01
   2.0568333e+03   2.1152871e-01   2.0148954e-01   1.9192607e-01
   2.0569167e+03   2.1154798e-01   2.0149096e-01   1.9191128e-01
   2.0570000e+03   2.1155905e-01   2.0148481e-01   1.9188954e-01
   2.0570833e+03   2.1155758e-01   2.0146713e-01   1.9185719e-01
   2.0571667e+03   2.1155675e-01   2.0145005e-01   1.9182540e-01
   2.0572500e+03   2.1156435e-01   2.0144073e-01   1.9180077e-01
   2.0573333e+03   2.1158303e-01   2.0144163e-01   1.9178556e-01
   2.0574167e+03   2.1159515e-01   2.0143650e-01   1.9176479e-01
   2.0575000e+03   2.1159801e-01   2.0142285e-01   1.9173620e-01
   2.0575833e+03   2.1158579e-01   2.0139530e-01   1.9169484e-01
   2.0576667e+03   2.1156057e-01   2.0135580e-01   1.9164248e-01
   2.0577500e+03   2.1154125e-01   2.0132174e-01   1.9159515e-01
   2.0578333e+03   2.1154937e-01   2.0131296e-01   1.9157109e-01
   2.0579167e+03   2.1156865e-01   2.0131447e-01   1.9155650e-01
   2.0580000e+03   2.1157983e-01   2.0130852e-01   1.9153507e-01
   2.0580833e+03   2.1157855e-01   2.0129111e-01   1.9150309e-01
   2.0581667e+03   2.1157789e-01   2.0127428e-01   1.9147166e-01
   2.0582500e+03   2.1158563e-01   2.0126518e-01   1.9144736e-01
   2.0583333e+03   2.1160434e-01   2.0126620e-01   1.9143236e-01
   2.0584167e+03   2.1161635e-01   2.0126105e-01   1.9141169e-01
   2.0585000e+03   2.1161904e-01   2.0124733e-01   1.9138316e-01
   2.0585833e+03   2.1160657e-01   2.0121966e-01   1.9134182e-01
   2.0586667e+03   2.1158105e-01   2.0118000e-01   1.9128946e-01
   2.0587500e+03   2.1156146e-01   2.0114579e-01   1.9124213e-01
   2.0588333e+03   2.1156944e-01   2.0113698e-01   1.9121815e-01
   2.0589167e+03   2.1158872e-01   2.0113857e-01   1.9120374e-01
   2.0590000e+03   2.1160002e-01   2.0113281e-01   1.9118259e-01
   2.0590833e+03   2.1159891e-01   2.0111565e-01   1.9115097e-01
   2.0591667e+03   2.1159844e-01   2.0109908e-01   1.9111990e-01
   2.0592500e+03   2.1160631e-01   2.0109019e-01   1.9109590e-01
   2.0593333e+03   2.1162505e-01   2.0109131e-01   1.9108110e-01
   2.0594167e+03   2.1163694e-01   2.0108613e-01   1.9106052e-01
   2.0595000e+03   2.1163946e-01   2.0107234e-01   1.9103204e-01
   2.0595833e+03   2.1162674e-01   2.0104455e-01   1.9099070e-01
   2.0596667e+03   2.1160093e-01   2.0100471e-01   1.9093832e-01
   2.0597500e+03   2.1158106e-01   2.0097036e-01   1.9089098e-01
   2.0598333e+03   2.1158890e-01   2.0096149e-01   1.9086706e-01
   2.0599167e+03   2.1160819e-01   2.0096316e-01   1.9085283e-01
   2.0600000e+03   2.1161960e-01   2.0095758e-01   1.9083195e-01
   2.0600833e+03   2.1161867e-01   2.0094067e-01   1.9080067e-01
   2.0601667e+03   2.1161837e-01   2.0092434e-01   1.9076993e-01
   2.0602500e+03   2.1162637e-01   2.0091566e-01   1.9074622e-01
   2.0603333e+03   2.1164515e-01   2.0091688e-01   1.9073161e-01
   2.0604167e+03   2.1165692e-01   2.0091167e-01   1.9071111e-01
   2.0605000e+03   2.1165927e-01   2.0089779e-01   1.9068265e-01
   2.0605833e+03   2.1164630e-01   2.0086986e-01   1.9064131e-01
   2.0606667e+03   2.1162019e-01   2.0082985e-01   1.9058889e-01
   2.0607500e+03   2.1160004e-01   2.0079534e-01   1.9054153e-01
   2.0608333e+03   2.1160774e-01   2.0078641e-01   1.9051766e-01
   2.0609167e+03   2.1162703e-01   2.0078814e-01   1.9050357e-01
   2.0610000e+03   2.1163855e-01   2.0078274e-01   1.9048295e-01
   2.0610833e+03   2.1163780e-01   2.0076607e-01   1.9045200e-01
   2.0611667e+03   2.1163768e-01   2.0074998e-01   1.9042158e-01
   2.0612500e+03   2.1164582e-01   2.0074149e-01   1.9039815e-01
   2.0613333e+03   2.1166462e-01   2.0074280e-01   1.9038371e-01
   2.0614167e+03   2.1167628e-01   2.0073755e-01   1.9036326e-01
   2.0615000e+03   2.1167845e-01   2.0072358e-01   1.9033483e-01
   2.0615833e+03   2.1166524e-01   2.0069551e-01   1.9029346e-01
   2.0616667e+03   2.1163882e-01   2.0065532e-01   1.9024100e-01
   2.0617500e+03   2.1161840e-01   2.0062064e-01   1.9019360e-01
   2.0618333e+03   2.1162595e-01   2.0061164e-01   1.9016976e-01
   2.0619167e+03   2.1164525e-01   2.0061344e-01   1.9015582e-01
   2.0620000e+03   2.1165688e-01   2.0060820e-01   1.9013544e-01
   2.0620833e+03   2.1165631e-01   2.0059176e-01   1.9010479e-01
   2.0621667e+03   2.1165635e-01   2.0057590e-01   1.9007469e-01
   2.0622500e+03   2.1166463e-01   2.0056759e-01   1.9005151e-01
   2.0623333e+03   2.1168347e-01   2.0056898e-01   1.9003723e-01
   2.0624167e+03   2.1169501e-01   2.0056368e-01   1.9001683e-01
   2.0625000e+03   2.1169700e-01   2.0054962e-01   1.8998840e-01
   2.0625833e+03   2.1168353e-01   2.0052139e-01   1.8994699e-01
   2.0626667e+03   2.1165682e-01   2.0048102e-01   1.8989447e-01
   2.0627500e+03   2.1163612e-01   2.0044616e-01   1.8984702e-01
   2.0628333e+03   2.1164353e-01   2.0043709e-01   1.8982319e-01
   2.0629167e+03   2.1166282e-01   2.0043894e-01   1.8980938e-01
   2.0630000e+03   2.1167457e-01   2.0043386e-01   1.8978922e-01
   2.0630833e+03   2.1167417e-01   2.0041764e-01   1.8975888e-01
   2.0631667e+03   2.1167439e-01   2.0040200e-01   1.8972906e-01
   2.0632500e+03   2.1168280e-01   2.0039387e-01   1.8970614e-01
   2.0633333e+03   2.1170167e-01   2.0039534e-01   1.8969200e-01
   2.0634167e+03   2.1171309e-01   2.0038998e-01   1.8967162e-01
   2.0635000e+03   2.1171490e-01   2.0037581e-01   1.8964318e-01
   2.0635833e+03   2.1170119e-01   2.0034743e-01   1.8960173e-01
   2.0636667e+03   2.1167417e-01   2.0030685e-01   1.8954913e-01
   2.0637500e+03   2.1165319e-01   2.0027182e-01   1.8950161e-01
   2.0638333e+03   2.1166045e-01   2.0026267e-01   1.8947779e-01
   2.0639167e+03   2.1167975e-01   2.0026455e-01   1.8946409e-01
   2.0640000e+03   2.1169161e-01   2.0025962e-01   1.8944415e-01
   2.0640833e+03   2.1169138e-01   2.0024363e-01   1.8941408e-01
   2.0641667e+03   2.1169178e-01   2.0022820e-01   1.8938455e-01
   2.0642500e+03   2.1170031e-01   2.0022024e-01   1.8936185e-01
   2.0643333e+03   2.1171921e-01   2.0022177e-01   1.8934784e-01
   2.0644167e+03   2.1173052e-01   2.0021635e-01   1.8932748e-01
   2.0645000e+03   2.1173214e-01   2.0020207e-01   1.8929901e-01
   2.0645833e+03   2.1171818e-01   2.0017351e-01   1.8925750e-01
   2.0646667e+03   2.1169087e-01   2.0013274e-01   1.8920481e-01
   2.0647500e+03   2.1166961e-01   2.0009752e-01   1.8915722e-01
   2.0648333e+03   2.1167671e-01   2.0008827e-01   1.8913339e-01
   2.0649167e+03   2.1169601e-01   2.0009020e-01   1.8911978e-01
   2.0650000e+03   2.1170798e-01   2.0008541e-01   1.8910003e-01
   2.0650833e+03   2.1170793e-01   2.0006962e-01   1.8907024e-01
   2.0651667e+03   2.1170850e-01   2.0005440e-01   1.8904096e-01
   2.0652500e+03   2.1171717e-01   2.0004660e-01   1.8901848e-01
   2.0653333e+03   2.1173609e-01   2.0004819e-01   1.8900459e-01
   2.0654167e+03   2.1174728e-01   2.0004269e-01   1.8898422e-01
   2.0655000e+03   2.1174872e-01   2.0002829e-01   1.8895572e-01
   2.0655833e+03   2.1173451e-01   1.9999956e-01   1.8891413e-01
   2.0656667e+03   2.1170689e-01   1.9995858e-01   1.8886134e-01
   2.0657500e+03   2.1168535e-01   1.9992316e-01   1.8881366e-01
   2.0658333e+03   2.1169231e-01   1.9991382e-01   1.8878981e-01
   2.0659167e+03   2.1171161e-01   1.9991577e-01   1.8877628e-01
   2.0660000e+03   2.1172368e-01   1.9991111e-01   1.8875671e-01
   2.0660833e+03   2.1172381e-01   1.9989553e-01   1.8872717e-01
   2.0661667e+03   2.1172454e-01   1.9988050e-01   1.8869815e-01
   2.0662500e+03   2.1173334e-01   1.9987286e-01   1.8867587e-01
   2.0663333e+03   2.1175229e-01   1.9987449e-01   1.8866207e-01
   2.0664167e+03   2.1176336e-01   1.9986892e-01   1.8864169e-01
   2.0665000e+03   2.1176462e-01   1.9985439e-01   1.8861314e-01
   2.0665833e+03   2.1175015e-01   1.9982548e-01   1.8857146e-01
   2.0666667e+03   2.1172223e-01   1.9978428e-01   1.8851856e-01
   2.0667500e+03   2.1170041e-01   1.9974866e-01   1.8847077e-01
   2.0668333e+03   2.1170722e-01   1.9973921e-01   1.8844688e-01
   2.0669167e+03   2.1172652e-01   1.9974118e-01   1.8843342e-01
   2.0670000e+03   2.1173870e-01   1.9973665e-01   1.8841402e-01
   2.0670833e+03   2.1173900e-01   1.9972126e-01   1.8838472e-01
   2.0671667e+03   2.1173990e-01   1.9970642e-01   1.8835593e-01
   2.0672500e+03   2.1174883e-01   1.9969892e-01   1.8833384e-01
   2.0673333e+03   2.1176781e-01   1.9970060e-01   1.8832012e-01
   2.0674167e+03   2.1177875e-01   1.9969494e-01   1.8829972e-01
   2.0675000e+03   2.1177983e-01   1.9968028e-01   1.8827110e-01
   2.0675833e+03   2.1176511e-01   1.9965118e-01   1.8822931e-01
   2.0676667e+03   2.1173688e-01   1.9960975e-01   1.8817629e-01
   2.0677500e+03   2.1171478e-01   1.9957392e-01   1.8812839e-01
   2.0678333e+03   2.1172144e-01   1.9956436e-01   1.8810445e-01
   2.0679167e+03   2.1174073e-01   1.9956634e-01   1.8809103e-01
   2.0680000e+03   2.1175303e-01   1.9956193e-01   1.8807179e-01
   2.0680833e+03   2.1175349e-01   1.9954672e-01   1.8804271e-01
   2.0681667e+03   2.1175457e-01   1.9953207e-01   1.8801414e-01
   2.0682500e+03   2.1176363e-01   1.9952471e-01   1.8799222e-01
   2.0683333e+03   2.1178263e-01   1.9952642e-01   1.8797858e-01
   2.0684167e+03   2.1179345e-01   1.9952066e-01   1.8795813e-01
   2.0685000e+03   2.1179435e-01   1.9950585e-01   1.8792944e-01
   2.0685833e+03   2.1177937e-01   1.9947656e-01   1.8788754e-01
   2.0686667e+03   2.1175084e-01   1.9943490e-01   1.8783438e-01
   2.0687500e+03   2.1172845e-01   1.9939886e-01   1.8778634e-01
   2.0688333e+03   2.1173495e-01   1.9938917e-01   1.8776233e-01
   2.0689167e+03   2.1175424e-01   1.9939116e-01   1.8774896e-01
   2.0690000e+03   2.1176665e-01   1.9938685e-01   1.8772986e-01
   2.0690833e+03   2.1176728e-01   1.9937182e-01   1.8770099e-01
   2.0691667e+03   2.1176853e-01   1.9935734e-01   1.8767262e-01
   2.0692500e+03   2.1177772e-01   1.9935011e-01   1.8765087e-01
   2.0693333e+03   2.1179674e-01   1.9935185e-01   1.8763728e-01
   2.0694167e+03   2.1180744e-01   1.9934599e-01   1.8761678e-01
   2.0695000e+03   2.1180815e-01   1.9933103e-01   1.8758798e-01
   2.0695833e+03   2.1179291e-01   1.9930153e-01   1.8754596e-01
   2.0696667e+03   2.1176407e-01   1.9925964e-01   1.8749265e-01
   2.0697500e+03   2.1174140e-01   1.9922337e-01   1.8744447e-01
   2.0698333e+03   2.1174775e-01   1.9921356e-01   1.8742039e-01
   2.0699167e+03   2.1176704e-01   1.9921554e-01   1.8740704e-01
   2.0700000e+03   2.1177955e-01   1.9921134e-01   1.8738806e-01
   2.0700833e+03   2.1178036e-01   1.9919647e-01   1.8735938e-01
   2.0701667e+03   2.1178177e-01   1.9918216e-01   1.8733121e-01
   2.0702500e+03   2.1179108e-01   1.9917505e-01   1.8730960e-01
   2.0703333e+03   2.1181013e-01   1.9917680e-01   1.8729605e-01
   2.0704167e+03   2.1182070e-01   1.9917084e-01   1.8727548e-01
   2.0705000e+03   2.1182123e-01   1.9915572e-01   1.8724658e-01
   2.0705833e+03   2.1180574e-01   1.9912601e-01   1.8720441e-01
   2.0706667e+03   2.1177659e-01   1.9908387e-01   1.8715094e-01
   2.0707500e+03   2.1175363e-01   1.9904737e-01   1.8710261e-01
   2.0708333e+03   2.1175983e-01   1.9903743e-01   1.8707843e-01
   2.0709167e+03   2.1177911e-01   1.9903939e-01   1.8706510e-01
   2.0710000e+03   2.1179173e-01   1.9903528e-01   1.8704623e-01
   2.0710833e+03   2.1179270e-01   1.9902058e-01   1.8701774e-01
   2.0711667e+03   2.1179428e-01   1.9900643e-01   1.8698974e-01
   2.0712500e+03   2.1180372e-01   1.9899943e-01   1.8696826e-01
   2.0713333e+03   2.1182279e-01   1.9900119e-01   1.8695474e-01
   2.0714167e+03   2.1183324e-01   1.9899511e-01   1.8693408e-01
   2.0715000e+03   2.1183358e-01   1.9897982e-01   1.8690507e-01
   2.0715833e+03   2.1181783e-01   1.9894990e-01   1.8686275e-01
   2.0716667e+03   2.1178837e-01   1.9890751e-01   1.8680910e-01
   2.0717500e+03   2.1176513e-01   1.9887077e-01   1.8676060e-01
   2.0718333e+03   2.1177117e-01   1.9886068e-01   1.8673632e-01
   2.0719167e+03   2.1179045e-01   1.9886263e-01   1.8672298e-01
   2.0720000e+03   2.1180316e-01   1.9885861e-01   1.8670421e-01
   2.0720833e+03   2.1180431e-01   1.9884406e-01   1.8667588e-01
   2.0721667e+03   2.1180606e-01   1.9883005e-01   1.8664805e-01
   2.0722500e+03   2.1181563e-01   1.9882316e-01   1.8662668e-01
   2.0723333e+03   2.1183471e-01   1.9882493e-01   1.8661317e-01
   2.0724167e+03   2.1184504e-01   1.9881872e-01   1.8659243e-01
   2.0725000e+03   2.1184519e-01   1.9880326e-01   1.8656328e-01
   2.0725833e+03   2.1182917e-01   1.9877311e-01   1.8652079e-01
   2.0726667e+03   2.1179941e-01   1.9873046e-01   1.8646696e-01
   2.0727500e+03   2.1177588e-01   1.9869348e-01   1.8641828e-01
   2.0728333e+03   2.1178177e-01   1.9868324e-01   1.8639388e-01
   2.0729167e+03   2.1180103e-01   1.9868516e-01   1.8638052e-01
   2.0730000e+03   2.1181386e-01   1.9868121e-01   1.8636184e-01
   2.0730833e+03   2.1181517e-01   1.9866681e-01   1.8633366e-01
   2.0731667e+03   2.1181708e-01   1.9865295e-01   1.8630598e-01
   2.0732500e+03   2.1182678e-01   1.9864616e-01   1.8628472e-01
   2.0733333e+03   2.1184588e-01   1.9864792e-01   1.8627121e-01
   2.0734167e+03   2.1185608e-01   1.9864157e-01   1.8625035e-01
   2.0735000e+03   2.1185604e-01   1.9862594e-01   1.8622106e-01
   2.0735833e+03   2.1183977e-01   1.9859555e-01   1.8617839e-01
   2.0736667e+03   2.1180969e-01   1.9855264e-01   1.8612437e-01
   2.0737500e+03   2.1178587e-01   1.9851541e-01   1.8607550e-01
   2.0738333e+03   2.1179160e-01   1.9850501e-01   1.8605096e-01
   2.0739167e+03   2.1181086e-01   1.9850689e-01   1.8603757e-01
   2.0740000e+03   2.1182379e-01   1.9850302e-01   1.8601896e-01
   2.0740833e+03   2.1182527e-01   1.9848875e-01   1.8599092e-01
   2.0741667e+03   2.1182735e-01   1.9847503e-01   1.8596337e-01
   2.0742500e+03   2.1183716e-01   1.9846832e-01   1.8594220e-01
   2.0743333e+03   2.1185629e-01   1.9847007e-01   1.8592867e-01
   2.0744167e+03   2.1186636e-01   1.9846358e-01   1.8590769e-01
   2.0745000e+03   2.1186613e-01   1.9844776e-01   1.8587824e-01
   2.0745833e+03   2.1184960e-01   1.9841714e-01   1.8583539e-01
   2.0746667e+03   2.1181921e-01   1.9837396e-01   1.8578115e-01
   2.0747500e+03   2.1179510e-01   1.9833647e-01   1.8573208e-01
   2.0748333e+03   2.1180067e-01   1.9832590e-01   1.8570741e-01
   2.0749167e+03   2.1181992e-01   1.9832774e-01   1.8569397e-01
   2.0750000e+03   2.1183295e-01   1.9832392e-01   1.8567541e-01
   2.0750833e+03   2.1183460e-01   1.9830979e-01   1.8564749e-01
   2.0751667e+03   2.1183682e-01   1.9829618e-01   1.8562006e-01
   2.0752500e+03   2.1184676e-01   1.9828955e-01   1.8559895e-01
   2.0753333e+03   2.1186590e-01   1.9829127e-01   1.8558539e-01
   2.0754167e+03   2.1187586e-01   1.9828466e-01   1.8556429e-01
   2.0755000e+03   2.1187547e-01   1.9826867e-01   1.8553470e-01
   2.0755833e+03   2.1185873e-01   1.9823785e-01   1.8549169e-01
   2.0756667e+03   2.1182811e-01   1.9819446e-01   1.8543730e-01
   2.0757500e+03   2.1180378e-01   1.9815677e-01   1.8538807e-01
   2.0758333e+03   2.1180924e-01   1.9814608e-01   1.8536328e-01
   2.0759167e+03   2.1182849e-01   1.9814787e-01   1.8534978e-01
   2.0760000e+03   2.1184158e-01   1.9814407e-01   1.8533123e-01
   2.0760833e+03   2.1184333e-01   1.9813001e-01   1.8530339e-01
   2.0761667e+03   2.1184567e-01   1.9811647e-01   1.8527601e-01
   2.0762500e+03   2.1185568e-01   1.9810987e-01   1.8525493e-01
   2.0763333e+03   2.1187483e-01   1.9811156e-01   1.8524133e-01
   2.0764167e+03   2.1188471e-01   1.9810483e-01   1.8522012e-01
   2.0765000e+03   2.1188420e-01   1.9808870e-01   1.8519040e-01
   2.0765833e+03   2.1186729e-01   1.9805772e-01   1.8514725e-01
   2.0766667e+03   2.1183646e-01   1.9801414e-01   1.8509271e-01
   2.0767500e+03   2.1181195e-01   1.9797628e-01   1.8504335e-01
   2.0768333e+03   2.1181731e-01   1.9796545e-01   1.8501843e-01
   2.0769167e+03   2.1183655e-01   1.9796719e-01   1.8500487e-01
   2.0770000e+03   2.1184971e-01   1.9796341e-01   1.8498632e-01
   2.0770833e+03   2.1185156e-01   1.9794941e-01   1.8495852e-01
   2.0771667e+03   2.1185400e-01   1.9793592e-01   1.8493120e-01
   2.0772500e+03   2.1186409e-01   1.9792936e-01   1.8491012e-01
   2.0773333e+03   2.1188326e-01   1.9793100e-01   1.8489646e-01
   2.0774167e+03   2.1189305e-01   1.9792415e-01   1.8487513e-01
   2.0775000e+03   2.1189242e-01   1.9790788e-01   1.8484527e-01
   2.0775833e+03   2.1187533e-01   1.9787672e-01   1.8480197e-01
   2.0776667e+03   2.1184431e-01   1.9783295e-01   1.8474729e-01
   2.0777500e+03   2.1181961e-01   1.9779491e-01   1.8469777e-01
   2.0778333e+03   2.1182487e-01   1.9778395e-01   1.8467272e-01
   2.0779167e+03   2.1184410e-01   1.9778562e-01   1.8465907e-01
   2.0780000e+03   2.1185732e-01   1.9778185e-01   1.8464050e-01
   2.0780833e+03   2.1185928e-01   1.9776790e-01   1.8461275e-01
   2.0781667e+03   2.1186183e-01   1.9775447e-01   1.8458546e-01
   2.0782500e+03   2.1187200e-01   1.9774792e-01   1.8456438e-01
   2.0783333e+03   2.1189117e-01   1.9774952e-01   1.8455064e-01
   2.0784167e+03   2.1190088e-01   1.9774254e-01   1.8452918e-01
   2.0785000e+03   2.1190012e-01   1.9772611e-01   1.8449917e-01
   2.0785833e+03   2.1188287e-01   1.9769478e-01   1.8445571e-01
   2.0786667e+03   2.1185164e-01   1.9765081e-01   1.8440086e-01
   2.0787500e+03   2.1182675e-01   1.9761258e-01   1.8435118e-01
   2.0788333e+03   2.1183191e-01   1.9760148e-01   1.8432598e-01
   2.0789167e+03   2.1185113e-01   1.9760308e-01   1.8431224e-01
   2.0790000e+03   2.1186442e-01   1.9759931e-01   1.8429365e-01
   2.0790833e+03   2.1186649e-01   1.9758541e-01   1.8426591e-01
   2.0791667e+03   2.1186914e-01   1.9757202e-01   1.8423864e-01
   2.0792500e+03   2.1187938e-01   1.9756549e-01   1.8421755e-01
   2.0793333e+03   2.1189857e-01   1.9756702e-01   1.8420373e-01
   2.0794167e+03   2.1190819e-01   1.9755992e-01   1.8418212e-01
   2.0795000e+03   2.1190731e-01   1.9754333e-01   1.8415195e-01
   2.0795833e+03   2.1188989e-01   1.9751180e-01   1.8410832e-01
   2.0796667e+03   2.1185846e-01   1.9746764e-01   1.8405329e-01
   2.0797500e+03   2.1183338e-01   1.9742921e-01   1.8400344e-01
   2.0798333e+03   2.1183843e-01   1.9741796e-01   1.8397808e-01
   2.0799167e+03   2.1185765e-01   1.9741948e-01   1.8396423e-01
   2.0800000e+03   2.1187100e-01   1.9741570e-01   1.8394559e-01
   2.0800833e+03   2.1187317e-01   1.9740184e-01   1.8391787e-01
   2.0801667e+03   2.1187593e-01   1.9738849e-01   1.8389061e-01
   2.0802500e+03   2.1188625e-01   1.9738197e-01   1.8386950e-01
   2.0803333e+03   2.1190545e-01   1.9738344e-01   1.8385558e-01
   2.0804167e+03   2.1191498e-01   1.9737619e-01   1.8383380e-01
   2.0805000e+03   2.1191398e-01   1.9735943e-01   1.8380346e-01
   2.0805833e+03   2.1189639e-01   1.9732772e-01   1.8375964e-01
   2.0806667e+03   2.1186475e-01   1.9728335e-01   1.8370444e-01
   2.0807500e+03   2.1183949e-01   1.9724472e-01   1.8365440e-01
   2.0808333e+03   2.1184443e-01   1.9723331e-01   1.8362886e-01
   2.0809167e+03   2.1186364e-01   1.9723475e-01   1.8361489e-01
   2.0810000e+03   2.1187705e-01   1.9723095e-01   1.8359620e-01
   2.0810833e+03   2.1187934e-01   1.9721712e-01   1.8356848e-01
   2.0811667e+03   2.1188219e-01   1.9720381e-01   1.8354122e-01
   2.0812500e+03   2.1189259e-01   1.9719728e-01   1.8352006e-01
   2.0813333e+03   2.1191180e-01   1.9719868e-01   1.8350603e-01
   2.0814167e+03   2.1192125e-01   1.9719128e-01   1.8348408e-01
   2.0815000e+03   2.1192012e-01   1.9717435e-01   1.8345355e-01
   2.0815833e+03   2.1190236e-01   1.9714244e-01   1.8340954e-01
   2.0816667e+03   2.1187052e-01   1.9709785e-01   1.8335414e-01
   2.0817500e+03   2.1184506e-01   1.9705901e-01   1.8330391e-01
   2.0818333e+03   2.1184991e-01   1.9704744e-01   1.8327819e-01
   2.0819167e+03   2.1186911e-01   1.9704879e-01   1.8326408e-01
   2.0820000e+03   2.1188258e-01   1.9704497e-01   1.8324533e-01
   2.0820833e+03   2.1188497e-01   1.9703117e-01   1.8321760e-01
   2.0821667e+03   2.1188793e-01   1.9701788e-01   1.8319032e-01
   2.0822500e+03   2.1189841e-01   1.9701135e-01   1.8316911e-01
   2.0823333e+03   2.1191762e-01   1.9701267e-01   1.8315495e-01
   2.0824167e+03   2.1192699e-01   1.9700511e-01   1.8313282e-01
   2.0825000e+03   2.1192573e-01   1.9698800e-01   1.8310209e-01
   2.0825833e+03   2.1190780e-01   1.9695588e-01   1.8305788e-01
   2.0826667e+03   2.1187575e-01   1.9691108e-01   1.8300227e-01
   2.0827500e+03   2.1185011e-01   1.9687203e-01   1.8295183e-01
   2.0828333e+03   2.1185485e-01   1.9686028e-01   1.8292591e-01
   2.0829167e+03   2.1187404e-01   1.9686153e-01   1.8291166e-01
   2.0830000e+03   2.1188758e-01   1.9685769e-01   1.8289283e-01
   2.0830833e+03   2.1189007e-01   1.9684391e-01   1.8286507e-01
   2.0831667e+03   2.1189313e-01   1.9683063e-01   1.8283776e-01
   2.0832500e+03   2.1190369e-01   1.9682408e-01   1.8281649e-01
   2.0833333e+03   2.1192291e-01   1.9682532e-01   1.8280219e-01
   2.0834167e+03   2.1193219e-01   1.9681760e-01   1.8277986e-01
   2.0835000e+03   2.1193081e-01   1.9680030e-01   1.8274892e-01
   2.0835833e+03   2.1191270e-01   1.9676797e-01   1.8270449e-01
   2.0836667e+03   2.1188046e-01   1.9672294e-01   1.8264867e-01
   2.0837500e+03   2.1185462e-01   1.9668367e-01   1.8259801e-01
   2.0838333e+03   2.1185925e-01   1.9667175e-01   1.8257189e-01
   2.0839167e+03   2.1187844e-01   1.9667289e-01   1.8255748e-01
   2.0840000e+03   2.1189204e-01   1.9666901e-01   1.8253855e-01
   2.0840833e+03   2.1189463e-01   1.9665524e-01   1.8251076e-01
   2.0841667e+03   2.1189780e-01   1.9664197e-01   1.8248341e-01
   2.0842500e+03   2.1190843e-01   1.9663540e-01   1.8246206e-01
   2.0843333e+03   2.1192766e-01   1.9663654e-01   1.8244761e-01
   2.0844167e+03   2.1193685e-01   1.9662866e-01   1.8242507e-01
   2.0845000e+03   2.1193535e-01   1.9661117e-01   1.8239391e-01
   2.0845833e+03   2.1191707e-01   1.9657862e-01   1.8234926e-01
   2.0846667e+03   2.1188462e-01   1.9653336e-01   1.8229321e-01
   2.0847500e+03   2.1185859e-01   1.9649386e-01   1.8224232e-01
   2.0848333e+03   2.1186312e-01   1.9648176e-01   1.8221598e-01
   2.0849167e+03   2.1188229e-01   1.9648279e-01   1.8220140e-01
   2.0850000e+03   2.1189595e-01   1.9647886e-01   1.8218237e-01
   2.0850833e+03   2.1189865e-01   1.9646510e-01   1.8215452e-01
   2.0851667e+03   2.1190192e-01   1.9645183e-01   1.8212712e-01
   2.0852500e+03   2.1191263e-01   1.9644523e-01   1.8210568e-01
   2.0853333e+03   2.1193187e-01   1.9644627e-01   1.8209107e-01
   2.0854167e+03   2.1194098e-01   1.9643822e-01   1.8206831e-01
   2.0855000e+03   2.1193934e-01   1.9642052e-01   1.8203692e-01
   2.0855833e+03   2.1192089e-01   1.9638775e-01   1.8199203e-01
   2.0856667e+03   2.1188823e-01   1.9634225e-01   1.8193574e-01
   2.0857500e+03   2.1186202e-01   1.9630252e-01   1.8188462e-01
   2.0858333e+03   2.1186644e-01   1.9629023e-01   1.8185804e-01
   2.0859167e+03   2.1188560e-01   1.9629114e-01   1.8184328e-01
   2.0860000e+03   2.1189933e-01   1.9628716e-01   1.8182413e-01
   2.0860833e+03   2.1190213e-01   1.9627340e-01   1.8179622e-01
   2.0861667e+03   2.1190550e-01   1.9626013e-01   1.8176875e-01
   2.0862500e+03   2.1191628e-01   1.9625349e-01   1.8174721e-01
   2.0863333e+03   2.1193553e-01   1.9625442e-01   1.8173243e-01
   2.0864167e+03   2.1194455e-01   1.9624618e-01   1.8170943e-01
   2.0865000e+03   2.1194279e-01   1.9622829e-01   1.8167780e-01
   2.0865833e+03   2.1192416e-01   1.9619528e-01   1.8163266e-01
   2.0866667e+03   2.1189130e-01   1.9614954e-01   1.8157613e-01
   2.0867500e+03   2.1186489e-01   1.9610957e-01   1.8152476e-01
   2.0868333e+03   2.1186921e-01   1.9609708e-01   1.8149794e-01
   2.0869167e+03   2.1188836e-01   1.9609786e-01   1.8148298e-01
   2.0870000e+03   2.1190215e-01   1.9609383e-01   1.8146370e-01
   2.0870833e+03   2.1190505e-01   1.9608006e-01   1.8143572e-01
   2.0871667e+03   2.1190853e-01   1.9606678e-01   1.8140817e-01
   2.0872500e+03   2.1191938e-01   1.9606009e-01   1.8138651e-01
   2.0873333e+03   2.1193864e-01   1.9606091e-01   1.8137155e-01
   2.0874167e+03   2.1194757e-01   1.9605248e-01   1.8134831e-01
   2.0875000e+03   2.1194568e-01   1.9603437e-01   1.8131642e-01
   2.0875833e+03   2.1192688e-01   1.9600114e-01   1.8127102e-01
   2.0876667e+03   2.1189381e-01   1.9595515e-01   1.8121424e-01
   2.0877500e+03   2.1186722e-01   1.9591493e-01   1.8116260e-01
   2.0878333e+03   2.1187142e-01   1.9590224e-01   1.8113553e-01
   2.0879167e+03   2.1189056e-01   1.9590288e-01   1.8112036e-01
   2.0880000e+03   2.1190441e-01   1.9589879e-01   1.8110095e-01
   2.0880833e+03   2.1190742e-01   1.9588500e-01   1.8107288e-01
   2.0881667e+03   2.1191100e-01   1.9587170e-01   1.8104524e-01
   2.0882500e+03   2.1192193e-01   1.9586497e-01   1.8102346e-01
   2.0883333e+03   2.1194119e-01   1.9586566e-01   1.8100829e-01
   2.0884167e+03   2.1195003e-01   1.9585704e-01   1.8098480e-01
   2.0885000e+03   2.1194802e-01   1.9583871e-01   1.8095264e-01
   2.0885833e+03   2.1192904e-01   1.9580523e-01   1.8090698e-01
   2.0886667e+03   2.1189577e-01   1.9575898e-01   1.8084992e-01
   2.0887500e+03   2.1186898e-01   1.9571852e-01   1.8079802e-01
   2.0888333e+03   2.1187308e-01   1.9570562e-01   1.8077069e-01
   2.0889167e+03   2.1189221e-01   1.9570612e-01   1.8075530e-01
   2.0890000e+03   2.1190612e-01   1.9570195e-01   1.8073573e-01
   2.0890833e+03   2.1190923e-01   1.9568814e-01   1.8070756e-01
   2.0891667e+03   2.1191291e-01   1.9567482e-01   1.8067982e-01
   2.0892500e+03   2.1192392e-01   1.9566803e-01   1.8065790e-01
   2.0893333e+03   2.1194319e-01   1.9566859e-01   1.8064252e-01
   2.0894167e+03   2.1195194e-01   1.9565977e-01   1.8061876e-01
   2.0895000e+03   2.1194979e-01   1.9564121e-01   1.8058633e-01
   2.0895833e+03   2.1193064e-01   1.9560749e-01   1.8054038e-01
   2.0896667e+03   2.1189717e-01   1.9556098e-01   1.8048306e-01
   2.0897500e+03   2.1187018e-01   1.9552026e-01   1.8043088e-01
   2.0898333e+03   2.1187417e-01   1.9550714e-01   1.8040327e-01
   2.0899167e+03   2.1189329e-01   1.9550750e-01   1.8038764e-01
   2.0900000e+03   2.1190726e-01   1.9550325e-01   1.8036791e-01
   2.0900833e+03   2.1191048e-01   1.9548941e-01   1.8033963e-01
   2.0901667e+03   2.1191425e-01   1.9547605e-01   1.8031178e-01
   2.0902500e+03   2.1192534e-01   1.9546920e-01   1.8028970e-01
   2.0903333e+03   2.1194461e-01   1.9546963e-01   1.8027410e-01
   2.0904167e+03   2.1195327e-01   1.9546059e-01   1.8025006e-01
   2.0905000e+03   2.1195100e-01   1.9544180e-01   1.8021735e-01
   2.0905833e+03   2.1193168e-01   1.9540782e-01   1.8017111e-01
   2.0906667e+03   2.1189799e-01   1.9536105e-01   1.8011350e-01
   2.0907500e+03   2.1187082e-01   1.9532007e-01   1.8006103e-01
   2.0908333e+03   2.1187470e-01   1.9530673e-01   1.8003314e-01
   2.0909167e+03   2.1189381e-01   1.9530693e-01   1.8001727e-01
   2.0910000e+03   2.1190784e-01   1.9530260e-01   1.7999736e-01
   2.0910833e+03   2.1191116e-01   1.9528872e-01   1.7996896e-01
   2.0911667e+03   2.1191503e-01   1.9527532e-01   1.7994098e-01
   2.0912500e+03   2.1192619e-01   1.9526840e-01   1.7991874e-01
   2.0913333e+03   2.1194547e-01   1.9526869e-01   1.7990291e-01
   2.0914167e+03   2.1195404e-01   1.9525943e-01   1.7987858e-01
   2.0915000e+03   2.1195164e-01   1.9524041e-01   1.7984557e-01
   2.0915833e+03   2.1193214e-01   1.9520617e-01   1.7979903e-01
   2.0916667e+03   2.1189825e-01   1.9515913e-01   1.7974113e-01
   2.0917500e+03   2.1187088e-01   1.9511788e-01   1.7968836e-01
   2.0918333e+03   2.1187466e-01   1.9510431e-01   1.7966017e-01
   2.0919167e+03   2.1189375e-01   1.9510435e-01   1.7964404e-01
   2.0920000e+03   2.1190784e-01   1.9509992e-01   1.7962395e-01
   2.0920833e+03   2.1191126e-01   1.9508600e-01   1.7959541e-01
   2.0921667e+03   2.1191524e-01   1.9507256e-01   1.7956730e-01
   2.0922500e+03   2.1192647e-01   1.9506555e-01   1.7954488e-01
   2.0923333e+03   2.1194576e-01   1.9506569e-01   1.7952880e-01
   2.0924167e+03   2.1195424e-01   1.9505622e-01   1.7950417e-01
   2.0925000e+03   2.1195170e-01   1.9503695e-01   1.7947085e-01
   2.0925833e+03   2.1193203e-01   1.9500244e-01   1.7942401e-01
   2.0926667e+03   2.1189793e-01   1.9495512e-01   1.7936580e-01
   2.0927500e+03   2.1187037e-01   1.9491360e-01   1.7931273e-01
   2.0928333e+03   2.1187404e-01   1.9489980e-01   1.7928423e-01
   2.0929167e+03   2.1189312e-01   1.9489966e-01   1.7926784e-01
   2.0930000e+03   2.1190727e-01   1.9489514e-01   1.7924754e-01
   2.0930833e+03   2.1191079e-01   1.9488117e-01   1.7921886e-01
   2.0931667e+03   2.1191486e-01   1.9486767e-01   1.7919060e-01
   2.0932500e+03   2.1192617e-01   1.9486058e-01   1.7916800e-01
   2.0933333e+03   2.1194546e-01   1.9486056e-01   1.7915165e-01
   2.0934167e+03   2.1195385e-01   1.9485086e-01   1.7912672e-01
   2.0935000e+03   2.1195119e-01   1.9483134e-01   1.7909308e-01
   2.0935833e+03   2.1193134e-01   1.9479656e-01   1.7904592e-01
   2.0936667e+03   2.1189703e-01   1.9474896e-01   1.7898740e-01
   2.0937500e+03   2.1186928e-01   1.9470717e-01   1.7893401e-01
   2.0938333e+03   2.1187284e-01   1.9469312e-01   1.7890519e-01
   2.0939167e+03   2.1189190e-01   1.9469281e-01   1.7888852e-01
   2.0940000e+03   2.1190611e-01   1.9468817e-01   1.7886801e-01
   2.0940833e+03   2.1190973e-01   1.9467415e-01   1.7883917e-01
   2.0941667e+03   2.1191391e-01   1.9466059e-01   1.7881075e-01
   2.0942500e+03   2.1192529e-01   1.9465341e-01   1.7878795e-01
   2.0943333e+03   2.1194458e-01   1.9465323e-01   1.7877134e-01
   2.0944167e+03   2.1195288e-01   1.9464329e-01   1.7874608e-01
   2.0945000e+03   2.1195009e-01   1.9462351e-01   1.7871211e-01
   2.0945833e+03   2.1193006e-01   1.9458846e-01   1.7866462e-01
   2.0946667e+03   2.1189555e-01   1.9454057e-01   1.7860578e-01
   2.0947500e+03   2.1186760e-01   1.9449849e-01   1.7855207e-01
   2.0948333e+03   2.1187105e-01   1.9448420e-01   1.7852292e-01
   2.0949167e+03   2.1189010e-01   1.9448370e-01   1.7850596e-01
   2.0950000e+03   2.1190437e-01   1.9447895e-01   1.7848522e-01
   2.0950833e+03   2.1190809e-01   1.9446486e-01   1.7845622e-01
   2.0951667e+03   2.1191237e-01   1.9445124e-01   1.7842763e-01
   2.0952500e+03   2.1192382e-01   1.9444396e-01   1.7840462e-01
   2.0953333e+03   2.1194312e-01   1.9444361e-01   1.7838772e-01
   2.0954167e+03   2.1195133e-01   1.9443343e-01   1.7836213e-01
   2.0955000e+03   2.1194840e-01   1.9441339e-01   1.7832783e-01
   2.0955833e+03   2.1192820e-01   1.9437805e-01   1.7828000e-01
   2.0956667e+03   2.1189348e-01   1.9432987e-01   1.7822084e-01
   2.0957500e+03   2.1186534e-01   1.9428750e-01   1.7816679e-01
   2.0958333e+03   2.1186867e-01   1.9427295e-01   1.7813730e-01
   2.0959167e+03   2.1188771e-01   1.9427227e-01   1.7812004e-01
   2.0960000e+03   2.1190204e-01   1.9426740e-01   1.7809907e-01
   2.0960833e+03   2.1190586e-01   1.9425324e-01   1.7806988e-01
   2.0961667e+03   2.1191023e-01   1.9423955e-01   1.7804111e-01
   2.0962500e+03   2.1192176e-01   1.9423216e-01   1.7801788e-01
   2.0963333e+03   2.1194106e-01   1.9423162e-01   1.7800069e-01
   2.0964167e+03   2.1194918e-01   1.9422120e-01   1.7797476e-01
   2.0965000e+03   2.1194612e-01   1.9420089e-01   1.7794010e-01
   2.0965833e+03   2.1192574e-01   1.9416526e-01   1.7789193e-01
   2.0966667e+03   2.1189081e-01   1.9411679e-01   1.7783243e-01
   2.0967500e+03   2.1186248e-01   1.9407413e-01   1.7777804e-01
   2.0968333e+03   2.1186570e-01   1.9405931e-01   1.7774820e-01
   2.0969167e+03   2.1188473e-01   1.9405843e-01   1.7773062e-01
   2.0970000e+03   2.1189911e-01   1.9405344e-01   1.7770941e-01
   2.0970833e+03   2.1190304e-01   1.9403920e-01   1.7768003e-01
   2.0971667e+03   2.1190751e-01   1.9402542e-01   1.7765106e-01
   2.0972500e+03   2.1191910e-01   1.9401792e-01   1.7762760e-01
   2.0973333e+03   2.1193841e-01   1.9401721e-01   1.7761011e-01
   2.0974167e+03   2.1194643e-01   1.9400652e-01   1.7758383e-01
   2.0975000e+03   2.1194325e-01   1.9398594e-01   1.7754881e-01
   2.0975833e+03   2.1192269e-01   1.9395002e-01   1.7750029e-01
   2.0976667e+03   2.1188755e-01   1.9390125e-01   1.7744044e-01
   2.0977500e+03   2.1185902e-01   1.9385828e-01   1.7738570e-01
   2.0978333e+03   2.1186214e-01   1.9384320e-01   1.7735550e-01
   2.0979167e+03   2.1188115e-01   1.9384212e-01   1.7733760e-01
   2.0980000e+03   2.1189558e-01   1.9383699e-01   1.7731612e-01
   2.0980833e+03   2.1189961e-01   1.9382266e-01   1.7728655e-01
   2.0981667e+03   2.1190418e-01   1.9380881e-01   1.7725737e-01
   2.0982500e+03   2.1191584e-01   1.9380118e-01   1.7723367e-01
   2.0983333e+03   2.1193516e-01   1.9380028e-01   1.7721586e-01
   2.0984167e+03   2.1194309e-01   1.9378933e-01   1.7718921e-01
   2.0985000e+03   2.1193977e-01   1.9376847e-01   1.7715383e-01
   2.0985833e+03   2.1191903e-01   1.9373225e-01   1.7710495e-01
   2.0986667e+03   2.1188369e-01   1.9368317e-01   1.7704474e-01
   2.0987500e+03   2.1185496e-01   1.9363990e-01   1.7698964e-01
   2.0988333e+03   2.1185796e-01   1.9362455e-01   1.7695907e-01
   2.0989167e+03   2.1187696e-01   1.9362325e-01   1.7694084e-01
   2.0990000e+03   2.1189146e-01   1.9361798e-01   1.7691909e-01
   2.0990833e+03   2.1189558e-01   1.9360356e-01   1.7688931e-01
   2.0991667e+03   2.1190025e-01   1.9358961e-01   1.7685992e-01
   2.0992500e+03   2.1191198e-01   1.9358186e-01   1.7683596e-01
   2.0993333e+03   2.1193130e-01   1.9358076e-01   1.7681783e-01
   2.0994167e+03   2.1193914e-01   1.9356955e-01   1.7679081e-01
   2.0995000e+03   2.1193569e-01   1.9354839e-01   1.7675504e-01
   2.0995833e+03   2.1191477e-01   1.9351188e-01   1.7670579e-01
   2.0996667e+03   2.1187922e-01   1.9346248e-01   1.7664522e-01
   2.0997500e+03   2.1185030e-01   1.9341890e-01   1.7658976e-01
   2.0998333e+03   2.1185319e-01   1.9340327e-01   1.7655880e-01
   2.0999167e+03   2.1187217e-01   1.9340176e-01   1.7654022e-01
   2.1000000e+03   2.1188672e-01   1.9339634e-01   1.7651820e-01
   2.1000833e+03   2.1189094e-01   1.9338183e-01   1.7648819e-01
   2.1001667e+03   2.1189571e-01   1.9336777e-01   1.7645858e-01
   2.1002500e+03   2.1190751e-01   1.9335989e-01   1.7643435e-01
   2.1003333e+03   2.1192683e-01   1.9335858e-01   1.7641588e-01
   2.1004167e+03   2.1193458e-01   1.9334710e-01   1.7638848e-01
   2.1005000e+03   2.1193099e-01   1.9332565e-01   1.7635233e-01
   2.1005833e+03   2.1190990e-01   1.9328882e-01   1.7630269e-01
   2.1006667e+03   2.1187414e-01   1.9323911e-01   1.7624176e-01
   2.1007500e+03   2.1184502e-01   1.9319522e-01   1.7618592e-01
   2.1008333e+03   2.1184780e-01   1.9317930e-01   1.7615457e-01
   2.1009167e+03   2.1186676e-01   1.9317756e-01   1.7613564e-01
